ALPHA = 1.5
JOBS COUNT = 50
seria			avgAll2		max1	min1	avgWeBetter	avgWorse	countWeBetter
0.3_0.0_12_		1,30		-1,93	-3,11	-2,42		0,00		30
0.3_0.3_12_		2,10		-1,68	-4,13	-2,78		0,00		30
0.3_0.5_12_		2,92		-1,36	-4,81	-3,32		0,00		30
0.3_0.7_12_		5,01		-1,07	-6,46	-3,27		0,00		30
0.3_1.0_12_		7,98		9,06	-3,16	-1,55		3,24		4
0.5_0.0_12_		1,63		-1,97	-3,06	-2,41		0,00		30
0.5_0.3_12_		2,48		-1,61	-3,95	-2,71		0,00		30
0.5_0.5_12_		3,99		-1,13	-4,57	-2,61		0,00		30
0.5_0.7_12_		6,43		0,49	-5,14	-2,66		0,49		29
0.5_1.0_12_		9,92		9,19	-1,49	-1,18		4,83		3
0.7_0.0_12_		1,99		-1,68	-2,85	-2,23		0,00		30
0.7_0.3_12_		3,19		-1,51	-3,20	-2,32		0,00		30
0.7_0.5_12_		4,67		0,79	-4,54	-2,38		0,79		29
0.7_0.7_12_		6,39		1,35	-4,59	-2,78		0,68		28
0.7_1.0_12_		8,73		8,07	-2,37	-1,24		3,53		4



ALPHA = 1.5
JOBS COUNT = 100
seria			avgAll2		max1	min1	avgWeBetter	avgWorse	countWeBetter
0.3_0.0_12_		0,57		-1,15	-1,73	-1,43		0,00		30
0.3_0.3_12_		1,21		-0,85	-2,19	-1,46		0,00		30
0.3_0.5_12_		1,83		-0,56	-2,41	-1,67		0,00		30
0.3_0.7_12_		2,55		0,46	-3,40	-2,03		0,46		29
0.3_1.0_12_		8,06		9,97	0,62	0,00		5,09		0
0.5_0.0_12_		0,80		-1,17	-1,70	-1,37		0,00		30
0.5_0.3_12_		1,45		-0,65	-1,97	-1,39		0,00		30
0.5_0.5_12_		2,23		-0,16	-2,63	-1,47		0,00		30
0.5_0.7_12_		3,60		0,37	-2,62	-1,45		0,16		27
0.5_1.0_12_		8,75		8,85	2,58	0,00		5,59		0
0.7_0.0_12_		1,02		-1,05	-1,57	-1,27		0,00		30
0.7_0.3_12_		1,74		-0,82	-1,89	-1,29		0,00		30
0.7_0.5_12_		2,51		-0,19	-2,09	-1,24		0,00		30
0.7_0.7_12_		4,10		0,31	-2,55	-1,17		0,17		28
0.7_1.0_12_		7,40		7,34	1,04	0,00		4,16		0



ALPHA = 2.0
JOBS COUNT = 50
seria			avgAll2		max1	min1	avgWeBetter	avgWorse	countWeBetter
0.3_0.0_12_		1,33		-1,29	-2,67	-1,87		0,00		30
0.3_0.3_12_		1,96		-0,86	-3,76	-2,33		0,00		30
0.3_0.5_12_		3,27		-0,09	-4,12	-2,19		0,00		30
0.3_0.7_12_		5,77		2,38	-5,58	-2,41		0,96		24
0.3_1.0_12_		8,20		11,42	-3,34	-1,56		4,32		4
0.5_0.0_12_		1,59		-1,35	-2,62	-1,84		0,00		30
0.5_0.3_12_		2,62		-0,47	-3,53	-1,89		0,00		30
0.5_0.5_12_		4,02		0,42	-3,53	-1,96		0,42		29
0.5_0.7_12_		6,71		2,41	-4,06	-2,15		1,16		21
0.5_1.0_12_		10,63		11,16	-0,30	-0,30		5,91		1
0.7_0.0_12_		2,04		-0,95	-2,08	-1,53		0,00		30
0.7_0.3_12_		3,26		0,00	-2,46	-1,48		0,00		29
0.7_0.5_12_		4,02		-0,21	-3,52	-1,86		0,00		30
0.7_0.7_12_		6,99		2,43	-4,03	-1,58		1,03		23
0.7_1.0_12_		8,64		10,22	-0,87	-0,87		3,94		1



ALPHA = 2.0
JOBS COUNT = 100
seria			avgAll2		max1	min1	avgWeBetter	avgWorse	countWeBetter
0.3_0.0_12_		0,63		-0,75	-1,39	-1,06		0,00		30
0.3_0.3_12_		1,25		-0,38	-1,79	-1,05		0,00		30
0.3_0.5_12_		2,23		0,95	-1,87	-1,03		0,32		23
0.3_0.7_12_		3,86		1,26	-1,96	-0,88		0,64		15
0.3_1.0_12_		8,35		11,86	2,55	0,00		5,87		0
0.5_0.0_12_		0,79		-0,71	-1,39	-1,02		0,00		30
0.5_0.3_12_		1,63		0,13	-1,60	-0,81		0,13		29
0.5_0.5_12_		2,32		-0,00	-1,73	-0,72		0,00		30
0.5_0.7_12_		4,38		2,22	-2,26	-0,70		0,76		12
0.5_1.0_12_		10,08		15,17	-0,31	-0,31		7,71		1
0.7_0.0_12_		1,01		-0,57	-1,17	-0,87		0,00		30
0.7_0.3_12_		1,83		0,22	-1,31	-0,77		0,15		28
0.7_0.5_12_		2,75		0,84	-1,42	-0,75		0,28		23
0.7_0.7_12_		4,27		1,01	-1,33	-0,56		0,53		16
0.7_1.0_12_		7,14		10,93	1,67	0,00		4,52		0



ALPHA = 2.5
JOBS COUNT = 50
seria			avgAll2		max1	min1	avgWeBetter	avgWorse	countWeBetter
0.3_0.0_12_		1,26		-0,92	-2,48	-1,71		0,00		30
0.3_0.3_12_		2,88		0,03	-3,28	-1,20		0,03		29
0.3_0.5_12_		3,65		0,48	-4,38	-1,69		0,31		27
0.3_0.7_12_		5,51		1,49	-5,32	-1,81		0,82		22
0.3_1.0_12_		8,94		12,72	0,41	0,00		4,69		0
0.5_0.0_12_		1,54		-0,97	-2,35	-1,63		0,00		30
0.5_0.3_12_		2,86		-0,25	-2,89	-1,39		0,00		30
0.5_0.5_12_		3,93		0,89	-3,13	-1,68		0,62		27
0.5_0.7_12_		6,43		2,85	-3,28	-1,66		0,92		19
0.5_1.0_12_		10,09		13,42	0,17	0,00		5,61		0
0.7_0.0_12_		2,02		-0,61	-1,84	-1,23		0,00		30
0.7_0.3_12_		3,30		0,46	-2,35	-1,10		0,46		29
0.7_0.5_12_		4,76		1,28	-2,42	-1,26		0,89		25
0.7_0.7_12_		7,24		3,14	-3,00	-1,16		1,40		19
0.7_1.0_12_		9,68		10,78	-0,67	-0,62		5,59		2



ALPHA = 2.5
JOBS COUNT = 100
seria			avgAll2		max1	min1	avgWeBetter	avgWorse	countWeBetter
0.3_0.0_12_		0,70		-0,50	-1,24	-0,84		0,00		30
0.3_0.3_12_		1,37		0,12	-1,62	-0,73		0,12		29
0.3_0.5_12_		2,11		1,14	-1,79	-0,74		0,51		25
0.3_0.7_12_		4,05		3,69	-1,77	-0,72		1,30		13
0.3_1.0_12_		8,49		11,29	2,00	0,00		6,25		0
0.5_0.0_12_		0,73		-0,51	-1,20	-0,92		0,00		30
0.5_0.3_12_		1,70		0,19	-1,38	-0,58		0,17		28
0.5_0.5_12_		2,45		1,03	-1,28	-0,67		0,39		20
0.5_0.7_12_		4,77		3,52	-1,22	-0,54		1,56		9
0.5_1.0_12_		9,03		10,48	0,60	0,00		6,69		0
0.7_0.0_12_		0,99		-0,46	-0,96	-0,70		0,00		30
0.7_0.3_12_		1,86		0,26	-1,09	-0,52		0,25		27
0.7_0.5_12_		2,62		1,35	-1,21	-0,64		0,46		19
0.7_0.7_12_		4,23		2,98	-1,62	-0,68		0,83		10
0.7_1.0_12_		6,68		7,64	0,16	0,00		4,35		0



ALPHA = 3.0
JOBS COUNT = 50
seria			avgAll2		max1	min1	avgWeBetter	avgWorse	countWeBetter
0.3_0.0_12_		1,31		-0,68	-2,35	-1,52		0,00		30
0.3_0.3_12_		2,58		0,01	-2,63	-1,26		0,01		29
0.3_0.5_12_		3,12		0,10	-3,56	-1,76		0,10		29
0.3_0.7_12_		5,22		2,17	-4,87	-2,31		0,92		19
0.3_1.0_12_		10,71		14,98	-0,33	-0,33		6,86		1
0.5_0.0_12_		1,65		-0,75	-2,13	-1,34		0,00		30
0.5_0.3_12_		2,85		0,27	-2,60	-1,37		0,18		26
0.5_0.5_12_		4,20		1,62	-3,23	-1,44		1,04		23
0.5_0.7_12_		7,09		5,48	-4,44	-1,44		1,54		13
0.5_1.0_12_		10,40		15,80	-0,50	-0,38		6,92		3
0.7_0.0_12_		1,95		-0,56	-1,63	-1,12		0,00		30
0.7_0.3_12_		3,43		0,22	-1,80	-0,76		0,21		28
0.7_0.5_12_		4,69		1,98	-1,97	-0,94		0,62		21
0.7_0.7_12_		6,75		4,39	-3,12	-1,32		1,37		16
0.7_1.0_12_		8,93		12,71	0,12	0,00		4,74		0



ALPHA = 3.0
JOBS COUNT = 100
seria			avgAll2		max1	min1	avgWeBetter	avgWorse	countWeBetter
0.3_0.0_12_		0,78		-0,39	-1,13	-0,68		0,00		30
0.3_0.3_12_		1,43		0,27	-1,35	-0,61		0,18		27
0.3_0.5_12_		2,33		1,45	-1,46	-0,62		0,58		18
0.3_0.7_12_		4,26		2,96	-1,28	-0,51		1,35		8
0.3_1.0_12_		8,49		11,98	2,62	0,00		6,36		0
0.5_0.0_12_		0,81		-0,39	-1,10	-0,74		0,00		30
0.5_0.3_12_		1,61		0,17	-1,18	-0,59		0,07		23
0.5_0.5_12_		2,73		1,47	-0,91	-0,45		0,59		15
0.5_0.7_12_		4,45		3,48	-0,86	-0,46		1,22		5
0.5_1.0_12_		9,77		12,85	3,57	0,00		7,57		0
0.7_0.0_12_		1,03		-0,32	-0,88	-0,56		0,00		30
0.7_0.3_12_		1,86		0,50	-1,05	-0,46		0,27		22
0.7_0.5_12_		2,86		1,24	-0,91	-0,49		0,58		14
0.7_0.7_12_		4,64		3,45	-1,30	-0,86		1,38		4
0.7_1.0_12_		8,45		11,09	2,67	0,00		6,23		0