0.5_0.7_11 bestFound: 1372.195339718934 lowerBound: 1259.7706693030664 8.924217173437096
1, 500], [1, 70], [1, 575], [1, 50], [2, 60], [2, 20], [2, 90], [1, 650], [2, 500], [1, 90], [2, 30], [1, 80], [2, 100], [2, 90], [2, 90], [2, 30], [2, 20], [1, 425], [1, 875], [1, 10], [1, 60], [2, 50], [2, 70], [1, 20], [2, 60], [2, 650], [2, 40], [1, 425], [1, 30], [2, 50], [2, 90], [2, 875], [2, 425], [2, 80], [2, 20], [1, 40], [2, 575], [1, 20], [1, 100], [2, 40], [1, 500], [2, 40], [2, 500], [2, 100], [2, 70], [1, 10], [2, 60], [1, 425], [1, 70], [2, 90
0.5_0.7_11 bestFound: 1052.3526483947762 lowerBound: 961.303855211657 9.471385419865223
1, 275], [2, 20], [2, 70], [1, 875], [2, 50], [2, 80], [1, 60], [2, 20], [1, 425], [1, 275], [1, 30], [1, 70], [2, 60], [1, 90], [2, 80], [1, 10], [1, 70], [2, 40], [1, 70], [1, 275], [1, 20], [1, 50], [2, 350], [1, 575], [1, 500], [2, 30], [2, 70], [2, 30], [1, 50], [1, 200], [1, 575], [1, 425], [1, 40], [2, 90], [2, 70], [2, 100], [2, 200], [1, 275], [1, 80], [2, 70], [1, 350], [1, 575], [1, 90], [1, 40], [2, 20], [2, 275], [1, 60], [2, 800], [1, 650], [2, 425
0.7_0.7_11 bestFound: 805.0024466263804 lowerBound: 731.7547238865033 10.009873574965548
1, 100], [1, 90], [1, 40], [1, 40], [1, 30], [1, 40], [2, 30], [1, 350], [2, 40], [1, 50], [1, 10], [1, 275], [1, 650], [1, 30], [2, 60], [1, 800], [2, 80], [1, 60], [1, 275], [1, 100], [1, 500], [1, 60], [2, 70], [1, 725], [2, 60], [2, 70], [2, 60], [1, 40], [1, 200], [1, 80], [1, 800], [1, 90], [1, 50], [1, 350], [1, 875], [1, 80], [2, 425], [1, 90], [1, 100], [1, 70], [1, 800], [1, 90], [1, 10], [1, 10], [1, 425], [2, 80], [1, 20], [2, 100], [1, 725], [1, 575
0.7_0.7_11 bestFound: 539.9556776674241 lowerBound: 474.0463717798183 13.903556658423048
1, 80], [1, 50], [1, 50], [2, 200], [2, 50], [1, 80], [1, 90], [2, 20], [1, 20], [1, 10], [1, 60], [1, 650], [2, 50], [2, 350], [1, 50], [1, 80], [2, 60], [1, 650], [2, 50], [1, 200], [1, 60], [1, 725], [2, 20], [2, 425], [1, 275], [1, 875], [1, 40], [1, 875], [1, 40], [1, 60], [1, 650], [1, 100], [1, 50], [1, 10], [2, 30], [2, 10], [1, 90], [1, 10], [1, 10], [2, 20], [1, 60], [1, 100], [1, 70], [1, 80], [1, 350], [1, 725], [1, 30], [1, 575], [2, 70], [1, 10
0.7_0.7_11 bestFound: 428.0405131235648 lowerBound: 393.23581881384143 8.850845381966579
1, 40], [2, 800], [2, 50], [1, 20], [2, 30], [2, 40], [1, 200], [1, 100], [1, 90], [1, 275], [1, 40], [1, 30], [2, 70], [2, 200], [1, 100], [2, 40], [1, 60], [2, 70], [1, 30], [1, 20], [1, 40], [1, 30], [1, 80], [2, 10], [2, 50], [1, 40], [1, 40], [1, 575], [2, 60], [2, 80], [2, 90], [1, 650], [1, 875], [1, 100], [1, 80], [1, 60], [1, 575], [1, 20], [2, 875], [1, 10], [1, 100], [1, 200], [1, 60], [1, 50], [1, 350], [1, 80], [2, 80], [1, 70], [1, 200], [2, 100
0.7_0.7_11 bestFound: 394.94396066667355 lowerBound: 357.11968205259365 10.591485296100105
1, 60], [1, 50], [2, 40], [2, 10], [1, 725], [2, 90], [1, 50], [1, 10], [1, 100], [1, 70], [1, 80], [1, 70], [1, 20], [1, 875], [1, 200], [2, 100], [1, 80], [2, 10], [1, 70], [1, 100], [1, 500], [2, 90], [1, 30], [2, 20], [1, 100], [1, 60], [1, 70], [1, 725], [2, 50], [1, 40], [1, 60], [1, 90], [2, 50], [1, 10], [1, 50], [2, 40], [2, 60], [1, 70], [2, 70], [2, 800], [1, 650], [1, 275], [1, 70], [1, 30], [1, 30], [2, 275], [1, 90], [1, 20], [1, 425], [1, 650
0.7_0.7_11 bestFound: 430.5520983921938 lowerBound: 393.0504380027369 9.541182699100762
2, 20], [1, 50], [1, 575], [2, 575], [2, 20], [2, 70], [1, 20], [2, 80], [2, 50], [2, 50], [1, 70], [1, 200], [1, 650], [2, 50], [2, 425], [2, 350], [1, 50], [1, 350], [1, 90], [1, 40], [1, 575], [2, 10], [2, 40], [2, 70], [2, 40], [1, 70], [1, 500], [1, 100], [1, 30], [1, 60], [1, 40], [1, 100], [2, 80], [1, 80], [2, 40], [1, 275], [1, 50], [1, 50], [1, 875], [2, 30], [2, 20], [1, 90], [2, 90], [1, 10], [1, 275], [2, 60], [1, 60], [2, 90], [1, 100], [1, 10
0.3_0.7_11 bestFound: 1066.6886166329652 lowerBound: 971.3361249501876 9.816631877834006
2, 20], [1, 50], [1, 575], [2, 575], [2, 20], [2, 70], [2, 20], [2, 80], [2, 50], [2, 50], [2, 70], [2, 200], [2, 650], [2, 50], [2, 425], [2, 350], [2, 50], [2, 350], [2, 90], [2, 40], [2, 575], [2, 10], [2, 40], [2, 70], [2, 40], [2, 70], [2, 500], [1, 100], [1, 30], [2, 60], [2, 40], [2, 100], [2, 80], [2, 80], [2, 40], [2, 275], [1, 50], [2, 50], [1, 875], [2, 30], [2, 20], [2, 90], [2, 90], [1, 10], [1, 275], [2, 60], [1, 60], [2, 90], [2, 100], [2, 10
0.5_0.7_11 bestFound: 307.7758862900371 lowerBound: 281.30866713913605 9.408604228255175
1, 70], [2, 30], [2, 60], [2, 200], [2, 200], [1, 575], [2, 20], [2, 40], [2, 425], [2, 50], [2, 50], [1, 40], [2, 90], [2, 30], [2, 50], [2, 50], [1, 70], [2, 30], [2, 350], [1, 40], [2, 10], [1, 80], [2, 20], [1, 30], [1, 90], [2, 350], [2, 40], [1, 90], [2, 30], [2, 50], [1, 350], [2, 200], [2, 90], [2, 90], [2, 10], [2, 30], [1, 50], [1, 40], [1, 90], [1, 875], [1, 40], [1, 20], [2, 20], [1, 30], [2, 50], [1, 50], [1, 80], [1, 650], [2, 30], [2, 50
0.5_0.7_11 bestFound: 509.0711570952334 lowerBound: 461.90810035580273 10.210484878507538
2, 10], [1, 10], [2, 350], [1, 50], [1, 60], [1, 20], [1, 70], [1, 425], [2, 10], [2, 70], [1, 90], [1, 60], [1, 50], [1, 30], [1, 80], [2, 20], [1, 60], [1, 50], [2, 40], [1, 80], [1, 90], [2, 650], [2, 10], [1, 60], [1, 90], [2, 500], [1, 90], [2, 60], [1, 40], [1, 575], [2, 10], [2, 10], [1, 725], [1, 60], [1, 90], [1, 500], [1, 70], [1, 90], [2, 70], [1, 20], [2, 650], [2, 60], [1, 20], [2, 500], [2, 90], [2, 100], [1, 350], [1, 500], [2, 50], [1, 50
0.5_0.7_11 bestFound: 1573.853939360687 lowerBound: 1442.9538389474915 9.071676229689768
1, 800], [1, 40], [2, 40], [1, 50], [2, 10], [1, 350], [1, 200], [2, 60], [2, 650], [1, 90], [1, 50], [2, 30], [2, 80], [2, 30], [2, 725], [1, 40], [2, 350], [2, 100], [2, 50], [1, 10], [1, 725], [2, 20], [2, 60], [2, 20], [1, 90], [2, 725], [2, 70], [1, 70], [1, 800], [1, 875], [1, 30], [2, 40], [1, 200], [2, 100], [1, 60], [2, 20], [1, 875], [1, 200], [1, 90], [1, 60], [1, 575], [2, 80], [1, 725], [1, 100], [2, 30], [1, 10], [2, 350], [1, 70], [2, 50], [1, 875
0.5_0.7_11 bestFound: 1599.3971258949568 lowerBound: 1470.599311676778 8.75818540070739
1, 275], [2, 70], [2, 575], [2, 30], [2, 60], [2, 40], [2, 90], [1, 350], [1, 50], [1, 80], [1, 40], [2, 875], [2, 425], [1, 30], [1, 40], [1, 650], [1, 50], [1, 100], [2, 20], [2, 30], [2, 70], [2, 50], [1, 10], [1, 650], [2, 725], [2, 90], [1, 200], [1, 200], [2, 30], [1, 50], [1, 60], [1, 425], [1, 50], [1, 425], [2, 650], [2, 10], [1, 875], [1, 90], [2, 90], [1, 10], [1, 20], [1, 60], [1, 40], [1, 20], [2, 725], [1, 30], [1, 60], [2, 425], [1, 800], [2, 80
0.5_0.7_11 bestFound: 691.6759386815662 lowerBound: 634.5109804195073 9.009293775225808
1, 70], [1, 40], [1, 350], [1, 275], [1, 20], [1, 20], [1, 20], [1, 275], [2, 350], [2, 100], [2, 425], [2, 10], [1, 90], [1, 20], [2, 70], [1, 70], [1, 200], [2, 100], [1, 70], [1, 875], [1, 20], [2, 90], [1, 90], [2, 70], [1, 60], [1, 20], [2, 90], [2, 275], [1, 275], [2, 80], [1, 40], [1, 30], [2, 10], [1, 500], [1, 40], [2, 10], [1, 100], [2, 725], [2, 100], [2, 70], [2, 500], [1, 80], [1, 60], [2, 30], [2, 50], [1, 20], [1, 20], [2, 725], [2, 90], [2, 200
0.5_0.7_11 bestFound: 276.8034325883647 lowerBound: 254.33944089363047 8.832287912486654
1, 90], [2, 60], [2, 80], [1, 20], [1, 725], [1, 100], [1, 10], [1, 425], [1, 100], [2, 40], [1, 650], [2, 575], [1, 80], [2, 50], [2, 40], [2, 50], [2, 40], [1, 40], [1, 200], [1, 350], [2, 275], [2, 20], [1, 50], [1, 50], [1, 30], [2, 200], [2, 10], [2, 200], [2, 80], [1, 40], [2, 90], [1, 90], [1, 70], [2, 30], [1, 40], [2, 90], [2, 80], [2, 40], [2, 70], [2, 90], [2, 80], [2, 200], [2, 10], [1, 10], [1, 80], [1, 50], [2, 60], [2, 30], [1, 20], [1, 10
0.7_0.7_11 bestFound: 630.0826082445966 lowerBound: 569.136262649124 10.70856833331782
1, 50], [1, 275], [1, 40], [1, 500], [2, 425], [1, 275], [1, 350], [1, 60], [1, 30], [2, 875], [1, 60], [1, 80], [1, 20], [1, 500], [1, 100], [1, 200], [1, 800], [1, 425], [1, 40], [1, 100], [1, 80], [2, 30], [1, 40], [1, 70], [1, 20], [1, 60], [1, 90], [1, 350], [1, 425], [2, 50], [1, 275], [1, 20], [2, 40], [1, 100], [2, 60], [2, 20], [2, 50], [1, 70], [1, 70], [1, 80], [2, 90], [1, 60], [1, 20], [1, 40], [2, 350], [1, 60], [1, 875], [1, 20], [1, 90], [1, 725
0.7_0.7_11 bestFound: 334.1409794205841 lowerBound: 307.24913152207074 8.75245692812694
1, 30], [1, 875], [1, 70], [1, 50], [2, 20], [1, 70], [1, 50], [1, 80], [1, 60], [1, 500], [2, 80], [1, 40], [2, 350], [2, 10], [2, 70], [1, 200], [1, 275], [1, 30], [2, 500], [1, 20], [1, 10], [1, 350], [1, 80], [1, 350], [1, 20], [1, 200], [1, 80], [1, 50], [1, 40], [1, 50], [2, 70], [1, 70], [1, 650], [2, 70], [1, 200], [1, 60], [1, 725], [1, 30], [1, 20], [2, 80], [1, 200], [1, 60], [1, 60], [1, 80], [1, 10], [1, 200], [1, 10], [1, 90], [1, 60], [1, 650
0.7_0.7_11 bestFound: 302.3898541656119 lowerBound: 273.93873831733254 10.38594104033632
1, 60], [1, 875], [1, 30], [1, 100], [1, 200], [1, 20], [1, 30], [1, 70], [2, 70], [2, 80], [1, 10], [2, 20], [1, 80], [1, 60], [2, 10], [2, 30], [1, 500], [2, 10], [1, 350], [2, 200], [1, 800], [1, 30], [1, 275], [1, 275], [1, 70], [1, 50], [1, 350], [2, 30], [2, 70], [1, 200], [1, 80], [1, 100], [1, 90], [2, 90], [2, 50], [1, 50], [2, 10], [1, 30], [1, 90], [1, 70], [2, 80], [1, 575], [1, 500], [2, 20], [1, 80], [1, 90], [1, 80], [1, 80], [2, 350], [1, 60
0.7_0.7_11 bestFound: 219.61580428563389 lowerBound: 194.2454032182643 13.061004609134596
1, 40], [1, 50], [1, 875], [1, 10], [1, 50], [1, 40], [1, 20], [2, 100], [1, 60], [1, 500], [1, 650], [1, 70], [2, 100], [1, 100], [1, 80], [2, 275], [1, 100], [1, 30], [1, 725], [1, 100], [1, 10], [1, 10], [2, 10], [2, 30], [2, 30], [1, 60], [1, 800], [2, 10], [1, 80], [1, 50], [1, 20], [1, 70], [1, 500], [2, 40], [1, 90], [1, 90], [1, 20], [1, 10], [1, 90], [1, 60], [1, 425], [1, 200], [1, 20], [1, 30], [1, 40], [1, 500], [2, 50], [1, 50], [1, 50], [1, 40
0.7_0.7_11 bestFound: 884.6486184228144 lowerBound: 793.9089338083752 11.429482746737914
1, 90], [1, 80], [1, 20], [1, 30], [2, 40], [2, 425], [2, 20], [1, 200], [1, 800], [1, 100], [1, 30], [1, 30], [2, 875], [2, 20], [2, 500], [1, 80], [1, 875], [1, 500], [1, 425], [2, 100], [2, 275], [1, 10], [1, 10], [1, 60], [1, 275], [2, 275], [1, 575], [1, 100], [1, 50], [2, 10], [1, 40], [1, 80], [1, 500], [1, 350], [2, 30], [1, 60], [1, 70], [1, 575], [1, 30], [1, 425], [2, 90], [1, 100], [1, 70], [1, 575], [1, 80], [1, 20], [1, 70], [2, 30], [1, 30], [1, 30
0.7_0.7_11 bestFound: 973.8696262034118 lowerBound: 877.8230517977292 10.94145046760676
2, 20], [1, 80], [1, 40], [2, 350], [2, 70], [1, 875], [1, 650], [1, 20], [1, 90], [1, 30], [2, 575], [1, 350], [1, 50], [1, 90], [2, 100], [2, 200], [1, 500], [1, 30], [2, 50], [1, 50], [1, 60], [1, 70], [1, 650], [2, 80], [1, 425], [2, 80], [1, 650], [1, 425], [1, 425], [1, 80], [1, 650], [2, 350], [2, 100], [1, 425], [1, 90], [2, 50], [1, 20], [1, 90], [2, 100], [1, 500], [2, 10], [2, 70], [1, 10], [1, 80], [2, 30], [1, 90], [1, 90], [1, 90], [1, 80], [2, 50
0.7_0.7_11 bestFound: 1142.335578606722 lowerBound: 1048.0486504462574 8.996426656369188
1, 650], [1, 800], [1, 80], [1, 30], [1, 10], [1, 20], [1, 80], [2, 20], [1, 80], [1, 500], [1, 60], [1, 90], [2, 80], [1, 90], [1, 275], [2, 10], [2, 90], [1, 60], [1, 100], [1, 40], [2, 425], [1, 20], [2, 20], [1, 60], [2, 50], [1, 20], [1, 40], [1, 70], [1, 875], [1, 20], [2, 100], [1, 575], [1, 50], [1, 100], [1, 60], [2, 70], [1, 575], [1, 500], [1, 500], [1, 425], [2, 60], [2, 90], [1, 575], [2, 350], [2, 725], [2, 575], [1, 425], [2, 80], [2, 80], [2, 70
0.7_0.7_11 bestFound: 1242.5634952851883 lowerBound: 1120.5523836784325 10.888479055859076
1, 500], [2, 40], [1, 40], [2, 425], [1, 30], [2, 100], [1, 650], [1, 70], [1, 100], [1, 70], [1, 275], [1, 60], [1, 50], [1, 90], [2, 70], [2, 200], [1, 575], [2, 90], [1, 425], [2, 90], [1, 575], [1, 575], [1, 500], [1, 20], [2, 80], [1, 10], [1, 875], [2, 500], [1, 60], [1, 50], [1, 10], [1, 725], [1, 10], [1, 275], [2, 650], [2, 10], [1, 725], [1, 10], [1, 50], [2, 70], [1, 100], [2, 30], [1, 100], [1, 30], [1, 30], [2, 30], [2, 725], [1, 80], [2, 70], [2, 20
0.7_0.7_11 bestFound: 294.2042775045776 lowerBound: 266.826329864523 10.260586972041066
1, 275], [2, 30], [1, 30], [2, 30], [2, 200], [1, 575], [1, 50], [1, 10], [1, 500], [2, 20], [1, 90], [1, 275], [1, 80], [2, 90], [2, 425], [1, 425], [1, 50], [1, 200], [1, 10], [1, 500], [1, 50], [1, 40], [1, 20], [1, 10], [1, 50], [1, 30], [1, 20], [1, 60], [1, 425], [1, 20], [1, 90], [2, 20], [2, 80], [1, 500], [1, 30], [1, 60], [1, 40], [2, 50], [1, 80], [1, 20], [1, 70], [2, 30], [2, 20], [1, 80], [1, 725], [2, 350], [1, 100], [2, 80], [1, 60], [1, 200
0.7_0.7_11 bestFound: 334.6043924240789 lowerBound: 298.22883876077424 12.197195219099358
2, 500], [1, 275], [1, 30], [2, 30], [1, 20], [1, 70], [2, 30], [1, 200], [1, 275], [2, 100], [2, 40], [1, 10], [1, 10], [1, 20], [2, 70], [1, 80], [1, 60], [2, 40], [1, 100], [1, 90], [1, 275], [2, 30], [1, 275], [1, 80], [2, 70], [2, 30], [1, 725], [1, 30], [1, 20], [1, 350], [1, 10], [2, 10], [1, 40], [1, 10], [1, 650], [1, 80], [2, 90], [2, 500], [2, 90], [2, 60], [1, 30], [2, 425], [1, 20], [1, 20], [2, 40], [1, 70], [1, 875], [1, 70], [2, 40], [1, 90
0.7_0.7_11 bestFound: 208.34141401019838 lowerBound: 186.87920291970624 11.484536938930278
1, 275], [1, 50], [1, 425], [1, 60], [2, 200], [1, 40], [2, 50], [1, 80], [1, 70], [1, 50], [2, 10], [1, 80], [2, 50], [1, 30], [1, 90], [1, 20], [1, 10], [1, 10], [1, 575], [1, 80], [1, 275], [1, 80], [1, 875], [1, 40], [1, 575], [1, 50], [1, 90], [1, 60], [1, 30], [1, 100], [1, 80], [2, 90], [2, 70], [1, 30], [2, 40], [1, 70], [1, 60], [1, 60], [2, 40], [1, 200], [2, 500], [2, 100], [1, 10], [1, 60], [1, 200], [1, 80], [1, 200], [2, 10], [1, 70], [1, 200
0.7_0.7_11 bestFound: 1299.0662596360853 lowerBound: 1191.4046720692209 9.03652554760246
1, 10], [2, 40], [2, 100], [2, 100], [1, 800], [2, 40], [2, 60], [2, 350], [2, 30], [1, 575], [1, 20], [2, 50], [1, 350], [1, 100], [1, 725], [1, 20], [2, 425], [1, 800], [1, 275], [1, 875], [1, 90], [1, 50], [2, 725], [1, 275], [2, 60], [2, 50], [1, 90], [1, 275], [2, 70], [1, 90], [1, 725], [1, 70], [1, 30], [1, 275], [1, 60], [2, 100], [1, 70], [1, 100], [1, 10], [1, 725], [1, 10], [1, 60], [1, 70], [1, 275], [2, 20], [2, 275], [1, 10], [2, 575], [1, 100], [1, 60
0.7_0.7_11 bestFound: 1337.929227535453 lowerBound: 1221.0928826655042 9.568178353059317
1, 50], [2, 50], [1, 20], [2, 425], [2, 70], [1, 20], [1, 725], [2, 100], [1, 500], [2, 70], [1, 100], [2, 90], [1, 20], [2, 20], [1, 875], [1, 10], [1, 650], [2, 500], [2, 500], [1, 90], [1, 50], [1, 80], [2, 50], [1, 20], [1, 575], [2, 875], [1, 10], [1, 500], [1, 80], [1, 90], [2, 275], [1, 800], [2, 50], [1, 50], [1, 20], [1, 200], [2, 100], [1, 30], [1, 70], [1, 70], [2, 50], [1, 70], [2, 350], [1, 275], [1, 30], [1, 30], [1, 90], [1, 100], [2, 650], [1, 60
0.7_0.7_11 bestFound: 712.3894153661092 lowerBound: 655.3885187949003 8.697268099236725
2, 100], [1, 50], [2, 40], [1, 40], [2, 50], [1, 350], [1, 725], [1, 40], [1, 70], [1, 10], [2, 80], [1, 20], [1, 425], [2, 30], [2, 30], [1, 100], [2, 800], [2, 425], [1, 575], [1, 20], [2, 875], [2, 100], [1, 70], [2, 20], [1, 80], [1, 30], [2, 425], [2, 40], [2, 90], [1, 80], [2, 200], [1, 100], [2, 20], [1, 50], [1, 350], [1, 70], [2, 70], [1, 875], [1, 60], [1, 10], [1, 80], [2, 20], [1, 10], [2, 60], [1, 575], [1, 90], [1, 90], [2, 30], [2, 200], [1, 10
0.7_0.7_11 bestFound: 737.6507027734534 lowerBound: 662.7331671335288 11.304328703505204
1, 650], [1, 60], [1, 40], [2, 425], [1, 60], [1, 575], [1, 80], [1, 100], [1, 200], [2, 30], [1, 70], [2, 70], [2, 20], [1, 10], [1, 60], [1, 10], [2, 10], [1, 725], [1, 275], [2, 350], [1, 200], [1, 875], [2, 10], [1, 650], [1, 650], [2, 425], [1, 800], [1, 20], [1, 90], [1, 40], [1, 90], [1, 200], [1, 100], [2, 30], [1, 60], [1, 40], [1, 50], [2, 20], [1, 10], [1, 100], [2, 200], [1, 800], [2, 50], [1, 30], [1, 100], [1, 30], [1, 90], [1, 90], [1, 350], [1, 50
0.7_0.7_11 bestFound: 826.1637950927482 lowerBound: 746.8747607403859 10.616108418734365
2, 70], [1, 30], [1, 90], [2, 30], [2, 10], [1, 30], [1, 20], [2, 20], [2, 100], [2, 10], [2, 50], [2, 30], [1, 70], [2, 875], [1, 70], [1, 40], [2, 30], [2, 20], [1, 650], [1, 80], [1, 875], [2, 650], [1, 50], [1, 40], [1, 40], [2, 70], [1, 70], [2, 60], [1, 80], [1, 725], [1, 20], [2, 100], [2, 650], [2, 200], [1, 425], [2, 10], [1, 30], [1, 725], [1, 80], [1, 200], [2, 425], [1, 60], [1, 10], [1, 275], [1, 650], [1, 725], [1, 40], [1, 40], [1, 60], [1, 10