ALPHA = 1.5
JOBS COUNT = 50
seria			avgAll2		max1	min1	avgWeBetter	avgWorse	countWeBetter
0.3_0.0_12_		0,95		-2,50	-3,11	-2,76		0,00		30
0.3_0.3_12_		1,58		-2,50	-4,13	-3,28		0,00		30
0.3_0.5_12_		2,22		-2,73	-5,32	-3,98		0,00		30
0.3_0.7_12_		3,56		-2,74	-6,83	-4,61		0,00		30
0.3_1.0_12_		3,31		0,36	-3,79	-1,99		0,28		28
0.5_0.0_12_		1,52		-1,58	-3,06	-2,51		0,00		30
0.5_0.3_12_		2,03		-2,40	-4,04	-3,14		0,00		30
0.5_0.5_12_		3,11		-2,01	-4,57	-3,43		0,00		30
0.5_0.7_12_		4,75		-1,37	-6,22	-4,10		0,00		30
0.5_1.0_12_		4,42		1,39	-3,07	-1,50		0,45		22
0.7_0.0_12_		2,62		1,02	-2,85	-1,87		0,47		27
0.7_0.3_12_		3,21		1,63	-3,20	-2,44		1,63		29
0.7_0.5_12_		4,47		0,38	-4,54	-2,65		0,27		28
0.7_0.7_12_		6,08		3,56	-4,98	-3,05		3,56		29
0.7_1.0_12_		4,25		2,41	-35,26	-3,28		1,18		17



ALPHA = 1.5
JOBS COUNT = 100
seria			avgAll2		max1	min1	avgWeBetter	avgWorse	countWeBetter
0.3_0.0_12_		0,44		-1,38	-1,73	-1,55		0,00		30
0.3_0.3_12_		0,80		-1,40	-2,24	-1,86		0,00		30
0.3_0.5_12_		1,14		-1,69	-2,80	-2,34		0,00		30
0.3_0.7_12_		1,39		-2,26	-4,03	-3,06		0,00		30
0.3_1.0_12_		1,86		0,16	-2,01	-0,98		0,16		29
0.5_0.0_12_		0,75		-0,94	-1,70	-1,42		0,00		30
0.5_0.3_12_		1,08		-1,38	-2,05	-1,75		0,00		30
0.5_0.5_12_		1,57		-1,53	-2,81	-2,11		0,00		30
0.5_0.7_12_		2,15		-1,84	-3,64	-2,67		0,00		30
0.5_1.0_12_		2,35		1,00	-1,84	-0,92		0,39		23
0.7_0.0_12_		1,58		0,25	-1,57	-0,94		0,12		24
0.7_0.3_12_		1,68		-0,35	-1,94	-1,35		0,00		30
0.7_0.5_12_		2,40		0,78	-2,53	-1,55		0,52		27
0.7_0.7_12_		3,30		0,97	-3,06	-2,03		0,84		28
0.7_1.0_12_		2,52		1,50	-8,65	-0,99		0,44		21



ALPHA = 2.0
JOBS COUNT = 50
seria			avgAll2		max1	min1	avgWeBetter	avgWorse	countWeBetter
0.3_0.0_12_		1,07		-1,74	-2,67	-2,13		0,00		30
0.3_0.3_12_		1,62		-1,63	-3,76	-2,66		0,00		30
0.3_0.5_12_		2,36		-1,81	-4,69	-3,05		0,00		30
0.3_0.7_12_		3,85		-1,38	-5,61	-3,52		0,00		30
0.3_1.0_12_		3,63		1,31	-3,61	-1,64		0,56		19
0.5_0.0_12_		1,37		-1,57	-2,62	-2,06		0,00		30
0.5_0.3_12_		2,18		-1,13	-3,49	-2,31		0,00		30
0.5_0.5_12_		3,10		-0,47	-4,04	-2,75		0,00		30
0.5_0.7_12_		4,38		-1,43	-5,52	-3,31		0,00		30
0.5_1.0_12_		4,39		3,17	-2,43	-1,07		1,15		19
0.7_0.0_12_		2,46		1,41	-2,08	-1,37		0,56		26
0.7_0.3_12_		3,02		1,04	-2,55	-1,85		0,97		28
0.7_0.5_12_		3,94		3,53	-3,55	-2,26		2,63		28
0.7_0.7_12_		6,27		4,29	-4,92	-2,01		1,82		27
0.7_1.0_12_		5,18		2,87	-1,48	-0,64		0,96		9



ALPHA = 2.0
JOBS COUNT = 100
seria			avgAll2		max1	min1	avgWeBetter	avgWorse	countWeBetter
0.3_0.0_12_		0,49		-0,99	-1,39	-1,20		0,00		30
0.3_0.3_12_		0,85		-0,96	-1,92	-1,43		0,00		30
0.3_0.5_12_		1,16		-1,07	-2,47	-1,76		0,00		30
0.3_0.7_12_		1,74		-1,09	-2,86	-2,16		0,00		30
0.3_1.0_12_		1,87		0,75	-1,40	-0,84		0,29		20
0.5_0.0_12_		0,71		-0,72	-1,39	-1,11		0,00		30
0.5_0.3_12_		1,18		-0,80	-1,69	-1,22		0,00		30
0.5_0.5_12_		1,52		-0,99	-1,93	-1,50		0,00		30
0.5_0.7_12_		2,34		-1,04	-2,65	-1,78		0,00		30
0.5_1.0_12_		2,25		1,28	-1,53	-0,69		0,53		18
0.7_0.0_12_		1,26		0,85	-1,17	-0,68		0,85		29
0.7_0.3_12_		1,78		0,27	-1,44	-0,94		0,16		25
0.7_0.5_12_		2,20		-0,01	-1,66	-1,05		0,00		30
0.7_0.7_12_		3,08		-0,43	-2,10	-1,19		0,00		30
0.7_1.0_12_		2,86		2,06	-1,02	-0,53		0,66		8



ALPHA = 2.5
JOBS COUNT = 50
seria			avgAll2		max1	min1	avgWeBetter	avgWorse	countWeBetter
0.3_0.0_12_		1,02		-1,39	-2,48	-1,94		0,00		30
0.3_0.3_12_		2,24		-1,05	-3,28	-1,77		0,00		30
0.3_0.5_12_		2,51		-1,35	-4,38	-2,57		0,00		30
0.3_0.7_12_		3,70		-0,77	-5,32	-2,80		0,00		30
0.3_1.0_12_		3,82		2,03	-2,38	-0,99		0,91		18
0.5_0.0_12_		1,40		-1,22	-2,35	-1,76		0,00		30
0.5_0.3_12_		2,37		-1,10	-2,89	-1,86		0,00		30
0.5_0.5_12_		2,89		-1,00	-3,75	-2,44		0,00		30
0.5_0.7_12_		4,47		-0,64	-5,16	-2,54		0,00		30
0.5_1.0_12_		4,49		2,55	-1,96	-0,99		1,19		13
0.7_0.0_12_		2,32		1,93	-1,84	-1,17		1,11		27
0.7_0.3_12_		3,27		1,38	-2,45	-1,27		0,68		27
0.7_0.5_12_		4,13		3,27	-2,57	-1,80		1,22		27
0.7_0.7_12_		6,11		5,92	-3,87	-1,65		2,17		27
0.7_1.0_12_		5,09		3,62	-0,97	-0,55		1,67		12



ALPHA = 2.5
JOBS COUNT = 100
seria			avgAll2		max1	min1	avgWeBetter	avgWorse	countWeBetter
0.3_0.0_12_		0,55		-0,77	-1,24	-0,99		0,00		30
0.3_0.3_12_		0,96		-0,62	-1,65	-1,11		0,00		30
0.3_0.5_12_		1,22		-0,73	-2,12	-1,40		0,00		30
0.3_0.7_12_		1,94		-0,72	-2,61	-1,62		0,00		30
0.3_1.0_12_		2,16		1,20	-1,11	-0,53		0,55		14
0.5_0.0_12_		0,68		-0,64	-1,20	-0,96		0,00		30
0.5_0.3_12_		1,25		-0,52	-1,38	-0,97		0,00		30
0.5_0.5_12_		1,58		-0,50	-1,67	-1,16		0,00		30
0.5_0.7_12_		2,35		-0,32	-2,34	-1,40		0,00		30
0.5_1.0_12_		2,39		1,64	-0,99	-0,41		0,79		15
0.7_0.0_12_		1,07		-0,16	-0,96	-0,62		0,00		30
0.7_0.3_12_		1,68		0,34	-1,24	-0,76		0,25		26
0.7_0.5_12_		2,28		1,82	-1,30	-0,88		0,69		24
0.7_0.7_12_		3,11		1,00	-1,86	-0,85		0,67		28
0.7_1.0_12_		2,93		1,91	-0,37	-0,22		0,87		5



ALPHA = 3.0
JOBS COUNT = 50
seria			avgAll2		max1	min1	avgWeBetter	avgWorse	countWeBetter
0.3_0.0_12_		1,07		-1,24	-2,35	-1,76		0,00		30
0.3_0.3_12_		2,04		-0,95	-2,87	-1,73		0,00		30
0.3_0.5_12_		2,39		-0,93	-3,56	-2,39		0,00		30
0.3_0.7_12_		3,35		-0,76	-5,24	-2,88		0,00		30
0.3_1.0_12_		3,70		2,06	-2,13	-1,00		1,18		18
0.5_0.0_12_		1,46		-0,85	-2,13	-1,53		0,00		30
0.5_0.3_12_		2,35		-0,70	-2,74	-1,64		0,00		30
0.5_0.5_12_		3,08		-0,39	-3,29	-1,92		0,00		30
0.5_0.7_12_		5,05		0,08	-4,51	-1,72		0,08		29
0.5_1.0_12_		4,12		1,72	-2,23	-0,85		0,74		11
0.7_0.0_12_		2,05		0,73	-1,63	-1,09		0,73		29
0.7_0.3_12_		3,30		1,87	-2,08	-1,02		1,02		27
0.7_0.5_12_		4,05		0,25	-2,50	-1,18		0,22		28
0.7_0.7_12_		5,50		1,76	-3,54	-1,39		1,12		28
0.7_1.0_12_		4,92		3,03	-1,28	-0,86		1,41		7



ALPHA = 3.0
JOBS COUNT = 100
seria			avgAll2		max1	min1	avgWeBetter	avgWorse	countWeBetter
0.3_0.0_12_		0,61		-0,63	-1,13	-0,85		0,00		30
0.3_0.3_12_		0,99		-0,52	-1,39	-0,97		0,00		30
0.3_0.5_12_		1,23		-0,67	-1,94	-1,22		0,00		30
0.3_0.7_12_		1,81		-0,63	-2,65	-1,52		0,00		30
0.3_1.0_12_		2,21		1,45	-1,04	-0,54		0,70		12
0.5_0.0_12_		0,71		-0,53	-1,10	-0,83		0,00		30
0.5_0.3_12_		1,18		-0,48	-1,35	-0,86		0,00		30
0.5_0.5_12_		1,65		-0,38	-1,69	-0,98		0,00		30
0.5_0.7_12_		2,32		-0,26	-1,89	-1,12		0,00		30
0.5_1.0_12_		2,07		1,46	-1,19	-0,47		0,52		15
0.7_0.0_12_		1,14		0,27	-0,88	-0,51		0,14		27
0.7_0.3_12_		1,56		0,42	-1,16	-0,59		0,42		29
0.7_0.5_12_		2,19		0,31	-1,26	-0,63		0,25		28
0.7_0.7_12_		3,04		0,99	-1,55	-0,76		0,25		21
0.7_1.0_12_		2,54		1,67	-0,60	-0,41		0,70		7