ALPHA = 1.5
JOBS COUNT = 50
single|small|  Ea2 |  E1  | MAXw | MAXb | AVGw | AVGb | COUNT
0.3   | 0.0 | 2.16 | 4.76 | 0.00 | 3.94 | 0.00 | 2.55 | 30
0.3   | 0.3 | 3.30 | 6.43 | 0.00 | 5.00 | 0.00 | 3.04 | 30
0.3   | 0.5 | 4.01 | 8.63 | 0.00 | 8.30 | 0.00 | 4.41 | 30
0.3   | 0.7 | 5.71 | 11.86| 0.98 | 10.50| 0.98 | 6.00 | 29
0.3   | 1.0 | 0.89 | 4.10 | 0.00 | 7.19 | 0.00 | 5.32 | 30
0.5   | 0.0 | 2.43 | 5.07 | 0.00 | 4.04 | 0.00 | 2.64 | 30
0.5   | 0.3 | 3.75 | 6.94 | 0.00 | 5.75 | 0.00 | 3.17 | 30
0.5   | 0.5 | 4.39 | 9.06 | 0.00 | 8.08 | 0.00 | 4.54 | 30
0.5   | 0.7 | 6.49 | 12.89| 0.00 | 11.39| 0.00 | 6.15 | 30
0.5   | 1.0 | 1.46 | 4.38 | 0.00 | 8.34 | 0.00 | 6.97 | 30
0.7   | 0.0 | 3.45 | 5.15 | 0.00 | 3.47 | 0.00 | 1.80 | 30
0.7   | 0.3 | 4.41 | 6.86 | 0.00 | 4.58 | 0.00 | 2.56 | 30
0.7   | 0.5 | 5.42 | 9.13 | 0.00 | 7.30 | 0.00 | 3.79 | 30
0.7   | 0.7 | 8.06 | 13.23| 4.45 | 9.62 | 4.45 | 5.68 | 29
0.7   | 1.0 | 1.94 | 4.54 | 0.00 | 10.92| 0.00 | 8.95 | 30



ALPHA = 1.5
JOBS COUNT = 100
single|small|  Ea2 |  E1  | MAXw | MAXb | AVGw | AVGb | COUNT
0.3   | 0.0 | 1.05 | 2.56 | 0.00 | 2.15 | 0.00 | 1.53 | 30
0.3   | 0.3 | 1.58 | 3.57 | 0.00 | 3.00 | 0.00 | 2.03 | 30
0.3   | 0.5 | 2.16 | 4.56 | 0.00 | 3.44 | 0.00 | 2.44 | 30
0.3   | 0.7 | 3.94 | 6.86 | 0.00 | 4.89 | 0.00 | 3.01 | 30
0.3   | 1.0 | 0.61 | 2.21 | 0.00 | 5.51 | 0.00 | 4.17 | 30
0.5   | 0.0 | 1.35 | 2.75 | 0.00 | 2.17 | 0.00 | 1.47 | 30
0.5   | 0.3 | 2.24 | 3.76 | 0.00 | 2.66 | 0.00 | 1.65 | 30
0.5   | 0.5 | 2.91 | 4.98 | 0.00 | 4.06 | 0.00 | 2.25 | 30
0.5   | 0.7 | 3.94 | 7.07 | 0.00 | 5.35 | 0.00 | 3.40 | 30
0.5   | 1.0 | 0.79 | 2.37 | 0.00 | 7.89 | 0.00 | 5.98 | 30
0.7   | 0.0 | 1.89 | 2.85 | 0.00 | 2.05 | 0.00 | 1.13 | 30
0.7   | 0.3 | 2.39 | 3.79 | 0.00 | 2.29 | 0.00 | 1.63 | 30
0.7   | 0.5 | 3.09 | 5.06 | 0.00 | 3.79 | 0.00 | 2.30 | 30
0.7   | 0.7 | 4.89 | 7.52 | 0.00 | 4.85 | 0.00 | 3.26 | 30
0.7   | 1.0 | 1.04 | 2.49 | 0.00 | 9.71 | 0.00 | 8.08 | 30



ALPHA = 2.0
JOBS COUNT = 50
single|small|  Ea2 |  E1  | MAXw | MAXb | AVGw | AVGb | COUNT
0.3   | 0.0 | 2.31 | 4.02 | 0.00 | 3.04 | 0.00 | 1.69 | 30
0.3   | 0.3 | 3.07 | 5.56 | 0.00 | 4.48 | 0.00 | 2.44 | 30
0.3   | 0.5 | 4.74 | 7.40 | 1.83 | 5.31 | 1.22 | 2.87 | 28
0.3   | 0.7 | 6.16 | 9.81 | 0.06 | 6.87 | 0.06 | 3.67 | 29
0.3   | 1.0 | 1.27 | 3.51 | 0.00 | 5.06 | 0.00 | 3.90 | 30
0.5   | 0.0 | 2.85 | 4.27 | 0.45 | 2.76 | 0.45 | 1.50 | 29
0.5   | 0.3 | 4.26 | 5.83 | 0.00 | 3.89 | 0.00 | 1.62 | 30
0.5   | 0.5 | 5.21 | 7.71 | 0.57 | 6.72 | 0.57 | 2.64 | 29
0.5   | 0.7 | 6.61 | 11.60| 0.00 | 11.62| 0.00 | 4.94 | 30
0.5   | 1.0 | 1.57 | 3.70 | 0.00 | 7.30 | 0.00 | 5.30 | 30
0.7   | 0.0 | 3.20 | 4.32 | 0.55 | 2.63 | 0.34 | 1.38 | 27
0.7   | 0.3 | 4.21 | 6.09 | 0.00 | 3.94 | 0.00 | 1.98 | 30
0.7   | 0.5 | 5.64 | 8.11 | 0.97 | 5.21 | 0.78 | 3.03 | 27
0.7   | 0.7 | 7.94 | 11.04| 2.60 | 9.78 | 0.93 | 4.32 | 25
0.7   | 1.0 | 2.01 | 3.83 | 0.00 | 7.99 | 0.00 | 6.65 | 30



ALPHA = 2.0
JOBS COUNT = 100
single|small|  Ea2 |  E1  | MAXw | MAXb | AVGw | AVGb | COUNT
0.3   | 0.0 | 1.14 | 2.12 | 0.00 | 1.65 | 0.00 | 1.00 | 30
0.3   | 0.3 | 1.74 | 2.87 | 0.02 | 2.37 | 0.02 | 1.20 | 29
0.3   | 0.5 | 2.26 | 3.79 | 0.22 | 2.98 | 0.22 | 1.65 | 29
0.3   | 0.7 | 3.18 | 5.86 | 0.76 | 5.02 | 0.76 | 2.92 | 29
0.3   | 1.0 | 0.53 | 1.83 | 0.00 | 4.25 | 0.00 | 3.08 | 30
0.5   | 0.0 | 1.57 | 2.24 | 0.14 | 1.53 | 0.14 | 0.77 | 29
0.5   | 0.3 | 2.11 | 3.06 | 0.19 | 1.79 | 0.10 | 1.14 | 28
0.5   | 0.5 | 3.11 | 3.97 | 0.06 | 3.35 | 0.06 | 1.08 | 29
0.5   | 0.7 | 3.73 | 6.12 | 0.00 | 5.06 | 0.00 | 2.70 | 30
0.5   | 1.0 | 0.86 | 1.95 | 0.00 | 5.96 | 0.00 | 4.43 | 30
0.7   | 0.0 | 1.78 | 2.29 | 0.26 | 1.34 | 0.18 | 0.70 | 28
0.7   | 0.3 | 2.67 | 3.14 | 0.25 | 1.66 | 0.13 | 0.78 | 26
0.7   | 0.5 | 3.26 | 4.12 | 0.60 | 2.65 | 0.33 | 1.32 | 27
0.7   | 0.7 | 4.43 | 6.21 | 0.00 | 4.93 | 0.00 | 2.37 | 30
0.7   | 1.0 | 1.02 | 2.01 | 0.00 | 7.38 | 0.00 | 5.81 | 30



ALPHA = 2.5
JOBS COUNT = 50
single|small|  Ea2 |  E1  | MAXw | MAXb | AVGw | AVGb | COUNT
0.3   | 0.0 | 2.18 | 3.74 | 0.49 | 3.19 | 0.34 | 1.76 | 27
0.3   | 0.3 | 3.55 | 4.96 | 1.11 | 4.01 | 0.49 | 2.10 | 22
0.3   | 0.5 | 4.00 | 6.76 | 1.48 | 5.51 | 1.36 | 2.99 | 28
0.3   | 0.7 | 6.22 | 9.79 | 1.12 | 8.12 | 0.68 | 3.95 | 27
0.3   | 1.0 | 1.24 | 3.22 | 0.00 | 5.32 | 0.00 | 3.70 | 30
0.5   | 0.0 | 2.66 | 3.86 | 0.62 | 2.90 | 0.37 | 1.34 | 28
0.5   | 0.3 | 4.12 | 5.25 | 1.66 | 3.21 | 1.04 | 1.64 | 25
0.5   | 0.5 | 5.16 | 7.06 | 1.17 | 4.69 | 1.02 | 2.44 | 26
0.5   | 0.7 | 7.19 | 10.11| 1.88 | 8.91 | 0.84 | 3.86 | 25
0.5   | 1.0 | 1.85 | 3.39 | 0.00 | 6.88 | 0.00 | 4.35 | 30
0.7   | 0.0 | 3.28 | 3.93 | 0.25 | 2.09 | 0.10 | 0.87 | 26
0.7   | 0.3 | 4.12 | 5.51 | 0.67 | 3.50 | 0.25 | 1.71 | 27
0.7   | 0.5 | 5.74 | 7.00 | 3.29 | 5.36 | 1.55 | 2.09 | 25
0.7   | 0.7 | 7.76 | 10.16| 0.96 | 6.40 | 0.65 | 3.09 | 28
0.7   | 1.0 | 2.13 | 3.47 | 0.00 | 7.83 | 0.00 | 5.28 | 30



ALPHA = 2.5
JOBS COUNT = 100
single|small|  Ea2 |  E1  | MAXw | MAXb | AVGw | AVGb | COUNT
0.3   | 0.0 | 1.53 | 1.92 | 0.24 | 1.65 | 0.10 | 0.52 | 26
0.3   | 0.3 | 1.67 | 2.64 | 0.04 | 2.29 | 0.02 | 1.10 | 28
0.3   | 0.5 | 2.03 | 3.50 | 0.03 | 2.92 | 0.03 | 1.59 | 29
0.3   | 0.7 | 3.02 | 5.04 | 1.47 | 4.99 | 1.47 | 2.28 | 29
0.3   | 1.0 | 0.71 | 1.66 | 0.00 | 3.91 | 0.00 | 2.79 | 30
0.5   | 0.0 | 1.71 | 2.01 | 0.35 | 1.18 | 0.14 | 0.51 | 23
0.5   | 0.3 | 2.21 | 2.79 | 0.71 | 2.04 | 0.26 | 0.89 | 25
0.5   | 0.5 | 2.63 | 3.63 | 0.25 | 2.53 | 0.25 | 1.22 | 29
0.5   | 0.7 | 3.88 | 5.29 | 2.09 | 4.64 | 1.19 | 1.97 | 28
0.5   | 1.0 | 0.93 | 1.77 | 0.00 | 5.28 | 0.00 | 3.81 | 30
0.7   | 0.0 | 1.77 | 2.04 | 0.33 | 1.04 | 0.17 | 0.52 | 24
0.7   | 0.3 | 2.67 | 2.85 | 0.60 | 1.71 | 0.24 | 0.67 | 20
0.7   | 0.5 | 3.51 | 3.77 | 0.95 | 2.50 | 0.40 | 0.94 | 22
0.7   | 0.7 | 4.36 | 5.38 | 0.26 | 3.25 | 0.18 | 1.80 | 27
0.7   | 1.0 | 1.05 | 1.81 | 0.00 | 6.55 | 0.00 | 4.97 | 30



ALPHA = 3.0
JOBS COUNT = 50
single|small|  Ea2 |  E1  | MAXw | MAXb | AVGw | AVGb | COUNT
0.3   | 0.0 | 2.45 | 3.49 | 0.65 | 2.52 | 0.28 | 1.38 | 24
0.3   | 0.3 | 3.43 | 4.83 | 1.74 | 4.03 | 0.71 | 1.83 | 25
0.3   | 0.5 | 4.21 | 6.38 | 1.25 | 5.15 | 0.81 | 2.36 | 28
0.3   | 0.7 | 5.38 | 9.61 | 2.63 | 7.54 | 1.43 | 4.48 | 28
0.3   | 1.0 | 1.35 | 3.05 | 0.00 | 4.38 | 0.00 | 3.02 | 30
0.5   | 0.0 | 3.02 | 3.66 | 0.59 | 1.87 | 0.36 | 1.12 | 21
0.5   | 0.3 | 3.88 | 4.89 | 1.48 | 3.48 | 0.66 | 1.52 | 24
0.5   | 0.5 | 5.66 | 6.56 | 2.58 | 4.22 | 1.25 | 1.85 | 22
0.5   | 0.7 | 7.03 | 9.68 | 1.10 | 8.12 | 0.75 | 3.59 | 25
0.5   | 1.0 | 1.74 | 3.22 | 0.00 | 5.74 | 0.00 | 4.26 | 30
0.7   | 0.0 | 3.27 | 3.71 | 1.51 | 1.74 | 0.59 | 0.87 | 23
0.7   | 0.3 | 4.99 | 5.09 | 1.39 | 2.45 | 0.72 | 0.96 | 18
0.7   | 0.5 | 5.24 | 6.77 | 2.75 | 4.07 | 1.91 | 2.00 | 28
0.7   | 0.7 | 7.18 | 9.56 | 2.16 | 7.93 | 1.65 | 3.28 | 27
0.7   | 1.0 | 2.16 | 3.28 | 0.00 | 7.45 | 0.00 | 5.02 | 30



ALPHA = 3.0
JOBS COUNT = 100
single|small|  Ea2 |  E1  | MAXw | MAXb | AVGw | AVGb | COUNT
0.3   | 0.0 | 1.26 | 1.78 | 0.42 | 1.24 | 0.23 | 0.67 | 26
0.3   | 0.3 | 1.96 | 2.51 | 0.47 | 1.63 | 0.16 | 0.72 | 26
0.3   | 0.5 | 2.46 | 3.41 | 1.06 | 3.16 | 0.40 | 1.48 | 23
0.3   | 0.7 | 4.02 | 4.78 | 2.64 | 4.14 | 0.71 | 1.46 | 23
0.3   | 1.0 | 0.75 | 1.56 | 0.00 | 3.67 | 0.00 | 2.35 | 30
0.5   | 0.0 | 1.40 | 1.88 | 0.43 | 1.37 | 0.17 | 0.76 | 23
0.5   | 0.3 | 2.28 | 2.60 | 0.70 | 1.38 | 0.28 | 0.57 | 25
0.5   | 0.5 | 2.79 | 3.40 | 0.61 | 2.32 | 0.37 | 1.08 | 24
0.5   | 0.7 | 3.94 | 5.34 | 0.92 | 4.58 | 0.51 | 2.35 | 24
0.5   | 1.0 | 0.87 | 1.65 | 0.00 | 4.63 | 0.00 | 3.43 | 30
0.7   | 0.0 | 1.69 | 1.89 | 0.26 | 0.79 | 0.13 | 0.44 | 23
0.7   | 0.3 | 2.74 | 2.62 | 1.05 | 0.75 | 0.35 | 0.35 | 18
0.7   | 0.5 | 3.59 | 3.47 | 1.43 | 1.67 | 0.43 | 0.61 | 18
0.7   | 0.7 | 4.48 | 5.16 | 0.76 | 3.00 | 0.49 | 1.58 | 26
0.7   | 1.0 | 1.05 | 1.68 | 0.00 | 5.36 | 0.00 | 4.48 | 30
