1.155598260864559
72109.89576410764
83330.07013612741
[1; 20; 1.881048103317306]
[1; 20; 1.9065543255182926]
[1; 60; 5.798829430996962]
[1; 60; 5.880793378198045]
[1; 60; 5.965716413695383]
[1; 60; 6.053773252284708]
[1; 80; 8.193537485749843]
[1; 80; 8.320081725291761]
[1; 140; 14.79034885617648]
[2; 70; 7.514937583422179]
[2; 80; 8.731051871846105]
[1; 180; 19.979257428624347]
[2; 90; 10.164125543584964]
[1; 200; 22.992106118441352]
[1; 1040; 121.76288075912318]
[2; 520; 62.03563371221413]
[2; 520; 63.24613264734773]
[2; 520; 64.51746467182515]
[2; 540; 68.38754547496754]
[2; 540; 69.8504496624545]
[2; 540; 71.3941836903772]
[1; 1120; 151.4616207221424]
[1; 1120; 155.04671792868763]
[2; 560; 79.42589058921894]
[2; 560; 81.44961528472444]
[2; 560; 83.60737666424298]
[2; 560; 85.91396743018817]
[1; 1160; 183.08636720965075]
[2; 580; 94.29661767559628]
[2; 580; 97.26689209498068]
[2; 620; 107.41252717772004]
[1; 1240; 222.29815599419206]
[1; 1240; 230.4570105861164]
[2; 620; 119.70408855449702]
[2; 640; 128.66188044857662]
[1; 1280; 268.6369239573704]
[2; 640; 140.64075608240879]
[1; 1280; 295.5273256808611]
[1; 1320; 321.46695965397123]
[2; 660; 170.33297079808256]
[1; 1320; 363.01438935507707]
[2; 660; 194.71474410078991]
[2; 660; 210.6204420089109]
[2; 680; 237.20661441449482]
[1; 1360; 525.760535077058]
[2; 680; 296.85576364276756]
[1; 1360; 688.941198858932]
[1; 1400; 859.1396743018817]
[2; 700; 562.8957269625226]
[2; 700; 893.5412691287129]


Jobs: [[1; 20; 1.881048103317306], [1; 60; 5.798829430996962], [1; 60; 5.965716413695383], [1; 80; 8.193537485749843], [1; 140; 14.79034885617648], [2; 70; 7.514937583422179], [2; 80; 8.731051871846105], [1; 180; 19.979257428624347], [2; 90; 10.164125543584964], [1; 200; 22.992106118441352], [2; 520; 62.03563371221413], [2; 520; 63.24613264734773], [2; 520; 64.51746467182515], [2; 540; 68.38754547496754], [2; 540; 69.8504496624545], [2; 540; 71.3941836903772], [1; 1120; 151.4616207221424], [2; 560; 79.42589058921894], [2; 560; 81.44961528472444], [2; 560; 83.60737666424298], [2; 560; 85.91396743018817], [1; 1160; 183.08636720965075], [2; 580; 94.29661767559628], [2; 580; 97.26689209498068], [2; 620; 107.41252717772004], [1; 1240; 222.29815599419206], [2; 620; 119.70408855449702], [2; 640; 128.66188044857662], [1; 1280; 268.6369239573704], [2; 640; 140.64075608240879], [1; 1280; 295.5273256808611], [2; 660; 170.33297079808256], [1; 1320; 363.01438935507707], [2; 660; 194.71474410078991], [2; 660; 210.6204420089109], [2; 680; 237.20661441449482], [1; 1360; 525.760535077058], [2; 680; 296.85576364276756], [1; 1360; 688.941198858932], [2; 700; 562.8957269625226], [2; 700; 893.5412691287129]];
Intervals[0.0=1.881048103317306, 1.881048103317306=7.679877534314269, 7.679877534314269=13.645593948009651, 13.645593948009651=21.839131433759494, 21.839131433759494=36.62948028993598, 36.62948028993598=44.14441787335816, 44.14441787335816=52.87546974520426, 52.87546974520426=72.8547271738286, 72.8547271738286=83.01885271741357, 83.01885271741357=106.01095883585492, 204.78173347653674=266.8173671887509, 266.8173671887509=330.06349983609863, 330.06349983609863=394.5809645079238, 394.5809645079238=462.9685099828913, 462.9685099828913=532.8189596453458, 532.8189596453458=604.213143335723, 604.213143335723=755.6747640578653, 759.2598612644106=838.6857518536295, 838.6857518536295=920.135367138354, 920.135367138354=1003.742743802597, 1003.742743802597=1089.6567112327853, 1089.6567112327853=1272.743078442436, 1272.743078442436=1367.0396961180322, 1367.0396961180322=1464.306588213013, 1464.306588213013=1571.719115390733, 1571.719115390733=1794.017271384925, 1802.1761259768493=1921.8802145313464, 1921.8802145313464=2050.542094979923, 2050.542094979923=2319.1790189372937, 2319.1790189372937=2459.8197750197023, 2459.8197750197023=2755.3471007005633, 2781.2867346736734=2951.619705471756, 2951.619705471756=3314.634094826833, 3314.634094826833=3509.348838927623, 3509.348838927623=3719.9692809365342, 3719.9692809365342=3957.175895351029, 3957.175895351029=4482.936430428087, 4482.936430428087=4779.792194070855, 4779.792194070855=5468.7333929297865, 5638.931868372736=6201.827595335259, 6201.827595335259=7095.3688644639715];

Jobs: [[1; 20; 1.9065543255182926], [1; 60; 5.880793378198045], [1; 60; 6.053773252284708], [1; 80; 8.320081725291761], [2; 70; 7.514937583422179], [2; 80; 8.731051871846105], [2; 90; 10.164125543584964], [1; 1040; 121.76288075912318], [2; 520; 62.03563371221413], [2; 520; 63.24613264734773], [2; 520; 64.51746467182515], [2; 540; 68.38754547496754], [2; 540; 69.8504496624545], [2; 540; 71.3941836903772], [1; 1120; 155.04671792868763], [2; 560; 79.42589058921894], [2; 560; 81.44961528472444], [2; 560; 83.60737666424298], [2; 560; 85.91396743018817], [2; 580; 94.29661767559628], [2; 580; 97.26689209498068], [2; 620; 107.41252717772004], [1; 1240; 230.4570105861164], [2; 620; 119.70408855449702], [2; 640; 128.66188044857662], [2; 640; 140.64075608240879], [1; 1320; 321.46695965397123], [2; 660; 170.33297079808256], [2; 660; 194.71474410078991], [2; 660; 210.6204420089109], [2; 680; 237.20661441449482], [2; 680; 296.85576364276756], [1; 1400; 859.1396743018817], [2; 700; 562.8957269625226], [2; 700; 893.5412691287129]];
Intervals[0.0=1.9065543255182926, 1.9065543255182926=7.787347703716337, 7.787347703716337=13.841120956001046, 13.841120956001046=22.161202681292806, 36.62948028993598=44.14441787335816, 44.14441787335816=52.87546974520426, 72.8547271738286=83.01885271741357, 83.01885271741357=204.78173347653674, 204.78173347653674=266.8173671887509, 266.8173671887509=330.06349983609863, 330.06349983609863=394.5809645079238, 394.5809645079238=462.9685099828913, 462.9685099828913=532.8189596453458, 532.8189596453458=604.213143335723, 604.213143335723=759.2598612644106, 759.2598612644106=838.6857518536295, 838.6857518536295=920.135367138354, 920.135367138354=1003.742743802597, 1003.742743802597=1089.6567112327853, 1272.743078442436=1367.0396961180322, 1367.0396961180322=1464.306588213013, 1464.306588213013=1571.719115390733, 1571.719115390733=1802.1761259768493, 1802.1761259768493=1921.8802145313464, 1921.8802145313464=2050.542094979923, 2319.1790189372937=2459.8197750197023, 2459.8197750197023=2781.2867346736734, 2781.2867346736734=2951.619705471756, 3314.634094826833=3509.348838927623, 3509.348838927623=3719.9692809365342, 3719.9692809365342=3957.175895351029, 4482.936430428087=4779.792194070855, 4779.792194070855=5638.931868372736, 5638.931868372736=6201.827595335259, 6201.827595335259=7095.3688644639715];
