1.1231426830337583
8633.102305964254
9696.205686825619
[1; 20; 0.45692815042939844]
[2; 10; 0.23156195211486594]
[1; 20; 0.46953405070436327]
[1; 40; 0.9523414230675175]
[2; 30; 0.7245704567812198]
[1; 60; 1.4705309292235615]
[1; 60; 1.4927281453761754]
[2; 30; 0.7578912151664111]
[2; 30; 0.7698739945421216]
[1; 60; 1.5646838549498827]
[2; 30; 0.7953272252986635]
[1; 60; 1.6177302302396597]
[1; 80; 2.194651222922942]
[2; 40; 1.1170092359306023]
[2; 40; 1.1375999900943847]
[1; 100; 2.897916666250771]
[1; 100; 2.9544636027240223]
[2; 50; 1.50692614025732]
[1; 100; 3.0763183066787594]
[1; 120; 3.7705500122973192]
[1; 120; 3.853881277680661]
[2; 60; 1.9709873664758844]
[1; 140; 4.707828173583482]
[1; 160; 5.512416982416386]
[2; 80; 2.8264350527014437]
[1; 160; 5.802625813324086]
[1; 160; 5.962710768183968]
[1; 180; 6.901103431917522]
[1; 180; 7.108674684818041]
[2; 90; 3.6662963664573707]
[1; 200; 8.416688493986983]
[1; 200; 8.709479149927933]
[1; 1040; 46.95151294586582]
[1; 1080; 50.6511212144314]
[2; 560; 27.346765130780994]
[1; 1200; 61.176551943508315]
[1; 1240; 66.19130092919724]
[1; 1240; 69.54363262766]
[2; 620; 36.6777017157397]
[1; 1280; 80.24403678421238]
[1; 1280; 85.50822508443889]
[2; 640; 45.86515756416367]
[2; 660; 51.16212011805208]
[1; 1320; 111.85098851493531]
[1; 1360; 127.71326179158682]
[1; 1360; 144.21933685415763]
[1; 1360; 167.3517158833245]
[1; 1360; 202.73216611825495]
[1; 1400; 273.46765130780994]
[2; 700; 217.05141868264516]


Jobs: [[1; 20; 0.45692815042939844], [2; 10; 0.23156195211486594], [1; 20; 0.46953405070436327], [2; 30; 0.7245704567812198], [1; 60; 1.4705309292235615], [2; 30; 0.7578912151664111], [2; 30; 0.7698739945421216], [1; 60; 1.5646838549498827], [2; 30; 0.7953272252986635], [1; 60; 1.6177302302396597], [2; 40; 1.1170092359306023], [2; 40; 1.1375999900943847], [1; 100; 2.897916666250771], [2; 50; 1.50692614025732], [1; 100; 3.0763183066787594], [1; 120; 3.853881277680661], [2; 60; 1.9709873664758844], [1; 140; 4.707828173583482], [2; 80; 2.8264350527014437], [1; 160; 5.802625813324086], [1; 180; 6.901103431917522], [2; 90; 3.6662963664573707], [1; 200; 8.416688493986983], [1; 1040; 46.95151294586582], [2; 560; 27.346765130780994], [1; 1200; 61.176551943508315], [1; 1240; 69.54363262766], [2; 620; 36.6777017157397], [1; 1280; 80.24403678421238], [2; 640; 45.86515756416367], [2; 660; 51.16212011805208], [1; 1320; 111.85098851493531], [1; 1360; 144.21933685415763], [1; 1360; 202.73216611825495], [2; 700; 217.05141868264516]];
Intervals[0.0=0.45692815042939844, 0.45692815042939844=0.6884901025442643, 0.6884901025442643=1.1580241532486277, 1.6408315256117818=2.3654019823930015, 2.3654019823930015=3.8359329116165632, 3.8581301277691766=4.616021342935587, 4.616021342935587=5.385895337477709, 5.385895337477709=6.950579192427592, 6.950579192427592=7.745906417726256, 7.745906417726256=9.363636647965915, 9.940557640649198=11.0575668765798, 11.0575668765798=12.195166866674185, 12.195166866674185=15.093083532924956, 15.149630469398208=16.656556609655528, 16.656556609655528=19.73287491633429, 19.73287491633429=23.58675619401495, 23.58675619401495=25.557743560490835, 25.557743560490835=30.265571734074317, 31.07016054290722=33.896595595608666, 33.896595595608666=39.69922140893275, 39.69922140893275=46.60032484085027, 46.967981048610675=50.63427741506805, 50.63427741506805=59.05096590905503, 59.05096590905503=106.00247885492085, 109.99487777942738=137.34164291020838, 137.34164291020838=198.5181948537167, 198.5181948537167=268.06182748137667, 268.06182748137667=304.7395291971164, 304.7395291971164=384.98356598132875, 390.2477542815553=436.11291184571894, 436.11291184571894=487.275031963771, 487.275031963771=599.1260204787063, 599.1260204787063=743.345357332864, 743.345357332864=946.0775234511189, 1055.8076609464922=1272.8590796291373];

Jobs: [[2; 10; 0.23156195211486594], [1; 40; 0.9523414230675175], [2; 30; 0.7245704567812198], [1; 60; 1.4927281453761754], [2; 30; 0.7578912151664111], [2; 30; 0.7698739945421216], [2; 30; 0.7953272252986635], [1; 80; 2.194651222922942], [2; 40; 1.1170092359306023], [2; 40; 1.1375999900943847], [1; 100; 2.9544636027240223], [2; 50; 1.50692614025732], [1; 120; 3.7705500122973192], [2; 60; 1.9709873664758844], [1; 160; 5.512416982416386], [2; 80; 2.8264350527014437], [1; 160; 5.962710768183968], [1; 180; 7.108674684818041], [2; 90; 3.6662963664573707], [1; 200; 8.709479149927933], [1; 1080; 50.6511212144314], [2; 560; 27.346765130780994], [1; 1240; 66.19130092919724], [2; 620; 36.6777017157397], [1; 1280; 85.50822508443889], [2; 640; 45.86515756416367], [2; 660; 51.16212011805208], [1; 1360; 127.71326179158682], [1; 1360; 167.3517158833245], [1; 1400; 273.46765130780994], [2; 700; 217.05141868264516]];
Intervals[0.45692815042939844=0.6884901025442643, 0.6884901025442643=1.6408315256117818, 1.6408315256117818=2.3654019823930015, 2.3654019823930015=3.8581301277691766, 3.8581301277691766=4.616021342935587, 4.616021342935587=5.385895337477709, 6.950579192427592=7.745906417726256, 7.745906417726256=9.940557640649198, 9.940557640649198=11.0575668765798, 11.0575668765798=12.195166866674185, 12.195166866674185=15.149630469398208, 15.149630469398208=16.656556609655528, 16.656556609655528=20.42710662195285, 23.58675619401495=25.557743560490835, 25.557743560490835=31.07016054290722, 31.07016054290722=33.896595595608666, 33.896595595608666=39.85930636379263, 39.85930636379263=46.967981048610675, 46.967981048610675=50.63427741506805, 50.63427741506805=59.343756564995985, 59.343756564995985=109.99487777942738, 109.99487777942738=137.34164291020838, 137.34164291020838=203.53294383940562, 268.06182748137667=304.7395291971164, 304.7395291971164=390.2477542815553, 390.2477542815553=436.11291184571894, 436.11291184571894=487.275031963771, 487.275031963771=614.9882937553579, 614.9882937553579=782.3400096386823, 782.3400096386823=1055.8076609464922, 1055.8076609464922=1272.8590796291373];
