1.2244445506972925
62300.11749629015
76283.03937613353
[1; 20; 1.0749194054787412]
[2; 10; 0.5410728941647421]
[2; 10; 0.5447474305640715]
[2; 10; 0.548484995522315]
[1; 20; 1.1045746736349173]
[2; 10; 0.5561562695683924]
[1; 20; 1.1201873591444305]
[2; 10; 0.5641015268445304]
[2; 20; 1.1363636987548253]
[1; 40; 2.2893470685238557]
[2; 20; 1.1531369725514657]
[2; 20; 1.1617586074094972]
[2; 20; 1.1705432236711275]
[2; 20; 1.179495807448958]
[2; 20; 1.1886215570342233]
[2; 20; 1.1979258945232623]
[2; 20; 1.2074144782267817]
[2; 20; 1.2170932159246648]
[2; 30; 1.8404524185523892]
[2; 30; 1.8555691766578557]
[2; 30; 1.871000216063929]
[2; 30; 1.8867561232573156]
[1; 80; 5.074261283544738]
[2; 40; 2.559049866678189]
[2; 40; 2.5814487305723888]
[2; 40; 2.6043442497737344]
[2; 40; 2.627754281876553]
[2; 40; 2.6516975794099285]
[2; 40; 2.676193847710464]
[1; 80; 5.402527614806696]
[2; 40; 2.7269292619295755]
[2; 50; 3.4415164632571513]
[2; 50; 3.4751746596967332]
[2; 50; 3.509668060661461]
[2; 50; 3.5450303275548722]
[1; 100; 7.162594031657535]
[2; 50; 3.618505712737262]
[2; 50; 3.656696187449263]
[2; 50; 3.6959105548447555]
[2; 60; 4.483432145383666]
[1; 120; 9.066221391475061]
[2; 60; 4.5841886710789685]
[1; 120; 9.273460460631991]
[1; 140; 10.94520851121477]
[2; 70; 5.537561930348111]
[2; 70; 5.604482119664482]
[2; 70; 5.673461442932924]
[2; 70; 5.744603183230661]
[2; 70; 5.818017883482552]
[1; 140; 11.787648017270268]
[1; 140; 11.944297365265895]
[1; 160; 13.835722309350093]
[2; 80; 7.013611995621993]
[2; 80; 7.112746369229393]
[1; 160; 14.430919446575068]
[2; 80; 7.321963373166485]
[2; 80; 7.4324861785191825]
[1; 160; 15.094552880225644]
[2; 80; 7.6666040515953116]
[2; 80; 7.790762947486612]
[2; 80; 7.920073896566959]
[2; 90; 9.061748661892976]
[2; 90; 9.220037468653311]
[2; 90; 9.385424800570757]
[2; 90; 9.55843409053443]
[2; 90; 9.739643352817215]
[1; 180; 19.859385278072967]
[2; 90; 10.129292768195594]
[2; 100; 11.488039549904139]
[1; 200; 23.467569210963745]
[1; 200; 23.98621562367351]
[2; 100; 12.267250742160607]
[2; 520; 65.29960642083279]
[2; 520; 66.90215006660894]
[2; 540; 71.24549946642]
[1; 1080; 146.26586727754]
[2; 540; 75.15055165464314]
[1; 1120; 160.35359697253122]
[2; 560; 82.58835464964315]
[1; 1120; 170.3796547113648]
[2; 580; 91.14941885430294]
[2; 600; 97.57264784617655]
[2; 600; 101.15378886988704]
[2; 620; 108.58545350416655]
[2; 620; 113.0639816127347]
[1; 1240; 236.0696122652834]
[2; 620; 123.59063775737383]
[2; 640; 134.03873280117915]
[2; 640; 141.3855582252694]
[2; 660; 154.51170552458885]
[2; 680; 169.63735292312955]
[1; 1360; 363.9623632886231]
[2; 680; 196.84671077290707]
[1; 1400; 443.0049544278489]
[2; 700; 245.47641984676974]
[1; 1400; 554.405172759687]
[1; 1400; 643.3302147946316]
[1; 1400; 779.3390541962992]
[1; 1400; 1021.223059727926]
[2; 700; 810.5452796531466]


Jobs: [[1; 20; 1.0749194054787412], [2; 10; 0.5410728941647421], [2; 10; 0.5447474305640715], [2; 10; 0.548484995522315], [1; 20; 1.1045746736349173], [2; 10; 0.5561562695683924], [1; 20; 1.1201873591444305], [2; 10; 0.5641015268445304], [2; 20; 1.1363636987548253], [1; 40; 2.2893470685238557], [2; 20; 1.1531369725514657], [2; 20; 1.1617586074094972], [2; 20; 1.1705432236711275], [2; 20; 1.179495807448958], [2; 20; 1.1886215570342233], [2; 20; 1.1979258945232623], [2; 20; 1.2074144782267817], [2; 20; 1.2170932159246648], [2; 30; 1.8404524185523892], [2; 30; 1.8555691766578557], [2; 30; 1.871000216063929], [2; 30; 1.8867561232573156], [1; 80; 5.074261283544738], [2; 40; 2.559049866678189], [2; 40; 2.5814487305723888], [2; 40; 2.6043442497737344], [2; 40; 2.627754281876553], [2; 40; 2.6516975794099285], [2; 40; 2.676193847710464], [1; 80; 5.402527614806696], [2; 40; 2.7269292619295755], [2; 50; 3.4415164632571513], [2; 50; 3.4751746596967332], [2; 50; 3.509668060661461], [2; 50; 3.5450303275548722], [1; 100; 7.162594031657535], [2; 50; 3.618505712737262], [2; 50; 3.656696187449263], [2; 50; 3.6959105548447555], [2; 60; 4.483432145383666], [1; 120; 9.066221391475061], [2; 60; 4.5841886710789685], [1; 120; 9.273460460631991], [2; 70; 5.537561930348111], [2; 70; 5.604482119664482], [2; 70; 5.673461442932924], [2; 70; 5.744603183230661], [2; 70; 5.818017883482552], [1; 140; 11.787648017270268], [1; 160; 13.835722309350093], [2; 80; 7.013611995621993], [2; 80; 7.112746369229393], [1; 160; 14.430919446575068], [2; 80; 7.321963373166485], [2; 80; 7.4324861785191825], [1; 160; 15.094552880225644], [2; 80; 7.6666040515953116], [2; 80; 7.790762947486612], [2; 80; 7.920073896566959], [2; 90; 9.061748661892976], [2; 90; 9.220037468653311], [2; 90; 9.385424800570757], [2; 90; 9.55843409053443], [2; 90; 9.739643352817215], [1; 180; 19.859385278072967], [2; 90; 10.129292768195594], [2; 100; 11.488039549904139], [1; 200; 23.467569210963745], [2; 100; 12.267250742160607], [2; 520; 65.29960642083279], [2; 520; 66.90215006660894], [2; 540; 71.24549946642], [1; 1080; 146.26586727754], [2; 540; 75.15055165464314], [1; 1120; 160.35359697253122], [2; 560; 82.58835464964315], [1; 1120; 170.3796547113648], [2; 580; 91.14941885430294], [2; 600; 97.57264784617655], [2; 600; 101.15378886988704], [2; 620; 108.58545350416655], [2; 620; 113.0639816127347], [1; 1240; 236.0696122652834], [2; 620; 123.59063775737383], [2; 640; 134.03873280117915], [2; 640; 141.3855582252694], [2; 660; 154.51170552458885], [2; 680; 169.63735292312955], [1; 1360; 363.9623632886231], [2; 680; 196.84671077290707], [1; 1400; 443.0049544278489], [2; 700; 245.47641984676974], [1; 1400; 554.405172759687], [1; 1400; 779.3390541962992], [2; 700; 810.5452796531466]];
Intervals[0.0=1.0749194054787412, 1.0749194054787412=1.6159922996434832, 1.6159922996434832=2.160739730207555, 2.160739730207555=2.70922472572987, 2.70922472572987=3.813799399364787, 3.813799399364787=4.369955668933179, 4.369955668933179=5.490143028077609, 5.490143028077609=6.05424455492214, 6.05424455492214=7.190608253676965, 7.190608253676965=9.479955322200821, 9.479955322200821=10.633092294752286, 10.633092294752286=11.794850902161784, 11.794850902161784=12.965394125832912, 12.965394125832912=14.14488993328187, 14.14488993328187=15.333511490316093, 15.333511490316093=16.531437384839357, 16.531437384839357=17.738851863066138, 17.738851863066138=18.9559450789908, 18.9559450789908=20.79639749754319, 20.79639749754319=22.651966674201045, 22.651966674201045=24.522966890264975, 24.522966890264975=26.40972301352229, 26.40972301352229=31.483984297067025, 31.483984297067025=34.04303416374521, 34.04303416374521=36.6244828943176, 36.6244828943176=39.22882714409133, 39.22882714409133=41.85658142596789, 41.85658142596789=44.508279005377815, 44.508279005377815=47.18447285308828, 47.18447285308828=52.587000467894974, 52.587000467894974=55.31392972982455, 55.31392972982455=58.7554461930817, 58.7554461930817=62.230620852778436, 62.230620852778436=65.7402889134399, 65.7402889134399=69.28531924099477, 69.28531924099477=76.4479132726523, 76.4479132726523=80.06641898538956, 80.06641898538956=83.72311517283882, 83.72311517283882=87.41902572768358, 87.41902572768358=91.90245787306723, 91.90245787306723=100.96867926454229, 100.96867926454229=105.55286793562125, 105.55286793562125=114.82632839625325, 116.49807644683602=122.03563837718413, 122.03563837718413=127.64012049684861, 127.64012049684861=133.31358193978153, 133.31358193978153=139.05818512301218, 139.05818512301218=144.87620300649473, 144.87620300649473=156.663851023765, 156.663851023765=170.4995733331151, 170.4995733331151=177.5131853287371, 177.5131853287371=184.6259316979665, 184.6259316979665=199.05685114454158, 199.05685114454158=206.37881451770807, 206.37881451770807=213.81130069622725, 213.81130069622725=228.9058535764529, 228.9058535764529=236.5724576280482, 236.5724576280482=244.3632205755348, 244.3632205755348=252.28329447210174, 252.28329447210174=261.3450431339947, 261.3450431339947=270.565080602648, 270.565080602648=279.95050540321876, 279.95050540321876=289.5089394937532, 289.5089394937532=299.2485828465704, 299.2485828465704=319.1079681246434, 319.1079681246434=329.23726089283895, 329.23726089283895=340.7253004427431, 340.7253004427431=364.19286965370685, 364.7115160664166=376.97876680857723, 376.97876680857723=442.27837322941, 442.27837322941=509.180523296019, 509.180523296019=580.426022762439, 580.426022762439=726.691890039979, 726.691890039979=801.842441694622, 801.842441694622=962.1960386671533, 962.1960386671533=1044.7843933167965, 1044.7843933167965=1215.1640480281612, 1215.1640480281612=1306.3134668824641, 1306.3134668824641=1403.8861147286407, 1403.8861147286407=1505.0399035985276, 1505.0399035985276=1613.6253571026941, 1613.6253571026941=1726.689338715429, 1726.689338715429=1962.7589509807124, 1962.7589509807124=2086.3495887380864, 2086.3495887380864=2220.3883215392657, 2220.3883215392657=2361.773879764535, 2361.773879764535=2516.285585289124, 2516.285585289124=2685.9229382122535, 2685.9229382122535=3049.8853015008767, 3049.8853015008767=3246.7320122737838, 3246.7320122737838=3689.736966701633, 3689.736966701633=3935.2133865484025, 3935.2133865484025=4489.61855930809, 4489.61855930809=5268.957613504389, 5599.76666107096=6410.3119407241065];

Jobs: [[2; 10; 0.5410728941647421], [2; 10; 0.5447474305640715], [2; 10; 0.548484995522315], [2; 10; 0.5561562695683924], [2; 10; 0.5641015268445304], [2; 20; 1.1363636987548253], [2; 20; 1.1531369725514657], [2; 20; 1.1617586074094972], [2; 20; 1.1705432236711275], [2; 20; 1.179495807448958], [2; 20; 1.1886215570342233], [2; 20; 1.1979258945232623], [2; 20; 1.2074144782267817], [2; 20; 1.2170932159246648], [2; 30; 1.8404524185523892], [2; 30; 1.8555691766578557], [2; 30; 1.871000216063929], [2; 30; 1.8867561232573156], [2; 40; 2.559049866678189], [2; 40; 2.5814487305723888], [2; 40; 2.6043442497737344], [2; 40; 2.627754281876553], [2; 40; 2.6516975794099285], [2; 40; 2.676193847710464], [2; 40; 2.7269292619295755], [2; 50; 3.4415164632571513], [2; 50; 3.4751746596967332], [2; 50; 3.509668060661461], [2; 50; 3.5450303275548722], [2; 50; 3.618505712737262], [2; 50; 3.656696187449263], [2; 50; 3.6959105548447555], [2; 60; 4.483432145383666], [2; 60; 4.5841886710789685], [1; 140; 10.94520851121477], [2; 70; 5.537561930348111], [2; 70; 5.604482119664482], [2; 70; 5.673461442932924], [2; 70; 5.744603183230661], [2; 70; 5.818017883482552], [1; 140; 11.944297365265895], [2; 80; 7.013611995621993], [2; 80; 7.112746369229393], [2; 80; 7.321963373166485], [2; 80; 7.4324861785191825], [2; 80; 7.6666040515953116], [2; 80; 7.790762947486612], [2; 80; 7.920073896566959], [2; 90; 9.061748661892976], [2; 90; 9.220037468653311], [2; 90; 9.385424800570757], [2; 90; 9.55843409053443], [2; 90; 9.739643352817215], [2; 90; 10.129292768195594], [2; 100; 11.488039549904139], [1; 200; 23.98621562367351], [2; 100; 12.267250742160607], [2; 520; 65.29960642083279], [2; 520; 66.90215006660894], [2; 540; 71.24549946642], [2; 540; 75.15055165464314], [2; 560; 82.58835464964315], [2; 580; 91.14941885430294], [2; 600; 97.57264784617655], [2; 600; 101.15378886988704], [2; 620; 108.58545350416655], [2; 620; 113.0639816127347], [2; 620; 123.59063775737383], [2; 640; 134.03873280117915], [2; 640; 141.3855582252694], [2; 660; 154.51170552458885], [2; 680; 169.63735292312955], [2; 680; 196.84671077290707], [2; 700; 245.47641984676974], [1; 1400; 643.3302147946316], [1; 1400; 1021.223059727926], [2; 700; 810.5452796531466]];
Intervals[1.0749194054787412=1.6159922996434832, 1.6159922996434832=2.160739730207555, 2.160739730207555=2.70922472572987, 3.813799399364787=4.369955668933179, 5.490143028077609=6.05424455492214, 6.05424455492214=7.190608253676965, 9.479955322200821=10.633092294752286, 10.633092294752286=11.794850902161784, 11.794850902161784=12.965394125832912, 12.965394125832912=14.14488993328187, 14.14488993328187=15.333511490316093, 15.333511490316093=16.531437384839357, 16.531437384839357=17.738851863066138, 17.738851863066138=18.9559450789908, 18.9559450789908=20.79639749754319, 20.79639749754319=22.651966674201045, 22.651966674201045=24.522966890264975, 24.522966890264975=26.40972301352229, 31.483984297067025=34.04303416374521, 34.04303416374521=36.6244828943176, 36.6244828943176=39.22882714409133, 39.22882714409133=41.85658142596789, 41.85658142596789=44.508279005377815, 44.508279005377815=47.18447285308828, 52.587000467894974=55.31392972982455, 55.31392972982455=58.7554461930817, 58.7554461930817=62.230620852778436, 62.230620852778436=65.7402889134399, 65.7402889134399=69.28531924099477, 76.4479132726523=80.06641898538956, 80.06641898538956=83.72311517283882, 83.72311517283882=87.41902572768358, 87.41902572768358=91.90245787306723, 100.96867926454229=105.55286793562125, 105.55286793562125=116.49807644683602, 116.49807644683602=122.03563837718413, 122.03563837718413=127.64012049684861, 127.64012049684861=133.31358193978153, 133.31358193978153=139.05818512301218, 139.05818512301218=144.87620300649473, 144.87620300649473=156.82050037176063, 170.4995733331151=177.5131853287371, 177.5131853287371=184.6259316979665, 199.05685114454158=206.37881451770807, 206.37881451770807=213.81130069622725, 228.9058535764529=236.5724576280482, 236.5724576280482=244.3632205755348, 244.3632205755348=252.28329447210174, 252.28329447210174=261.3450431339947, 261.3450431339947=270.565080602648, 270.565080602648=279.95050540321876, 279.95050540321876=289.5089394937532, 289.5089394937532=299.2485828465704, 319.1079681246434=329.23726089283895, 329.23726089283895=340.7253004427431, 340.7253004427431=364.7115160664166, 364.7115160664166=376.97876680857723, 376.97876680857723=442.27837322941, 442.27837322941=509.180523296019, 509.180523296019=580.426022762439, 726.691890039979=801.842441694622, 962.1960386671533=1044.7843933167965, 1215.1640480281612=1306.3134668824641, 1306.3134668824641=1403.8861147286407, 1403.8861147286407=1505.0399035985276, 1505.0399035985276=1613.6253571026941, 1613.6253571026941=1726.689338715429, 1962.7589509807124=2086.3495887380864, 2086.3495887380864=2220.3883215392657, 2220.3883215392657=2361.773879764535, 2361.773879764535=2516.285585289124, 2516.285585289124=2685.9229382122535, 3049.8853015008767=3246.7320122737838, 3689.736966701633=3935.2133865484025, 3935.2133865484025=4578.543601343034, 4578.543601343034=5599.76666107096, 5599.76666107096=6410.3119407241065];
