1.1030650415685104
71072.76357565598
78397.88090796987
[2; 10; 0.9314841356912238]
[2; 20; 1.8882293386563096]
[2; 20; 1.9143645187408151]
[1; 80; 7.765692934570588]
[2; 40; 3.9389176616235346]
[2; 40; 3.9970579775041175]
[2; 50; 5.071740436693061]
[2; 70; 7.210098567877369]
[2; 70; 7.324095166184726]
[2; 70; 7.442707209159227]
[2; 70; 7.566241135095711]
[2; 70; 7.69503207244711]
[2; 80; 8.947939826456077]
[2; 100; 11.38555790130399]
[2; 520; 60.29627394597947]
[2; 540; 63.802426497941724]
[2; 540; 65.0474007927637]
[2; 540; 66.3549407209039]
[2; 540; 67.73023356122944]
[2; 540; 69.17907693772496]
[1; 1080; 141.4159465054221]
[1; 1080; 144.64848494147745]
[2; 560; 76.7782375085824]
[2; 560; 78.66248281107808]
[2; 560; 80.66675632810886]
[1; 1120; 165.607556451449]
[2; 580; 88.1270632760932]
[2; 580; 90.66330957532111]
[1; 1160; 186.78055762477632]
[2; 600; 99.65379747014431]
[2; 600; 102.94850689110851]
[2; 600; 106.52976820098392]
[2; 620; 114.1209780553818]
[1; 1240; 237.10708783949156]
[2; 620; 123.44319867257668]
[2; 620; 128.8703424015066]
[2; 620; 134.9361965953938]
[2; 620; 141.7701896241848]
[2; 640; 154.36468187733894]
[2; 640; 163.58380891629068]
[2; 640; 174.31527268000116]
[2; 640; 186.99949483019657]
[2; 640; 202.27495579991503]
[2; 640; 221.1074688248938]
[2; 660; 252.69611647378755]
[2; 680; 294.0025126780047]
[2; 680; 341.1596949750815]
[2; 700; 425.4409951259671]
[2; 700; 557.4854133600237]
[1; 1400; 1769.9058632492563]


Jobs: [[2; 10; 0.9314841356912238], [2; 20; 1.8882293386563096], [2; 20; 1.9143645187408151], [1; 80; 7.765692934570588], [2; 40; 3.9389176616235346], [2; 40; 3.9970579775041175], [2; 50; 5.071740436693061], [2; 70; 7.210098567877369], [2; 70; 7.324095166184726], [2; 70; 7.442707209159227], [2; 70; 7.566241135095711], [2; 70; 7.69503207244711], [2; 80; 8.947939826456077], [2; 100; 11.38555790130399], [2; 520; 60.29627394597947], [2; 540; 63.802426497941724], [2; 540; 65.0474007927637], [2; 540; 66.3549407209039], [2; 540; 67.73023356122944], [2; 540; 69.17907693772496], [1; 1080; 141.4159465054221], [2; 560; 76.7782375085824], [2; 560; 78.66248281107808], [2; 560; 80.66675632810886], [1; 1120; 165.607556451449], [2; 580; 88.1270632760932], [2; 580; 90.66330957532111], [1; 1160; 186.78055762477632], [2; 600; 99.65379747014431], [2; 600; 102.94850689110851], [2; 600; 106.52976820098392], [2; 620; 114.1209780553818], [1; 1240; 237.10708783949156], [2; 620; 123.44319867257668], [2; 620; 128.8703424015066], [2; 620; 134.9361965953938], [2; 620; 141.7701896241848], [2; 640; 154.36468187733894], [2; 640; 163.58380891629068], [2; 640; 174.31527268000116], [2; 640; 186.99949483019657], [2; 640; 202.27495579991503], [2; 640; 221.1074688248938], [2; 660; 252.69611647378755], [2; 680; 294.0025126780047], [2; 680; 341.1596949750815], [2; 700; 425.4409951259671], [2; 700; 557.4854133600237], [1; 1400; 1769.9058632492563]];
Intervals[4.9E-324=0.9314841356912238, 0.9314841356912238=2.8197134743475334, 2.8197134743475334=4.7340779930883485, 4.7340779930883485=12.499770927658936, 12.499770927658936=16.43868858928247, 16.43868858928247=20.435746566786587, 20.435746566786587=25.50748700347965, 25.50748700347965=32.71758557135702, 32.71758557135702=40.041680737541746, 40.041680737541746=47.48438794670098, 47.48438794670098=55.050629081796686, 55.050629081796686=62.7456611542438, 62.7456611542438=71.69360098069987, 71.69360098069987=83.07915888200387, 83.07915888200387=143.37543282798333, 143.37543282798333=207.17785932592506, 207.17785932592506=272.22526011868877, 272.22526011868877=338.58020083959264, 338.58020083959264=406.3104344008221, 406.3104344008221=475.48951133854706, 475.48951133854706=616.9054578439692, 620.1379962800245=696.9162337886069, 696.9162337886069=775.578716599685, 775.578716599685=856.2454729277938, 856.2454729277938=1021.8530293792428, 1021.8530293792428=1109.980092655336, 1109.980092655336=1200.643402230657, 1200.643402230657=1387.4239598554334, 1387.4239598554334=1487.0777573255777, 1487.0777573255777=1590.0262642166863, 1590.0262642166863=1696.5560324176702, 1696.5560324176702=1810.677010473052, 1810.677010473052=2047.7840983125434, 2047.7840983125434=2171.22729698512, 2171.22729698512=2300.0976393866267, 2300.0976393866267=2435.0338359820207, 2435.0338359820207=2576.8040256062054, 2576.8040256062054=2731.1687074835445, 2731.1687074835445=2894.7525163998353, 2894.7525163998353=3069.0677890798365, 3069.0677890798365=3256.067283910033, 3256.067283910033=3458.342239709948, 3458.342239709948=3679.4497085348416, 3679.4497085348416=3932.1458250086293, 3932.1458250086293=4226.1483376866345, 4226.1483376866345=4567.308032661716, 4567.308032661716=4992.749027787683, 4992.749027787683=5550.234441147707, 5550.234441147707=7320.140304396963];

Jobs: [[2; 10; 0.9314841356912238], [2; 20; 1.8882293386563096], [2; 20; 1.9143645187408151], [2; 40; 3.9389176616235346], [2; 40; 3.9970579775041175], [2; 50; 5.071740436693061], [2; 70; 7.210098567877369], [2; 70; 7.324095166184726], [2; 70; 7.442707209159227], [2; 70; 7.566241135095711], [2; 70; 7.69503207244711], [2; 80; 8.947939826456077], [2; 100; 11.38555790130399], [2; 520; 60.29627394597947], [2; 540; 63.802426497941724], [2; 540; 65.0474007927637], [2; 540; 66.3549407209039], [2; 540; 67.73023356122944], [2; 540; 69.17907693772496], [1; 1080; 144.64848494147745], [2; 560; 76.7782375085824], [2; 560; 78.66248281107808], [2; 560; 80.66675632810886], [2; 580; 88.1270632760932], [2; 580; 90.66330957532111], [2; 600; 99.65379747014431], [2; 600; 102.94850689110851], [2; 600; 106.52976820098392], [2; 620; 114.1209780553818], [2; 620; 123.44319867257668], [2; 620; 128.8703424015066], [2; 620; 134.9361965953938], [2; 620; 141.7701896241848], [2; 640; 154.36468187733894], [2; 640; 163.58380891629068], [2; 640; 174.31527268000116], [2; 640; 186.99949483019657], [2; 640; 202.27495579991503], [2; 640; 221.1074688248938], [2; 660; 252.69611647378755], [2; 680; 294.0025126780047], [2; 680; 341.1596949750815], [2; 700; 425.4409951259671], [2; 700; 557.4854133600237]];
Intervals[4.9E-324=0.9314841356912238, 0.9314841356912238=2.8197134743475334, 2.8197134743475334=4.7340779930883485, 12.499770927658936=16.43868858928247, 16.43868858928247=20.435746566786587, 20.435746566786587=25.50748700347965, 25.50748700347965=32.71758557135702, 32.71758557135702=40.041680737541746, 40.041680737541746=47.48438794670098, 47.48438794670098=55.050629081796686, 55.050629081796686=62.7456611542438, 62.7456611542438=71.69360098069987, 71.69360098069987=83.07915888200387, 83.07915888200387=143.37543282798333, 143.37543282798333=207.17785932592506, 207.17785932592506=272.22526011868877, 272.22526011868877=338.58020083959264, 338.58020083959264=406.3104344008221, 406.3104344008221=475.48951133854706, 475.48951133854706=620.1379962800245, 620.1379962800245=696.9162337886069, 696.9162337886069=775.578716599685, 775.578716599685=856.2454729277938, 1021.8530293792428=1109.980092655336, 1109.980092655336=1200.643402230657, 1387.4239598554334=1487.0777573255777, 1487.0777573255777=1590.0262642166863, 1590.0262642166863=1696.5560324176702, 1696.5560324176702=1810.677010473052, 2047.7840983125434=2171.22729698512, 2171.22729698512=2300.0976393866267, 2300.0976393866267=2435.0338359820207, 2435.0338359820207=2576.8040256062054, 2576.8040256062054=2731.1687074835445, 2731.1687074835445=2894.7525163998353, 2894.7525163998353=3069.0677890798365, 3069.0677890798365=3256.067283910033, 3256.067283910033=3458.342239709948, 3458.342239709948=3679.4497085348416, 3679.4497085348416=3932.1458250086293, 3932.1458250086293=4226.1483376866345, 4226.1483376866345=4567.308032661716, 4567.308032661716=4992.749027787683, 4992.749027787683=5550.234441147707];
