1.0000000000000002
16908.754948559414
16908.754948559417
[2; 10; 0.3576413681880957]
[2; 10; 0.3624908349237859]
[2; 10; 0.3675081085439796]
[2; 20; 0.7454053535725236]
[2; 30; 1.1342543429131489]
[2; 30; 1.1509964816047997]
[2; 30; 1.1683704226660527]
[2; 40; 1.5818869312392991]
[2; 40; 1.6068976474410932]
[2; 40; 1.6329209866371615]
[2; 50; 2.075030226274827]
[2; 50; 2.1103509467095507]
[2; 50; 2.1472141334590296]
[2; 60; 2.622876557560791]
[2; 60; 2.671226208272218]
[2; 60; 2.7218674457392207]
[2; 70; 3.23747566396608]
[2; 80; 3.774346586813289]
[2; 80; 3.8525748510744937]
[2; 80; 3.9349867558021883]
[2; 80; 4.0219521652406645]
[2; 80; 4.113887447529482]
[2; 90; 4.737671078518988]
[2; 90; 4.853940151164361]
[2; 90; 4.977615674114688]
[2; 100; 5.677202840891292]
[2; 100; 5.833827581095563]
[2; 520; 31.208953310423745]
[2; 520; 32.14765559249611]
[2; 520; 33.160283207391814]
[2; 540; 35.57417577178829]
[2; 560; 38.17508771164311]
[2; 560; 39.5762014018592]
[2; 580; 42.58171313323852]
[2; 580; 44.33796494251864]
[2; 580; 46.287270460998855]
[2; 580; 48.46598612526451]
[2; 600; 52.676482382553694]
[2; 600; 55.56374423539315]
[2; 600; 58.8821795836612]
[2; 620; 64.83648167904404]
[2; 620; 69.5543719958827]
[2; 660; 80.09001249421195]
[2; 660; 87.54667561646188]
[2; 660; 97.0221406556106]
[2; 680; 112.88164430935056]
[2; 680; 130.98754493653277]
[2; 700; 163.34717227067577]
[2; 700; 214.0453479983658]
[2; 700; 339.77581058150525]


Jobs: [[2; 10; 0.3576413681880957], [2; 10; 0.3624908349237859], [2; 10; 0.3675081085439796], [2; 20; 0.7454053535725236], [2; 30; 1.1342543429131489], [2; 30; 1.1509964816047997], [2; 30; 1.1683704226660527], [2; 40; 1.5818869312392991], [2; 40; 1.6068976474410932], [2; 40; 1.6329209866371615], [2; 50; 2.075030226274827], [2; 50; 2.1103509467095507], [2; 50; 2.1472141334590296], [2; 60; 2.622876557560791], [2; 60; 2.671226208272218], [2; 60; 2.7218674457392207], [2; 70; 3.23747566396608], [2; 80; 3.774346586813289], [2; 80; 3.8525748510744937], [2; 80; 3.9349867558021883], [2; 80; 4.0219521652406645], [2; 80; 4.113887447529482], [2; 90; 4.737671078518988], [2; 90; 4.853940151164361], [2; 90; 4.977615674114688], [2; 100; 5.677202840891292], [2; 100; 5.833827581095563], [2; 520; 31.208953310423745], [2; 520; 32.14765559249611], [2; 520; 33.160283207391814], [2; 540; 35.57417577178829], [2; 560; 38.17508771164311], [2; 560; 39.5762014018592], [2; 580; 42.58171313323852], [2; 580; 44.33796494251864], [2; 580; 46.287270460998855], [2; 580; 48.46598612526451], [2; 600; 52.676482382553694], [2; 600; 55.56374423539315], [2; 600; 58.8821795836612], [2; 620; 64.83648167904404], [2; 620; 69.5543719958827], [2; 660; 80.09001249421195], [2; 660; 87.54667561646188], [2; 660; 97.0221406556106], [2; 680; 112.88164430935056], [2; 680; 130.98754493653277], [2; 700; 163.34717227067577], [2; 700; 214.0453479983658], [2; 700; 339.77581058150525]];
Intervals[4.9E-324=0.3576413681880957, 0.3576413681880957=0.7201322031118816, 0.7201322031118816=1.0876403116558613, 1.0876403116558613=1.8330456652283849, 1.8330456652283849=2.9673000081415335, 2.9673000081415335=4.118296489746333, 4.118296489746333=5.286666912412386, 5.286666912412386=6.868553843651685, 6.868553843651685=8.475451491092779, 8.475451491092779=10.10837247772994, 10.10837247772994=12.183402704004767, 12.183402704004767=14.293753650714317, 14.293753650714317=16.440967784173345, 16.440967784173345=19.063844341734136, 19.063844341734136=21.735070550006355, 21.735070550006355=24.456937995745577, 24.456937995745577=27.694413659711657, 27.694413659711657=31.468760246524944, 31.468760246524944=35.32133509759944, 35.32133509759944=39.25632185340162, 39.25632185340162=43.278274018642286, 43.278274018642286=47.39216146617177, 47.39216146617177=52.12983254469076, 52.12983254469076=56.983772695855116, 56.983772695855116=61.961388369969804, 61.961388369969804=67.6385912108611, 67.6385912108611=73.47241879195666, 73.47241879195666=104.68137210238041, 104.68137210238041=136.82902769487652, 136.82902769487652=169.98931090226833, 169.98931090226833=205.5634866740566, 205.5634866740566=243.7385743856997, 243.7385743856997=283.3147757875589, 283.3147757875589=325.8964889207974, 325.8964889207974=370.23445386331605, 370.23445386331605=416.5217243243149, 416.5217243243149=464.9877104495794, 464.9877104495794=517.6641928321332, 517.6641928321332=573.2279370675263, 573.2279370675263=632.1101166511876, 632.1101166511876=696.9465983302316, 696.9465983302316=766.5009703261143, 766.5009703261143=846.5909828203262, 846.5909828203262=934.1376584367881, 934.1376584367881=1031.1597990923988, 1031.1597990923988=1144.0414434017493, 1144.0414434017493=1275.028988338282, 1275.028988338282=1438.376160608958, 1438.376160608958=1652.4215086073236, 1652.4215086073236=1992.197319188829];

Jobs: [[2; 10; 0.3576413681880957], [2; 10; 0.3624908349237859], [2; 10; 0.3675081085439796], [2; 20; 0.7454053535725236], [2; 30; 1.1342543429131489], [2; 30; 1.1509964816047997], [2; 30; 1.1683704226660527], [2; 40; 1.5818869312392991], [2; 40; 1.6068976474410932], [2; 40; 1.6329209866371615], [2; 50; 2.075030226274827], [2; 50; 2.1103509467095507], [2; 50; 2.1472141334590296], [2; 60; 2.622876557560791], [2; 60; 2.671226208272218], [2; 60; 2.7218674457392207], [2; 70; 3.23747566396608], [2; 80; 3.774346586813289], [2; 80; 3.8525748510744937], [2; 80; 3.9349867558021883], [2; 80; 4.0219521652406645], [2; 80; 4.113887447529482], [2; 90; 4.737671078518988], [2; 90; 4.853940151164361], [2; 90; 4.977615674114688], [2; 100; 5.677202840891292], [2; 100; 5.833827581095563], [2; 520; 31.208953310423745], [2; 520; 32.14765559249611], [2; 520; 33.160283207391814], [2; 540; 35.57417577178829], [2; 560; 38.17508771164311], [2; 560; 39.5762014018592], [2; 580; 42.58171313323852], [2; 580; 44.33796494251864], [2; 580; 46.287270460998855], [2; 580; 48.46598612526451], [2; 600; 52.676482382553694], [2; 600; 55.56374423539315], [2; 600; 58.8821795836612], [2; 620; 64.83648167904404], [2; 620; 69.5543719958827], [2; 660; 80.09001249421195], [2; 660; 87.54667561646188], [2; 660; 97.0221406556106], [2; 680; 112.88164430935056], [2; 680; 130.98754493653277], [2; 700; 163.34717227067577], [2; 700; 214.0453479983658], [2; 700; 339.77581058150525]];
Intervals[4.9E-324=0.3576413681880957, 0.3576413681880957=0.7201322031118816, 0.7201322031118816=1.0876403116558613, 1.0876403116558613=1.8330456652283849, 1.8330456652283849=2.9673000081415335, 2.9673000081415335=4.118296489746333, 4.118296489746333=5.286666912412386, 5.286666912412386=6.868553843651685, 6.868553843651685=8.475451491092779, 8.475451491092779=10.10837247772994, 10.10837247772994=12.183402704004767, 12.183402704004767=14.293753650714317, 14.293753650714317=16.440967784173345, 16.440967784173345=19.063844341734136, 19.063844341734136=21.735070550006355, 21.735070550006355=24.456937995745577, 24.456937995745577=27.694413659711657, 27.694413659711657=31.468760246524944, 31.468760246524944=35.32133509759944, 35.32133509759944=39.25632185340162, 39.25632185340162=43.278274018642286, 43.278274018642286=47.39216146617177, 47.39216146617177=52.12983254469076, 52.12983254469076=56.983772695855116, 56.983772695855116=61.961388369969804, 61.961388369969804=67.6385912108611, 67.6385912108611=73.47241879195666, 73.47241879195666=104.68137210238041, 104.68137210238041=136.82902769487652, 136.82902769487652=169.98931090226833, 169.98931090226833=205.5634866740566, 205.5634866740566=243.7385743856997, 243.7385743856997=283.3147757875589, 283.3147757875589=325.8964889207974, 325.8964889207974=370.23445386331605, 370.23445386331605=416.5217243243149, 416.5217243243149=464.9877104495794, 464.9877104495794=517.6641928321332, 517.6641928321332=573.2279370675263, 573.2279370675263=632.1101166511876, 632.1101166511876=696.9465983302316, 696.9465983302316=766.5009703261143, 766.5009703261143=846.5909828203262, 846.5909828203262=934.1376584367881, 934.1376584367881=1031.1597990923988, 1031.1597990923988=1144.0414434017493, 1144.0414434017493=1275.028988338282, 1275.028988338282=1438.376160608958, 1438.376160608958=1652.4215086073236, 1652.4215086073236=1992.197319188829];
