1.099595407203894
2933.6071509788967
3225.7809497568956
[1; 10; 0.07008439050889755]
[1; 20; 0.14111109657205326]
[1; 20; 0.14206941081454316]
[1; 20; 0.14304416282199897]
[1; 20; 0.14403580841261243]
[1; 20; 0.145044820966994]
[1; 20; 0.1460716922985378]
[1; 30; 0.22067540036508895]
[1; 30; 0.22227161446080193]
[1; 30; 0.22389701005914006]
[1; 30; 0.22555245020965373]
[1; 40; 0.30298511126979744]
[1; 40; 0.3052761275949765]
[1; 40; 0.30761094962666047]
[1; 50; 0.3874886663404267]
[1; 50; 0.39052186500948394]
[1; 50; 0.3936151276404513]
[1; 50; 0.3967703801598228]
[1; 50; 0.3999896344396882]
[1; 60; 0.4839299918871346]
[1; 60; 0.48795438659498436]
[2; 30; 0.24603175319646703]
[2; 30; 0.24813012086827732]
[1; 70; 0.5839722238324332]
[1; 70; 0.5890836187020435]
[1; 70; 0.5943083497390996]
[1; 70; 0.5996504920260014]
[1; 70; 0.605114324868226]
[1; 80; 0.6979478228580874]
[1; 80; 0.7044860352531866]
[1; 80; 0.7111795519147573]
[1; 80; 0.7180343606022563]
[2; 40; 0.3625283855819315]
[2; 40; 0.36612671895780396]
[1; 90; 0.8320853069293255]
[1; 90; 0.8405977809155519]
[2; 50; 0.4718507566940943]
[2; 50; 0.4768307693904768]
[1; 100; 0.963888594034016]
[1; 100; 0.97439432108639]
[1; 100; 0.985191071382801]
[1; 100; 0.9962919618371225]
[1; 100; 1.0077109362481211]
[2; 50; 0.5097314164016948]
[1; 110; 1.134719804233564]
[1; 110; 1.1484326376204355]
[1; 110; 1.1625674148346399]
[1; 110; 1.1771452999470522]
[1; 110; 1.1921889446675105]
[1; 120; 1.3175155898542357]
[2; 60; 0.6675122113222443]
[1; 130; 1.465887359166803]
[1; 130; 1.4861768596692615]
[1; 130; 1.5071833271135813]
[1; 140; 1.6465595748828192]
[1; 140; 1.6708635847717765]
[1; 140; 1.696084761297654]
[1; 140; 1.7222797664087346]
[1; 150; 1.8744752030611485]
[1; 150; 1.9048318994578102]
[1; 150; 1.9364482664834393]
[1; 160; 2.100704079420266]
[1; 160; 2.137398756628246]
[2; 80; 1.087869510691798]
[2; 80; 1.1079231082238425]
[1; 160; 2.257854337695517]
[1; 170; 2.445781247724637]
[1; 170; 2.4949447284774653]
[1; 170; 2.546655717663867]
[1; 170; 2.601132205854568]
[1; 180; 2.815008017584925]
[2; 90; 1.439677260252114]
[1; 180; 2.9475088542482877]
[2; 90; 1.5099224214211016]
[1; 180; 3.096788702580104]
[2; 90; 1.5894143796818243]
[1; 180; 3.266527445238158]
[2; 90; 1.6802681151196919]
[1; 180; 3.461614372685736]
[2; 90; 1.785326345536543]
[2; 90; 1.8443520091786842]
[2; 90; 1.9085113320452995]
[1; 180; 3.957116191862411]
[2; 100; 2.2837857208954024]
[1; 200; 4.755957606141709]
[1; 200; 4.965051876014694]
[1; 200; 5.198754062132571]
[1; 200; 5.462050715776548]
[2; 110; 3.168787785077473]
[2; 110; 3.358037403544742]
[2; 120; 3.903635092759875]
[2; 120; 4.187686937148524]
[2; 130; 4.907247869618581]
[2; 130; 5.364129983649575]
[2; 130; 5.944707438677046]
[2; 130; 6.7130206571425886]
[2; 160; 9.587409760616909]
[2; 170; 12.34021479312193]
[2; 180; 17.12144738211015]
[2; 200; 30.19844842842203]


Jobs: [[1; 10; 0.07008439050889755], [1; 20; 0.14206941081454316], [1; 20; 0.14403580841261243], [1; 20; 0.1460716922985378], [1; 30; 0.22227161446080193], [1; 30; 0.22555245020965373], [1; 40; 0.3052761275949765], [1; 50; 0.3874886663404267], [1; 50; 0.3936151276404513], [1; 50; 0.3999896344396882], [1; 60; 0.48795438659498436], [2; 30; 0.24603175319646703], [2; 30; 0.24813012086827732], [1; 70; 0.5839722238324332], [1; 70; 0.5943083497390996], [1; 70; 0.605114324868226], [1; 80; 0.7044860352531866], [1; 80; 0.7180343606022563], [2; 40; 0.3625283855819315], [2; 40; 0.36612671895780396], [1; 90; 0.8320853069293255], [2; 50; 0.4718507566940943], [2; 50; 0.4768307693904768], [1; 100; 0.963888594034016], [1; 100; 0.985191071382801], [1; 100; 1.0077109362481211], [2; 50; 0.5097314164016948], [1; 110; 1.134719804233564], [1; 110; 1.1625674148346399], [1; 110; 1.1921889446675105], [2; 60; 0.6675122113222443], [1; 130; 1.465887359166803], [1; 130; 1.5071833271135813], [1; 140; 1.6708635847717765], [1; 140; 1.7222797664087346], [1; 150; 1.9048318994578102], [1; 160; 2.100704079420266], [2; 80; 1.087869510691798], [2; 80; 1.1079231082238425], [1; 160; 2.257854337695517], [1; 170; 2.4949447284774653], [1; 170; 2.601132205854568], [2; 90; 1.439677260252114], [1; 180; 2.9475088542482877], [2; 90; 1.5099224214211016], [1; 180; 3.096788702580104], [2; 90; 1.5894143796818243], [1; 180; 3.266527445238158], [2; 90; 1.6802681151196919], [1; 180; 3.461614372685736], [2; 90; 1.785326345536543], [2; 90; 1.8443520091786842], [2; 90; 1.9085113320452995], [1; 180; 3.957116191862411], [2; 100; 2.2837857208954024], [1; 200; 4.755957606141709], [1; 200; 5.198754062132571], [2; 110; 3.168787785077473], [2; 110; 3.358037403544742], [2; 120; 3.903635092759875], [2; 120; 4.187686937148524], [2; 130; 4.907247869618581], [2; 130; 5.364129983649575], [2; 130; 5.944707438677046], [2; 130; 6.7130206571425886], [2; 160; 9.587409760616909], [2; 170; 12.34021479312193], [2; 180; 17.12144738211015], [2; 200; 30.19844842842203]];
Intervals[0.0=0.07008439050889755, 0.07008439050889755=0.2121538013234407, 0.2121538013234407=0.3561896097360531, 0.3561896097360531=0.502261302034591, 0.502261302034591=0.7245329164953929, 0.7245329164953929=0.9500853667050466, 0.9500853667050466=1.255361494300023, 1.255361494300023=1.6428501606404498, 1.6428501606404498=2.036465288280901, 2.036465288280901=2.436454922720589, 2.436454922720589=2.9244093093155734, 2.9244093093155734=3.1704410625120403, 3.1704410625120403=3.4185711833803176, 3.4185711833803176=4.002543407212751, 4.002543407212751=4.5968517569518506, 4.5968517569518506=5.201966081820077, 5.201966081820077=5.906452117073263, 5.906452117073263=6.62448647767552, 6.62448647767552=6.987014863257452, 6.987014863257452=7.3531415822152555, 7.3531415822152555=8.18522688914458, 8.193739363130808=8.665590119824902, 8.665590119824902=9.142420889215378, 9.142420889215378=10.106309483249394, 10.106309483249394=11.091500554632194, 11.091500554632194=12.099211490880315, 12.099211490880315=12.60894290728201, 12.60894290728201=13.743662711515574, 13.743662711515574=14.906230126350215, 14.906230126350215=16.098419071017727, 16.252036434703733=16.919548646025977, 16.919548646025977=18.38543600519278, 18.38543600519278=19.89261933230636, 19.89261933230636=21.563482917078137, 21.563482917078137=23.285762683486873, 23.285762683486873=25.190594582944684, 25.190594582944684=27.291298662364948, 27.696692068048545=28.784561578740345, 28.784561578740345=29.89248468696419, 29.89248468696419=32.15033902465971, 32.15033902465971=34.64528375313717, 34.64528375313717=37.24641595899174, 37.69992966993762=39.13960693018973, 39.13960693018973=42.08711578443802, 42.08711578443802=43.59703820585912, 43.59703820585912=46.69382690843923, 46.69382690843923=48.283241288121054, 48.283241288121054=51.549768733359215, 51.549768733359215=53.23003684847891, 53.23003684847891=56.69165122116465, 56.69165122116465=58.476977566701194, 58.476977566701194=60.32132957587988, 60.32132957587988=62.22984090792518, 62.22984090792518=66.18695709978759, 66.18695709978759=68.470742820683, 68.470742820683=73.2267004268247, 73.2267004268247=78.42545448895727, 78.89784541247424=82.06663319755171, 82.06663319755171=85.42467060109645, 85.42467060109645=89.32830569385632, 89.32830569385632=93.51599263100485, 93.51599263100485=98.42324050062344, 98.42324050062344=103.78737048427301, 103.78737048427301=109.73207792295005, 109.73207792295005=116.44509858009265, 116.44509858009265=126.03250834070955, 126.03250834070955=138.37272313383147, 138.37272313383147=155.49417051594162, 155.49417051594162=185.69261894436366];

Jobs: [[1; 20; 0.14111109657205326], [1; 20; 0.14304416282199897], [1; 20; 0.145044820966994], [1; 30; 0.22067540036508895], [1; 30; 0.22389701005914006], [1; 40; 0.30298511126979744], [1; 40; 0.30761094962666047], [1; 50; 0.39052186500948394], [1; 50; 0.3967703801598228], [1; 60; 0.4839299918871346], [2; 30; 0.24603175319646703], [2; 30; 0.24813012086827732], [1; 70; 0.5890836187020435], [1; 70; 0.5996504920260014], [1; 80; 0.6979478228580874], [1; 80; 0.7111795519147573], [2; 40; 0.3625283855819315], [2; 40; 0.36612671895780396], [1; 90; 0.8405977809155519], [2; 50; 0.4718507566940943], [2; 50; 0.4768307693904768], [1; 100; 0.97439432108639], [1; 100; 0.9962919618371225], [2; 50; 0.5097314164016948], [1; 110; 1.1484326376204355], [1; 110; 1.1771452999470522], [1; 120; 1.3175155898542357], [2; 60; 0.6675122113222443], [1; 130; 1.4861768596692615], [1; 140; 1.6465595748828192], [1; 140; 1.696084761297654], [1; 150; 1.8744752030611485], [1; 150; 1.9364482664834393], [1; 160; 2.137398756628246], [2; 80; 1.087869510691798], [2; 80; 1.1079231082238425], [1; 170; 2.445781247724637], [1; 170; 2.546655717663867], [1; 180; 2.815008017584925], [2; 90; 1.439677260252114], [2; 90; 1.5099224214211016], [2; 90; 1.5894143796818243], [2; 90; 1.6802681151196919], [2; 90; 1.785326345536543], [2; 90; 1.8443520091786842], [2; 90; 1.9085113320452995], [2; 100; 2.2837857208954024], [1; 200; 4.965051876014694], [1; 200; 5.462050715776548], [2; 110; 3.168787785077473], [2; 110; 3.358037403544742], [2; 120; 3.903635092759875], [2; 120; 4.187686937148524], [2; 130; 4.907247869618581], [2; 130; 5.364129983649575], [2; 130; 5.944707438677046], [2; 130; 6.7130206571425886], [2; 160; 9.587409760616909], [2; 170; 12.34021479312193], [2; 180; 17.12144738211015], [2; 200; 30.19844842842203]];
Intervals[0.0=0.14111109657205326, 0.14111109657205326=0.28415525939405223, 0.28415525939405223=0.42920008036104623, 0.42920008036104623=0.6498754807261352, 0.6498754807261352=0.8737724907852753, 0.8737724907852753=1.1767576020550727, 1.1767576020550727=1.484368551681733, 1.484368551681733=1.874890416691217, 1.874890416691217=2.27166079685104, 2.27166079685104=2.7555907887381745, 2.9244093093155734=3.1704410625120403, 3.1704410625120403=3.4185711833803176, 3.4185711833803176=4.007654802082361, 4.007654802082361=4.607305294108363, 4.607305294108363=5.30525311696645, 5.30525311696645=6.016432668881207, 6.62448647767552=6.987014863257452, 6.987014863257452=7.3531415822152555, 7.3531415822152555=8.193739363130808, 8.193739363130808=8.665590119824902, 8.665590119824902=9.142420889215378, 9.142420889215378=10.116815210301768, 10.116815210301768=11.113107172138891, 12.099211490880315=12.60894290728201, 12.60894290728201=13.757375544902446, 13.757375544902446=14.934520844849498, 14.934520844849498=16.252036434703733, 16.252036434703733=16.919548646025977, 16.919548646025977=18.405725505695237, 18.405725505695237=20.052285080578056, 20.052285080578056=21.74836984187571, 21.74836984187571=23.62284504493686, 23.62284504493686=25.559293311420298, 25.559293311420298=27.696692068048545, 27.696692068048545=28.784561578740345, 28.784561578740345=29.89248468696419, 29.89248468696419=32.33826593468883, 32.33826593468883=34.884921652352695, 34.884921652352695=37.69992966993762, 37.69992966993762=39.13960693018973, 42.08711578443802=43.59703820585912, 46.69382690843923=48.283241288121054, 51.549768733359215=53.23003684847891, 56.69165122116465=58.476977566701194, 58.476977566701194=60.32132957587988, 60.32132957587988=62.22984090792518, 66.18695709978759=68.470742820683, 68.470742820683=73.4357946966977, 73.4357946966977=78.89784541247424, 78.89784541247424=82.06663319755171, 82.06663319755171=85.42467060109645, 85.42467060109645=89.32830569385632, 89.32830569385632=93.51599263100485, 93.51599263100485=98.42324050062344, 98.42324050062344=103.78737048427301, 103.78737048427301=109.73207792295005, 109.73207792295005=116.44509858009265, 116.44509858009265=126.03250834070955, 126.03250834070955=138.37272313383147, 138.37272313383147=155.49417051594162, 155.49417051594162=185.69261894436366];
