1.0000000000000004
40756.37937429814
40756.37937429816
[2; 10; 0.40502676932862713]
[2; 10; 0.4077496511419522]
[2; 10; 0.410518762200912]
[2; 10; 0.41333537124616226]
[2; 10; 0.41620079539388427]
[2; 20; 0.8382328050160112]
[2; 20; 0.8441672274303513]
[2; 20; 0.8502078121454274]
[2; 20; 0.8563576308011843]
[2; 20; 0.8626198785789051]
[2; 20; 0.868997880595339]
[2; 30; 1.3132426480547885]
[2; 30; 1.3231727080930713]
[2; 30; 1.3332926372697067]
[2; 30; 1.3436083116915742]
[2; 40; 1.8055011472707416]
[2; 40; 1.8198022395511593]
[2; 40; 1.8343899299062585]
[2; 40; 1.8492735198315293]
[2; 40; 1.864462731021312]
[2; 50; 2.349959662287518]
[2; 50; 2.3697489418553714]
[2; 50; 2.3899601727444395]
[2; 50; 2.4106079366710715]
[2; 50; 2.431707517331397]
[2; 50; 2.4532749439844035]
[2; 50; 2.4753270383650547]
[2; 50; 2.4978814652308947]
[2; 50; 2.52095678687781]
[2; 50; 2.5445725219967734]
[2; 50; 2.5687492092840376]
[2; 50; 2.5935084762629574]
[2; 50; 2.618873113827167]
[2; 50; 2.6448671570730022]
[2; 60; 3.205819167665853]
[2; 60; 3.238615627406272]
[2; 60; 3.2722639583742597]
[2; 60; 3.306800124370458]
[2; 60; 3.342262210453955]
[2; 60; 3.378690584788732]
[2; 60; 3.4161280757340076]
[2; 60; 3.4546201658962006]
[2; 60; 3.4942152050866677]
[2; 60; 3.534964644390079]
[2; 60; 3.576923293849333]
[2; 70; 4.223507874391342]
[2; 70; 4.275490325003904]
[2; 70; 4.329102361572127]
[2; 70; 4.3844272886554]
[2; 70; 4.441554380806457]
[2; 70; 4.5005794379528075]
[2; 70; 4.561605404792876]
[2; 70; 4.624743063067773]
[2; 80; 5.360127779440073]
[2; 80; 5.43753201597918]
[2; 80; 5.517792599260707]
[2; 80; 5.601081996700142]
[2; 80; 5.687587326433125]
[2; 90; 6.49970097623459]
[2; 90; 6.604962144204387]
[2; 90; 6.714591191996473]
[2; 90; 6.828885526277921]
[2; 90; 6.9481711279635086]
[2; 90; 7.072806140398827]
[2; 90; 7.2031850198211735]
[2; 90; 7.33974335470793]
[2; 90; 7.482963484548863]
[2; 90; 7.633381078758888]
[2; 100; 8.657325416401541]
[2; 100; 8.84251758138028]
[2; 100; 9.037942168463774]
[2; 100; 9.244534820596424]
[2; 100; 9.463352999109981]
[2; 100; 9.695596913701511]
[2; 100; 9.942634986128088]
[2; 100; 10.206035048961049]
[2; 100; 10.487602861994878]
[2; 520; 56.10503627479474]
[2; 520; 57.79256244919265]
[2; 540; 61.90579300292113]
[2; 540; 63.95249473026964]
[2; 540; 66.17720494670607]
[2; 560; 71.1470260852444]
[2; 560; 73.91044333376661]
[2; 580; 79.70735534471565]
[2; 600; 86.08103343508286]
[2; 600; 90.13281903560157]
[2; 600; 94.6976954178933]
[2; 600; 99.8881908945322]
[2; 600; 105.85381664744573]
[2; 620; 116.55799924946089]
[2; 640; 129.07298748814387]
[2; 640; 139.61659555730176]
[2; 640; 152.61539387090485]
[2; 640; 169.13346059219282]
[2; 640; 190.99281612789966]
[2; 640; 221.6275306598794]
[2; 680; 285.2627978462607]
[2; 700; 384.7941292503514]
[2; 700; 610.822605563195]


Jobs: [[2; 10; 0.40502676932862713], [2; 10; 0.4077496511419522], [2; 10; 0.410518762200912], [2; 10; 0.41333537124616226], [2; 10; 0.41620079539388427], [2; 20; 0.8382328050160112], [2; 20; 0.8441672274303513], [2; 20; 0.8502078121454274], [2; 20; 0.8563576308011843], [2; 20; 0.8626198785789051], [2; 20; 0.868997880595339], [2; 30; 1.3132426480547885], [2; 30; 1.3231727080930713], [2; 30; 1.3332926372697067], [2; 30; 1.3436083116915742], [2; 40; 1.8055011472707416], [2; 40; 1.8198022395511593], [2; 40; 1.8343899299062585], [2; 40; 1.8492735198315293], [2; 40; 1.864462731021312], [2; 50; 2.349959662287518], [2; 50; 2.3697489418553714], [2; 50; 2.3899601727444395], [2; 50; 2.4106079366710715], [2; 50; 2.431707517331397], [2; 50; 2.4532749439844035], [2; 50; 2.4753270383650547], [2; 50; 2.4978814652308947], [2; 50; 2.52095678687781], [2; 50; 2.5445725219967734], [2; 50; 2.5687492092840376], [2; 50; 2.5935084762629574], [2; 50; 2.618873113827167], [2; 50; 2.6448671570730022], [2; 60; 3.205819167665853], [2; 60; 3.238615627406272], [2; 60; 3.2722639583742597], [2; 60; 3.306800124370458], [2; 60; 3.342262210453955], [2; 60; 3.378690584788732], [2; 60; 3.4161280757340076], [2; 60; 3.4546201658962006], [2; 60; 3.4942152050866677], [2; 60; 3.534964644390079], [2; 60; 3.576923293849333], [2; 70; 4.223507874391342], [2; 70; 4.275490325003904], [2; 70; 4.329102361572127], [2; 70; 4.3844272886554], [2; 70; 4.441554380806457], [2; 70; 4.5005794379528075], [2; 70; 4.561605404792876], [2; 70; 4.624743063067773], [2; 80; 5.360127779440073], [2; 80; 5.43753201597918], [2; 80; 5.517792599260707], [2; 80; 5.601081996700142], [2; 80; 5.687587326433125], [2; 90; 6.49970097623459], [2; 90; 6.604962144204387], [2; 90; 6.714591191996473], [2; 90; 6.828885526277921], [2; 90; 6.9481711279635086], [2; 90; 7.072806140398827], [2; 90; 7.2031850198211735], [2; 90; 7.33974335470793], [2; 90; 7.482963484548863], [2; 90; 7.633381078758888], [2; 100; 8.657325416401541], [2; 100; 8.84251758138028], [2; 100; 9.037942168463774], [2; 100; 9.244534820596424], [2; 100; 9.463352999109981], [2; 100; 9.695596913701511], [2; 100; 9.942634986128088], [2; 100; 10.206035048961049], [2; 100; 10.487602861994878], [2; 520; 56.10503627479474], [2; 520; 57.79256244919265], [2; 540; 61.90579300292113], [2; 540; 63.95249473026964], [2; 540; 66.17720494670607], [2; 560; 71.1470260852444], [2; 560; 73.91044333376661], [2; 580; 79.70735534471565], [2; 600; 86.08103343508286], [2; 600; 90.13281903560157], [2; 600; 94.6976954178933], [2; 600; 99.8881908945322], [2; 600; 105.85381664744573], [2; 620; 116.55799924946089], [2; 640; 129.07298748814387], [2; 640; 139.61659555730176], [2; 640; 152.61539387090485], [2; 640; 169.13346059219282], [2; 640; 190.99281612789966], [2; 640; 221.6275306598794], [2; 680; 285.2627978462607], [2; 700; 384.7941292503514], [2; 700; 610.822605563195]];
Intervals[4.9E-324=0.40502676932862713, 0.40502676932862713=0.8127764204705794, 0.8127764204705794=1.2232951826714915, 1.2232951826714915=1.6366305539176538, 1.6366305539176538=2.052831349311538, 2.052831349311538=2.8910641543275495, 2.8910641543275495=3.7352313817579006, 3.7352313817579006=4.585439193903328, 4.585439193903328=5.441796824704513, 5.441796824704513=6.304416703283418, 6.304416703283418=7.173414583878757, 7.173414583878757=8.486657231933545, 8.486657231933545=9.809829940026617, 9.809829940026617=11.143122577296324, 11.143122577296324=12.486730888987898, 12.486730888987898=14.292232036258639, 14.292232036258639=16.112034275809798, 16.112034275809798=17.946424205716056, 17.946424205716056=19.795697725547587, 19.795697725547587=21.6601604565689, 21.6601604565689=24.010120118856417, 24.010120118856417=26.379869060711787, 26.379869060711787=28.769829233456228, 28.769829233456228=31.1804371701273, 31.1804371701273=33.612144687458695, 33.612144687458695=36.0654196314431, 36.0654196314431=38.54074666980815, 38.54074666980815=41.03862813503905, 41.03862813503905=43.55958492191686, 43.55958492191686=46.104157443913635, 46.104157443913635=48.67290665319767, 48.67290665319767=51.266415129460626, 51.266415129460626=53.88528824328779, 53.88528824328779=56.53015540036079, 56.53015540036079=59.73597456802664, 59.73597456802664=62.97459019543291, 62.97459019543291=66.24685415380716, 66.24685415380716=69.55365427817762, 69.55365427817762=72.89591648863157, 72.89591648863157=76.2746070734203, 76.2746070734203=79.6907351491543, 79.6907351491543=83.14535531505051, 83.14535531505051=86.63957052013717, 86.63957052013717=90.17453516452724, 90.17453516452724=93.75145845837658, 93.75145845837658=97.97496633276792, 97.97496633276792=102.25045665777182, 102.25045665777182=106.57955901934395, 106.57955901934395=110.96398630799935, 110.96398630799935=115.4055406888058, 115.4055406888058=119.90612012675861, 119.90612012675861=124.46772553155148, 124.46772553155148=129.09246859461925, 129.09246859461925=134.4525963740593, 134.4525963740593=139.89012839003848, 139.89012839003848=145.40792098929919, 145.40792098929919=151.00900298599933, 151.00900298599933=156.69659031243245, 156.69659031243245=163.19629128866703, 163.19629128866703=169.80125343287142, 169.80125343287142=176.5158446248679, 176.5158446248679=183.34473015114582, 183.34473015114582=190.29290127910934, 190.29290127910934=197.36570741950817, 197.36570741950817=204.56889243932935, 204.56889243932935=211.90863579403728, 211.90863579403728=219.39159927858614, 219.39159927858614=227.02498035734504, 227.02498035734504=235.68230577374658, 235.68230577374658=244.52482335512687, 244.52482335512687=253.56276552359066, 253.56276552359066=262.80730034418707, 262.80730034418707=272.27065334329706, 272.27065334329706=281.9662502569986, 281.9662502569986=291.9088852431267, 291.9088852431267=302.11492029208773, 302.11492029208773=312.60252315408263, 312.60252315408263=368.7075594288774, 368.7075594288774=426.50012187807005, 426.50012187807005=488.4059148809912, 488.4059148809912=552.3584096112609, 552.3584096112609=618.5356145579669, 618.5356145579669=689.6826406432114, 689.6826406432114=763.5930839769779, 763.5930839769779=843.3004393216936, 843.3004393216936=929.3814727567765, 929.3814727567765=1019.514291792378, 1019.514291792378=1114.2119872102712, 1114.2119872102712=1214.1001781048035, 1214.1001781048035=1319.9539947522492, 1319.9539947522492=1436.51199400171, 1436.51199400171=1565.5849814898538, 1565.5849814898538=1705.2015770471555, 1705.2015770471555=1857.8169709180604, 1857.8169709180604=2026.950431510253, 2026.950431510253=2217.9432476381526, 2217.9432476381526=2439.570778298032, 2439.570778298032=2724.8335761442927, 2724.8335761442927=3109.627705394644, 3109.627705394644=3720.450310957839];

Jobs: [[2; 10; 0.40502676932862713], [2; 10; 0.4077496511419522], [2; 10; 0.410518762200912], [2; 10; 0.41333537124616226], [2; 10; 0.41620079539388427], [2; 20; 0.8382328050160112], [2; 20; 0.8441672274303513], [2; 20; 0.8502078121454274], [2; 20; 0.8563576308011843], [2; 20; 0.8626198785789051], [2; 20; 0.868997880595339], [2; 30; 1.3132426480547885], [2; 30; 1.3231727080930713], [2; 30; 1.3332926372697067], [2; 30; 1.3436083116915742], [2; 40; 1.8055011472707416], [2; 40; 1.8198022395511593], [2; 40; 1.8343899299062585], [2; 40; 1.8492735198315293], [2; 40; 1.864462731021312], [2; 50; 2.349959662287518], [2; 50; 2.3697489418553714], [2; 50; 2.3899601727444395], [2; 50; 2.4106079366710715], [2; 50; 2.431707517331397], [2; 50; 2.4532749439844035], [2; 50; 2.4753270383650547], [2; 50; 2.4978814652308947], [2; 50; 2.52095678687781], [2; 50; 2.5445725219967734], [2; 50; 2.5687492092840376], [2; 50; 2.5935084762629574], [2; 50; 2.618873113827167], [2; 50; 2.6448671570730022], [2; 60; 3.205819167665853], [2; 60; 3.238615627406272], [2; 60; 3.2722639583742597], [2; 60; 3.306800124370458], [2; 60; 3.342262210453955], [2; 60; 3.378690584788732], [2; 60; 3.4161280757340076], [2; 60; 3.4546201658962006], [2; 60; 3.4942152050866677], [2; 60; 3.534964644390079], [2; 60; 3.576923293849333], [2; 70; 4.223507874391342], [2; 70; 4.275490325003904], [2; 70; 4.329102361572127], [2; 70; 4.3844272886554], [2; 70; 4.441554380806457], [2; 70; 4.5005794379528075], [2; 70; 4.561605404792876], [2; 70; 4.624743063067773], [2; 80; 5.360127779440073], [2; 80; 5.43753201597918], [2; 80; 5.517792599260707], [2; 80; 5.601081996700142], [2; 80; 5.687587326433125], [2; 90; 6.49970097623459], [2; 90; 6.604962144204387], [2; 90; 6.714591191996473], [2; 90; 6.828885526277921], [2; 90; 6.9481711279635086], [2; 90; 7.072806140398827], [2; 90; 7.2031850198211735], [2; 90; 7.33974335470793], [2; 90; 7.482963484548863], [2; 90; 7.633381078758888], [2; 100; 8.657325416401541], [2; 100; 8.84251758138028], [2; 100; 9.037942168463774], [2; 100; 9.244534820596424], [2; 100; 9.463352999109981], [2; 100; 9.695596913701511], [2; 100; 9.942634986128088], [2; 100; 10.206035048961049], [2; 100; 10.487602861994878], [2; 520; 56.10503627479474], [2; 520; 57.79256244919265], [2; 540; 61.90579300292113], [2; 540; 63.95249473026964], [2; 540; 66.17720494670607], [2; 560; 71.1470260852444], [2; 560; 73.91044333376661], [2; 580; 79.70735534471565], [2; 600; 86.08103343508286], [2; 600; 90.13281903560157], [2; 600; 94.6976954178933], [2; 600; 99.8881908945322], [2; 600; 105.85381664744573], [2; 620; 116.55799924946089], [2; 640; 129.07298748814387], [2; 640; 139.61659555730176], [2; 640; 152.61539387090485], [2; 640; 169.13346059219282], [2; 640; 190.99281612789966], [2; 640; 221.6275306598794], [2; 680; 285.2627978462607], [2; 700; 384.7941292503514], [2; 700; 610.822605563195]];
Intervals[4.9E-324=0.40502676932862713, 0.40502676932862713=0.8127764204705794, 0.8127764204705794=1.2232951826714915, 1.2232951826714915=1.6366305539176538, 1.6366305539176538=2.052831349311538, 2.052831349311538=2.8910641543275495, 2.8910641543275495=3.7352313817579006, 3.7352313817579006=4.585439193903328, 4.585439193903328=5.441796824704513, 5.441796824704513=6.304416703283418, 6.304416703283418=7.173414583878757, 7.173414583878757=8.486657231933545, 8.486657231933545=9.809829940026617, 9.809829940026617=11.143122577296324, 11.143122577296324=12.486730888987898, 12.486730888987898=14.292232036258639, 14.292232036258639=16.112034275809798, 16.112034275809798=17.946424205716056, 17.946424205716056=19.795697725547587, 19.795697725547587=21.6601604565689, 21.6601604565689=24.010120118856417, 24.010120118856417=26.379869060711787, 26.379869060711787=28.769829233456228, 28.769829233456228=31.1804371701273, 31.1804371701273=33.612144687458695, 33.612144687458695=36.0654196314431, 36.0654196314431=38.54074666980815, 38.54074666980815=41.03862813503905, 41.03862813503905=43.55958492191686, 43.55958492191686=46.104157443913635, 46.104157443913635=48.67290665319767, 48.67290665319767=51.266415129460626, 51.266415129460626=53.88528824328779, 53.88528824328779=56.53015540036079, 56.53015540036079=59.73597456802664, 59.73597456802664=62.97459019543291, 62.97459019543291=66.24685415380716, 66.24685415380716=69.55365427817762, 69.55365427817762=72.89591648863157, 72.89591648863157=76.2746070734203, 76.2746070734203=79.6907351491543, 79.6907351491543=83.14535531505051, 83.14535531505051=86.63957052013717, 86.63957052013717=90.17453516452724, 90.17453516452724=93.75145845837658, 93.75145845837658=97.97496633276792, 97.97496633276792=102.25045665777182, 102.25045665777182=106.57955901934395, 106.57955901934395=110.96398630799935, 110.96398630799935=115.4055406888058, 115.4055406888058=119.90612012675861, 119.90612012675861=124.46772553155148, 124.46772553155148=129.09246859461925, 129.09246859461925=134.4525963740593, 134.4525963740593=139.89012839003848, 139.89012839003848=145.40792098929919, 145.40792098929919=151.00900298599933, 151.00900298599933=156.69659031243245, 156.69659031243245=163.19629128866703, 163.19629128866703=169.80125343287142, 169.80125343287142=176.5158446248679, 176.5158446248679=183.34473015114582, 183.34473015114582=190.29290127910934, 190.29290127910934=197.36570741950817, 197.36570741950817=204.56889243932935, 204.56889243932935=211.90863579403728, 211.90863579403728=219.39159927858614, 219.39159927858614=227.02498035734504, 227.02498035734504=235.68230577374658, 235.68230577374658=244.52482335512687, 244.52482335512687=253.56276552359066, 253.56276552359066=262.80730034418707, 262.80730034418707=272.27065334329706, 272.27065334329706=281.9662502569986, 281.9662502569986=291.9088852431267, 291.9088852431267=302.11492029208773, 302.11492029208773=312.60252315408263, 312.60252315408263=368.7075594288774, 368.7075594288774=426.50012187807005, 426.50012187807005=488.4059148809912, 488.4059148809912=552.3584096112609, 552.3584096112609=618.5356145579669, 618.5356145579669=689.6826406432114, 689.6826406432114=763.5930839769779, 763.5930839769779=843.3004393216936, 843.3004393216936=929.3814727567765, 929.3814727567765=1019.514291792378, 1019.514291792378=1114.2119872102712, 1114.2119872102712=1214.1001781048035, 1214.1001781048035=1319.9539947522492, 1319.9539947522492=1436.51199400171, 1436.51199400171=1565.5849814898538, 1565.5849814898538=1705.2015770471555, 1705.2015770471555=1857.8169709180604, 1857.8169709180604=2026.950431510253, 2026.950431510253=2217.9432476381526, 2217.9432476381526=2439.570778298032, 2439.570778298032=2724.8335761442927, 2724.8335761442927=3109.627705394644, 3109.627705394644=3720.450310957839];
