1.2371251344991658
16026.0039010696
19826.172231594886
[1; 20; 0.6901658813719093]
[1; 20; 0.6995242408390421]
[1; 20; 0.709206429137639]
[1; 20; 0.7192307554269729]
[1; 20; 0.7296169831084864]
[1; 40; 1.4807729601812594]
[1; 40; 1.5031247766693654]
[1; 40; 1.5263396313192714]
[1; 60; 2.3257081599772227]
[1; 60; 2.3633724707157002]
[1; 80; 3.203466248316376]
[2; 40; 1.6289974826109284]
[2; 40; 1.6574524836663442]
[2; 50; 2.108979450850569]
[2; 50; 2.1478560115915855]
[1; 120; 5.252580410882806]
[2; 70; 3.1237930561015426]
[1; 160; 7.283623960752306]
[2; 80; 3.7172932917601784]
[1; 160; 7.593622673640705]
[1; 180; 8.731626732387605]
[1; 180; 8.931217512064272]
[2; 90; 4.571309734276285]
[1; 200; 10.407769037603673]
[1; 200; 10.672952834351369]
[1; 200; 10.955700461223282]
[2; 100; 5.628975158378491]
[1; 1040; 60.22612785905431]
[1; 1040; 62.03760814483479]
[1; 1040; 63.9917473817937]
[2; 520; 33.053707001393235]
[1; 1080; 71.0381290363]
[2; 540; 36.822696036588404]
[1; 1120; 79.33939813418472]
[2; 580; 42.78105579315467]
[2; 580; 44.66191226124293]
[2; 600; 48.376679207084294]
[1; 1200; 101.65353934113804]
[2; 620; 55.39973474505987]
[2; 640; 60.60219349581643]
[1; 1280; 129.15566588420987]
[1; 1280; 138.55380485875128]
[2; 640; 74.93593707074645]
[1; 1280; 163.82547512331462]
[1; 1280; 181.55684585923558]
[1; 1320; 211.42877238888076]
[1; 1320; 245.34135725617173]
[1; 1320; 297.2098883623844]
[1; 1320; 389.45512859975287]
[2; 680; 318.47773255067233]


Jobs: [[1; 20; 0.6901658813719093], [1; 20; 0.709206429137639], [1; 20; 0.7296169831084864], [1; 40; 1.5031247766693654], [1; 60; 2.3257081599772227], [1; 80; 3.203466248316376], [2; 40; 1.6289974826109284], [2; 40; 1.6574524836663442], [2; 50; 2.108979450850569], [2; 50; 2.1478560115915855], [1; 120; 5.252580410882806], [2; 70; 3.1237930561015426], [1; 160; 7.283623960752306], [2; 80; 3.7172932917601784], [1; 160; 7.593622673640705], [1; 180; 8.931217512064272], [2; 90; 4.571309734276285], [1; 200; 10.407769037603673], [1; 200; 10.955700461223282], [2; 100; 5.628975158378491], [1; 1040; 60.22612785905431], [1; 1040; 63.9917473817937], [2; 520; 33.053707001393235], [1; 1080; 71.0381290363], [2; 540; 36.822696036588404], [1; 1120; 79.33939813418472], [2; 580; 42.78105579315467], [2; 580; 44.66191226124293], [2; 600; 48.376679207084294], [1; 1200; 101.65353934113804], [2; 620; 55.39973474505987], [2; 640; 60.60219349581643], [1; 1280; 129.15566588420987], [2; 640; 74.93593707074645], [1; 1280; 163.82547512331462], [1; 1320; 211.42877238888076], [1; 1320; 297.2098883623844], [2; 680; 318.47773255067233]];
Intervals[0.0=0.6901658813719093, 0.6901658813719093=1.3993723105095484, 1.3993723105095484=2.1289892936180346, 2.1289892936180346=3.6321140702874, 3.6321140702874=5.957822230264623, 5.957822230264623=9.161288478581, 9.161288478581=10.790285961191929, 10.790285961191929=12.447738444858272, 12.447738444858272=14.556717895708841, 14.556717895708841=16.70457390730043, 16.70457390730043=21.957154318183235, 21.957154318183235=25.08094737428478, 25.08094737428478=32.364571335037084, 32.364571335037084=36.08186462679726, 36.08186462679726=43.675487300437965, 43.675487300437965=52.60670481250224, 52.60670481250224=57.17801454677852, 57.17801454677852=67.5857835843822, 67.5857835843822=78.54148404560549, 78.54148404560549=84.17045920398398, 84.17045920398398=144.39658706303828, 144.39658706303828=208.38833444483197, 208.38833444483197=241.4420414462252, 241.4420414462252=312.4801704825252, 312.4801704825252=349.3028665191136, 349.3028665191136=428.6422646532983, 428.6422646532983=471.423320446453, 471.423320446453=516.0852327076959, 516.0852327076959=564.4619119147802, 564.4619119147802=666.1154512559183, 666.1154512559183=721.5151860009781, 721.5151860009781=782.1173794967946, 782.1173794967946=911.2730453810044, 920.6711843555458=995.6071214262923, 995.6071214262923=1159.4325965496068, 1159.4325965496068=1370.8613689384877, 1370.8613689384877=1668.071257300872, 1811.9604531414525=2130.438185692125];

Jobs: [[1; 20; 0.6995242408390421], [1; 20; 0.7192307554269729], [1; 40; 1.4807729601812594], [1; 40; 1.5263396313192714], [1; 60; 2.3633724707157002], [2; 40; 1.6289974826109284], [2; 40; 1.6574524836663442], [2; 50; 2.108979450850569], [2; 50; 2.1478560115915855], [2; 70; 3.1237930561015426], [2; 80; 3.7172932917601784], [1; 180; 8.731626732387605], [2; 90; 4.571309734276285], [1; 200; 10.672952834351369], [2; 100; 5.628975158378491], [1; 1040; 62.03760814483479], [2; 520; 33.053707001393235], [2; 540; 36.822696036588404], [2; 580; 42.78105579315467], [2; 580; 44.66191226124293], [2; 600; 48.376679207084294], [2; 620; 55.39973474505987], [2; 640; 60.60219349581643], [1; 1280; 138.55380485875128], [2; 640; 74.93593707074645], [1; 1280; 181.55684585923558], [1; 1320; 245.34135725617173], [1; 1320; 389.45512859975287], [2; 680; 318.47773255067233]];
Intervals[0.0=0.6995242408390421, 0.6995242408390421=1.4187549962660149, 1.4187549962660149=2.8995279564472742, 2.8995279564472742=4.425867587766546, 4.425867587766546=6.789240058482246, 9.161288478581=10.790285961191929, 10.790285961191929=12.447738444858272, 12.447738444858272=14.556717895708841, 14.556717895708841=16.70457390730043, 21.957154318183235=25.08094737428478, 32.364571335037084=36.08186462679726, 36.08186462679726=44.813491359184866, 52.60670481250224=57.17801454677852, 57.17801454677852=67.85096738112989, 78.54148404560549=84.17045920398398, 84.17045920398398=146.20806734881876, 208.38833444483197=241.4420414462252, 312.4801704825252=349.3028665191136, 428.6422646532983=471.423320446453, 471.423320446453=516.0852327076959, 516.0852327076959=564.4619119147802, 666.1154512559183=721.5151860009781, 721.5151860009781=782.1173794967946, 782.1173794967946=920.6711843555458, 920.6711843555458=995.6071214262923, 995.6071214262923=1177.1639672855279, 1177.1639672855279=1422.5053245416996, 1422.5053245416996=1811.9604531414525, 1811.9604531414525=2130.438185692125];
