1.167702081859672
495718.81985139
578851.8979574878
[2; 10; 2.1421190421796465]
[1; 20; 4.3130398200647955]
[2; 10; 2.1711652766562892]
[2; 10; 2.186061852209079]
[2; 20; 4.402433205397222]
[2; 20; 4.433273525058198]
[2; 20; 4.46465969560482]
[1; 60; 13.489822022570381]
[1; 60; 13.587398118616713]
[2; 30; 6.843379035648211]
[2; 40; 9.191969759049014]
[1; 80; 18.521390330577383]
[2; 40; 9.33071974081079]
[1; 80; 18.80416646256139]
[1; 80; 18.949654147395236]
[1; 80; 19.097988978144784]
[1; 80; 19.249261162690168]
[2; 50; 12.127228053803385]
[2; 50; 12.225624085279788]
[2; 50; 12.32604059163582]
[2; 50; 12.428544783062936]
[1; 120; 30.079696758500674]
[2; 60; 15.168120975034936]
[2; 60; 15.299164071348743]
[2; 60; 15.43307466769597]
[2; 60; 15.569954495369977]
[2; 60; 15.709910315192072]
[2; 60; 15.853054238310587]
[1; 120; 31.999008144381182]
[2; 60; 16.149383694154118]
[2; 70; 19.019960697603352]
[2; 70; 19.203287385603296]
[1; 160; 44.32250619270837]
[2; 80; 22.381218152441487]
[1; 160; 45.21344796526041]
[1; 180; 51.38549398056209]
[1; 180; 51.91937521480915]
[1; 180; 52.46734328329235]
[2; 90; 26.515001231295734]
[2; 90; 26.80399662708472]
[2; 90; 27.100997597088142]
[2; 100; 30.451516629096954]
[1; 200; 61.60107179003665]
[2; 100; 31.159730877095974]
[1; 200; 63.059169421249734]
[2; 520; 165.93518574846593]
[2; 520; 167.97749698703538]
[2; 520; 170.083832173538]
[1; 1080; 357.7655026047804]
[1; 1080; 362.4270242791518]
[1; 1080; 367.243418267685]
[2; 560; 193.00456247301716]
[1; 1120; 391.35191768216777]
[2; 560; 198.44175392952718]
[2; 560; 201.3074006253604]
[1; 1120; 408.55758902487986]
[2; 560; 207.36232065056893]
[2; 580; 218.08508172806347]
[1; 1160; 443.0663125793421]
[2; 580; 225.12083499371437]
[1; 1160; 457.71477346317715]
[2; 580; 232.7529481907966]
[2; 600; 244.98478962604355]
[2; 600; 249.37928160661963]
[2; 600; 253.9762959516484]
[1; 1200; 517.5823820531892]
[2; 600; 263.8409735856461]
[1; 1240; 556.2320301895196]
[1; 1240; 567.7606657420247]
[1; 1240; 579.9058516766247]
[1; 1240; 592.722095531185]
[2; 620; 303.13537910180554]
[1; 1240; 620.6211896283031]
[1; 1280; 656.3634595057356]
[2; 640; 336.54360604015415]
[1; 1280; 690.9186233914318]
[1; 1280; 709.9799380782232]
[2; 640; 365.2063765962067]
[2; 640; 376.1910467877488]
[2; 640; 388.04078934075517]
[2; 660; 413.3972090619915]
[2; 660; 427.7780240454485]
[2; 660; 443.4784633054967]
[2; 660; 460.7035829243854]
[2; 680; 494.2414815195464]
[1; 1360; 1031.9413242262567]
[1; 1360; 1080.5142192209871]
[1; 1360; 1135.238057805288]
[1; 1360; 1197.461831868044]
[1; 1360; 1268.9778847502675]
[2; 680; 676.1128361986237]
[1; 1400; 1493.2870467377886]
[2; 700; 807.634725563698]
[2; 700; 882.8283718974964]
[2; 700; 978.3797942054193]
[2; 700; 1104.8287635318068]
[2; 700; 1282.0402129658619]
[1; 1400; 3106.1622290922264]
[1; 1400; 4070.2239654550876]
[2; 700; 3230.538902254791]


Jobs: [[2; 10; 2.1421190421796465], [1; 20; 4.3130398200647955], [2; 10; 2.1711652766562892], [2; 10; 2.186061852209079], [2; 20; 4.402433205397222], [2; 20; 4.433273525058198], [2; 20; 4.46465969560482], [1; 60; 13.489822022570381], [2; 30; 6.843379035648211], [2; 40; 9.191969759049014], [1; 80; 18.521390330577383], [2; 40; 9.33071974081079], [1; 80; 18.80416646256139], [1; 80; 19.097988978144784], [2; 50; 12.127228053803385], [2; 50; 12.225624085279788], [2; 50; 12.32604059163582], [2; 50; 12.428544783062936], [1; 120; 30.079696758500674], [2; 60; 15.168120975034936], [2; 60; 15.299164071348743], [2; 60; 15.43307466769597], [2; 60; 15.569954495369977], [2; 60; 15.709910315192072], [2; 60; 15.853054238310587], [1; 120; 31.999008144381182], [2; 60; 16.149383694154118], [2; 70; 19.019960697603352], [2; 70; 19.203287385603296], [1; 160; 44.32250619270837], [2; 80; 22.381218152441487], [1; 160; 45.21344796526041], [1; 180; 51.91937521480915], [2; 90; 26.515001231295734], [2; 90; 26.80399662708472], [2; 90; 27.100997597088142], [2; 100; 30.451516629096954], [1; 200; 61.60107179003665], [2; 100; 31.159730877095974], [1; 200; 63.059169421249734], [2; 520; 165.93518574846593], [2; 520; 167.97749698703538], [2; 520; 170.083832173538], [1; 1080; 357.7655026047804], [1; 1080; 367.243418267685], [2; 560; 193.00456247301716], [1; 1120; 391.35191768216777], [2; 560; 198.44175392952718], [2; 560; 201.3074006253604], [1; 1120; 408.55758902487986], [2; 560; 207.36232065056893], [2; 580; 218.08508172806347], [1; 1160; 443.0663125793421], [2; 580; 225.12083499371437], [1; 1160; 457.71477346317715], [2; 580; 232.7529481907966], [2; 600; 244.98478962604355], [2; 600; 249.37928160661963], [2; 600; 253.9762959516484], [1; 1200; 517.5823820531892], [2; 600; 263.8409735856461], [1; 1240; 556.2320301895196], [1; 1240; 579.9058516766247], [2; 620; 303.13537910180554], [1; 1240; 620.6211896283031], [2; 640; 336.54360604015415], [1; 1280; 690.9186233914318], [2; 640; 365.2063765962067], [2; 640; 376.1910467877488], [2; 640; 388.04078934075517], [2; 660; 413.3972090619915], [2; 660; 427.7780240454485], [2; 660; 443.4784633054967], [2; 660; 460.7035829243854], [2; 680; 494.2414815195464], [1; 1360; 1031.9413242262567], [1; 1360; 1135.238057805288], [1; 1360; 1268.9778847502675], [2; 680; 676.1128361986237], [1; 1400; 1493.2870467377886], [2; 700; 807.634725563698], [2; 700; 882.8283718974964], [2; 700; 978.3797942054193], [2; 700; 1104.8287635318068], [2; 700; 1282.0402129658619], [1; 1400; 3106.1622290922264], [2; 700; 3230.538902254791]];
Intervals[4.9E-324=2.1421190421796465, 2.1421190421796465=6.455158862244442, 6.455158862244442=8.626324138900731, 8.626324138900731=10.81238599110981, 10.81238599110981=15.214819196507033, 15.214819196507033=19.64809272156523, 19.64809272156523=24.11275241717005, 24.11275241717005=37.60257443974043, 37.70015053578676=44.54352957143497, 44.54352957143497=53.73549933048399, 53.73549933048399=72.25688966106136, 72.25688966106136=81.58760940187216, 81.58760940187216=100.39177586443355, 100.39177586443355=119.48976484257834, 119.78652471195755=131.91375276576093, 131.91375276576093=144.1393768510407, 144.1393768510407=156.46541744267654, 156.46541744267654=168.89396222573947, 168.89396222573947=198.97365898424016, 198.97365898424016=214.14177995927508, 214.14177995927508=229.44094403062383, 229.44094403062383=244.8740186983198, 244.8740186983198=260.44397319368977, 260.44397319368977=276.15388350888185, 276.15388350888185=292.0069377471924, 292.0069377471924=324.0059458915736, 324.0059458915736=340.1553295857277, 340.1553295857277=359.17529028333104, 359.17529028333104=378.3785776689343, 378.3785776689343=422.7010838616427, 422.7010838616427=445.0823020140842, 445.0823020140842=490.2957499793446, 490.2957499793446=542.2151251941538, 548.9351392779387=575.4501405092344, 575.4501405092344=602.2541371363192, 602.2541371363192=629.3551347334073, 629.3551347334073=659.8066513625043, 659.8066513625043=721.4077231525409, 721.4077231525409=752.5674540296369, 752.5674540296369=815.6266234508867, 815.6266234508867=981.5618091993526, 981.5618091993526=1149.539306186388, 1149.539306186388=1319.623138359926, 1319.623138359926=1677.3886409647066, 1677.3886409647066=2044.6320592323916, 2044.6320592323916=2237.6366217054087, 2237.6366217054087=2628.9885393875766, 2628.9885393875766=2827.430293317104, 2827.430293317104=3028.7376939424644, 3028.7376939424644=3437.295282967344, 3437.295282967344=3644.657603617913, 3644.657603617913=3862.7426853459765, 3862.7426853459765=4305.808997925318, 4305.808997925318=4530.929832919032, 4530.929832919032=4988.6446063822095, 4988.6446063822095=5221.397554573006, 5221.397554573006=5466.38234419905, 5466.38234419905=5715.76162580567, 5715.76162580567=5969.737921757318, 5969.737921757318=6487.3203038105075, 6487.3203038105075=6751.161277396153, 6751.161277396153=7307.393307585673, 7307.393307585673=7887.2991592622975, 7911.644038669363=8214.77941777117, 8214.77941777117=8835.400607399473, 8871.142877276905=9207.686483317058, 9207.686483317058=9898.60510670849, 9917.66642139528=10282.872797991487, 10282.872797991487=10659.063844779237, 10659.063844779237=11047.104634119993, 11047.104634119993=11460.501843181984, 11460.501843181984=11888.279867227433, 11888.279867227433=12331.75833053293, 12331.75833053293=12792.461913457315, 12792.461913457315=13286.703394976861, 13286.703394976861=14318.644719203117, 14318.644719203117=15453.882777008406, 15453.882777008406=16722.860661758674, 16722.860661758674=17398.973497957297, 17398.973497957297=18892.260544695084, 18892.260544695084=19699.89527025878, 19699.89527025878=20582.723642156277, 20582.723642156277=21561.103436361696, 21561.103436361696=22665.932199893505, 22665.932199893505=23947.972412859366, 23947.972412859366=27054.134641951594, 28018.196378314453=31248.735280569243];

Jobs: [[2; 10; 2.1421190421796465], [2; 10; 2.1711652766562892], [2; 10; 2.186061852209079], [2; 20; 4.402433205397222], [2; 20; 4.433273525058198], [2; 20; 4.46465969560482], [1; 60; 13.587398118616713], [2; 30; 6.843379035648211], [2; 40; 9.191969759049014], [2; 40; 9.33071974081079], [1; 80; 18.949654147395236], [1; 80; 19.249261162690168], [2; 50; 12.127228053803385], [2; 50; 12.225624085279788], [2; 50; 12.32604059163582], [2; 50; 12.428544783062936], [2; 60; 15.168120975034936], [2; 60; 15.299164071348743], [2; 60; 15.43307466769597], [2; 60; 15.569954495369977], [2; 60; 15.709910315192072], [2; 60; 15.853054238310587], [2; 60; 16.149383694154118], [2; 70; 19.019960697603352], [2; 70; 19.203287385603296], [2; 80; 22.381218152441487], [1; 180; 51.38549398056209], [1; 180; 52.46734328329235], [2; 90; 26.515001231295734], [2; 90; 26.80399662708472], [2; 90; 27.100997597088142], [2; 100; 30.451516629096954], [2; 100; 31.159730877095974], [2; 520; 165.93518574846593], [2; 520; 167.97749698703538], [2; 520; 170.083832173538], [1; 1080; 362.4270242791518], [2; 560; 193.00456247301716], [2; 560; 198.44175392952718], [2; 560; 201.3074006253604], [2; 560; 207.36232065056893], [2; 580; 218.08508172806347], [2; 580; 225.12083499371437], [2; 580; 232.7529481907966], [2; 600; 244.98478962604355], [2; 600; 249.37928160661963], [2; 600; 253.9762959516484], [2; 600; 263.8409735856461], [1; 1240; 567.7606657420247], [1; 1240; 592.722095531185], [2; 620; 303.13537910180554], [1; 1280; 656.3634595057356], [2; 640; 336.54360604015415], [1; 1280; 709.9799380782232], [2; 640; 365.2063765962067], [2; 640; 376.1910467877488], [2; 640; 388.04078934075517], [2; 660; 413.3972090619915], [2; 660; 427.7780240454485], [2; 660; 443.4784633054967], [2; 660; 460.7035829243854], [2; 680; 494.2414815195464], [1; 1360; 1080.5142192209871], [1; 1360; 1197.461831868044], [2; 680; 676.1128361986237], [2; 700; 807.634725563698], [2; 700; 882.8283718974964], [2; 700; 978.3797942054193], [2; 700; 1104.8287635318068], [2; 700; 1282.0402129658619], [1; 1400; 4070.2239654550876], [2; 700; 3230.538902254791]];
Intervals[4.9E-324=2.1421190421796465, 6.455158862244442=8.626324138900731, 8.626324138900731=10.81238599110981, 10.81238599110981=15.214819196507033, 15.214819196507033=19.64809272156523, 19.64809272156523=24.11275241717005, 24.11275241717005=37.70015053578676, 37.70015053578676=44.54352957143497, 44.54352957143497=53.73549933048399, 72.25688966106136=81.58760940187216, 81.58760940187216=100.5372635492674, 100.5372635492674=119.78652471195755, 119.78652471195755=131.91375276576093, 131.91375276576093=144.1393768510407, 144.1393768510407=156.46541744267654, 156.46541744267654=168.89396222573947, 198.97365898424016=214.14177995927508, 214.14177995927508=229.44094403062383, 229.44094403062383=244.8740186983198, 244.8740186983198=260.44397319368977, 260.44397319368977=276.15388350888185, 276.15388350888185=292.0069377471924, 324.0059458915736=340.1553295857277, 340.1553295857277=359.17529028333104, 359.17529028333104=378.3785776689343, 422.7010838616427=445.0823020140842, 445.0823020140842=496.4677959946463, 496.4677959946463=548.9351392779387, 548.9351392779387=575.4501405092344, 575.4501405092344=602.2541371363192, 602.2541371363192=629.3551347334073, 629.3551347334073=659.8066513625043, 721.4077231525409=752.5674540296369, 815.6266234508867=981.5618091993526, 981.5618091993526=1149.539306186388, 1149.539306186388=1319.623138359926, 1319.623138359926=1682.0501626390778, 2044.6320592323916=2237.6366217054087, 2628.9885393875766=2827.430293317104, 2827.430293317104=3028.7376939424644, 3437.295282967344=3644.657603617913, 3644.657603617913=3862.7426853459765, 4305.808997925318=4530.929832919032, 4988.6446063822095=5221.397554573006, 5221.397554573006=5466.38234419905, 5466.38234419905=5715.76162580567, 5715.76162580567=5969.737921757318, 6487.3203038105075=6751.161277396153, 6751.161277396153=7318.921943138178, 7318.921943138178=7911.644038669363, 7911.644038669363=8214.77941777117, 8214.77941777117=8871.142877276905, 8871.142877276905=9207.686483317058, 9207.686483317058=9917.66642139528, 9917.66642139528=10282.872797991487, 10282.872797991487=10659.063844779237, 10659.063844779237=11047.104634119993, 11047.104634119993=11460.501843181984, 11460.501843181984=11888.279867227433, 11888.279867227433=12331.75833053293, 12331.75833053293=12792.461913457315, 12792.461913457315=13286.703394976861, 13286.703394976861=14367.217614197849, 14367.217614197849=15564.679446065893, 16722.860661758674=17398.973497957297, 18892.260544695084=19699.89527025878, 19699.89527025878=20582.723642156277, 20582.723642156277=21561.103436361696, 21561.103436361696=22665.932199893505, 22665.932199893505=23947.972412859366, 23947.972412859366=28018.196378314453, 28018.196378314453=31248.735280569243];
