1.1149074639395347
129.47552654704717
144.35323094480424
[1; 10; 0.013894143653651854]
[1; 10; 0.014082542405761117]
[1; 10; 0.014277460350465948]
[2; 10; 0.014479266080442378]
[1; 20; 0.02937671492917701]
[1; 30; 0.04471549401928848]
[1; 30; 0.04539046077203888]
[1; 40; 0.06145531871165932]
[1; 50; 0.07803371175772204]
[1; 50; 0.07929744983900756]
[1; 50; 0.08061362754425289]
[1; 50; 0.08198581546020009]
[2; 30; 0.050050756337126176]
[1; 80; 0.13586282019955095]
[1; 80; 0.13836729181960564]
[2; 40; 0.07049523286208025]
[2; 40; 0.07187080363012321]
[1; 80; 0.14663100619913114]
[2; 40; 0.07483506268928475]
[1; 80; 0.1528717763756528]
[1; 90; 0.17578161920827454]
[1; 90; 0.17979970100516016]
[2; 50; 0.10225308927361383]
[2; 50; 0.1047625230582581]
[1; 100; 0.21486362031451808]
[1; 110; 0.24261136077204662]
[1; 120; 0.2719686669571668]
[1; 120; 0.279795769091673]
[2; 60; 0.1441057303577116]
[2; 60; 0.14864495535982947]
[1; 120; 0.3071187772001271]
[1; 130; 0.34428603413255177]
[1; 140; 0.3843776730367574]
[1; 140; 0.3993072625089012]
[2; 70; 0.20788820016488432]
[1; 140; 0.4340558868300487]
[1; 150; 0.48694998443979837]
[1; 170; 0.5798270527588351]
[1; 170; 0.6116080763761104]
[1; 180; 0.6862607638934313]
[2; 90; 0.36564050250500163]
[1; 180; 0.7844933861121052]
[1; 190; 0.8957195721481068]
[1; 190; 0.9791142289038033]
[1; 200; 1.1421968280372758]
[1; 200; 1.2898180407080457]
[2; 100; 0.7483506268928473]
[2; 120; 1.0878746678286673]
[2; 170; 2.019485373030305]
[2; 170; 3.2057332055826975]


Jobs: [[1; 10; 0.013894143653651854], [1; 10; 0.014277460350465948], [2; 10; 0.014479266080442378], [1; 20; 0.02937671492917701], [1; 30; 0.04539046077203888], [1; 50; 0.07803371175772204], [1; 50; 0.08061362754425289], [2; 30; 0.050050756337126176], [1; 80; 0.13586282019955095], [2; 40; 0.07049523286208025], [2; 40; 0.07187080363012321], [1; 80; 0.14663100619913114], [2; 40; 0.07483506268928475], [1; 80; 0.1528717763756528], [1; 90; 0.17979970100516016], [2; 50; 0.10225308927361383], [2; 50; 0.1047625230582581], [1; 100; 0.21486362031451808], [1; 120; 0.2719686669571668], [2; 60; 0.1441057303577116], [2; 60; 0.14864495535982947], [1; 120; 0.3071187772001271], [1; 140; 0.3843776730367574], [2; 70; 0.20788820016488432], [1; 140; 0.4340558868300487], [1; 170; 0.5798270527588351], [1; 180; 0.6862607638934313], [2; 90; 0.36564050250500163], [1; 180; 0.7844933861121052], [1; 190; 0.9791142289038033], [1; 200; 1.2898180407080457], [2; 100; 0.7483506268928473], [2; 120; 1.0878746678286673], [2; 170; 2.019485373030305], [2; 170; 3.2057332055826975]];
Intervals[0.0=0.013894143653651854, 0.013894143653651854=0.028171604004117803, 0.028171604004117803=0.04265087008456018, 0.04265087008456018=0.07202758501373718, 0.07202758501373718=0.11741804578577605, 0.11741804578577605=0.19545175754349808, 0.19545175754349808=0.27606538508775097, 0.3101049481147157=0.36015570445184186, 0.36015570445184186=0.49601852465139284, 0.49852299627144747=0.5690182291335277, 0.5690182291335277=0.640889032763651, 0.640889032763651=0.7875200389627821, 0.7875200389627821=0.8623551016520669, 0.8623551016520669=1.0152268780277196, 1.0152268780277196=1.1950265790328798, 1.1950265790328798=1.2972796683064935, 1.2972796683064935=1.4020421913647516, 1.4020421913647516=1.6169058116792696, 1.6169058116792696=1.8888744786364364, 1.9244493212284712=2.068555051586183, 2.068555051586183=2.2172000069460123, 2.2172000069460123=2.524318784146139, 2.524318784146139=2.908696457182897, 2.960793303587465=3.1686815037523495, 3.1686815037523495=3.6027373905823983, 3.6027373905823983=4.182564443341233, 4.182564443341233=4.868825207234664, 4.868825207234664=5.234465709739666, 5.234465709739666=6.018959095851772, 6.018959095851772=6.998073324755575, 6.998073324755575=8.28789136546362, 8.28789136546362=9.036241992356468, 9.036241992356468=10.124116660185134, 10.124116660185134=12.143602033215439, 12.143602033215439=15.349335238798137];

Jobs: [[1; 10; 0.014082542405761117], [2; 10; 0.014479266080442378], [1; 30; 0.04471549401928848], [1; 40; 0.06145531871165932], [1; 50; 0.07929744983900756], [1; 50; 0.08198581546020009], [2; 30; 0.050050756337126176], [1; 80; 0.13836729181960564], [2; 40; 0.07049523286208025], [2; 40; 0.07187080363012321], [2; 40; 0.07483506268928475], [1; 90; 0.17578161920827454], [2; 50; 0.10225308927361383], [2; 50; 0.1047625230582581], [1; 110; 0.24261136077204662], [1; 120; 0.279795769091673], [2; 60; 0.1441057303577116], [2; 60; 0.14864495535982947], [1; 130; 0.34428603413255177], [1; 140; 0.3993072625089012], [2; 70; 0.20788820016488432], [1; 150; 0.48694998443979837], [1; 170; 0.6116080763761104], [2; 90; 0.36564050250500163], [1; 190; 0.8957195721481068], [1; 200; 1.1421968280372758], [2; 100; 0.7483506268928473], [2; 120; 1.0878746678286673], [2; 170; 2.019485373030305], [2; 170; 3.2057332055826975]];
Intervals[0.0=0.014082542405761117, 0.028171604004117803=0.04265087008456018, 0.04265087008456018=0.08736636410384865, 0.08736636410384865=0.14882168281550798, 0.14882168281550798=0.22811913265451556, 0.22811913265451556=0.3101049481147157, 0.3101049481147157=0.36015570445184186, 0.36015570445184186=0.49852299627144747, 0.49852299627144747=0.5690182291335277, 0.5690182291335277=0.640889032763651, 0.7875200389627821=0.8623551016520669, 0.8623551016520669=1.0381367208603414, 1.1950265790328798=1.2972796683064935, 1.2972796683064935=1.4020421913647516, 1.4020421913647516=1.6446535521367982, 1.6446535521367982=1.9244493212284712, 1.9244493212284712=2.068555051586183, 2.068555051586183=2.2172000069460123, 2.2172000069460123=2.561486041078564, 2.561486041078564=2.960793303587465, 2.960793303587465=3.1686815037523495, 3.1686815037523495=3.6556314881921477, 3.6556314881921477=4.267239564568258, 4.868825207234664=5.234465709739666, 5.234465709739666=6.130185281887773, 6.130185281887773=7.272382109925049, 8.28789136546362=9.036241992356468, 9.036241992356468=10.124116660185134, 10.124116660185134=12.143602033215439, 12.143602033215439=15.349335238798137];
