1.1227505780485667
174530.45044913917
195954.16412884774
[2; 10; 1.068072672629915]
[2; 10; 1.075253026808564]
[2; 10; 1.0825552894576596]
[2; 10; 1.0899828062998196]
[2; 20; 2.1950781012519265]
[2; 20; 2.2104552591019133]
[1; 40; 4.452209162582843]
[2; 30; 3.3630507869180106]
[1; 60; 6.774753567323253]
[2; 30; 3.412147500909678]
[2; 30; 3.4373760913718234]
[2; 30; 3.4630762486254434]
[2; 40; 4.652349647659175]
[2; 40; 4.687931887718455]
[2; 40; 4.724202379067318]
[1; 80; 9.522365343892544]
[1; 80; 9.597790510869983]
[2; 40; 4.837363610133855]
[2; 40; 4.876612264478759]
[1; 80; 9.833333709975369]
[2; 40; 4.95755419076597]
[2; 50; 6.249127903286182]
[2; 50; 6.302425771544644]
[2; 50; 6.35687479583384]
[2; 50; 6.412515279905053]
[2; 50; 6.4693894935902625]
[1; 100; 13.05508359302804]
[2; 50; 6.587018771386977]
[2; 50; 6.647869367766246]
[2; 60; 8.052174068715745]
[2; 60; 8.128680001542996]
[2; 60; 8.207029479030723]
[2; 60; 8.287294621836175]
[1; 120; 16.73910297566922]
[2; 60; 8.453880349816837]
[1; 120; 17.08073199467085]
[2; 70; 10.067281076076686]
[1; 140; 20.34706658015587]
[2; 70; 10.282634142786641]
[1; 140; 20.789415657691116]
[2; 70; 10.50988611180914]
[2; 80; 12.1466387670331]
[2; 80; 12.285857151375607]
[1; 160; 24.858268942861276]
[2; 80; 12.576663442391158]
[2; 80; 12.728649588843192]
[2; 80; 12.885312348401092]
[2; 80; 13.046886292978972]
[2; 80; 13.213622482732793]
[2; 90; 15.059013716205556]
[2; 90; 15.25913715700092]
[1; 180; 30.932089295378894]
[2; 100; 17.422346435398328]
[2; 100; 17.668603770666152]
[1; 200; 35.847503131980815]
[2; 100; 18.18831474484656]
[2; 100; 18.46286181204514]
[2; 100; 18.748009565605333]
[2; 100; 19.04442844190677]
[2; 100; 19.352848596686513]
[2; 520; 102.30514758894634]
[1; 1040; 208.09312783379033]
[1; 1040; 211.72805682253545]
[1; 1040; 215.5259956626971]
[2; 540; 113.97061613958455]
[2; 540; 116.13127667005996]
[2; 540; 118.39734180605831]
[2; 560; 125.25051989811699]
[2; 560; 127.84650056498941]
[2; 580; 135.24493240075586]
[2; 580; 138.2339210938863]
[2; 580; 141.39372360657885]
[2; 580; 144.74051364558747]
[2; 580; 148.29264823173276]
[1; 1160; 304.1421143263099]
[1; 1160; 312.1994403908261]
[2; 600; 165.9375063558343]
[2; 600; 170.71309254641898]
[2; 600; 175.84779757670373]
[2; 600; 181.38687445689538]
[2; 620; 193.62993330915828]
[1; 1240; 400.73144400267455]
[2; 620; 207.71960572432036]
[2; 620; 215.78763010846072]
[2; 640; 231.93562227121964]
[1; 1280; 484.2652066474466]
[2; 640; 253.529648136191]
[2; 640; 266.36993778174724]
[2; 640; 280.9699969602466]
[2; 640; 297.7503774501872]
[2; 640; 317.2834682090221]
[1; 1320; 702.0150052361157]
[1; 1320; 759.3606297383557]
[1; 1320; 830.0597871978165]
[1; 1360; 947.7756460856692]
[2; 680; 535.1346181575655]
[2; 680; 620.9687170299485]
[1; 1400; 1548.75005932112]
[2; 700; 1014.7183474365858]
[2; 700; 1610.7649721722694]


Jobs: [[2; 10; 1.068072672629915], [2; 10; 1.075253026808564], [2; 10; 1.0825552894576596], [2; 10; 1.0899828062998196], [2; 20; 2.1950781012519265], [2; 20; 2.2104552591019133], [1; 40; 4.452209162582843], [2; 30; 3.3630507869180106], [1; 60; 6.774753567323253], [2; 30; 3.412147500909678], [2; 30; 3.4373760913718234], [2; 30; 3.4630762486254434], [2; 40; 4.652349647659175], [2; 40; 4.687931887718455], [2; 40; 4.724202379067318], [1; 80; 9.522365343892544], [2; 40; 4.837363610133855], [2; 40; 4.876612264478759], [1; 80; 9.833333709975369], [2; 40; 4.95755419076597], [2; 50; 6.249127903286182], [2; 50; 6.302425771544644], [2; 50; 6.35687479583384], [2; 50; 6.412515279905053], [2; 50; 6.4693894935902625], [1; 100; 13.05508359302804], [2; 50; 6.587018771386977], [2; 50; 6.647869367766246], [2; 60; 8.052174068715745], [2; 60; 8.128680001542996], [2; 60; 8.207029479030723], [2; 60; 8.287294621836175], [1; 120; 16.73910297566922], [2; 60; 8.453880349816837], [1; 120; 17.08073199467085], [2; 70; 10.067281076076686], [1; 140; 20.34706658015587], [2; 70; 10.282634142786641], [1; 140; 20.789415657691116], [2; 70; 10.50988611180914], [2; 80; 12.1466387670331], [2; 80; 12.285857151375607], [1; 160; 24.858268942861276], [2; 80; 12.576663442391158], [2; 80; 12.728649588843192], [2; 80; 12.885312348401092], [2; 80; 13.046886292978972], [2; 80; 13.213622482732793], [2; 90; 15.059013716205556], [2; 90; 15.25913715700092], [1; 180; 30.932089295378894], [2; 100; 17.422346435398328], [2; 100; 17.668603770666152], [1; 200; 35.847503131980815], [2; 100; 18.18831474484656], [2; 100; 18.46286181204514], [2; 100; 18.748009565605333], [2; 100; 19.04442844190677], [2; 100; 19.352848596686513], [2; 520; 102.30514758894634], [1; 1040; 208.09312783379033], [1; 1040; 215.5259956626971], [2; 540; 113.97061613958455], [2; 540; 116.13127667005996], [2; 540; 118.39734180605831], [2; 560; 125.25051989811699], [2; 560; 127.84650056498941], [2; 580; 135.24493240075586], [2; 580; 138.2339210938863], [2; 580; 141.39372360657885], [2; 580; 144.74051364558747], [2; 580; 148.29264823173276], [1; 1160; 304.1421143263099], [2; 600; 165.9375063558343], [2; 600; 170.71309254641898], [2; 600; 175.84779757670373], [2; 600; 181.38687445689538], [2; 620; 193.62993330915828], [1; 1240; 400.73144400267455], [2; 620; 207.71960572432036], [2; 620; 215.78763010846072], [2; 640; 231.93562227121964], [1; 1280; 484.2652066474466], [2; 640; 253.529648136191], [2; 640; 266.36993778174724], [2; 640; 280.9699969602466], [2; 640; 297.7503774501872], [2; 640; 317.2834682090221], [1; 1320; 702.0150052361157], [1; 1320; 830.0597871978165], [2; 680; 535.1346181575655], [2; 680; 620.9687170299485], [1; 1400; 1548.75005932112], [2; 700; 1014.7183474365858], [2; 700; 1610.7649721722694]];
Intervals[4.9E-324=1.068072672629915, 1.068072672629915=2.143325699438479, 2.143325699438479=3.2258809888961384, 3.2258809888961384=4.315863795195958, 4.315863795195958=6.510941896447885, 6.510941896447885=8.721397155549798, 8.721397155549798=13.173606318132641, 13.173606318132641=16.53665710505065, 16.53665710505065=23.311410672373903, 23.311410672373903=26.723558173283582, 26.723558173283582=30.160934264655406, 30.160934264655406=33.62401051328085, 33.62401051328085=38.27636016094003, 38.27636016094003=42.964292048658486, 42.964292048658486=47.6884944277258, 47.6884944277258=57.210859771618345, 57.286284938595784=62.12364854872964, 62.12364854872964=67.0002608132084, 67.0002608132084=76.83359452318376, 76.83359452318376=81.79114871394974, 81.79114871394974=88.04027661723592, 88.04027661723592=94.34270238878057, 94.34270238878057=100.69957718461441, 100.69957718461441=107.11209246451946, 107.11209246451946=113.58148195810972, 113.58148195810972=126.63656555113776, 126.63656555113776=133.22358432252474, 133.22358432252474=139.871453690291, 139.871453690291=147.92362775900673, 147.92362775900673=156.05230776054972, 156.05230776054972=164.25933723958045, 164.25933723958045=172.5466318614166, 172.5466318614166=189.28573483708584, 189.28573483708584=197.73961518690268, 197.73961518690268=214.82034718157354, 214.82034718157354=224.88762825765022, 224.88762825765022=245.2346948378061, 245.2346948378061=255.51732898059274, 255.51732898059274=276.3067446382839, 276.3067446382839=286.816630750093, 286.816630750093=298.9632695171261, 298.9632695171261=311.2491266685017, 311.2491266685017=336.10739561136296, 336.10739561136296=348.68405905375414, 348.68405905375414=361.41270864259735, 361.41270864259735=374.29802099099845, 374.29802099099845=387.3449072839774, 387.3449072839774=400.5585297667102, 400.5585297667102=415.6175434829157, 415.6175434829157=430.87668063991663, 430.87668063991663=461.8087699352955, 461.8087699352955=479.2311163706938, 479.2311163706938=496.89972014136, 496.89972014136=532.7472232733408, 532.7472232733408=550.9355380181873, 550.9355380181873=569.3983998302325, 569.3983998302325=588.1464093958378, 588.1464093958378=607.1908378377447, 607.1908378377447=626.5436864344312, 626.5436864344312=728.8488340233775, 728.8488340233775=936.9419618571678, 936.9419618571678=1152.467957519865, 1152.467957519865=1266.4385736594495, 1266.4385736594495=1382.5698503295096, 1382.5698503295096=1500.967192135568, 1500.967192135568=1626.217712033685, 1626.217712033685=1754.0642125986744, 1754.0642125986744=1889.3091449994304, 1889.3091449994304=2027.5430660933166, 2027.5430660933166=2168.9367896998956, 2168.9367896998956=2313.677303345483, 2313.677303345483=2461.9699515772154, 2461.9699515772154=2766.1120659035255, 2774.1693919680415=2940.1068983238756, 2940.1068983238756=3110.8199908702945, 3110.8199908702945=3286.667788446998, 3286.667788446998=3468.0546629038936, 3468.0546629038936=3661.684596213052, 3661.684596213052=4062.4160402157263, 4062.4160402157263=4270.135645940047, 4270.135645940047=4485.923276048507, 4485.923276048507=4717.858898319727, 4717.858898319727=5202.1241049671735, 5202.1241049671735=5455.653753103365, 5455.653753103365=5722.023690885112, 5722.023690885112=6002.993687845359, 6002.993687845359=6300.7440652955465, 6300.7440652955465=6618.027533504569, 6618.027533504569=7320.042538740685, 7320.042538740685=8150.102325938501, 8325.163809328595=8860.29842748616, 8860.29842748616=9481.267144516107, 9481.267144516107=11030.017203837227, 11030.017203837227=12044.735551273814, 12044.735551273814=13655.500523446084];

Jobs: [[2; 10; 1.068072672629915], [2; 10; 1.075253026808564], [2; 10; 1.0825552894576596], [2; 10; 1.0899828062998196], [2; 20; 2.1950781012519265], [2; 20; 2.2104552591019133], [2; 30; 3.3630507869180106], [2; 30; 3.412147500909678], [2; 30; 3.4373760913718234], [2; 30; 3.4630762486254434], [2; 40; 4.652349647659175], [2; 40; 4.687931887718455], [2; 40; 4.724202379067318], [1; 80; 9.597790510869983], [2; 40; 4.837363610133855], [2; 40; 4.876612264478759], [2; 40; 4.95755419076597], [2; 50; 6.249127903286182], [2; 50; 6.302425771544644], [2; 50; 6.35687479583384], [2; 50; 6.412515279905053], [2; 50; 6.4693894935902625], [2; 50; 6.587018771386977], [2; 50; 6.647869367766246], [2; 60; 8.052174068715745], [2; 60; 8.128680001542996], [2; 60; 8.207029479030723], [2; 60; 8.287294621836175], [2; 60; 8.453880349816837], [2; 70; 10.067281076076686], [2; 70; 10.282634142786641], [2; 70; 10.50988611180914], [2; 80; 12.1466387670331], [2; 80; 12.285857151375607], [2; 80; 12.576663442391158], [2; 80; 12.728649588843192], [2; 80; 12.885312348401092], [2; 80; 13.046886292978972], [2; 80; 13.213622482732793], [2; 90; 15.059013716205556], [2; 90; 15.25913715700092], [2; 100; 17.422346435398328], [2; 100; 17.668603770666152], [2; 100; 18.18831474484656], [2; 100; 18.46286181204514], [2; 100; 18.748009565605333], [2; 100; 19.04442844190677], [2; 100; 19.352848596686513], [2; 520; 102.30514758894634], [1; 1040; 211.72805682253545], [2; 540; 113.97061613958455], [2; 540; 116.13127667005996], [2; 540; 118.39734180605831], [2; 560; 125.25051989811699], [2; 560; 127.84650056498941], [2; 580; 135.24493240075586], [2; 580; 138.2339210938863], [2; 580; 141.39372360657885], [2; 580; 144.74051364558747], [2; 580; 148.29264823173276], [1; 1160; 312.1994403908261], [2; 600; 165.9375063558343], [2; 600; 170.71309254641898], [2; 600; 175.84779757670373], [2; 600; 181.38687445689538], [2; 620; 193.62993330915828], [2; 620; 207.71960572432036], [2; 620; 215.78763010846072], [2; 640; 231.93562227121964], [2; 640; 253.529648136191], [2; 640; 266.36993778174724], [2; 640; 280.9699969602466], [2; 640; 297.7503774501872], [2; 640; 317.2834682090221], [1; 1320; 759.3606297383557], [1; 1360; 947.7756460856692], [2; 680; 535.1346181575655], [2; 680; 620.9687170299485], [2; 700; 1014.7183474365858], [2; 700; 1610.7649721722694]];
Intervals[4.9E-324=1.068072672629915, 1.068072672629915=2.143325699438479, 2.143325699438479=3.2258809888961384, 3.2258809888961384=4.315863795195958, 4.315863795195958=6.510941896447885, 6.510941896447885=8.721397155549798, 13.173606318132641=16.53665710505065, 23.311410672373903=26.723558173283582, 26.723558173283582=30.160934264655406, 30.160934264655406=33.62401051328085, 33.62401051328085=38.27636016094003, 38.27636016094003=42.964292048658486, 42.964292048658486=47.6884944277258, 47.6884944277258=57.286284938595784, 57.286284938595784=62.12364854872964, 62.12364854872964=67.0002608132084, 76.83359452318376=81.79114871394974, 81.79114871394974=88.04027661723592, 88.04027661723592=94.34270238878057, 94.34270238878057=100.69957718461441, 100.69957718461441=107.11209246451946, 107.11209246451946=113.58148195810972, 126.63656555113776=133.22358432252474, 133.22358432252474=139.871453690291, 139.871453690291=147.92362775900673, 147.92362775900673=156.05230776054972, 156.05230776054972=164.25933723958045, 164.25933723958045=172.5466318614166, 189.28573483708584=197.73961518690268, 214.82034718157354=224.88762825765022, 245.2346948378061=255.51732898059274, 276.3067446382839=286.816630750093, 286.816630750093=298.9632695171261, 298.9632695171261=311.2491266685017, 336.10739561136296=348.68405905375414, 348.68405905375414=361.41270864259735, 361.41270864259735=374.29802099099845, 374.29802099099845=387.3449072839774, 387.3449072839774=400.5585297667102, 400.5585297667102=415.6175434829157, 415.6175434829157=430.87668063991663, 461.8087699352955=479.2311163706938, 479.2311163706938=496.89972014136, 532.7472232733408=550.9355380181873, 550.9355380181873=569.3983998302325, 569.3983998302325=588.1464093958378, 588.1464093958378=607.1908378377447, 607.1908378377447=626.5436864344312, 626.5436864344312=728.8488340233775, 728.8488340233775=940.576890845913, 1152.467957519865=1266.4385736594495, 1266.4385736594495=1382.5698503295096, 1382.5698503295096=1500.967192135568, 1500.967192135568=1626.217712033685, 1626.217712033685=1754.0642125986744, 1754.0642125986744=1889.3091449994304, 1889.3091449994304=2027.5430660933166, 2027.5430660933166=2168.9367896998956, 2168.9367896998956=2313.677303345483, 2313.677303345483=2461.9699515772154, 2461.9699515772154=2774.1693919680415, 2774.1693919680415=2940.1068983238756, 2940.1068983238756=3110.8199908702945, 3110.8199908702945=3286.667788446998, 3286.667788446998=3468.0546629038936, 3468.0546629038936=3661.684596213052, 4062.4160402157263=4270.135645940047, 4270.135645940047=4485.923276048507, 4485.923276048507=4717.858898319727, 5202.1241049671735=5455.653753103365, 5455.653753103365=5722.023690885112, 5722.023690885112=6002.993687845359, 6002.993687845359=6300.7440652955465, 6300.7440652955465=6618.027533504569, 6618.027533504569=7377.388163242925, 7377.388163242925=8325.163809328595, 8325.163809328595=8860.29842748616, 8860.29842748616=9481.267144516107, 11030.017203837227=12044.735551273814, 12044.735551273814=13655.500523446084];
