1.1375590323516278
1049145.4297407412
1193464.8598520102
[1; 20; 7.062207192667569]
[1; 20; 7.109684438575841]
[2; 10; 3.5789838779618606]
[1; 20; 7.207079266975872]
[1; 40; 14.514083874983543]
[2; 20; 7.307879618088713]
[1; 40; 14.719234176187815]
[1; 60; 22.236840306191624]
[2; 30; 11.198843158746053]
[1; 80; 30.08196382247068]
[1; 80; 30.304382561804726]
[1; 80; 30.530958699128536]
[2; 50; 19.226136237294888]
[1; 100; 38.7463642977837]
[1; 100; 39.04614460703786]
[1; 100; 39.35179151788152]
[1; 120; 47.59618908656559]
[1; 120; 47.97772420801308]
[1; 140; 56.428164873080284]
[2; 80; 32.50951074494492]
[1; 160; 65.55972409229126]
[2; 80; 33.0559050202601]
[1; 180; 75.0101261460333]
[1; 180; 75.65816680982044]
[1; 180; 76.32038797359073]
[1; 200; 85.55254747095663]
[1; 200; 86.32156557712558]
[1; 200; 87.10810141969449]
[1; 200; 87.91280231775164]
[1; 1040; 461.42901450127255]
[1; 1040; 465.8131791860792]
[1; 1040; 470.3029880097993]
[2; 520; 237.45128691967403]
[1; 1040; 479.6162951635163]
[2; 520; 242.2243760032011]
[1; 1040; 489.4048032246755]
[2; 520; 247.24479266623004]
[1; 1080; 518.9280919771841]
[1; 1080; 524.493070801643]
[1; 1080; 530.2096868886148]
[1; 1080; 536.0846611882313]
[2; 540; 271.0625655875874]
[2; 540; 274.1693421338085]
[2; 540; 277.36669727950016]
[2; 560; 291.0537068734311]
[1; 1120; 589.1420507983984]
[1; 1120; 596.3931436032922]
[1; 1120; 603.8715492581729]
[1; 1120; 611.588888013415]
[1; 1120; 619.5576128807442]
[2; 560; 313.89554355202074]
[1; 1120; 636.3036705596351]
[1; 1160; 668.1504883336031]
[1; 1160; 677.5945066479576]
[1; 1160; 687.3794758927871]
[1; 1160; 697.5255269889059]
[1; 1160; 708.0544622100872]
[2; 580; 359.4949679421832]
[1; 1160; 730.357659381685]
[1; 1160; 742.1856343213475]
[2; 580; 377.25220934182425]
[1; 1160; 767.3474314270971]
[2; 580; 390.375651169008]
[1; 1200; 822.1616640280264]
[2; 600; 418.658624642014]
[2; 600; 426.59557538113467]
[1; 1200; 869.8394368788307]
[2; 600; 443.662187630564]
[1; 1200; 905.7153322431527]
[1; 1240; 955.9261637984201]
[2; 620; 488.5263334914932]
[1; 1240; 999.386501165907]
[1; 1240; 1023.0419838981417]
[2; 620; 524.0744323181627]
[1; 1280; 1109.5278219480645]
[1; 1280; 1138.9214080973884]
[2; 640; 585.1711934090083]
[1; 1280; 1204.0241689749628]
[1; 1280; 1240.2387841799393]
[1; 1280; 1279.3053978653998]
[1; 1280; 1321.601222546845]
[2; 640; 683.7878282245011]
[2; 640; 708.8844172504453]
[1; 1320; 1518.8624408593703]
[1; 1320; 1581.506818305159]
[1; 1320; 1651.0372979388778]
[1; 1320; 1728.7506905731914]
[1; 1320; 1816.3051827404781]
[1; 1360; 1973.9154069977615]
[2; 680; 1045.901811308842]
[1; 1360; 2229.030619137903]
[1; 1360; 2391.2282230428445]
[1; 1360; 2586.560907892868]
[1; 1360; 2827.378866770473]
[1; 1360; 3133.395393564483]
[2; 700; 1821.2175623398412]
[1; 1400; 4226.671550468045]
[1; 1400; 5120.247942328823]
[1; 1400; 6709.422865537037]
[2; 700; 5325.272457426491]


Jobs: [[1; 20; 7.062207192667569], [2; 10; 3.5789838779618606], [1; 20; 7.207079266975872], [2; 20; 7.307879618088713], [1; 40; 14.719234176187815], [2; 30; 11.198843158746053], [1; 80; 30.08196382247068], [1; 80; 30.530958699128536], [2; 50; 19.226136237294888], [1; 100; 38.7463642977837], [1; 100; 39.35179151788152], [1; 120; 47.97772420801308], [2; 80; 32.50951074494492], [1; 160; 65.55972409229126], [2; 80; 33.0559050202601], [1; 180; 75.0101261460333], [1; 180; 76.32038797359073], [1; 200; 86.32156557712558], [1; 200; 87.91280231775164], [1; 1040; 465.8131791860792], [2; 520; 237.45128691967403], [1; 1040; 479.6162951635163], [2; 520; 242.2243760032011], [1; 1040; 489.4048032246755], [2; 520; 247.24479266623004], [1; 1080; 518.9280919771841], [1; 1080; 530.2096868886148], [2; 540; 271.0625655875874], [2; 540; 274.1693421338085], [2; 540; 277.36669727950016], [2; 560; 291.0537068734311], [1; 1120; 589.1420507983984], [1; 1120; 603.8715492581729], [1; 1120; 619.5576128807442], [2; 560; 313.89554355202074], [1; 1120; 636.3036705596351], [1; 1160; 677.5945066479576], [1; 1160; 697.5255269889059], [2; 580; 359.4949679421832], [1; 1160; 730.357659381685], [2; 580; 377.25220934182425], [1; 1160; 767.3474314270971], [2; 580; 390.375651169008], [1; 1200; 822.1616640280264], [2; 600; 418.658624642014], [2; 600; 426.59557538113467], [1; 1200; 869.8394368788307], [2; 600; 443.662187630564], [1; 1200; 905.7153322431527], [2; 620; 488.5263334914932], [1; 1240; 999.386501165907], [2; 620; 524.0744323181627], [1; 1280; 1109.5278219480645], [2; 640; 585.1711934090083], [1; 1280; 1204.0241689749628], [1; 1280; 1279.3053978653998], [2; 640; 683.7878282245011], [2; 640; 708.8844172504453], [1; 1320; 1518.8624408593703], [1; 1320; 1651.0372979388778], [1; 1320; 1816.3051827404781], [2; 680; 1045.901811308842], [1; 1360; 2229.030619137903], [1; 1360; 2586.560907892868], [1; 1360; 3133.395393564483], [2; 700; 1821.2175623398412], [1; 1400; 4226.671550468045], [1; 1400; 6709.422865537037], [2; 700; 5325.272457426491]];
Intervals[0.0=7.062207192667569, 7.109684438575841=10.6886683165377, 10.6886683165377=17.89574758351357, 25.202752191521242=32.510631809609954, 32.510631809609954=47.22986598579777, 54.74747211580158=65.94631527454763, 65.94631527454763=96.02827909701831, 96.02827909701831=126.55923779614685, 126.55923779614685=145.78537403344174, 145.78537403344174=184.53173833122543, 184.53173833122543=223.88352984910694, 223.88352984910694=271.86125405712, 288.85587260012545=321.36538334507037, 321.36538334507037=386.92510743736165, 386.92510743736165=419.9810124576218, 419.9810124576218=494.9911386036551, 494.9911386036551=571.3115265772458, 571.3115265772458=657.6330921543714, 657.6330921543714=745.5458944721231, 745.5458944721231=1211.3590736582023, 1600.0318306691652=1837.4831175888391, 1837.4831175888391=2317.0994127523554, 2317.0994127523554=2559.3237887555565, 2559.3237887555565=3048.728591980232, 3048.728591980232=3295.973384646462, 3295.973384646462=3814.901476623646, 3814.901476623646=4345.111163512261, 4356.551116636337=4627.613682223924, 4627.613682223924=4901.783024357733, 4901.783024357733=5179.149721637233, 5179.149721637233=5470.203428510664, 5470.203428510664=6059.345479309062, 6059.345479309062=6663.2170285672355, 6663.2170285672355=7282.77464144798, 7282.77464144798=7596.670185000001, 7596.670185000001=8232.973855559636, 8232.973855559636=8910.568362207594, 8910.568362207594=9608.0938891965, 9660.25461143648=10019.749579378662, 10019.749579378662=10750.107238760347, 10761.93521370001=11139.187423041834, 11139.187423041834=11906.534854468931, 11906.534854468931=12296.91050563794, 12296.91050563794=13119.072169665966, 13119.072169665966=13537.73079430798, 13537.73079430798=13964.326369689114, 13964.326369689114=14834.165806567944, 14834.165806567944=15277.827994198507, 15277.827994198507=16183.54332644166, 16233.754157996927=16722.280491488422, 16722.280491488422=17721.66699265433, 17745.322475386565=18269.39690770473, 18269.39690770473=19378.924729652794, 19408.318315802117=19993.489509211126, 19993.489509211126=21197.51367818609, 21197.51367818609=22476.819076051488, 22555.32951593791=23239.11734416241, 23239.11734416241=23948.001761412856, 23948.001761412856=25466.864202272227, 25466.864202272227=27117.901500211105, 27117.901500211105=28934.206682951582, 29232.174677288967=30278.07648859781, 30278.07648859781=32507.107107735712, 32507.107107735712=35093.66801562858, 35093.66801562858=38227.06340919306, 38227.06340919306=40048.280971532906, 40048.280971532906=44274.95252200095, 44274.95252200095=50984.37538753799, 50984.37538753799=56309.647844964486];

Jobs: [[1; 20; 7.109684438575841], [2; 10; 3.5789838779618606], [1; 40; 14.514083874983543], [2; 20; 7.307879618088713], [1; 60; 22.236840306191624], [2; 30; 11.198843158746053], [1; 80; 30.304382561804726], [2; 50; 19.226136237294888], [1; 100; 39.04614460703786], [1; 120; 47.59618908656559], [1; 140; 56.428164873080284], [2; 80; 32.50951074494492], [2; 80; 33.0559050202601], [1; 180; 75.65816680982044], [1; 200; 85.55254747095663], [1; 200; 87.10810141969449], [1; 1040; 461.42901450127255], [1; 1040; 470.3029880097993], [2; 520; 237.45128691967403], [2; 520; 242.2243760032011], [2; 520; 247.24479266623004], [1; 1080; 524.493070801643], [1; 1080; 536.0846611882313], [2; 540; 271.0625655875874], [2; 540; 274.1693421338085], [2; 540; 277.36669727950016], [2; 560; 291.0537068734311], [1; 1120; 596.3931436032922], [1; 1120; 611.588888013415], [2; 560; 313.89554355202074], [1; 1160; 668.1504883336031], [1; 1160; 687.3794758927871], [1; 1160; 708.0544622100872], [2; 580; 359.4949679421832], [1; 1160; 742.1856343213475], [2; 580; 377.25220934182425], [2; 580; 390.375651169008], [2; 600; 418.658624642014], [2; 600; 426.59557538113467], [2; 600; 443.662187630564], [1; 1240; 955.9261637984201], [2; 620; 488.5263334914932], [1; 1240; 1023.0419838981417], [2; 620; 524.0744323181627], [1; 1280; 1138.9214080973884], [2; 640; 585.1711934090083], [1; 1280; 1240.2387841799393], [1; 1280; 1321.601222546845], [2; 640; 683.7878282245011], [2; 640; 708.8844172504453], [1; 1320; 1581.506818305159], [1; 1320; 1728.7506905731914], [1; 1360; 1973.9154069977615], [2; 680; 1045.901811308842], [1; 1360; 2391.2282230428445], [1; 1360; 2827.378866770473], [2; 700; 1821.2175623398412], [1; 1400; 5120.247942328823], [2; 700; 5325.272457426491]];
Intervals[0.0=7.109684438575841, 7.109684438575841=10.6886683165377, 10.6886683165377=25.202752191521242, 25.202752191521242=32.510631809609954, 32.510631809609954=54.74747211580158, 54.74747211580158=65.94631527454763, 65.94631527454763=96.25069783635236, 126.55923779614685=145.78537403344174, 145.78537403344174=184.8315186404796, 184.8315186404796=232.42770772704517, 232.42770772704517=288.85587260012545, 288.85587260012545=321.36538334507037, 386.92510743736165=419.9810124576218, 419.9810124576218=495.6391792674422, 495.6391792674422=581.1917267383989, 581.1917267383989=668.2998281580933, 668.2998281580933=1129.728842659366, 1129.728842659366=1600.0318306691652, 1600.0318306691652=1837.4831175888391, 2317.0994127523554=2559.3237887555565, 3048.728591980232=3295.973384646462, 3295.973384646462=3820.466455448105, 3820.466455448105=4356.551116636337, 4356.551116636337=4627.613682223924, 4627.613682223924=4901.783024357733, 4901.783024357733=5179.149721637233, 5179.149721637233=5470.203428510664, 5470.203428510664=6066.596572113956, 6066.596572113956=6678.185460127372, 7282.77464144798=7596.670185000001, 7596.670185000001=8264.820673333605, 8264.820673333605=8952.200149226392, 8952.200149226392=9660.25461143648, 9660.25461143648=10019.749579378662, 10019.749579378662=10761.93521370001, 10761.93521370001=11139.187423041834, 11906.534854468931=12296.91050563794, 13119.072169665966=13537.73079430798, 13537.73079430798=13964.326369689114, 14834.165806567944=15277.827994198507, 15277.827994198507=16233.754157996927, 16233.754157996927=16722.280491488422, 16722.280491488422=17745.322475386565, 17745.322475386565=18269.39690770473, 18269.39690770473=19408.318315802117, 19408.318315802117=19993.489509211126, 19993.489509211126=21233.728293391065, 21233.728293391065=22555.32951593791, 22555.32951593791=23239.11734416241, 23239.11734416241=23948.001761412856, 23948.001761412856=25529.508579718015, 25529.508579718015=27258.259270291204, 27258.259270291204=29232.174677288967, 29232.174677288967=30278.07648859781, 30278.07648859781=32669.304711640652, 32669.304711640652=35496.683578411124, 38227.06340919306=40048.280971532906, 40048.280971532906=45168.52891386173, 50984.37538753799=56309.647844964486];
