1.1951844396963776
11993.82317908892
14334.830836116818
[2; 10; 0.2844538102339323]
[1; 20; 0.5766217688481734]
[2; 10; 0.29230142557843003]
[1; 20; 0.5928659597369629]
[2; 20; 0.601427385671525]
[1; 40; 1.2206094852954927]
[1; 60; 1.8585513201436803]
[1; 80; 2.516340697553895]
[1; 80; 2.556125768035665]
[2; 40; 1.2987608195693998]
[2; 50; 1.6503970365755358]
[1; 100; 3.3569794834617745]
[1; 120; 4.09874223272297]
[1; 120; 4.172264715076441]
[1; 120; 4.249175517862051]
[2; 70; 2.5256767641763886]
[2; 70; 2.5749601977544234]
[1; 160; 6.003932225188338]
[1; 160; 6.128371564797303]
[1; 160; 6.259465908984574]
[2; 90; 3.598764529812653]
[1; 180; 7.362052862667362]
[2; 90; 3.76815634261598]
[2; 90; 3.8606321680326525]
[2; 100; 4.398887545909137]
[2; 100; 4.5154227760170675]
[1; 200; 9.279991809100084]
[1; 200; 9.547064646974626]
[2; 100; 4.91711053455494]
[2; 100; 5.071995916428546]
[1; 1040; 54.49271343412425]
[1; 1040; 56.388347010414726]
[1; 1040; 58.45792928778173]
[1; 1080; 63.06420126895634]
[2; 560; 34.048642140839334]
[1; 1120; 71.09116124955224]
[1; 1200; 79.75433789665664]
[2; 600; 41.89679230719585]
[1; 1240; 91.33262631213485]
[2; 620; 48.393643898217846]
[1; 1240; 103.13675036645557]
[1; 1280; 114.21068116591672]
[2; 660; 63.70043077253876]
[1; 1320; 139.262331863798]
[2; 660; 77.16757635270554]
[1; 1360; 179.56319757941827]
[1; 1360; 208.36463320310827]
[1; 1400; 259.83977065480235]
[2; 700; 170.24321070419666]
[1; 1400; 540.4885035245712]


Jobs: [[2; 10; 0.2844538102339323], [1; 20; 0.5766217688481734], [2; 10; 0.29230142557843003], [1; 20; 0.5928659597369629], [2; 20; 0.601427385671525], [1; 40; 1.2206094852954927], [1; 80; 2.516340697553895], [2; 40; 1.2987608195693998], [2; 50; 1.6503970365755358], [1; 100; 3.3569794834617745], [1; 120; 4.172264715076441], [2; 70; 2.5256767641763886], [2; 70; 2.5749601977544234], [1; 160; 6.003932225188338], [1; 160; 6.259465908984574], [2; 90; 3.598764529812653], [1; 180; 7.362052862667362], [2; 90; 3.76815634261598], [2; 90; 3.8606321680326525], [2; 100; 4.398887545909137], [2; 100; 4.5154227760170675], [1; 200; 9.279991809100084], [2; 100; 4.91711053455494], [2; 100; 5.071995916428546], [1; 1040; 54.49271343412425], [1; 1040; 58.45792928778173], [2; 560; 34.048642140839334], [1; 1120; 71.09116124955224], [2; 600; 41.89679230719585], [1; 1240; 91.33262631213485], [2; 620; 48.393643898217846], [1; 1240; 103.13675036645557], [2; 660; 63.70043077253876], [1; 1320; 139.262331863798], [2; 660; 77.16757635270554], [1; 1360; 179.56319757941827], [1; 1400; 259.83977065480235], [2; 700; 170.24321070419666], [1; 1400; 540.4885035245712]];
Intervals[4.9E-324=0.2844538102339323, 0.2844538102339323=0.8610755790821056, 0.8610755790821056=1.1533770046605356, 1.1533770046605356=1.7462429643974984, 1.7462429643974984=2.3476703500690235, 2.3476703500690235=3.568279835364516, 3.568279835364516=6.084620532918411, 6.762347438248369=8.06110825781777, 8.06110825781777=9.711505294393305, 9.711505294393305=13.06848477785508, 13.06848477785508=17.24074949293152, 18.059423044978324=20.585099809154713, 20.585099809154713=23.160060006909134, 23.160060006909134=29.16399223209747, 29.16399223209747=35.423458141082044, 35.423458141082044=39.0222226708947, 39.0222226708947=46.38427553356206, 46.38427553356206=50.15243187617804, 50.15243187617804=54.013064044210694, 54.013064044210694=58.41195159011983, 58.41195159011983=62.927374366136895, 62.927374366136895=72.20736617523698, 72.47443901311152=77.39154954766646, 77.39154954766646=82.463545464095, 82.463545464095=136.95625889821926, 136.95625889821926=195.41418818600098, 201.91609374346606=235.9647358843054, 235.9647358843054=307.0558971338577, 315.71907378096205=357.6158660881579, 357.6158660881579=448.9484924002927, 448.9484924002927=497.3421362985106, 497.3421362985106=600.4788866649661, 611.5528174644273=675.2532482369661, 675.2532482369661=814.515580100764, 814.515580100764=891.6831564534696, 891.6831564534696=1071.246354032888, 1071.246354032888=1331.0861246876902, 1331.0861246876902=1501.3293353918868, 1501.3293353918868=2041.8178389164582];

Jobs: [[2; 10; 0.2844538102339323], [2; 10; 0.29230142557843003], [2; 20; 0.601427385671525], [1; 60; 1.8585513201436803], [1; 80; 2.556125768035665], [2; 40; 1.2987608195693998], [2; 50; 1.6503970365755358], [1; 120; 4.09874223272297], [1; 120; 4.249175517862051], [2; 70; 2.5256767641763886], [2; 70; 2.5749601977544234], [1; 160; 6.128371564797303], [2; 90; 3.598764529812653], [2; 90; 3.76815634261598], [2; 90; 3.8606321680326525], [2; 100; 4.398887545909137], [2; 100; 4.5154227760170675], [1; 200; 9.547064646974626], [2; 100; 4.91711053455494], [2; 100; 5.071995916428546], [1; 1040; 56.388347010414726], [1; 1080; 63.06420126895634], [2; 560; 34.048642140839334], [1; 1200; 79.75433789665664], [2; 600; 41.89679230719585], [2; 620; 48.393643898217846], [1; 1280; 114.21068116591672], [2; 660; 63.70043077253876], [2; 660; 77.16757635270554], [1; 1360; 208.36463320310827], [2; 700; 170.24321070419666]];
Intervals[4.9E-324=0.2844538102339323, 0.8610755790821056=1.1533770046605356, 1.7462429643974984=2.3476703500690235, 2.3476703500690235=4.206221670212704, 4.206221670212704=6.762347438248369, 6.762347438248369=8.06110825781777, 8.06110825781777=9.711505294393305, 9.711505294393305=13.810247527116275, 13.810247527116275=18.059423044978324, 18.059423044978324=20.585099809154713, 20.585099809154713=23.160060006909134, 23.160060006909134=29.288431571706436, 35.423458141082044=39.0222226708947, 46.38427553356206=50.15243187617804, 50.15243187617804=54.013064044210694, 54.013064044210694=58.41195159011983, 58.41195159011983=62.927374366136895, 62.927374366136895=72.47443901311152, 72.47443901311152=77.39154954766646, 77.39154954766646=82.463545464095, 82.463545464095=138.85189247450973, 138.85189247450973=201.91609374346606, 201.91609374346606=235.9647358843054, 235.9647358843054=315.71907378096205, 315.71907378096205=357.6158660881579, 448.9484924002927=497.3421362985106, 497.3421362985106=611.5528174644273, 611.5528174644273=675.2532482369661, 814.515580100764=891.6831564534696, 891.6831564534696=1100.0477896565778, 1331.0861246876902=1501.3293353918868];
