1.1705751461639438
104995.21817341147
122904.7928598563
[2; 10; 0.7611431513071502]
[1; 20; 1.532520208128578]
[1; 20; 1.5429278654852998]
[1; 20; 1.5535140432248877]
[1; 20; 1.5642836917063647]
[2; 10; 0.7876209760116515]
[2; 10; 0.7931970827281605]
[1; 20; 1.5977458835005185]
[1; 20; 1.6093028785094394]
[1; 20; 1.621071155000649]
[1; 40; 3.2661139233436893]
[1; 40; 3.2905336083612435]
[1; 40; 3.3154149174912924]
[1; 40; 3.3407719732640992]
[1; 40; 3.366619499178938]
[1; 40; 3.392972852634598]
[2; 20; 1.709924030038523]
[1; 60; 5.170892781812977]
[2; 30; 2.6064237868399642]
[2; 30; 2.6278319349174812]
[1; 60; 5.299370327832164]
[1; 60; 5.3439969325497]
[1; 60; 5.389575075435026]
[2; 30; 2.718068819784789]
[1; 80; 7.311625454749761]
[1; 80; 7.376474103111315]
[2; 40; 3.721390021938595]
[2; 40; 3.7552981956013847]
[1; 80; 7.579978957949646]
[1; 80; 7.650986432655292]
[1; 80; 7.7236805707953415]
[1; 80; 7.798126401716111]
[1; 80; 7.874392452770023]
[1; 100; 9.94068874045181]
[1; 100; 10.040847867260496]
[2; 50; 5.071784326343547]
[1; 100; 10.248957557851943]
[1; 120; 12.42855266864609]
[2; 60; 6.280918161475012]
[1; 120; 12.698751755399734]
[2; 60; 6.419729967831622]
[1; 120; 12.984131809352064]
[1; 120; 13.132949098419243]
[2; 60; 6.643052590450723]
[2; 60; 6.721903029711681]
[1; 120; 13.60627142919172]
[1; 140; 16.069358500678703]
[2; 70; 8.135429219357873]
[1; 140; 16.478796246953962]
[1; 140; 16.69350746229879]
[1; 140; 16.915352147167045]
[1; 180; 22.04320785104172]
[1; 180; 22.348310200122434]
[2; 90; 11.3320969518671]
[2; 90; 11.49574087026601]
[1; 180; 23.330847049936896]
[2; 100; 13.157232819341848]
[2; 100; 13.360438336433248]
[2; 100; 13.571676020344272]
[1; 200; 27.58293240736465]
[1; 200; 28.040753443899465]
[2; 100; 14.259028574011914]
[2; 100; 14.50810242308404]
[1; 200; 29.536692178046437]
[2; 100; 15.040583214682606]
[2; 100; 15.325723328933584]
[1; 1040; 162.4976452207886]
[1; 1040; 165.76406565827637]
[1; 1080; 175.70742489624533]
[1; 1080; 179.46604974332888]
[1; 1120; 190.22614061337023]
[1; 1120; 194.57440066657156]
[1; 1120; 199.17997755772757]
[2; 560; 102.03406635372602]
[1; 1160; 216.74151326569876]
[1; 1160; 222.48342456912565]
[2; 580; 114.3106891689104]
[1; 1200; 243.31134867485451]
[1; 1200; 250.6296626209652]
[1; 1200; 258.52431349999296]
[2; 620; 137.98695669596347]
[1; 1240; 285.5741954009783]
[2; 620; 148.02771322665492]
[2; 620; 153.77724849886323]
[1; 1280; 330.56966058539047]
[2; 660; 177.94376426446394]
[1; 1320; 372.63895338937823]
[1; 1320; 391.51166563392894]
[2; 660; 206.4854473052401]
[2; 680; 225.44821438940792]
[2; 680; 240.23812152839142]
[1; 1360; 515.4385691405759]
[1; 1360; 557.5432911471457]
[2; 680; 304.72627068026287]
[1; 1360; 675.4155971592558]
[1; 1360; 762.7084936740654]
[1; 1360; 885.044806884791]
[2; 700; 551.844706332671]
[1; 1400; 1446.2422650610833]
[1; 1400; 2295.766492958835]


Jobs: [[2; 10; 0.7611431513071502], [1; 20; 1.532520208128578], [1; 20; 1.5535140432248877], [2; 10; 0.7876209760116515], [2; 10; 0.7931970827281605], [1; 20; 1.5977458835005185], [1; 20; 1.621071155000649], [1; 40; 3.2905336083612435], [1; 40; 3.3407719732640992], [1; 40; 3.392972852634598], [2; 20; 1.709924030038523], [1; 60; 5.170892781812977], [2; 30; 2.6064237868399642], [2; 30; 2.6278319349174812], [1; 60; 5.299370327832164], [1; 60; 5.389575075435026], [2; 30; 2.718068819784789], [1; 80; 7.311625454749761], [2; 40; 3.721390021938595], [2; 40; 3.7552981956013847], [1; 80; 7.579978957949646], [1; 80; 7.7236805707953415], [1; 80; 7.874392452770023], [1; 100; 10.040847867260496], [2; 50; 5.071784326343547], [1; 100; 10.248957557851943], [2; 60; 6.280918161475012], [1; 120; 12.698751755399734], [2; 60; 6.419729967831622], [1; 120; 12.984131809352064], [2; 60; 6.643052590450723], [2; 60; 6.721903029711681], [1; 120; 13.60627142919172], [2; 70; 8.135429219357873], [1; 140; 16.478796246953962], [1; 140; 16.915352147167045], [1; 180; 22.348310200122434], [2; 90; 11.3320969518671], [2; 90; 11.49574087026601], [1; 180; 23.330847049936896], [2; 100; 13.157232819341848], [2; 100; 13.360438336433248], [2; 100; 13.571676020344272], [1; 200; 27.58293240736465], [2; 100; 14.259028574011914], [2; 100; 14.50810242308404], [1; 200; 29.536692178046437], [2; 100; 15.040583214682606], [2; 100; 15.325723328933584], [1; 1040; 162.4976452207886], [1; 1080; 175.70742489624533], [1; 1120; 190.22614061337023], [1; 1120; 199.17997755772757], [2; 560; 102.03406635372602], [1; 1160; 216.74151326569876], [2; 580; 114.3106891689104], [1; 1200; 243.31134867485451], [1; 1200; 258.52431349999296], [2; 620; 137.98695669596347], [1; 1240; 285.5741954009783], [2; 620; 148.02771322665492], [2; 620; 153.77724849886323], [1; 1280; 330.56966058539047], [2; 660; 177.94376426446394], [1; 1320; 372.63895338937823], [2; 660; 206.4854473052401], [2; 680; 225.44821438940792], [2; 680; 240.23812152839142], [1; 1360; 515.4385691405759], [2; 680; 304.72627068026287], [1; 1360; 675.4155971592558], [1; 1360; 885.044806884791], [2; 700; 551.844706332671], [1; 1400; 1446.2422650610833]];
Intervals[4.9E-324=0.7611431513071502, 0.7611431513071502=2.2936633594357283, 2.2936633594357283=3.8471774026606163, 3.868354708498815=4.655975684510466, 4.655975684510466=5.449172767238626, 5.449172767238626=7.046918650739145, 7.046918650739145=8.667989805739793, 8.667989805739793=11.958523414101037, 11.958523414101037=15.299295387365136, 15.299295387365136=18.692268239999734, 18.692268239999734=20.402192270038256, 20.402192270038256=25.573085051851233, 25.573085051851233=28.1795088386912, 28.1795088386912=30.80734077360868, 30.80734077360868=36.106711101440844, 36.106711101440844=41.49628617687587, 41.49628617687587=44.21435499666066, 44.21435499666066=51.52598045141042, 51.59082909977197=55.31221912171057, 55.31221912171057=59.06751731731195, 59.06751731731195=66.6474962752616, 66.6474962752616=74.37117684605694, 74.37117684605694=82.24556929882696, 82.24556929882696=92.28641716608746, 92.28641716608746=97.35820149243101, 97.35820149243101=107.60715905028295, 109.7867541610771=116.06767232255211, 116.06767232255211=128.76642407795185, 128.76642407795185=135.18615404578347, 135.18615404578347=148.17028585513555, 148.3191031442027=154.96215573465344, 154.96215573465344=161.68405876436512, 161.68405876436512=175.29033019355683, 177.75341726504382=185.88884648440168, 185.88884648440168=202.36764273135566, 202.36764273135566=219.28299487852271, 219.28299487852271=241.63130507864514, 241.63130507864514=252.96340203051224, 252.96340203051224=264.45914290077826, 264.45914290077826=287.78998995071515, 287.78998995071515=300.947222770057, 300.947222770057=314.3076611064903, 314.3076611064903=327.87933712683457, 327.87933712683457=355.4622695341992, 355.92009057073403=370.1791191447459, 370.1791191447459=384.68722156782997, 384.68722156782997=414.2239137458764, 414.2239137458764=429.26449696055903, 429.26449696055903=444.5902202894926, 444.5902202894926=607.0878655102812, 607.0878655102812=782.7952904065265, 782.7952904065265=973.0214310198968, 973.0214310198968=1172.2014085776243, 1172.2014085776243=1274.2354749313504, 1274.2354749313504=1490.9769881970492, 1496.718899500476=1611.0295886693864, 1611.0295886693864=1854.340937344241, 1854.340937344241=2112.8652508442337, 2112.8652508442337=2250.852207540197, 2250.852207540197=2536.426402941175, 2536.426402941175=2684.4541161678303, 2684.4541161678303=2838.2313646666935, 2838.2313646666935=3168.801025252084, 3168.801025252084=3346.744789516548, 3346.744789516548=3719.383742905926, 3738.2564551504765=3944.7419024557166, 3944.7419024557166=4170.190116845125, 4170.190116845125=4410.428238373516, 4410.428238373516=4925.866807514092, 4967.971529520662=5272.6978002009255, 5272.6978002009255=5948.113397360181, 5948.113397360181=6833.158204244972, 6833.158204244972=7385.002910577643, 7385.002910577643=8831.245175638727];

Jobs: [[2; 10; 0.7611431513071502], [1; 20; 1.5429278654852998], [1; 20; 1.5642836917063647], [2; 10; 0.7876209760116515], [2; 10; 0.7931970827281605], [1; 20; 1.6093028785094394], [1; 40; 3.2661139233436893], [1; 40; 3.3154149174912924], [1; 40; 3.366619499178938], [2; 20; 1.709924030038523], [2; 30; 2.6064237868399642], [2; 30; 2.6278319349174812], [1; 60; 5.3439969325497], [2; 30; 2.718068819784789], [1; 80; 7.376474103111315], [2; 40; 3.721390021938595], [2; 40; 3.7552981956013847], [1; 80; 7.650986432655292], [1; 80; 7.798126401716111], [1; 100; 9.94068874045181], [2; 50; 5.071784326343547], [1; 120; 12.42855266864609], [2; 60; 6.280918161475012], [2; 60; 6.419729967831622], [1; 120; 13.132949098419243], [2; 60; 6.643052590450723], [2; 60; 6.721903029711681], [1; 140; 16.069358500678703], [2; 70; 8.135429219357873], [1; 140; 16.69350746229879], [1; 180; 22.04320785104172], [2; 90; 11.3320969518671], [2; 90; 11.49574087026601], [2; 100; 13.157232819341848], [2; 100; 13.360438336433248], [2; 100; 13.571676020344272], [1; 200; 28.040753443899465], [2; 100; 14.259028574011914], [2; 100; 14.50810242308404], [2; 100; 15.040583214682606], [2; 100; 15.325723328933584], [1; 1040; 165.76406565827637], [1; 1080; 179.46604974332888], [1; 1120; 194.57440066657156], [2; 560; 102.03406635372602], [1; 1160; 222.48342456912565], [2; 580; 114.3106891689104], [1; 1200; 250.6296626209652], [2; 620; 137.98695669596347], [2; 620; 148.02771322665492], [2; 620; 153.77724849886323], [2; 660; 177.94376426446394], [1; 1320; 391.51166563392894], [2; 660; 206.4854473052401], [2; 680; 225.44821438940792], [2; 680; 240.23812152839142], [1; 1360; 557.5432911471457], [2; 680; 304.72627068026287], [1; 1360; 762.7084936740654], [2; 700; 551.844706332671], [1; 1400; 2295.766492958835]];
Intervals[4.9E-324=0.7611431513071502, 0.7611431513071502=2.30407101679245, 2.30407101679245=3.868354708498815, 3.868354708498815=4.655975684510466, 4.655975684510466=5.449172767238626, 5.449172767238626=7.058475645748066, 7.058475645748066=10.324589569091756, 10.324589569091756=13.640004486583049, 13.640004486583049=17.006623985761987, 18.692268239999734=20.402192270038256, 25.573085051851233=28.1795088386912, 28.1795088386912=30.80734077360868, 30.80734077360868=36.15133770615838, 41.49628617687587=44.21435499666066, 44.21435499666066=51.59082909977197, 51.59082909977197=55.31221912171057, 55.31221912171057=59.06751731731195, 59.06751731731195=66.71850374996724, 66.71850374996724=74.51663015168336, 74.51663015168336=84.45731889213516, 92.28641716608746=97.35820149243101, 97.35820149243101=109.7867541610771, 109.7867541610771=116.06767232255211, 128.76642407795185=135.18615404578347, 135.18615404578347=148.3191031442027, 148.3191031442027=154.96215573465344, 154.96215573465344=161.68405876436512, 161.68405876436512=177.75341726504382, 177.75341726504382=185.88884648440168, 185.88884648440168=202.58235394670047, 202.58235394670047=224.6255617977422, 241.63130507864514=252.96340203051224, 252.96340203051224=264.45914290077826, 287.78998995071515=300.947222770057, 300.947222770057=314.3076611064903, 314.3076611064903=327.87933712683457, 327.87933712683457=355.92009057073403, 355.92009057073403=370.1791191447459, 370.1791191447459=384.68722156782997, 414.2239137458764=429.26449696055903, 429.26449696055903=444.5902202894926, 444.5902202894926=610.354285947769, 610.354285947769=789.8203356910979, 789.8203356910979=984.3947363576694, 1172.2014085776243=1274.2354749313504, 1274.2354749313504=1496.718899500476, 1496.718899500476=1611.0295886693864, 1611.0295886693864=1861.6592512903517, 2112.8652508442337=2250.852207540197, 2536.426402941175=2684.4541161678303, 2684.4541161678303=2838.2313646666935, 3168.801025252084=3346.744789516548, 3346.744789516548=3738.2564551504765, 3738.2564551504765=3944.7419024557166, 3944.7419024557166=4170.190116845125, 4170.190116845125=4410.428238373516, 4410.428238373516=4967.971529520662, 4967.971529520662=5272.6978002009255, 5272.6978002009255=6035.406293874991, 6833.158204244972=7385.002910577643, 7385.002910577643=9680.769403536478];
