1.1363880588507547
99563.04145247945
113142.25140946034
[1; 20; 2.33239495408945]
[2; 20; 2.364021250011682]
[2; 40; 4.793483831569054]
[2; 50; 6.07654706666036]
[1; 140; 17.260031407322266]
[2; 70; 8.757398878982054]
[2; 70; 8.889589145768253]
[2; 80; 10.316438266230177]
[2; 80; 10.479548223455673]
[2; 80; 10.649262105652726]
[2; 100; 13.532522968095478]
[2; 520; 71.56692752541834]
[2; 520; 72.81704425058643]
[1; 1040; 148.24644592545957]
[2; 540; 78.39304363576832]
[2; 540; 79.87922280181051]
[2; 540; 81.43790300469934]
[1; 1120; 172.30352531832065]
[1; 1120; 175.8747409980972]
[2; 560; 89.81847248401075]
[1; 1120; 183.60702198197484]
[2; 580; 97.25563237228548]
[1; 1160; 199.11534720818474]
[2; 600; 105.51823253729121]
[2; 600; 108.20677466666073]
[2; 600; 111.0733861118074]
[2; 600; 114.13771915237908]
[2; 600; 117.42253719851797]
[2; 600; 120.95436995620808]
[1; 1200; 249.52868811097517]
[1; 1240; 266.37111082219843]
[2; 620; 137.81867046086424]
[2; 620; 142.8769332580235]
[2; 620; 148.42640740340968]
[2; 620; 154.54814669866855]
[2; 640; 166.54741705310585]
[2; 640; 174.38670986001972]
[2; 640; 183.21871779833936]
[2; 660; 199.30056899691118]
[2; 660; 211.2034035194991]
[1; 1320; 450.1176384061985]
[2; 660; 241.43544539163335]
[1; 1360; 538.1429859401852]
[2; 680; 294.12299959863526]
[2; 680; 325.9569005466957]
[2; 680; 368.0846247321969]
[2; 700; 439.68685249524293]
[2; 700; 532.642689377769]
[2; 700; 697.9593721875352]
[2; 700; 1107.9414416415575]


Jobs: [[1; 20; 2.33239495408945], [2; 20; 2.364021250011682], [2; 40; 4.793483831569054], [2; 50; 6.07654706666036], [1; 140; 17.260031407322266], [2; 70; 8.757398878982054], [2; 70; 8.889589145768253], [2; 80; 10.316438266230177], [2; 80; 10.479548223455673], [2; 80; 10.649262105652726], [2; 100; 13.532522968095478], [2; 520; 71.56692752541834], [2; 520; 72.81704425058643], [1; 1040; 148.24644592545957], [2; 540; 78.39304363576832], [2; 540; 79.87922280181051], [2; 540; 81.43790300469934], [1; 1120; 172.30352531832065], [2; 560; 89.81847248401075], [1; 1120; 183.60702198197484], [2; 580; 97.25563237228548], [1; 1160; 199.11534720818474], [2; 600; 105.51823253729121], [2; 600; 108.20677466666073], [2; 600; 111.0733861118074], [2; 600; 114.13771915237908], [2; 600; 117.42253719851797], [2; 600; 120.95436995620808], [1; 1200; 249.52868811097517], [2; 620; 137.81867046086424], [2; 620; 142.8769332580235], [2; 620; 148.42640740340968], [2; 620; 154.54814669866855], [2; 640; 166.54741705310585], [2; 640; 174.38670986001972], [2; 640; 183.21871779833936], [2; 660; 199.30056899691118], [2; 660; 211.2034035194991], [1; 1320; 450.1176384061985], [2; 660; 241.43544539163335], [1; 1360; 538.1429859401852], [2; 680; 294.12299959863526], [2; 680; 325.9569005466957], [2; 680; 368.0846247321969], [2; 700; 439.68685249524293], [2; 700; 532.642689377769], [2; 700; 697.9593721875352], [2; 700; 1107.9414416415575]];
Intervals[0.0=2.33239495408945, 2.33239495408945=4.696416204101132, 4.696416204101132=9.489900035670185, 9.489900035670185=15.566447102330546, 15.566447102330546=32.826478509652816, 32.826478509652816=41.58387738863487, 41.58387738863487=50.47346653440312, 50.47346653440312=60.7899048006333, 60.7899048006333=71.26945302408897, 71.26945302408897=81.9187151297417, 81.9187151297417=95.45123809783718, 95.45123809783718=167.01816562325553, 167.01816562325553=239.83520987384196, 239.83520987384196=388.08165579930153, 388.08165579930153=466.47469943506985, 466.47469943506985=546.3539222368804, 546.3539222368804=627.7918252415798, 627.7918252415798=800.0953505599005, 803.666566239677=893.4850387236877, 893.4850387236877=1077.0920607056626, 1077.0920607056626=1174.347693077948, 1174.347693077948=1373.4630402861326, 1373.4630402861326=1478.9812728234238, 1478.9812728234238=1587.1880474900845, 1587.1880474900845=1698.261433601892, 1698.261433601892=1812.399152754271, 1812.399152754271=1929.821689952789, 1929.821689952789=2050.776059908997, 2050.776059908997=2300.304748019972, 2317.1471707311953=2454.9658411920595, 2454.9658411920595=2597.842774450083, 2597.842774450083=2746.2691818534927, 2746.2691818534927=2900.817328552161, 2900.817328552161=3067.3647456052668, 3067.3647456052668=3241.7514554652867, 3241.7514554652867=3424.970173263626, 3424.970173263626=3624.270742260537, 3624.270742260537=3835.4741457800365, 3835.4741457800365=4285.591784186235, 4285.591784186235=4527.027229577868, 4527.027229577868=5065.170215518053, 5065.170215518053=5359.293215116688, 5359.293215116688=5685.250115663383, 5685.250115663383=6053.33474039558, 6053.33474039558=6493.021592890824, 6493.021592890824=7025.664282268593, 7025.664282268593=7723.623654456128, 7723.623654456128=8831.565096097685];

Jobs: [[2; 20; 2.364021250011682], [2; 40; 4.793483831569054], [2; 50; 6.07654706666036], [2; 70; 8.757398878982054], [2; 70; 8.889589145768253], [2; 80; 10.316438266230177], [2; 80; 10.479548223455673], [2; 80; 10.649262105652726], [2; 100; 13.532522968095478], [2; 520; 71.56692752541834], [2; 520; 72.81704425058643], [2; 540; 78.39304363576832], [2; 540; 79.87922280181051], [2; 540; 81.43790300469934], [1; 1120; 175.8747409980972], [2; 560; 89.81847248401075], [2; 580; 97.25563237228548], [2; 600; 105.51823253729121], [2; 600; 108.20677466666073], [2; 600; 111.0733861118074], [2; 600; 114.13771915237908], [2; 600; 117.42253719851797], [2; 600; 120.95436995620808], [1; 1240; 266.37111082219843], [2; 620; 137.81867046086424], [2; 620; 142.8769332580235], [2; 620; 148.42640740340968], [2; 620; 154.54814669866855], [2; 640; 166.54741705310585], [2; 640; 174.38670986001972], [2; 640; 183.21871779833936], [2; 660; 199.30056899691118], [2; 660; 211.2034035194991], [2; 660; 241.43544539163335], [2; 680; 294.12299959863526], [2; 680; 325.9569005466957], [2; 680; 368.0846247321969], [2; 700; 439.68685249524293], [2; 700; 532.642689377769], [2; 700; 697.9593721875352], [2; 700; 1107.9414416415575]];
Intervals[2.33239495408945=4.696416204101132, 4.696416204101132=9.489900035670185, 9.489900035670185=15.566447102330546, 32.826478509652816=41.58387738863487, 41.58387738863487=50.47346653440312, 50.47346653440312=60.7899048006333, 60.7899048006333=71.26945302408897, 71.26945302408897=81.9187151297417, 81.9187151297417=95.45123809783718, 95.45123809783718=167.01816562325553, 167.01816562325553=239.83520987384196, 388.08165579930153=466.47469943506985, 466.47469943506985=546.3539222368804, 546.3539222368804=627.7918252415798, 627.7918252415798=803.666566239677, 803.666566239677=893.4850387236877, 1077.0920607056626=1174.347693077948, 1373.4630402861326=1478.9812728234238, 1478.9812728234238=1587.1880474900845, 1587.1880474900845=1698.261433601892, 1698.261433601892=1812.399152754271, 1812.399152754271=1929.821689952789, 1929.821689952789=2050.776059908997, 2050.776059908997=2317.1471707311953, 2317.1471707311953=2454.9658411920595, 2454.9658411920595=2597.842774450083, 2597.842774450083=2746.2691818534927, 2746.2691818534927=2900.817328552161, 2900.817328552161=3067.3647456052668, 3067.3647456052668=3241.7514554652867, 3241.7514554652867=3424.970173263626, 3424.970173263626=3624.270742260537, 3624.270742260537=3835.4741457800365, 4285.591784186235=4527.027229577868, 5065.170215518053=5359.293215116688, 5359.293215116688=5685.250115663383, 5685.250115663383=6053.33474039558, 6053.33474039558=6493.021592890824, 6493.021592890824=7025.664282268593, 7025.664282268593=7723.623654456128, 7723.623654456128=8831.565096097685];
