1.11668536829694
1223157.6298964282
1365882.228426105
[1; 40; 15.645938095553818]
[1; 60; 23.626682049283527]
[2; 30; 11.893567833378407]
[2; 40; 15.966894341181323]
[2; 40; 16.07758393561746]
[1; 100; 40.475530168914155]
[2; 60; 24.457250451427857]
[2; 60; 24.63225854040496]
[1; 120; 49.620862719937726]
[1; 120; 49.98372296210758]
[1; 140; 58.7455055578768]
[1; 140; 59.184726839065824]
[1; 140; 59.63225105839562]
[2; 70; 30.04416611440003]
[2; 80; 34.6018486699765]
[2; 80; 34.87270635034149]
[2; 80; 35.14892760466636]
[1; 160; 70.86136882753459]
[2; 90; 40.18292598735555]
[2; 90; 40.51297286387219]
[1; 180; 81.69976300018429]
[1; 180; 82.3877660653366]
[1; 200; 92.32270986824297]
[2; 100; 46.56016022388441]
[2; 100; 46.967692216647265]
[2; 100; 47.38426051267951]
[1; 200; 95.62038003736677]
[2; 520; 250.87827400524873]
[1; 1040; 506.3917534415598]
[2; 520; 255.56775663120752]
[1; 1040; 515.9919531393432]
[1; 1040; 520.9654174544182]
[2; 520; 263.030242139604]
[2; 520; 265.6409908059063]
[1; 1080; 557.2748128893265]
[1; 1080; 562.9758958292546]
[2; 540; 284.41253073784947]
[2; 540; 287.4142807488239]
[1; 1080; 580.993016307254]
[1; 1080; 587.3254431939697]
[2; 540; 296.9166435542804]
[2; 540; 300.2622271978011]
[1; 1080; 607.4073498124008]
[2; 560; 318.6249200387738]
[2; 560; 322.4068733746032]
[2; 560; 326.3030878593361]
[1; 1120; 660.6383776957166]
[1; 1120; 668.9223793355429]
[2; 560; 338.73552632813954]
[2; 560; 343.14909607246045]
[2; 580; 360.12748958271607]
[1; 1160; 730.0213341605876]
[1; 1160; 740.1256359226792]
[2; 580; 375.29349591684763]
[1; 1200; 787.6820968119875]
[1; 1200; 799.3086627512342]
[2; 600; 405.6869916914099]
[1; 1200; 823.9051646814771]
[1; 1200; 836.9316698280221]
[1; 1200; 850.4855864465134]
[1; 1200; 864.6019315469678]
[1; 1200; 879.3190005924225]
[1; 1200; 894.6787683986939]
[2; 620; 470.5424647688366]
[2; 620; 479.21636280299515]
[2; 620; 488.3013701122325]
[2; 620; 497.82957597029184]
[2; 620; 507.83661760542316]
[2; 620; 518.3621950026742]
[2; 620; 529.4506793229941]
[2; 620; 541.1518356323288]
[2; 620; 553.5216860745937]
[2; 620; 566.6235467376899]
[2; 620; 580.5292808476269]
[2; 640; 614.5247209511891]
[1; 1280; 1261.6093921241827]
[2; 640; 648.207565821955]
[1; 1280; 1333.7252150355905]
[1; 1280; 1373.8409757456177]
[1; 1280; 1417.1159606512044]
[1; 1280; 1463.968016716153]
[1; 1280; 1514.8949526716797]
[2; 660; 809.78652994571]
[2; 660; 841.2393985700674]
[2; 660; 875.9357061411957]
[1; 1320; 1828.8919209155017]
[1; 1320; 1914.9768301499946]
[1; 1320; 2011.9629512779122]
[2; 660; 1061.1205397507522]
[1; 1320; 2248.9877542023487]
[2; 660; 1198.2631906693698]
[1; 1360; 2648.81840261739]
[1; 1360; 2865.192902247965]
[1; 1360; 3131.9524842104306]
[2; 680; 1735.4670083704202]
[1; 1360; 3919.5287563462525]
[2; 700; 2340.9905580765926]
[1; 1400; 5671.816200942106]
[2; 700; 3716.0908745384054]
[2; 700; 5898.926563451691]


Jobs: [[1; 40; 15.645938095553818], [2; 30; 11.893567833378407], [2; 40; 15.966894341181323], [2; 40; 16.07758393561746], [1; 100; 40.475530168914155], [2; 60; 24.457250451427857], [2; 60; 24.63225854040496], [1; 120; 49.620862719937726], [1; 140; 58.7455055578768], [1; 140; 59.63225105839562], [2; 70; 30.04416611440003], [2; 80; 34.6018486699765], [2; 80; 34.87270635034149], [2; 80; 35.14892760466636], [1; 160; 70.86136882753459], [2; 90; 40.18292598735555], [2; 90; 40.51297286387219], [1; 180; 81.69976300018429], [1; 200; 92.32270986824297], [2; 100; 46.56016022388441], [2; 100; 46.967692216647265], [2; 100; 47.38426051267951], [1; 200; 95.62038003736677], [2; 520; 250.87827400524873], [1; 1040; 506.3917534415598], [2; 520; 255.56775663120752], [1; 1040; 515.9919531393432], [2; 520; 263.030242139604], [2; 520; 265.6409908059063], [1; 1080; 557.2748128893265], [2; 540; 284.41253073784947], [2; 540; 287.4142807488239], [1; 1080; 580.993016307254], [2; 540; 296.9166435542804], [2; 540; 300.2622271978011], [1; 1080; 607.4073498124008], [2; 560; 318.6249200387738], [2; 560; 322.4068733746032], [2; 560; 326.3030878593361], [1; 1120; 660.6383776957166], [2; 560; 338.73552632813954], [2; 560; 343.14909607246045], [2; 580; 360.12748958271607], [1; 1160; 730.0213341605876], [2; 580; 375.29349591684763], [1; 1200; 787.6820968119875], [2; 600; 405.6869916914099], [1; 1200; 823.9051646814771], [1; 1200; 850.4855864465134], [1; 1200; 879.3190005924225], [2; 620; 470.5424647688366], [2; 620; 479.21636280299515], [2; 620; 488.3013701122325], [2; 620; 497.82957597029184], [2; 620; 507.83661760542316], [2; 620; 518.3621950026742], [2; 620; 529.4506793229941], [2; 620; 541.1518356323288], [2; 620; 553.5216860745937], [2; 620; 566.6235467376899], [2; 620; 580.5292808476269], [2; 640; 614.5247209511891], [1; 1280; 1261.6093921241827], [2; 640; 648.207565821955], [1; 1280; 1333.7252150355905], [1; 1280; 1417.1159606512044], [1; 1280; 1514.8949526716797], [2; 660; 809.78652994571], [2; 660; 841.2393985700674], [2; 660; 875.9357061411957], [1; 1320; 1828.8919209155017], [1; 1320; 2011.9629512779122], [2; 660; 1061.1205397507522], [1; 1320; 2248.9877542023487], [2; 660; 1198.2631906693698], [1; 1360; 2648.81840261739], [1; 1360; 3131.9524842104306], [2; 680; 1735.4670083704202], [1; 1360; 3919.5287563462525], [2; 700; 2340.9905580765926], [1; 1400; 5671.816200942106], [2; 700; 3716.0908745384054], [2; 700; 5898.926563451691]];
Intervals[0.0=15.645938095553818, 23.626682049283527=35.520249882661936, 35.520249882661936=51.48714422384326, 51.48714422384326=67.56472815946071, 67.56472815946071=108.04025832837488, 108.04025832837488=132.49750877980273, 132.49750877980273=157.1297673202077, 157.1297673202077=206.7506300401454, 206.7506300401454=265.4961355980222, 265.4961355980222=325.12838665641783, 325.12838665641783=355.17255277081784, 355.17255277081784=389.77440144079435, 389.77440144079435=424.64710779113585, 424.64710779113585=459.7960353958022, 459.7960353958022=530.6574042233368, 530.6574042233368=570.8403302106924, 570.8403302106924=611.3533030745646, 611.3533030745646=693.0530660747488, 693.0530660747488=785.3757759429918, 785.3757759429918=831.9359361668762, 831.9359361668762=878.9036283835235, 878.9036283835235=926.287888896203, 926.287888896203=1021.9082689335697, 1021.9082689335697=1272.7865429388185, 1272.7865429388185=1779.1782963803782, 1779.1782963803782=2034.7460530115857, 2034.7460530115857=2550.738006150929, 2555.711470466004=2818.741712605608, 2818.741712605608=3084.3827034115143, 3084.3827034115143=3641.657516300841, 3647.358599240769=3931.7711299786183, 3931.7711299786183=4219.185410727442, 4219.185410727442=4800.178427034696, 4806.510853921412=5103.427497475692, 5103.427497475692=5403.6897246734925, 5403.6897246734925=6011.097074485893, 6011.097074485893=6329.721994524667, 6329.721994524667=6652.1288678992705, 6652.1288678992705=6978.431955758607, 6978.431955758607=7639.070333454323, 7647.35433509415=7986.08986142229, 7986.08986142229=8329.23895749475, 8329.23895749475=8689.366447077466, 8689.366447077466=9419.387781238052, 9429.492083000145=9804.785578916992, 9804.785578916992=10592.46767572898, 10604.094241668226=11009.781233359636, 11009.781233359636=11833.686398041113, 11833.686398041113=12684.171984487626, 12684.171984487626=13563.490985080049, 13605.993603133318=14076.536067902154, 14076.536067902154=14555.75243070515, 14555.75243070515=15044.053800817383, 15044.053800817383=15541.883376787675, 15541.883376787675=16049.719994393097, 16049.719994393097=16568.082189395773, 16568.082189395773=17097.53286871877, 17097.53286871877=17638.684704351097, 17638.684704351097=18192.20639042569, 18192.20639042569=18758.82993716338, 18758.82993716338=19339.359218011006, 19339.359218011006=19953.883938962197, 19953.883938962197=21215.493331086378, 21215.493331086378=21863.700896908333, 21863.700896908333=23197.42611194392, 23197.42611194392=24614.542072595126, 24614.542072595126=26129.437025266805, 26129.437025266805=26939.223555212517, 26939.223555212517=27780.462953782582, 27780.462953782582=28656.39865992378, 28656.39865992378=30485.290580839282, 30485.290580839282=32497.253532117196, 32497.253532117196=33558.37407186795, 33558.37407186795=35807.36182607029, 35807.36182607029=37005.625016739665, 37005.625016739665=39654.443419357056, 39654.443419357056=42786.395903567485, 42786.395903567485=44521.862911937904, 44521.862911937904=48441.39166828416, 48441.39166828416=50782.38222636075, 50782.38222636075=56454.19842730286, 56454.19842730286=60170.289301841265, 60170.289301841265=66069.21586529295];

Jobs: [[1; 60; 23.626682049283527], [2; 30; 11.893567833378407], [2; 40; 15.966894341181323], [2; 40; 16.07758393561746], [2; 60; 24.457250451427857], [2; 60; 24.63225854040496], [1; 120; 49.98372296210758], [1; 140; 59.184726839065824], [2; 70; 30.04416611440003], [2; 80; 34.6018486699765], [2; 80; 34.87270635034149], [2; 80; 35.14892760466636], [2; 90; 40.18292598735555], [2; 90; 40.51297286387219], [1; 180; 82.3877660653366], [2; 100; 46.56016022388441], [2; 100; 46.967692216647265], [2; 100; 47.38426051267951], [2; 520; 250.87827400524873], [2; 520; 255.56775663120752], [1; 1040; 520.9654174544182], [2; 520; 263.030242139604], [2; 520; 265.6409908059063], [1; 1080; 562.9758958292546], [2; 540; 284.41253073784947], [2; 540; 287.4142807488239], [1; 1080; 587.3254431939697], [2; 540; 296.9166435542804], [2; 540; 300.2622271978011], [2; 560; 318.6249200387738], [2; 560; 322.4068733746032], [2; 560; 326.3030878593361], [1; 1120; 668.9223793355429], [2; 560; 338.73552632813954], [2; 560; 343.14909607246045], [2; 580; 360.12748958271607], [1; 1160; 740.1256359226792], [2; 580; 375.29349591684763], [1; 1200; 799.3086627512342], [2; 600; 405.6869916914099], [1; 1200; 836.9316698280221], [1; 1200; 864.6019315469678], [1; 1200; 894.6787683986939], [2; 620; 470.5424647688366], [2; 620; 479.21636280299515], [2; 620; 488.3013701122325], [2; 620; 497.82957597029184], [2; 620; 507.83661760542316], [2; 620; 518.3621950026742], [2; 620; 529.4506793229941], [2; 620; 541.1518356323288], [2; 620; 553.5216860745937], [2; 620; 566.6235467376899], [2; 620; 580.5292808476269], [2; 640; 614.5247209511891], [2; 640; 648.207565821955], [1; 1280; 1373.8409757456177], [1; 1280; 1463.968016716153], [2; 660; 809.78652994571], [2; 660; 841.2393985700674], [2; 660; 875.9357061411957], [1; 1320; 1914.9768301499946], [2; 660; 1061.1205397507522], [2; 660; 1198.2631906693698], [1; 1360; 2865.192902247965], [2; 680; 1735.4670083704202], [2; 700; 2340.9905580765926], [2; 700; 3716.0908745384054], [2; 700; 5898.926563451691]];
Intervals[0.0=23.626682049283527, 23.626682049283527=35.520249882661936, 35.520249882661936=51.48714422384326, 51.48714422384326=67.56472815946071, 108.04025832837488=132.49750877980273, 132.49750877980273=157.1297673202077, 157.1297673202077=207.11349028231527, 207.11349028231527=266.2982171213811, 325.12838665641783=355.17255277081784, 355.17255277081784=389.77440144079435, 389.77440144079435=424.64710779113585, 424.64710779113585=459.7960353958022, 530.6574042233368=570.8403302106924, 570.8403302106924=611.3533030745646, 611.3533030745646=693.7410691399011, 785.3757759429918=831.9359361668762, 831.9359361668762=878.9036283835235, 878.9036283835235=926.287888896203, 1021.9082689335697=1272.7865429388185, 1779.1782963803782=2034.7460530115857, 2034.7460530115857=2555.711470466004, 2555.711470466004=2818.741712605608, 2818.741712605608=3084.3827034115143, 3084.3827034115143=3647.358599240769, 3647.358599240769=3931.7711299786183, 3931.7711299786183=4219.185410727442, 4219.185410727442=4806.510853921412, 4806.510853921412=5103.427497475692, 5103.427497475692=5403.6897246734925, 6011.097074485893=6329.721994524667, 6329.721994524667=6652.1288678992705, 6652.1288678992705=6978.431955758607, 6978.431955758607=7647.35433509415, 7647.35433509415=7986.08986142229, 7986.08986142229=8329.23895749475, 8329.23895749475=8689.366447077466, 8689.366447077466=9429.492083000145, 9429.492083000145=9804.785578916992, 9804.785578916992=10604.094241668226, 10604.094241668226=11009.781233359636, 11009.781233359636=11846.712903187658, 11846.712903187658=12711.314834734625, 12711.314834734625=13605.993603133318, 13605.993603133318=14076.536067902154, 14076.536067902154=14555.75243070515, 14555.75243070515=15044.053800817383, 15044.053800817383=15541.883376787675, 15541.883376787675=16049.719994393097, 16049.719994393097=16568.082189395773, 16568.082189395773=17097.53286871877, 17097.53286871877=17638.684704351097, 17638.684704351097=18192.20639042569, 18192.20639042569=18758.82993716338, 18758.82993716338=19339.359218011006, 19339.359218011006=19953.883938962197, 21215.493331086378=21863.700896908333, 21863.700896908333=23237.54187265395, 23237.54187265395=24701.509889370103, 26129.437025266805=26939.223555212517, 26939.223555212517=27780.462953782582, 27780.462953782582=28656.39865992378, 28656.39865992378=30571.375490073773, 32497.253532117196=33558.37407186795, 35807.36182607029=37005.625016739665, 37005.625016739665=39870.81791898763, 42786.395903567485=44521.862911937904, 48441.39166828416=50782.38222636075, 56454.19842730286=60170.289301841265, 60170.289301841265=66069.21586529295];
