1.0666818445259127
330.6088589406154
352.65446747138293
[2; 10; 0.02595671041798304]
[1; 20; 0.05261734501776683]
[2; 10; 0.0266728136011372]
[2; 10; 0.027049822290860302]
[1; 20; 0.05488088373462799]
[2; 10; 0.027845475964272202]
[1; 30; 0.0847973848096039]
[2; 20; 0.05740468614717857]
[1; 50; 0.14578073391397386]
[1; 60; 0.17776994339464713]
[2; 30; 0.09036028292507294]
[2; 30; 0.09189837632303209]
[2; 30; 0.09350363871488776]
[2; 30; 0.09518088974387807]
[1; 70; 0.22618268802919808]
[1; 80; 0.2633950520251543]
[2; 40; 0.13426733477341785]
[2; 60; 0.20544943220778997]
[2; 60; 0.209707640113555]
[2; 60; 0.21419357659130767]
[1; 120; 0.4378547490061023]
[1; 120; 0.44786339612509823]
[2; 60; 0.2292321623079024]
[2; 60; 0.23485784009141905]
[2; 60; 0.24084187889035702]
[1; 130; 0.5356482225008226]
[1; 130; 0.5504258808021595]
[1; 150; 0.6533847942996969]
[2; 80; 0.3589532209357798]
[2; 80; 0.37025998459478127]
[2; 80; 0.38250135512374633]
[2; 90; 0.4452833233766018]
[2; 90; 0.4616262474615566]
[1; 180; 0.9591124880893046]
[2; 90; 0.4993351927830386]
[2; 100; 0.5792092409846323]
[2; 110; 0.6671195219196004]
[2; 110; 0.700906528499009]
[2; 130; 0.8737466222158708]
[2; 130; 0.9259294208463493]
[2; 150; 1.1384682253175564]
[2; 150; 1.221309984727679]
[2; 170; 1.4972187305827964]
[2; 180; 1.7328865596278664]
[2; 180; 1.9204425792818784]
[2; 200; 2.409607544668611]
[2; 200; 2.7961018681807324]
[2; 200; 3.387236189551751]
[2; 200; 4.438535046960343]
[2; 200; 7.045735202742569]


Jobs: [[2; 10; 0.02595671041798304], [1; 20; 0.05261734501776683], [2; 10; 0.0266728136011372], [2; 10; 0.027049822290860302], [1; 20; 0.05488088373462799], [2; 10; 0.027845475964272202], [1; 30; 0.0847973848096039], [2; 20; 0.05740468614717857], [1; 50; 0.14578073391397386], [2; 30; 0.09036028292507294], [2; 30; 0.09189837632303209], [2; 30; 0.09350363871488776], [2; 30; 0.09518088974387807], [1; 70; 0.22618268802919808], [2; 40; 0.13426733477341785], [2; 60; 0.20544943220778997], [2; 60; 0.209707640113555], [2; 60; 0.21419357659130767], [1; 120; 0.4378547490061023], [2; 60; 0.2292321623079024], [2; 60; 0.23485784009141905], [2; 60; 0.24084187889035702], [1; 130; 0.5356482225008226], [1; 150; 0.6533847942996969], [2; 80; 0.3589532209357798], [2; 80; 0.37025998459478127], [2; 80; 0.38250135512374633], [2; 90; 0.4452833233766018], [2; 90; 0.4616262474615566], [1; 180; 0.9591124880893046], [2; 90; 0.4993351927830386], [2; 100; 0.5792092409846323], [2; 110; 0.6671195219196004], [2; 110; 0.700906528499009], [2; 130; 0.8737466222158708], [2; 130; 0.9259294208463493], [2; 150; 1.1384682253175564], [2; 150; 1.221309984727679], [2; 170; 1.4972187305827964], [2; 180; 1.7328865596278664], [2; 180; 1.9204425792818784], [2; 200; 2.409607544668611], [2; 200; 2.7961018681807324], [2; 200; 3.387236189551751], [2; 200; 4.438535046960343], [2; 200; 7.045735202742569]];
Intervals[4.9E-324=0.02595671041798304, 0.02595671041798304=0.07857405543574987, 0.07857405543574987=0.10524686903688707, 0.10524686903688707=0.13229669132774738, 0.13229669132774738=0.18717757506237537, 0.18717757506237537=0.21502305102664757, 0.21502305102664757=0.29982043583625145, 0.29982043583625145=0.35722512198343004, 0.35722512198343004=0.5030058558974039, 0.5349950653780772=0.6253553483031501, 0.6253553483031501=0.7172537246261822, 0.7172537246261822=0.81075736334107, 0.81075736334107=0.905938253084948, 0.905938253084948=1.1321209411141462, 1.1693333051101023=1.30360063988352, 1.30360063988352=1.50905007209131, 1.50905007209131=1.718757712204865, 1.718757712204865=1.9329512887961726, 1.9329512887961726=2.370806037802275, 2.380814684921271=2.610046847229173, 2.610046847229173=2.844904687320592, 2.844904687320592=3.085746566210949, 3.085746566210949=3.621394788711772, 3.621394788711772=4.274779583011469, 4.274779583011469=4.6337328039472485, 4.6337328039472485=5.00399278854203, 5.00399278854203=5.386494143665776, 5.386494143665776=5.831777467042378, 5.831777467042378=6.293403714503935, 6.293403714503935=7.252516202593239, 7.252516202593239=7.751851395376278, 7.751851395376278=8.33106063636091, 8.33106063636091=8.99818015828051, 8.99818015828051=9.69908668677952, 9.69908668677952=10.57283330899539, 10.57283330899539=11.49876272984174, 11.49876272984174=12.637230955159296, 12.637230955159296=13.858540939886975, 13.858540939886975=15.355759670469771, 15.355759670469771=17.088646230097638, 17.088646230097638=19.009088809379517, 19.009088809379517=21.418696354048127, 21.418696354048127=24.214798222228858, 24.214798222228858=27.602034411780608, 27.602034411780608=32.04056945874095, 32.04056945874095=39.08630466148352];

Jobs: [[2; 10; 0.02595671041798304], [2; 10; 0.0266728136011372], [2; 10; 0.027049822290860302], [2; 10; 0.027845475964272202], [2; 20; 0.05740468614717857], [1; 60; 0.17776994339464713], [2; 30; 0.09036028292507294], [2; 30; 0.09189837632303209], [2; 30; 0.09350363871488776], [2; 30; 0.09518088974387807], [1; 80; 0.2633950520251543], [2; 40; 0.13426733477341785], [2; 60; 0.20544943220778997], [2; 60; 0.209707640113555], [2; 60; 0.21419357659130767], [1; 120; 0.44786339612509823], [2; 60; 0.2292321623079024], [2; 60; 0.23485784009141905], [2; 60; 0.24084187889035702], [1; 130; 0.5504258808021595], [2; 80; 0.3589532209357798], [2; 80; 0.37025998459478127], [2; 80; 0.38250135512374633], [2; 90; 0.4452833233766018], [2; 90; 0.4616262474615566], [2; 90; 0.4993351927830386], [2; 100; 0.5792092409846323], [2; 110; 0.6671195219196004], [2; 110; 0.700906528499009], [2; 130; 0.8737466222158708], [2; 130; 0.9259294208463493], [2; 150; 1.1384682253175564], [2; 150; 1.221309984727679], [2; 170; 1.4972187305827964], [2; 180; 1.7328865596278664], [2; 180; 1.9204425792818784], [2; 200; 2.409607544668611], [2; 200; 2.7961018681807324], [2; 200; 3.387236189551751], [2; 200; 4.438535046960343], [2; 200; 7.045735202742569]];
Intervals[4.9E-324=0.02595671041798304, 0.07857405543574987=0.10524686903688707, 0.10524686903688707=0.13229669132774738, 0.18717757506237537=0.21502305102664757, 0.29982043583625145=0.35722512198343004, 0.35722512198343004=0.5349950653780772, 0.5349950653780772=0.6253553483031501, 0.6253553483031501=0.7172537246261822, 0.7172537246261822=0.81075736334107, 0.81075736334107=0.905938253084948, 0.905938253084948=1.1693333051101023, 1.1693333051101023=1.30360063988352, 1.30360063988352=1.50905007209131, 1.50905007209131=1.718757712204865, 1.718757712204865=1.9329512887961726, 1.9329512887961726=2.380814684921271, 2.380814684921271=2.610046847229173, 2.610046847229173=2.844904687320592, 2.844904687320592=3.085746566210949, 3.085746566210949=3.6361724470131085, 4.274779583011469=4.6337328039472485, 4.6337328039472485=5.00399278854203, 5.00399278854203=5.386494143665776, 5.386494143665776=5.831777467042378, 5.831777467042378=6.293403714503935, 7.252516202593239=7.751851395376278, 7.751851395376278=8.33106063636091, 8.33106063636091=8.99818015828051, 8.99818015828051=9.69908668677952, 9.69908668677952=10.57283330899539, 10.57283330899539=11.49876272984174, 11.49876272984174=12.637230955159296, 12.637230955159296=13.858540939886975, 13.858540939886975=15.355759670469771, 15.355759670469771=17.088646230097638, 17.088646230097638=19.009088809379517, 19.009088809379517=21.418696354048127, 21.418696354048127=24.214798222228858, 24.214798222228858=27.602034411780608, 27.602034411780608=32.04056945874095, 32.04056945874095=39.08630466148352];
