1.0000000000000002
1181874.7024786999
1181874.7024787
[2; 10; 3.822970572390872]
[2; 10; 3.848671335482888]
[2; 10; 3.8748084476239777]
[2; 10; 3.901393884215664]
[2; 10; 3.928440077266848]
[2; 10; 3.9559599377847476]
[2; 20; 7.967933759026544]
[2; 20; 8.024949688230555]
[2; 30; 12.124494983709344]
[2; 30; 12.213157230692167]
[2; 30; 12.303458351010313]
[2; 40; 16.5272631444224]
[2; 50; 20.815292174454882]
[2; 50; 20.974492316135585]
[2; 50; 21.136771794660483]
[2; 50; 21.302227028954757]
[2; 60; 25.765150366136663]
[2; 60; 25.971686014530235]
[2; 60; 26.18241107249429]
[2; 60; 26.3974631818621]
[2; 60; 26.61698628005958]
[2; 70; 31.314652799760122]
[2; 80; 36.09340656562836]
[2; 90; 40.955884949862345]
[2; 90; 41.31436381524267]
[2; 100; 46.31199035255149]
[2; 100; 46.728281394334026]
[2; 100; 47.15405527751797]
[2; 520; 247.4662445531006]
[2; 520; 249.78445060592568]
[2; 520; 252.15772175434694]
[2; 520; 254.58818103435283]
[2; 520; 257.07806568256984]
[2; 540; 269.61549411226076]
[2; 540; 272.33205160334154]
[2; 540; 275.11808746478954]
[2; 540; 277.97648917938545]
[2; 540; 280.91031184634085]
[2; 540; 283.92279076425956]
[2; 560; 297.64762759394694]
[2; 560; 300.9457041959001]
[2; 560; 304.3366863028412]
[2; 560; 307.8248333183126]
[2; 580; 322.53663063476404]
[2; 580; 326.36501444732914]
[2; 580; 330.30906217587216]
[2; 580; 334.37446823692125]
[2; 580; 338.5673197828035]
[2; 580; 342.8941318365062]
[2; 580; 347.36188631795585]
[2; 580; 351.9780754788908]
[2; 600; 369.05250035601415]
[2; 600; 374.1605946748457]
[2; 600; 379.44919293275007]
[2; 600; 384.92872183446735]
[2; 600; 390.610454584814]
[2; 600; 396.50660033706134]
[2; 600; 402.6304053846698]
[2; 620; 422.6294768850165]
[2; 620; 429.4738644219264]
[2; 620; 436.60226421896033]
[2; 620; 444.0340145233064]
[2; 620; 451.79031156291273]
[2; 620; 459.8944428605977]
[2; 620; 468.3720571090985]
[2; 640; 492.6466864920061]
[2; 640; 502.25968234149076]
[2; 640; 512.3557750516175]
[2; 640; 522.9750178912988]
[2; 640; 534.1621768734016]
[2; 640; 545.9674599152941]
[2; 640; 558.4473876930572]
[2; 640; 571.6658397344078]
[2; 640; 585.6953187647957]
[2; 660; 619.3878167069912]
[2; 660; 635.796624841476]
[2; 660; 653.3372137510869]
[2; 660; 672.1398837700887]
[2; 660; 692.3564939361241]
[2; 660; 714.165216600048]
[2; 660; 737.7766285782221]
[2; 660; 763.4416039629764]
[2; 680; 815.4453570869272]
[2; 680; 847.1180198669771]
[2; 680; 882.056786900844]
[2; 680; 920.8361527230651]
[2; 680; 964.1793900792254]
[2; 680; 1013.0113224780844]
[2; 680; 1068.5357010165824]
[2; 680; 1132.3518942903459]
[2; 680; 1206.636711362701]
[2; 680; 1294.4388176623722]
[2; 680; 1400.1778714220898]
[2; 680; 1530.5393780978193]
[2; 700; 1746.0827751492802]
[2; 700; 1971.7521609888531]
[2; 700; 2288.0157032744314]
[2; 700; 2771.73363409552]
[2; 700; 3631.9985342975924]
[2; 700; 5765.438294090956]


Jobs: [[2; 10; 3.822970572390872], [2; 10; 3.848671335482888], [2; 10; 3.8748084476239777], [2; 10; 3.901393884215664], [2; 10; 3.928440077266848], [2; 10; 3.9559599377847476], [2; 20; 7.967933759026544], [2; 20; 8.024949688230555], [2; 30; 12.124494983709344], [2; 30; 12.213157230692167], [2; 30; 12.303458351010313], [2; 40; 16.5272631444224], [2; 50; 20.815292174454882], [2; 50; 20.974492316135585], [2; 50; 21.136771794660483], [2; 50; 21.302227028954757], [2; 60; 25.765150366136663], [2; 60; 25.971686014530235], [2; 60; 26.18241107249429], [2; 60; 26.3974631818621], [2; 60; 26.61698628005958], [2; 70; 31.314652799760122], [2; 80; 36.09340656562836], [2; 90; 40.955884949862345], [2; 90; 41.31436381524267], [2; 100; 46.31199035255149], [2; 100; 46.728281394334026], [2; 100; 47.15405527751797], [2; 520; 247.4662445531006], [2; 520; 249.78445060592568], [2; 520; 252.15772175434694], [2; 520; 254.58818103435283], [2; 520; 257.07806568256984], [2; 540; 269.61549411226076], [2; 540; 272.33205160334154], [2; 540; 275.11808746478954], [2; 540; 277.97648917938545], [2; 540; 280.91031184634085], [2; 540; 283.92279076425956], [2; 560; 297.64762759394694], [2; 560; 300.9457041959001], [2; 560; 304.3366863028412], [2; 560; 307.8248333183126], [2; 580; 322.53663063476404], [2; 580; 326.36501444732914], [2; 580; 330.30906217587216], [2; 580; 334.37446823692125], [2; 580; 338.5673197828035], [2; 580; 342.8941318365062], [2; 580; 347.36188631795585], [2; 580; 351.9780754788908], [2; 600; 369.05250035601415], [2; 600; 374.1605946748457], [2; 600; 379.44919293275007], [2; 600; 384.92872183446735], [2; 600; 390.610454584814], [2; 600; 396.50660033706134], [2; 600; 402.6304053846698], [2; 620; 422.6294768850165], [2; 620; 429.4738644219264], [2; 620; 436.60226421896033], [2; 620; 444.0340145233064], [2; 620; 451.79031156291273], [2; 620; 459.8944428605977], [2; 620; 468.3720571090985], [2; 640; 492.6466864920061], [2; 640; 502.25968234149076], [2; 640; 512.3557750516175], [2; 640; 522.9750178912988], [2; 640; 534.1621768734016], [2; 640; 545.9674599152941], [2; 640; 558.4473876930572], [2; 640; 571.6658397344078], [2; 640; 585.6953187647957], [2; 660; 619.3878167069912], [2; 660; 635.796624841476], [2; 660; 653.3372137510869], [2; 660; 672.1398837700887], [2; 660; 692.3564939361241], [2; 660; 714.165216600048], [2; 660; 737.7766285782221], [2; 660; 763.4416039629764], [2; 680; 815.4453570869272], [2; 680; 847.1180198669771], [2; 680; 882.056786900844], [2; 680; 920.8361527230651], [2; 680; 964.1793900792254], [2; 680; 1013.0113224780844], [2; 680; 1068.5357010165824], [2; 680; 1132.3518942903459], [2; 680; 1206.636711362701], [2; 680; 1294.4388176623722], [2; 680; 1400.1778714220898], [2; 680; 1530.5393780978193], [2; 700; 1746.0827751492802], [2; 700; 1971.7521609888531], [2; 700; 2288.0157032744314], [2; 700; 2771.73363409552], [2; 700; 3631.9985342975924], [2; 700; 5765.438294090956]];
Intervals[4.9E-324=3.822970572390872, 3.822970572390872=7.671641907873759, 7.671641907873759=11.546450355497736, 11.546450355497736=15.447844239713401, 15.447844239713401=19.37628431698025, 19.37628431698025=23.332244254764998, 23.332244254764998=31.30017801379154, 31.30017801379154=39.325127702022094, 39.325127702022094=51.44962268573144, 51.44962268573144=63.66277991642361, 63.66277991642361=75.96623826743392, 75.96623826743392=92.49350141185633, 92.49350141185633=113.30879358631121, 113.30879358631121=134.2832859024468, 134.2832859024468=155.4200576971073, 155.4200576971073=176.72228472606204, 176.72228472606204=202.4874350921987, 202.4874350921987=228.45912110672893, 228.45912110672893=254.64153217922322, 254.64153217922322=281.0389953610853, 281.0389953610853=307.6559816411449, 307.6559816411449=338.970634440905, 338.970634440905=375.06404100653333, 375.06404100653333=416.0199259563957, 416.0199259563957=457.3342897716384, 457.3342897716384=503.6462801241899, 503.6462801241899=550.3745615185239, 550.3745615185239=597.5286167960419, 597.5286167960419=844.9948613491425, 844.9948613491425=1094.7793119550681, 1094.7793119550681=1346.9370337094151, 1346.9370337094151=1601.525214743768, 1601.525214743768=1858.6032804263377, 1858.6032804263377=2128.2187745385986, 2128.2187745385986=2400.55082614194, 2400.55082614194=2675.6689136067293, 2675.6689136067293=2953.6454027861146, 2953.6454027861146=3234.5557146324554, 3234.5557146324554=3518.478505396715, 3518.478505396715=3816.126132990662, 3816.126132990662=4117.071837186562, 4117.071837186562=4421.408523489404, 4421.408523489404=4729.2333568077165, 4729.2333568077165=5051.769987442481, 5051.769987442481=5378.13500188981, 5378.13500188981=5708.444064065682, 5708.444064065682=6042.818532302604, 6042.818532302604=6381.385852085407, 6381.385852085407=6724.279983921913, 6724.279983921913=7071.64187023987, 7071.64187023987=7423.61994571876, 7423.61994571876=7792.672446074775, 7792.672446074775=8166.8330407496205, 8166.8330407496205=8546.28223368237, 8546.28223368237=8931.210955516837, 8931.210955516837=9321.821410101651, 9321.821410101651=9718.328010438712, 9718.328010438712=10120.958415823383, 10120.958415823383=10543.5878927084, 10543.5878927084=10973.061757130326, 10973.061757130326=11409.664021349286, 11409.664021349286=11853.698035872592, 11853.698035872592=12305.488347435505, 12305.488347435505=12765.382790296102, 12765.382790296102=13233.7548474052, 13233.7548474052=13726.401533897206, 13726.401533897206=14228.661216238697, 14228.661216238697=14741.016991290315, 14741.016991290315=15263.992009181613, 15263.992009181613=15798.154186055015, 15798.154186055015=16344.12164597031, 16344.12164597031=16902.569033663367, 16902.569033663367=17474.234873397774, 17474.234873397774=18059.93019216257, 18059.93019216257=18679.318008869563, 18679.318008869563=19315.11463371104, 19315.11463371104=19968.45184746213, 19968.45184746213=20640.591731232216, 20640.591731232216=21332.94822516834, 21332.94822516834=22047.11344176839, 22047.11344176839=22784.890070346613, 22784.890070346613=23548.33167430959, 23548.33167430959=24363.777031396516, 24363.777031396516=25210.89505126349, 25210.89505126349=26092.951838164336, 26092.951838164336=27013.787990887402, 27013.787990887402=27977.967380966627, 27977.967380966627=28990.97870344471, 28990.97870344471=30059.514404461293, 30059.514404461293=31191.86629875164, 31191.86629875164=32398.503010114342, 32398.503010114342=33692.94182777671, 33692.94182777671=35093.1196991988, 35093.1196991988=36623.65907729662, 36623.65907729662=38369.741852445906, 38369.741852445906=40341.494013434756, 40341.494013434756=42629.50971670919, 42629.50971670919=45401.24335080471, 45401.24335080471=49033.2418851023, 49033.2418851023=54798.68017919326];

Jobs: [[2; 10; 3.822970572390872], [2; 10; 3.848671335482888], [2; 10; 3.8748084476239777], [2; 10; 3.901393884215664], [2; 10; 3.928440077266848], [2; 10; 3.9559599377847476], [2; 20; 7.967933759026544], [2; 20; 8.024949688230555], [2; 30; 12.124494983709344], [2; 30; 12.213157230692167], [2; 30; 12.303458351010313], [2; 40; 16.5272631444224], [2; 50; 20.815292174454882], [2; 50; 20.974492316135585], [2; 50; 21.136771794660483], [2; 50; 21.302227028954757], [2; 60; 25.765150366136663], [2; 60; 25.971686014530235], [2; 60; 26.18241107249429], [2; 60; 26.3974631818621], [2; 60; 26.61698628005958], [2; 70; 31.314652799760122], [2; 80; 36.09340656562836], [2; 90; 40.955884949862345], [2; 90; 41.31436381524267], [2; 100; 46.31199035255149], [2; 100; 46.728281394334026], [2; 100; 47.15405527751797], [2; 520; 247.4662445531006], [2; 520; 249.78445060592568], [2; 520; 252.15772175434694], [2; 520; 254.58818103435283], [2; 520; 257.07806568256984], [2; 540; 269.61549411226076], [2; 540; 272.33205160334154], [2; 540; 275.11808746478954], [2; 540; 277.97648917938545], [2; 540; 280.91031184634085], [2; 540; 283.92279076425956], [2; 560; 297.64762759394694], [2; 560; 300.9457041959001], [2; 560; 304.3366863028412], [2; 560; 307.8248333183126], [2; 580; 322.53663063476404], [2; 580; 326.36501444732914], [2; 580; 330.30906217587216], [2; 580; 334.37446823692125], [2; 580; 338.5673197828035], [2; 580; 342.8941318365062], [2; 580; 347.36188631795585], [2; 580; 351.9780754788908], [2; 600; 369.05250035601415], [2; 600; 374.1605946748457], [2; 600; 379.44919293275007], [2; 600; 384.92872183446735], [2; 600; 390.610454584814], [2; 600; 396.50660033706134], [2; 600; 402.6304053846698], [2; 620; 422.6294768850165], [2; 620; 429.4738644219264], [2; 620; 436.60226421896033], [2; 620; 444.0340145233064], [2; 620; 451.79031156291273], [2; 620; 459.8944428605977], [2; 620; 468.3720571090985], [2; 640; 492.6466864920061], [2; 640; 502.25968234149076], [2; 640; 512.3557750516175], [2; 640; 522.9750178912988], [2; 640; 534.1621768734016], [2; 640; 545.9674599152941], [2; 640; 558.4473876930572], [2; 640; 571.6658397344078], [2; 640; 585.6953187647957], [2; 660; 619.3878167069912], [2; 660; 635.796624841476], [2; 660; 653.3372137510869], [2; 660; 672.1398837700887], [2; 660; 692.3564939361241], [2; 660; 714.165216600048], [2; 660; 737.7766285782221], [2; 660; 763.4416039629764], [2; 680; 815.4453570869272], [2; 680; 847.1180198669771], [2; 680; 882.056786900844], [2; 680; 920.8361527230651], [2; 680; 964.1793900792254], [2; 680; 1013.0113224780844], [2; 680; 1068.5357010165824], [2; 680; 1132.3518942903459], [2; 680; 1206.636711362701], [2; 680; 1294.4388176623722], [2; 680; 1400.1778714220898], [2; 680; 1530.5393780978193], [2; 700; 1746.0827751492802], [2; 700; 1971.7521609888531], [2; 700; 2288.0157032744314], [2; 700; 2771.73363409552], [2; 700; 3631.9985342975924], [2; 700; 5765.438294090956]];
Intervals[4.9E-324=3.822970572390872, 3.822970572390872=7.671641907873759, 7.671641907873759=11.546450355497736, 11.546450355497736=15.447844239713401, 15.447844239713401=19.37628431698025, 19.37628431698025=23.332244254764998, 23.332244254764998=31.30017801379154, 31.30017801379154=39.325127702022094, 39.325127702022094=51.44962268573144, 51.44962268573144=63.66277991642361, 63.66277991642361=75.96623826743392, 75.96623826743392=92.49350141185633, 92.49350141185633=113.30879358631121, 113.30879358631121=134.2832859024468, 134.2832859024468=155.4200576971073, 155.4200576971073=176.72228472606204, 176.72228472606204=202.4874350921987, 202.4874350921987=228.45912110672893, 228.45912110672893=254.64153217922322, 254.64153217922322=281.0389953610853, 281.0389953610853=307.6559816411449, 307.6559816411449=338.970634440905, 338.970634440905=375.06404100653333, 375.06404100653333=416.0199259563957, 416.0199259563957=457.3342897716384, 457.3342897716384=503.6462801241899, 503.6462801241899=550.3745615185239, 550.3745615185239=597.5286167960419, 597.5286167960419=844.9948613491425, 844.9948613491425=1094.7793119550681, 1094.7793119550681=1346.9370337094151, 1346.9370337094151=1601.525214743768, 1601.525214743768=1858.6032804263377, 1858.6032804263377=2128.2187745385986, 2128.2187745385986=2400.55082614194, 2400.55082614194=2675.6689136067293, 2675.6689136067293=2953.6454027861146, 2953.6454027861146=3234.5557146324554, 3234.5557146324554=3518.478505396715, 3518.478505396715=3816.126132990662, 3816.126132990662=4117.071837186562, 4117.071837186562=4421.408523489404, 4421.408523489404=4729.2333568077165, 4729.2333568077165=5051.769987442481, 5051.769987442481=5378.13500188981, 5378.13500188981=5708.444064065682, 5708.444064065682=6042.818532302604, 6042.818532302604=6381.385852085407, 6381.385852085407=6724.279983921913, 6724.279983921913=7071.64187023987, 7071.64187023987=7423.61994571876, 7423.61994571876=7792.672446074775, 7792.672446074775=8166.8330407496205, 8166.8330407496205=8546.28223368237, 8546.28223368237=8931.210955516837, 8931.210955516837=9321.821410101651, 9321.821410101651=9718.328010438712, 9718.328010438712=10120.958415823383, 10120.958415823383=10543.5878927084, 10543.5878927084=10973.061757130326, 10973.061757130326=11409.664021349286, 11409.664021349286=11853.698035872592, 11853.698035872592=12305.488347435505, 12305.488347435505=12765.382790296102, 12765.382790296102=13233.7548474052, 13233.7548474052=13726.401533897206, 13726.401533897206=14228.661216238697, 14228.661216238697=14741.016991290315, 14741.016991290315=15263.992009181613, 15263.992009181613=15798.154186055015, 15798.154186055015=16344.12164597031, 16344.12164597031=16902.569033663367, 16902.569033663367=17474.234873397774, 17474.234873397774=18059.93019216257, 18059.93019216257=18679.318008869563, 18679.318008869563=19315.11463371104, 19315.11463371104=19968.45184746213, 19968.45184746213=20640.591731232216, 20640.591731232216=21332.94822516834, 21332.94822516834=22047.11344176839, 22047.11344176839=22784.890070346613, 22784.890070346613=23548.33167430959, 23548.33167430959=24363.777031396516, 24363.777031396516=25210.89505126349, 25210.89505126349=26092.951838164336, 26092.951838164336=27013.787990887402, 27013.787990887402=27977.967380966627, 27977.967380966627=28990.97870344471, 28990.97870344471=30059.514404461293, 30059.514404461293=31191.86629875164, 31191.86629875164=32398.503010114342, 32398.503010114342=33692.94182777671, 33692.94182777671=35093.1196991988, 35093.1196991988=36623.65907729662, 36623.65907729662=38369.741852445906, 38369.741852445906=40341.494013434756, 40341.494013434756=42629.50971670919, 42629.50971670919=45401.24335080471, 45401.24335080471=49033.2418851023, 49033.2418851023=54798.68017919326];
