1.1001684910229343
82322.52605381738
90568.64926582447
[2; 10; 1.0273516427201934]
[1; 20; 2.0825641989721126]
[2; 10; 1.0556945941082436]
[1; 40; 4.282465523297082]
[2; 30; 3.2582306357844995]
[2; 50; 5.510539473908347]
[2; 50; 5.593719387631371]
[2; 70; 7.952155408837543]
[1; 140; 16.1557688684312]
[2; 80; 9.38137591047168]
[2; 100; 11.921359782609489]
[2; 100; 12.12428261754054]
[1; 200; 24.672134305458425]
[1; 1040; 130.59643220537535]
[2; 520; 66.50191207211608]
[1; 1080; 140.7378293642203]
[1; 1120; 148.79826496549725]
[2; 560; 75.89465475042714]
[2; 580; 80.23437315023897]
[2; 580; 81.95069736756068]
[1; 1160; 167.52370728284714]
[1; 1160; 171.35302664975126]
[2; 580; 87.70447675959306]
[2; 580; 89.85686725076098]
[2; 580; 92.14636705954007]
[2; 600; 97.84914470371757]
[2; 600; 100.54864255467403]
[2; 600; 103.4423747759866]
[2; 600; 106.55371248409139]
[1; 1200; 219.82015283230942]
[1; 1200; 227.08774871766823]
[2; 600; 117.49371585235623]
[2; 620; 125.86620617755335]
[2; 620; 130.7549677224191]
[1; 1240; 272.2957226637]
[2; 620; 142.13356179797472]
[2; 620; 148.8237082339812]
[2; 620; 156.36104966090394]
[2; 640; 170.25175569628163]
[1; 1280; 360.83941394850933]
[1; 1280; 384.51128661708447]
[2; 660; 212.69048022855867]
[1; 1320; 460.1291305771726]
[1; 1360; 518.2102564055886]
[2; 680; 287.14892959744225]
[2; 680; 324.26098608697805]
[2; 680; 376.2715430493964]
[1; 1360; 911.6410258290446]
[2; 700; 614.861309240613]
[1; 1400; 1952.0629782061865]


Jobs: [[2; 10; 1.0273516427201934], [1; 20; 2.0825641989721126], [2; 10; 1.0556945941082436], [1; 40; 4.282465523297082], [2; 30; 3.2582306357844995], [2; 50; 5.510539473908347], [2; 50; 5.593719387631371], [2; 70; 7.952155408837543], [1; 140; 16.1557688684312], [2; 80; 9.38137591047168], [2; 100; 11.921359782609489], [2; 100; 12.12428261754054], [1; 200; 24.672134305458425], [2; 520; 66.50191207211608], [1; 1080; 140.7378293642203], [2; 560; 75.89465475042714], [2; 580; 80.23437315023897], [2; 580; 81.95069736756068], [1; 1160; 167.52370728284714], [2; 580; 87.70447675959306], [2; 580; 89.85686725076098], [2; 580; 92.14636705954007], [2; 600; 97.84914470371757], [2; 600; 100.54864255467403], [2; 600; 103.4423747759866], [2; 600; 106.55371248409139], [1; 1200; 219.82015283230942], [2; 600; 117.49371585235623], [2; 620; 125.86620617755335], [2; 620; 130.7549677224191], [1; 1240; 272.2957226637], [2; 620; 142.13356179797472], [2; 620; 148.8237082339812], [2; 620; 156.36104966090394], [2; 640; 170.25175569628163], [1; 1280; 360.83941394850933], [2; 660; 212.69048022855867], [1; 1320; 460.1291305771726], [2; 680; 287.14892959744225], [2; 680; 324.26098608697805], [2; 680; 376.2715430493964], [1; 1360; 911.6410258290446], [2; 700; 614.861309240613], [1; 1400; 1952.0629782061865]];
Intervals[4.9E-324=1.0273516427201934, 1.0273516427201934=3.109915841692306, 3.109915841692306=4.1656104358005495, 4.1656104358005495=8.448075959097633, 8.448075959097633=11.706306594882133, 11.706306594882133=17.21684606879048, 17.21684606879048=22.810565456421852, 22.810565456421852=30.762720865259396, 30.762720865259396=46.91848973369059, 46.91848973369059=56.299865644162274, 56.299865644162274=68.22122542677177, 68.22122542677177=80.34550804431231, 80.34550804431231=105.01764234977074, 210.94194024968766=277.4438523218038, 277.4438523218038=418.18168168602404, 426.242117287301=502.1367720377282, 502.1367720377282=582.3711451879672, 582.3711451879672=664.3218425555278, 664.3218425555278=831.845549838375, 835.674869205279=923.3793459648721, 923.3793459648721=1013.236213215633, 1013.236213215633=1105.382580275173, 1105.382580275173=1203.2317249788907, 1203.2317249788907=1303.7803675335647, 1303.7803675335647=1407.2227423095512, 1407.2227423095512=1513.7764547936426, 1513.7764547936426=1733.596607625952, 1740.864203511311=1858.3579193636672, 1858.3579193636672=1984.2241255412205, 1984.2241255412205=2114.9790932636397, 2114.9790932636397=2387.2748159273397, 2387.2748159273397=2529.4083777253145, 2529.4083777253145=2678.2320859592955, 2678.2320859592955=2834.5931356201995, 2834.5931356201995=3004.844891316481, 3004.844891316481=3365.6843052649906, 3389.3561779335655=3602.046658162124, 3602.046658162124=4062.1757887392964, 4120.256914567713=4407.405844165155, 4407.405844165155=4731.666830252133, 4731.666830252133=5107.938373301529, 5107.938373301529=6019.579399130574, 6019.579399130574=6634.440708371187, 6634.440708371187=8586.503686577373];

Jobs: [[2; 10; 1.0273516427201934], [2; 10; 1.0556945941082436], [2; 30; 3.2582306357844995], [2; 50; 5.510539473908347], [2; 50; 5.593719387631371], [2; 70; 7.952155408837543], [2; 80; 9.38137591047168], [2; 100; 11.921359782609489], [2; 100; 12.12428261754054], [1; 1040; 130.59643220537535], [2; 520; 66.50191207211608], [1; 1120; 148.79826496549725], [2; 560; 75.89465475042714], [2; 580; 80.23437315023897], [2; 580; 81.95069736756068], [1; 1160; 171.35302664975126], [2; 580; 87.70447675959306], [2; 580; 89.85686725076098], [2; 580; 92.14636705954007], [2; 600; 97.84914470371757], [2; 600; 100.54864255467403], [2; 600; 103.4423747759866], [2; 600; 106.55371248409139], [1; 1200; 227.08774871766823], [2; 600; 117.49371585235623], [2; 620; 125.86620617755335], [2; 620; 130.7549677224191], [2; 620; 142.13356179797472], [2; 620; 148.8237082339812], [2; 620; 156.36104966090394], [2; 640; 170.25175569628163], [1; 1280; 384.51128661708447], [2; 660; 212.69048022855867], [1; 1360; 518.2102564055886], [2; 680; 287.14892959744225], [2; 680; 324.26098608697805], [2; 680; 376.2715430493964], [2; 700; 614.861309240613]];
Intervals[4.9E-324=1.0273516427201934, 3.109915841692306=4.1656104358005495, 8.448075959097633=11.706306594882133, 11.706306594882133=17.21684606879048, 17.21684606879048=22.810565456421852, 22.810565456421852=30.762720865259396, 46.91848973369059=56.299865644162274, 56.299865644162274=68.22122542677177, 68.22122542677177=80.34550804431231, 80.34550804431231=210.94194024968766, 210.94194024968766=277.4438523218038, 277.4438523218038=426.242117287301, 426.242117287301=502.1367720377282, 502.1367720377282=582.3711451879672, 582.3711451879672=664.3218425555278, 664.3218425555278=835.674869205279, 835.674869205279=923.3793459648721, 923.3793459648721=1013.236213215633, 1013.236213215633=1105.382580275173, 1105.382580275173=1203.2317249788907, 1203.2317249788907=1303.7803675335647, 1303.7803675335647=1407.2227423095512, 1407.2227423095512=1513.7764547936426, 1513.7764547936426=1740.864203511311, 1740.864203511311=1858.3579193636672, 1858.3579193636672=1984.2241255412205, 1984.2241255412205=2114.9790932636397, 2387.2748159273397=2529.4083777253145, 2529.4083777253145=2678.2320859592955, 2678.2320859592955=2834.5931356201995, 2834.5931356201995=3004.844891316481, 3004.844891316481=3389.3561779335655, 3389.3561779335655=3602.046658162124, 3602.046658162124=4120.256914567713, 4120.256914567713=4407.405844165155, 4407.405844165155=4731.666830252133, 4731.666830252133=5107.938373301529, 6019.579399130574=6634.440708371187];
