1.0897645347119398
57783.47649698704
62970.38337877739
[1; 20; 1.6228277847414325]
[2; 10; 0.8224163239402635]
[1; 40; 3.3351978977402417]
[1; 40; 3.382339478234798]
[1; 60; 5.146774468425053]
[1; 60; 5.222743330703077]
[2; 40; 3.534386032910595]
[1; 80; 7.177944982540034]
[1; 80; 7.291433210633402]
[2; 50; 4.63094768795119]
[1; 100; 9.415624155665496]
[2; 50; 4.787947447503417]
[1; 160; 15.589063527949213]
[1; 180; 17.852284434212827]
[2; 100; 10.100761301923757]
[1; 200; 20.584504060157116]
[1; 1040; 109.12807722094135]
[1; 1040; 111.32169781928233]
[1; 1040; 113.62898545032246]
[1; 1040; 116.05966661427823]
[1; 1080; 123.187136742918]
[1; 1080; 126.00299424830771]
[1; 1080; 128.9854856579609]
[1; 1080; 132.15096982805497]
[1; 1120; 140.53728717245318]
[1; 1120; 144.2603978290593]
[1; 1120; 148.24030623905963]
[1; 1160; 157.9532406381393]
[1; 1160; 162.70415509441574]
[1; 1200; 173.6164312337299]
[1; 1200; 179.35646027568717]
[1; 1200; 185.59571882599255]
[1; 1200; 192.40750939624144]
[1; 1200; 199.88079759206445]
[1; 1200; 208.12473581298588]
[2; 620; 112.25868711285948]
[1; 1240; 235.08528015868018]
[1; 1280; 254.95889999806758]
[1; 1280; 268.9335063633958]
[1; 1320; 293.9011258470206]
[1; 1320; 313.1816970908102]
[2; 660; 167.9853355521962]
[2; 660; 181.70758351357557]
[1; 1360; 409.28829402865625]
[1; 1360; 453.5869140926729]
[1; 1360; 512.2099540682028]
[1; 1360; 594.3670008170712]
[2; 700; 370.60076559764906]
[1; 1400; 971.2487671272675]
[1; 1400; 1541.761314660641]


Jobs: [[1; 20; 1.6228277847414325], [2; 10; 0.8224163239402635], [1; 40; 3.3351978977402417], [1; 60; 5.146774468425053], [2; 40; 3.534386032910595], [1; 80; 7.177944982540034], [2; 50; 4.63094768795119], [1; 100; 9.415624155665496], [2; 50; 4.787947447503417], [1; 160; 15.589063527949213], [2; 100; 10.100761301923757], [1; 200; 20.584504060157116], [1; 1040; 111.32169781928233], [1; 1040; 116.05966661427823], [1; 1080; 126.00299424830771], [1; 1080; 132.15096982805497], [1; 1120; 144.2603978290593], [1; 1160; 157.9532406381393], [1; 1200; 173.6164312337299], [1; 1200; 185.59571882599255], [1; 1200; 199.88079759206445], [2; 620; 112.25868711285948], [1; 1240; 235.08528015868018], [1; 1280; 268.9335063633958], [1; 1320; 313.1816970908102], [2; 660; 167.9853355521962], [2; 660; 181.70758351357557], [1; 1360; 409.28829402865625], [1; 1360; 512.2099540682028], [2; 700; 370.60076559764906], [1; 1400; 971.2487671272675]];
Intervals[0.0=1.6228277847414325, 1.6228277847414325=2.4452441086816963, 2.4452441086816963=5.7804420064219375, 5.7804420064219375=10.92721647484699, 11.050326917619572=14.584712950530166, 14.584712950530166=21.7626579330702, 21.876146161163568=26.50709384911476, 26.50709384911476=35.92271800478026, 35.92271800478026=40.71066545228368, 40.71066545228368=56.29972898023289, 58.562949886496504=68.66371118842027, 68.66371118842027=89.24821524857738, 89.24821524857738=200.56991306785972, 200.56991306785972=316.62957968213794, 316.62957968213794=442.6325739304457, 442.6325739304457=574.7835437585006, 574.7835437585006=719.0439415875599, 719.0439415875599=876.9971822256991, 876.9971822256991=1050.613613459429, 1050.613613459429=1236.2093322854216, 1236.2093322854216=1436.090129877486, 1574.963850251406=1687.2225373642655, 1687.2225373642655=1922.3078175229457, 1922.3078175229457=2191.2413238863414, 2191.2413238863414=2504.4230209771517, 2504.4230209771517=2672.408356529348, 2672.408356529348=2854.1159400429237, 2854.1159400429237=3263.40423407158, 3263.40423407158=3775.614188139783, 3902.069854952668=4272.670620550317, 4272.670620550317=5243.919387677584];

Jobs: [[2; 10; 0.8224163239402635], [1; 40; 3.382339478234798], [1; 60; 5.222743330703077], [2; 40; 3.534386032910595], [1; 80; 7.291433210633402], [2; 50; 4.63094768795119], [2; 50; 4.787947447503417], [1; 180; 17.852284434212827], [2; 100; 10.100761301923757], [1; 1040; 109.12807722094135], [1; 1040; 113.62898545032246], [1; 1080; 123.187136742918], [1; 1080; 128.9854856579609], [1; 1120; 140.53728717245318], [1; 1120; 148.24030623905963], [1; 1160; 162.70415509441574], [1; 1200; 179.35646027568717], [1; 1200; 192.40750939624144], [1; 1200; 208.12473581298588], [2; 620; 112.25868711285948], [1; 1280; 254.95889999806758], [1; 1320; 293.9011258470206], [2; 660; 167.9853355521962], [2; 660; 181.70758351357557], [1; 1360; 453.5869140926729], [1; 1360; 594.3670008170712], [2; 700; 370.60076559764906], [1; 1400; 1541.761314660641]];
Intervals[1.6228277847414325=2.4452441086816963, 2.4452441086816963=5.827583586916495, 5.827583586916495=11.050326917619572, 11.050326917619572=14.584712950530166, 14.584712950530166=21.876146161163568, 21.876146161163568=26.50709384911476, 35.92271800478026=40.71066545228368, 40.71066545228368=58.562949886496504, 58.562949886496504=68.66371118842027, 68.66371118842027=177.79178840936163, 177.79178840936163=291.4207738596841, 291.4207738596841=414.60791060260215, 414.60791060260215=543.593396260563, 543.593396260563=684.1306834330162, 684.1306834330162=832.3709896720759, 832.3709896720759=995.0751447664916, 995.0751447664916=1174.4316050421787, 1174.4316050421787=1366.8391144384202, 1366.8391144384202=1574.963850251406, 1574.963850251406=1687.2225373642655, 1687.2225373642655=1942.181437362333, 1942.181437362333=2236.082563209354, 2504.4230209771517=2672.408356529348, 2672.408356529348=2854.1159400429237, 2854.1159400429237=3307.7028541355967, 3307.7028541355967=3902.069854952668, 3902.069854952668=4272.670620550317, 4272.670620550317=5814.431935210958];
