1.23354615538224
1010080.947214783
1245981.4690616468
[2; 10; 3.442897684560898]
[1; 20; 6.93208664762652]
[2; 10; 3.4895819310736833]
[2; 10; 3.51352429117072]
[1; 20; 7.075763200290421]
[2; 20; 7.125330970830312]
[1; 40; 14.351552108616282]
[1; 60; 21.68137068581793]
[1; 60; 21.838198811861094]
[1; 60; 21.997894022203358]
[1; 80; 29.54738814868311]
[2; 40; 14.884152240929872]
[1; 80; 29.99339696661921]
[1; 80; 30.222793364543964]
[1; 100; 38.07078359246564]
[1; 100; 38.36879553488767]
[2; 50; 19.336354382498428]
[1; 100; 38.9827125051812]
[1; 120; 47.158805306386064]
[1; 120; 47.54614933395955]
[1; 120; 47.941546343787465]
[2; 70; 28.20140609915724]
[1; 140; 56.88386326663581]
[2; 70; 28.687652167358344]
[1; 180; 74.41392750750288]
[2; 90; 37.5369616897782]
[2; 90; 37.87437540852]
[2; 100; 42.46608354902723]
[1; 200; 85.71676680834376]
[1; 200; 86.51974148475894]
[1; 200; 87.34178947748444]
[2; 520; 229.27748001250532]
[2; 520; 231.51982478807832]
[1; 1040; 467.63562355140175]
[2; 520; 236.1736835338088]
[1; 1040; 477.1796176086877]
[2; 520; 241.06869169007456]
[1; 1040; 487.2259633104986]
[1; 1080; 511.3913907555935]
[1; 1080; 516.9652074824077]
[2; 540; 261.34671334053775]
[2; 560; 274.08007798074635]
[1; 1120; 554.4428793335765]
[2; 560; 280.4543882879438]
[1; 1120; 567.5665446450299]
[2; 580; 297.470326757859]
[1; 1160; 602.2631148579368]
[2; 580; 304.9075631830482]
[2; 580; 308.80421133116783]
[1; 1160; 625.6555793265576]
[2; 580; 316.98504556486915]
[1; 1160; 642.566459284608]
[1; 1160; 651.4602889618955]
[1; 1160; 660.6683985232237]
[2; 580; 335.10447108137674]
[1; 1200; 703.5533254519839]
[2; 600; 357.0866242268336]
[1; 1200; 725.2032230872036]
[1; 1200; 736.6691829121897]
[1; 1200; 748.5993715292076]
[1; 1200; 761.0246109911042]
[1; 1240; 799.7778960210456]
[2; 620; 406.8741278890397]
[1; 1240; 828.3451219332524]
[2; 620; 421.807345988921]
[1; 1240; 859.6079806835315]
[2; 620; 438.1907390777982]
[1; 1280; 922.8365629262098]
[1; 1280; 941.9635563948846]
[1; 1280; 962.1134597367819]
[1; 1280; 983.3767056241803]
[2; 640; 502.92754852022665]
[1; 1280; 1029.6636914645446]
[1; 1280; 1054.9330781651126]
[2; 640; 540.9060743937171]
[1; 1280; 1110.4714919456242]
[1; 1280; 1141.1075840150288]
[2; 660; 605.316940246766]
[1; 1320; 1247.047302471187]
[1; 1320; 1286.3283794981005]
[1; 1320; 1328.856394867065]
[1; 1320; 1375.083213856792]
[2; 660; 712.7759682830324]
[1; 1320; 1480.9217113399386]
[1; 1320; 1542.0012509724759]
[1; 1320; 1609.7948800197478]
[2; 660; 842.7835076740805]
[1; 1320; 1770.9344224864367]
[1; 1360; 1924.607590478994]
[1; 1360; 2039.5509937301063]
[1; 1360; 2173.350100918365]
[1; 1360; 2331.496057186951]
[1; 1360; 2521.9493899884724]
[1; 1360; 2756.751788275859]
[1; 1360; 3055.124113752337]
[1; 1400; 3551.4481846251515]
[2; 700; 2060.5452796138097]
[1; 1400; 4992.345680065751]
[1; 1400; 6541.823488974139]
[1; 1400; 10384.497488187826]


Jobs: [[2; 10; 3.442897684560898], [1; 20; 6.93208664762652], [2; 10; 3.4895819310736833], [2; 10; 3.51352429117072], [1; 20; 7.075763200290421], [2; 20; 7.125330970830312], [1; 40; 14.351552108616282], [1; 60; 21.838198811861094], [1; 80; 29.54738814868311], [2; 40; 14.884152240929872], [1; 80; 29.99339696661921], [1; 100; 38.07078359246564], [2; 50; 19.336354382498428], [1; 100; 38.9827125051812], [1; 120; 47.54614933395955], [2; 70; 28.20140609915724], [1; 140; 56.88386326663581], [2; 70; 28.687652167358344], [1; 180; 74.41392750750288], [2; 90; 37.5369616897782], [2; 90; 37.87437540852], [2; 100; 42.46608354902723], [1; 200; 85.71676680834376], [1; 200; 87.34178947748444], [2; 520; 229.27748001250532], [2; 520; 231.51982478807832], [1; 1040; 467.63562355140175], [2; 520; 236.1736835338088], [1; 1040; 477.1796176086877], [2; 520; 241.06869169007456], [1; 1040; 487.2259633104986], [1; 1080; 516.9652074824077], [2; 540; 261.34671334053775], [2; 560; 274.08007798074635], [1; 1120; 554.4428793335765], [2; 560; 280.4543882879438], [1; 1120; 567.5665446450299], [2; 580; 297.470326757859], [1; 1160; 602.2631148579368], [2; 580; 304.9075631830482], [2; 580; 308.80421133116783], [1; 1160; 625.6555793265576], [2; 580; 316.98504556486915], [1; 1160; 642.566459284608], [1; 1160; 660.6683985232237], [2; 580; 335.10447108137674], [1; 1200; 703.5533254519839], [2; 600; 357.0866242268336], [1; 1200; 725.2032230872036], [1; 1200; 748.5993715292076], [1; 1240; 799.7778960210456], [2; 620; 406.8741278890397], [1; 1240; 828.3451219332524], [2; 620; 421.807345988921], [1; 1240; 859.6079806835315], [2; 620; 438.1907390777982], [1; 1280; 922.8365629262098], [1; 1280; 962.1134597367819], [2; 640; 502.92754852022665], [1; 1280; 1029.6636914645446], [2; 640; 540.9060743937171], [1; 1280; 1110.4714919456242], [2; 660; 605.316940246766], [1; 1320; 1247.047302471187], [1; 1320; 1328.856394867065], [2; 660; 712.7759682830324], [1; 1320; 1480.9217113399386], [1; 1320; 1609.7948800197478], [2; 660; 842.7835076740805], [1; 1320; 1770.9344224864367], [1; 1360; 2039.5509937301063], [1; 1360; 2331.496057186951], [1; 1360; 2756.751788275859], [1; 1400; 3551.4481846251515], [2; 700; 2060.5452796138097], [1; 1400; 4992.345680065751], [1; 1400; 10384.497488187826]];
Intervals[4.9E-324=3.442897684560898, 3.442897684560898=10.374984332187418, 10.374984332187418=13.864566263261102, 13.864566263261102=17.37809055443182, 17.37809055443182=24.453853754722243, 24.453853754722243=31.579184725552555, 31.579184725552555=45.93073683416884, 45.93073683416884=67.76893564602993, 67.76893564602993=97.31632379471304, 97.31632379471304=112.20047603564291, 112.20047603564291=142.1938730022621, 142.1938730022621=180.26465659472774, 180.79206493507456=200.128419317573, 200.128419317573=239.1111318227542, 239.1111318227542=286.65728115671374, 295.2287709677465=323.43017706690375, 323.43017706690375=380.31404033353954, 380.31404033353954=409.0016925008979, 409.0016925008979=483.41562000840077, 483.41562000840077=520.952581698179, 520.952581698179=558.826957106699, 558.826957106699=601.2930406557261, 601.2930406557261=687.0098074640699, 687.0098074640699=774.3515969415544, 774.3515969415544=1003.6290769540597, 1003.6290769540597=1235.148901742138, 1235.148901742138=1702.7845252935397, 1702.7845252935397=1938.9582088273485, 1938.9582088273485=2416.137826436036, 2416.137826436036=2657.2065181261105, 2657.2065181261105=3144.432481436609, 3144.432481436609=3661.3976889190167, 3661.3976889190167=3922.7444022595546, 3922.7444022595546=4196.8244802403005, 4196.8244802403005=4751.267359573877, 4751.267359573877=5031.72174786182, 5031.72174786182=5599.288292506851, 5599.288292506851=5896.7586192647095, 5896.7586192647095=6499.021734122646, 6499.021734122646=6803.9292973056945, 6803.9292973056945=7112.733508636862, 7112.733508636862=7738.38908796342, 7738.38908796342=8055.374133528289, 8055.374133528289=8697.940592812898, 8697.940592812898=9358.608991336121, 9358.608991336121=9693.713462417498, 9693.713462417498=10397.266787869481, 10397.266787869481=10754.353412096314, 10754.353412096314=11479.556635183517, 11479.556635183517=12228.156006712725, 12228.156006712725=13027.93390273377, 13027.93390273377=13434.80803062281, 13434.80803062281=14263.153152556062, 14263.153152556062=14684.960498544982, 14684.960498544982=15544.568479228514, 15544.568479228514=15982.759218306312, 15982.759218306312=16905.59578123252, 16905.59578123252=17867.709240969303, 17908.099480325378=18411.027028845605, 18411.027028845605=19440.69072031015, 19465.960107010716=20006.86618140443, 20006.86618140443=21117.337673350055, 21147.97376541946=21753.290705666226, 21753.290705666226=23000.338008137413, 23000.338008137413=24329.194403004476, 24414.70229902112=25127.47826730415, 25127.47826730415=26608.39997864409, 26608.39997864409=28218.19485866384, 28218.19485866384=29060.97836633792, 29060.97836633792=30831.912788824357, 30831.912788824357=32871.46378255446, 32871.46378255446=35202.959839741416, 35202.959839741416=37959.71162801728, 37959.71162801728=41511.15981264243, 41511.15981264243=43571.70509225624, 43571.70509225624=48564.05077232199, 48564.05077232199=58948.54826050982];

Jobs: [[2; 10; 3.442897684560898], [2; 10; 3.4895819310736833], [2; 10; 3.51352429117072], [2; 20; 7.125330970830312], [1; 60; 21.68137068581793], [1; 60; 21.997894022203358], [2; 40; 14.884152240929872], [1; 80; 30.222793364543964], [1; 100; 38.36879553488767], [2; 50; 19.336354382498428], [1; 120; 47.158805306386064], [1; 120; 47.941546343787465], [2; 70; 28.20140609915724], [2; 70; 28.687652167358344], [2; 90; 37.5369616897782], [2; 90; 37.87437540852], [2; 100; 42.46608354902723], [1; 200; 86.51974148475894], [2; 520; 229.27748001250532], [2; 520; 231.51982478807832], [2; 520; 236.1736835338088], [2; 520; 241.06869169007456], [1; 1080; 511.3913907555935], [2; 540; 261.34671334053775], [2; 560; 274.08007798074635], [2; 560; 280.4543882879438], [2; 580; 297.470326757859], [2; 580; 304.9075631830482], [2; 580; 308.80421133116783], [2; 580; 316.98504556486915], [1; 1160; 651.4602889618955], [2; 580; 335.10447108137674], [2; 600; 357.0866242268336], [1; 1200; 736.6691829121897], [1; 1200; 761.0246109911042], [2; 620; 406.8741278890397], [2; 620; 421.807345988921], [2; 620; 438.1907390777982], [1; 1280; 941.9635563948846], [1; 1280; 983.3767056241803], [2; 640; 502.92754852022665], [1; 1280; 1054.9330781651126], [2; 640; 540.9060743937171], [1; 1280; 1141.1075840150288], [2; 660; 605.316940246766], [1; 1320; 1286.3283794981005], [1; 1320; 1375.083213856792], [2; 660; 712.7759682830324], [1; 1320; 1542.0012509724759], [2; 660; 842.7835076740805], [1; 1360; 1924.607590478994], [1; 1360; 2173.350100918365], [1; 1360; 2521.9493899884724], [1; 1360; 3055.124113752337], [2; 700; 2060.5452796138097], [1; 1400; 6541.823488974139]];
Intervals[4.9E-324=3.442897684560898, 10.374984332187418=13.864566263261102, 13.864566263261102=17.37809055443182, 24.453853754722243=31.579184725552555, 31.579184725552555=53.26055541137049, 53.26055541137049=75.25844943357384, 97.31632379471304=112.20047603564291, 112.20047603564291=142.42326940018688, 142.42326940018688=180.79206493507456, 180.79206493507456=200.128419317573, 200.128419317573=247.28722462395905, 247.28722462395905=295.2287709677465, 295.2287709677465=323.43017706690375, 380.31404033353954=409.0016925008979, 483.41562000840077=520.952581698179, 520.952581698179=558.826957106699, 558.826957106699=601.2930406557261, 601.2930406557261=687.8127821404851, 774.3515969415544=1003.6290769540597, 1003.6290769540597=1235.148901742138, 1702.7845252935397=1938.9582088273485, 2416.137826436036=2657.2065181261105, 2657.2065181261105=3168.597908881704, 3661.3976889190167=3922.7444022595546, 3922.7444022595546=4196.8244802403005, 4751.267359573877=5031.72174786182, 5599.288292506851=5896.7586192647095, 6499.021734122646=6803.9292973056945, 6803.9292973056945=7112.733508636862, 7738.38908796342=8055.374133528289, 8055.374133528289=8706.834422490185, 9358.608991336121=9693.713462417498, 10397.266787869481=10754.353412096314, 10754.353412096314=11491.022595008504, 11491.022595008504=12252.047205999608, 13027.93390273377=13434.80803062281, 14263.153152556062=14684.960498544982, 15544.568479228514=15982.759218306312, 15982.759218306312=16924.722774701197, 16924.722774701197=17908.099480325378, 17908.099480325378=18411.027028845605, 18411.027028845605=19465.960107010716, 19465.960107010716=20006.86618140443, 20006.86618140443=21147.97376541946, 21147.97376541946=21753.290705666226, 21753.290705666226=23039.619085164326, 23039.619085164326=24414.70229902112, 24414.70229902112=25127.47826730415, 25127.47826730415=26669.47951827663, 28218.19485866384=29060.97836633792, 29060.97836633792=30985.585956816914, 30985.585956816914=33158.93605773528, 33158.93605773528=35680.88544772375, 35680.88544772375=38736.00956147609, 41511.15981264243=43571.70509225624, 43571.70509225624=50113.52858123038];
