1.1347987309021275
5136.926646990842
5829.3778397425285
[2; 10; 0.1616251361427669]
[1; 20; 0.32763341020577313]
[2; 10; 0.16608410927941575]
[1; 20; 0.3368632727334381]
[2; 20; 0.3417278292359923]
[1; 60; 1.040315688208541]
[1; 60; 1.056018936429449]
[1; 60; 1.0723285113212149]
[1; 80; 1.4523770130448983]
[1; 80; 1.4758979259737506]
[2; 40; 0.750197427151412]
[2; 40; 0.7629671272067378]
[1; 80; 1.5525889676854916]
[1; 80; 1.5804390222870017]
[2; 50; 1.0059828503793662]
[1; 100; 2.0501086451907913]
[1; 100; 2.0901123363503613]
[1; 120; 2.5585516744088608]
[2; 60; 1.3057905003266363]
[1; 120; 2.6674463304480893]
[2; 60; 1.3631991935665195]
[1; 140; 3.2535059877587513]
[1; 140; 3.3305164883237097]
[2; 70; 1.7061260098962983]
[1; 140; 3.499194182209849]
[2; 70; 1.7959473779627217]
[1; 160; 4.218273436565535]
[1; 160; 4.339672924928187]
[2; 80; 2.235100760781928]
[2; 80; 2.3055047983619033]
[2; 90; 2.6794444163489732]
[2; 90; 2.772654030650441]
[1; 180; 5.748833645835025]
[1; 200; 6.63569304290855]
[1; 200; 6.909377379561946]
[2; 520; 18.75417989388402]
[1; 1120; 42.29492301729992]
[1; 1160; 46.02403178587047]
[1; 1200; 50.22068768020232]
[1; 1200; 53.220019483802346]
[2; 600; 28.355685901351187]
[2; 620; 31.432982431849965]
[2; 620; 34.00065405436194]
[2; 640; 38.36514588032909]
[1; 1320; 87.69240969953152]
[2; 660; 49.51303019199318]
[2; 660; 57.454782014371986]
[1; 1320; 139.20302340666265]
[1; 1360; 187.93506472408495]
[2; 700; 153.5513408906668]


Jobs: [[2; 10; 0.1616251361427669], [1; 20; 0.32763341020577313], [2; 10; 0.16608410927941575], [1; 20; 0.3368632727334381], [2; 20; 0.3417278292359923], [1; 60; 1.040315688208541], [1; 60; 1.0723285113212149], [1; 80; 1.4758979259737506], [2; 40; 0.750197427151412], [2; 40; 0.7629671272067378], [1; 80; 1.5525889676854916], [2; 50; 1.0059828503793662], [1; 100; 2.0501086451907913], [1; 120; 2.5585516744088608], [2; 60; 1.3057905003266363], [1; 120; 2.6674463304480893], [2; 60; 1.3631991935665195], [1; 140; 3.2535059877587513], [2; 70; 1.7061260098962983], [1; 140; 3.499194182209849], [2; 70; 1.7959473779627217], [1; 160; 4.218273436565535], [2; 80; 2.235100760781928], [2; 80; 2.3055047983619033], [2; 90; 2.6794444163489732], [2; 90; 2.772654030650441], [1; 180; 5.748833645835025], [1; 200; 6.909377379561946], [2; 520; 18.75417989388402], [1; 1120; 42.29492301729992], [1; 1200; 50.22068768020232], [2; 600; 28.355685901351187], [2; 620; 31.432982431849965], [2; 620; 34.00065405436194], [2; 640; 38.36514588032909], [1; 1320; 87.69240969953152], [2; 660; 49.51303019199318], [2; 660; 57.454782014371986], [1; 1320; 139.20302340666265], [2; 700; 153.5513408906668]];
Intervals[4.9E-324=0.1616251361427669, 0.1616251361427669=0.48925854634854005, 0.48925854634854005=0.6553426556279558, 0.6553426556279558=0.9922059283613939, 0.9922059283613939=1.3339337575973862, 1.3339337575973862=2.374249445805927, 2.374249445805927=3.446577957127142, 3.446577957127142=4.922475883100892, 4.922475883100892=5.672673310252304, 5.672673310252304=6.435640437459043, 6.435640437459043=7.988229405144534, 8.016079459746045=9.022062310125412, 9.022062310125412=11.072170955316203, 11.072170955316203=13.630722629725064, 13.630722629725064=14.9365131300517, 14.9365131300517=17.60395946049979, 17.60395946049979=18.96715865406631, 18.96715865406631=22.22066464182506, 22.29767514239002=24.003801152286318, 24.003801152286318=27.502995334496166, 27.502995334496166=29.29894271245889, 29.29894271245889=33.51721614902442, 33.638615637387076=35.873716398169, 35.873716398169=38.179221196530904, 38.179221196530904=40.858665612879875, 40.858665612879875=43.63131964353032, 43.63131964353032=49.380153289365346, 49.380153289365346=56.28953066892729, 56.28953066892729=75.04371056281131, 75.04371056281131=117.33863358011124, 117.33863358011124=167.55932126031354, 174.28776183248414=202.64344773383533, 202.64344773383533=234.07643016568528, 234.07643016568528=268.0770842200472, 268.0770842200472=306.44223010037626, 306.44223010037626=394.1346397999078, 394.1346397999078=443.647669991901, 443.647669991901=501.102452006273, 501.102452006273=640.3054754129356, 689.037516730358=842.5888576210248];

Jobs: [[2; 10; 0.1616251361427669], [2; 10; 0.16608410927941575], [2; 20; 0.3417278292359923], [1; 60; 1.056018936429449], [1; 80; 1.4523770130448983], [2; 40; 0.750197427151412], [2; 40; 0.7629671272067378], [1; 80; 1.5804390222870017], [2; 50; 1.0059828503793662], [1; 100; 2.0901123363503613], [2; 60; 1.3057905003266363], [2; 60; 1.3631991935665195], [1; 140; 3.3305164883237097], [2; 70; 1.7061260098962983], [2; 70; 1.7959473779627217], [1; 160; 4.339672924928187], [2; 80; 2.235100760781928], [2; 80; 2.3055047983619033], [2; 90; 2.6794444163489732], [2; 90; 2.772654030650441], [1; 200; 6.63569304290855], [2; 520; 18.75417989388402], [1; 1160; 46.02403178587047], [1; 1200; 53.220019483802346], [2; 600; 28.355685901351187], [2; 620; 31.432982431849965], [2; 620; 34.00065405436194], [2; 640; 38.36514588032909], [2; 660; 49.51303019199318], [2; 660; 57.454782014371986], [1; 1360; 187.93506472408495], [2; 700; 153.5513408906668]];
Intervals[4.9E-324=0.1616251361427669, 0.48925854634854005=0.6553426556279558, 0.9922059283613939=1.3339337575973862, 1.3339337575973862=2.389952694026835, 2.389952694026835=3.8423297070717335, 4.922475883100892=5.672673310252304, 5.672673310252304=6.435640437459043, 6.435640437459043=8.016079459746045, 8.016079459746045=9.022062310125412, 9.022062310125412=11.112174646475772, 13.630722629725064=14.9365131300517, 17.60395946049979=18.96715865406631, 18.96715865406631=22.29767514239002, 22.29767514239002=24.003801152286318, 27.502995334496166=29.29894271245889, 29.29894271245889=33.638615637387076, 33.638615637387076=35.873716398169, 35.873716398169=38.179221196530904, 38.179221196530904=40.858665612879875, 40.858665612879875=43.63131964353032, 43.63131964353032=50.26701268643887, 56.28953066892729=75.04371056281131, 75.04371056281131=121.06774234868178, 121.06774234868178=174.28776183248414, 174.28776183248414=202.64344773383533, 202.64344773383533=234.07643016568528, 234.07643016568528=268.0770842200472, 268.0770842200472=306.44223010037626, 394.1346397999078=443.647669991901, 443.647669991901=501.102452006273, 501.102452006273=689.037516730358, 689.037516730358=842.5888576210248];
