1.1099131365126607
152.30762119361725
169.04822955378992
[1; 20; 0.030965950365466965]
[2; 10; 0.015692917823034235]
[2; 10; 0.015910125142590135]
[2; 10; 0.01613500788361011]
[2; 20; 0.032736018824674855]
[1; 40; 0.06643843636018483]
[2; 20; 0.0337206521531634]
[1; 60; 0.10272434179952228]
[1; 60; 0.10434848402424575]
[2; 30; 0.053019191906312685]
[2; 30; 0.053899203539459636]
[2; 40; 0.07308888566286313]
[1; 80; 0.14873117529458021]
[1; 80; 0.15139908769065746]
[1; 80; 0.15418995216606357]
[1; 80; 0.15711309284149066]
[1; 80; 0.1601788345805442]
[1; 100; 0.20424830477080885]
[2; 50; 0.10424080887057424]
[2; 50; 0.10647066395229537]
[1; 100; 0.2176474504195623]
[1; 100; 0.2226225169971049]
[2; 50; 0.11394599646053608]
[2; 50; 0.11674239053698195]
[1; 100; 0.2394338351415832]
[2; 50; 0.12288845546334325]
[2; 60; 0.15153449632975968]
[1; 120; 0.31179114431723787]
[2; 70; 0.1873486954534486]
[1; 140; 0.3865000843932073]
[1; 140; 0.39927837786100273]
[1; 140; 0.4131680422153958]
[1; 140; 0.42833226147483744]
[2; 80; 0.254268050516196]
[2; 80; 0.2647551514546649]
[1; 160; 0.5527900668067356]
[1; 160; 0.578809582876863]
[2; 80; 0.30406201742442374]
[1; 160; 0.6414560503555514]
[1; 180; 0.7647364703511621]
[2; 90; 0.4074524466716006]
[2; 90; 0.4371011244366909]
[2; 90; 0.47280668167477696]
[2; 100; 0.5742518379675043]
[1; 200; 1.272810011407211]
[1; 200; 1.43731209438559]
[1; 200; 1.6678529419291874]
[1; 200; 2.0204599510634624]
[2; 100; 1.3237757572733244]
[1; 200; 4.20272605933135]


Jobs: [[1; 20; 0.030965950365466965], [2; 10; 0.015692917823034235], [2; 10; 0.015910125142590135], [2; 10; 0.01613500788361011], [2; 20; 0.032736018824674855], [1; 40; 0.06643843636018483], [2; 20; 0.0337206521531634], [1; 60; 0.10272434179952228], [2; 30; 0.053019191906312685], [2; 30; 0.053899203539459636], [2; 40; 0.07308888566286313], [1; 80; 0.14873117529458021], [1; 80; 0.15418995216606357], [1; 80; 0.1601788345805442], [2; 50; 0.10424080887057424], [2; 50; 0.10647066395229537], [1; 100; 0.2176474504195623], [2; 50; 0.11394599646053608], [2; 50; 0.11674239053698195], [1; 100; 0.2394338351415832], [2; 50; 0.12288845546334325], [2; 60; 0.15153449632975968], [1; 120; 0.31179114431723787], [2; 70; 0.1873486954534486], [1; 140; 0.3865000843932073], [1; 140; 0.4131680422153958], [2; 80; 0.254268050516196], [2; 80; 0.2647551514546649], [1; 160; 0.5527900668067356], [2; 80; 0.30406201742442374], [1; 160; 0.6414560503555514], [2; 90; 0.4074524466716006], [2; 90; 0.4371011244366909], [2; 90; 0.47280668167477696], [2; 100; 0.5742518379675043], [1; 200; 1.272810011407211], [1; 200; 1.6678529419291874], [2; 100; 1.3237757572733244], [1; 200; 4.20272605933135]];
Intervals[0.0=0.030965950365466965, 0.030965950365466965=0.0466588681885012, 0.0466588681885012=0.06256899333109134, 0.06256899333109134=0.07870400121470145, 0.07870400121470145=0.11144002003937631, 0.11144002003937631=0.17787845639956112, 0.17787845639956112=0.2115991085527245, 0.2115991085527245=0.3143234503522468, 0.31594759257697025=0.3689667844832829, 0.3689667844832829=0.42286598802274256, 0.42286598802274256=0.4959548736856057, 0.4959548736856057=0.6446860489801859, 0.6446860489801859=0.7988760011462495, 0.7988760011462495=0.9590548357267936, 1.0087153589885627=1.1129561678591369, 1.1129561678591369=1.2194268318114323, 1.2194268318114323=1.4370742822309945, 1.442049348808537=1.5559953452690731, 1.5559953452690731=1.6727377358060551, 1.6727377358060551=1.9121715709476383, 1.9121715709476383=2.0350600264109815, 2.0350600264109815=2.1865945227407413, 2.1865945227407413=2.4983856670579794, 2.4983856670579794=2.685734362511428, 2.685734362511428=3.0722344469046354, 3.0722344469046354=3.4854024891200313, 3.5133450018472683=3.767613052363464, 3.767613052363464=4.0323682038181285, 4.0323682038181285=4.585158270624865, 4.6111777866949915=4.915239804119415, 4.915239804119415=5.556695854474967, 5.679976274470578=6.087428721142178, 6.087428721142178=6.5245298455788685, 6.5245298455788685=6.997336527253646, 6.997336527253646=7.57158836522115, 7.57158836522115=8.844398376628362, 8.844398376628362=10.51225131855755, 11.029360410670204=12.353136167943529, 12.353136167943529=16.55586222727488];

Jobs: [[2; 10; 0.015692917823034235], [2; 10; 0.015910125142590135], [2; 10; 0.01613500788361011], [2; 20; 0.032736018824674855], [2; 20; 0.0337206521531634], [1; 60; 0.10434848402424575], [2; 30; 0.053019191906312685], [2; 30; 0.053899203539459636], [2; 40; 0.07308888566286313], [1; 80; 0.15139908769065746], [1; 80; 0.15711309284149066], [1; 100; 0.20424830477080885], [2; 50; 0.10424080887057424], [2; 50; 0.10647066395229537], [1; 100; 0.2226225169971049], [2; 50; 0.11394599646053608], [2; 50; 0.11674239053698195], [2; 50; 0.12288845546334325], [2; 60; 0.15153449632975968], [2; 70; 0.1873486954534486], [1; 140; 0.39927837786100273], [1; 140; 0.42833226147483744], [2; 80; 0.254268050516196], [2; 80; 0.2647551514546649], [1; 160; 0.578809582876863], [2; 80; 0.30406201742442374], [1; 180; 0.7647364703511621], [2; 90; 0.4074524466716006], [2; 90; 0.4371011244366909], [2; 90; 0.47280668167477696], [2; 100; 0.5742518379675043], [1; 200; 1.43731209438559], [1; 200; 2.0204599510634624], [2; 100; 1.3237757572733244]];
Intervals[0.030965950365466965=0.0466588681885012, 0.0466588681885012=0.06256899333109134, 0.06256899333109134=0.07870400121470145, 0.07870400121470145=0.11144002003937631, 0.17787845639956112=0.2115991085527245, 0.2115991085527245=0.31594759257697025, 0.31594759257697025=0.3689667844832829, 0.3689667844832829=0.42286598802274256, 0.42286598802274256=0.4959548736856057, 0.4959548736856057=0.6473539613762631, 0.6473539613762631=0.8044670542177538, 0.8044670542177538=1.0087153589885627, 1.0087153589885627=1.1129561678591369, 1.1129561678591369=1.2194268318114323, 1.2194268318114323=1.442049348808537, 1.442049348808537=1.5559953452690731, 1.5559953452690731=1.6727377358060551, 1.9121715709476383=2.0350600264109815, 2.0350600264109815=2.1865945227407413, 2.4983856670579794=2.685734362511428, 2.685734362511428=3.085012740372431, 3.085012740372431=3.5133450018472683, 3.5133450018472683=3.767613052363464, 3.767613052363464=4.0323682038181285, 4.0323682038181285=4.6111777866949915, 4.6111777866949915=4.915239804119415, 4.915239804119415=5.679976274470578, 5.679976274470578=6.087428721142178, 6.087428721142178=6.5245298455788685, 6.5245298455788685=6.997336527253646, 6.997336527253646=7.57158836522115, 7.57158836522115=9.00890045960674, 9.00890045960674=11.029360410670204, 11.029360410670204=12.353136167943529];
