1.1304932276282778
5637.260705114885
6372.8850495073875
[2; 10; 0.1719565570063505]
[2; 10; 0.17428821569396505]
[2; 10; 0.17670055714556562]
[2; 20; 0.3583962862680352]
[1; 40; 0.7271435910410533]
[2; 30; 0.5534074346765474]
[2; 30; 0.5617609512220749]
[2; 40; 0.7605826799269739]
[2; 40; 0.7726080132045873]
[2; 40; 0.7851202229431733]
[2; 40; 0.7981516348671759]
[1; 80; 1.6234752023671322]
[2; 50; 1.0323960883372973]
[1; 100; 2.101830037987549]
[2; 50; 1.070287403847065]
[2; 50; 1.090577964941559]
[2; 50; 1.1118583708348255]
[2; 50; 1.134208214127337]
[1; 120; 2.7785187869469508]
[2; 60; 1.4189775734447374]
[2; 60; 1.450337771919784]
[1; 140; 3.461476978187082]
[1; 140; 3.5434101529798228]
[1; 140; 3.6303703926547883]
[2; 80; 2.127354332657604]
[2; 90; 2.4566761753623942]
[2; 90; 2.5244518526661395]
[2; 90; 2.5971041280386298]
[2; 90; 2.675219774773734]
[2; 90; 2.7594872390700504]
[2; 90; 2.8507201758411593]
[2; 90; 2.9498879460140643]
[2; 100; 3.3979507015502883]
[2; 100; 3.5299302950057014]
[2; 100; 3.675519704427496]
[2; 540; 20.72040934369212]
[2; 560; 22.499252017579877]
[2; 580; 24.482992665380962]
[2; 600; 26.715450177102003]
[2; 620; 29.254677161417916]
[1; 1240; 62.34769883818402]
[2; 640; 34.52102731633287]
[2; 640; 37.34095261016354]
[2; 640; 40.81752722423306]
[1; 1360; 96.12510308718768]
[1; 1360; 108.54862234193591]
[2; 680; 62.979759170797536]
[2; 700; 78.53850208294658]
[2; 700; 102.91455172396986]
[1; 1400; 326.7333353389309]


Jobs: [[2; 10; 0.1719565570063505], [2; 10; 0.17428821569396505], [2; 10; 0.17670055714556562], [2; 20; 0.3583962862680352], [1; 40; 0.7271435910410533], [2; 30; 0.5534074346765474], [2; 30; 0.5617609512220749], [2; 40; 0.7605826799269739], [2; 40; 0.7726080132045873], [2; 40; 0.7851202229431733], [2; 40; 0.7981516348671759], [1; 80; 1.6234752023671322], [2; 50; 1.0323960883372973], [1; 100; 2.101830037987549], [2; 50; 1.070287403847065], [2; 50; 1.090577964941559], [2; 50; 1.1118583708348255], [2; 50; 1.134208214127337], [1; 120; 2.7785187869469508], [2; 60; 1.4189775734447374], [2; 60; 1.450337771919784], [1; 140; 3.461476978187082], [1; 140; 3.6303703926547883], [2; 80; 2.127354332657604], [2; 90; 2.4566761753623942], [2; 90; 2.5244518526661395], [2; 90; 2.5971041280386298], [2; 90; 2.675219774773734], [2; 90; 2.7594872390700504], [2; 90; 2.8507201758411593], [2; 90; 2.9498879460140643], [2; 100; 3.3979507015502883], [2; 100; 3.5299302950057014], [2; 100; 3.675519704427496], [2; 540; 20.72040934369212], [2; 560; 22.499252017579877], [2; 580; 24.482992665380962], [2; 600; 26.715450177102003], [2; 620; 29.254677161417916], [1; 1240; 62.34769883818402], [2; 640; 34.52102731633287], [2; 640; 37.34095261016354], [2; 640; 40.81752722423306], [1; 1360; 96.12510308718768], [2; 680; 62.979759170797536], [2; 700; 78.53850208294658], [2; 700; 102.91455172396986], [1; 1400; 326.7333353389309]];
Intervals[4.9E-324=0.1719565570063505, 0.1719565570063505=0.34624477270031556, 0.34624477270031556=0.5229453298458812, 0.5229453298458812=0.8813416161139164, 0.8813416161139164=1.6084852071549696, 1.6084852071549696=2.1618926418315167, 2.1618926418315167=2.7236535930535917, 2.7236535930535917=3.4842362729805654, 3.4842362729805654=4.256844286185153, 4.256844286185153=5.041964509128326, 5.041964509128326=5.840116143995502, 5.840116143995502=7.463591346362634, 7.463591346362634=8.49598743469993, 8.49598743469993=10.59781747268748, 10.59781747268748=11.668104876534544, 11.668104876534544=12.758682841476103, 12.758682841476103=13.870541212310929, 13.870541212310929=15.004749426438266, 15.004749426438266=17.783268213385217, 17.783268213385217=19.202245786829955, 19.202245786829955=20.65258355874974, 20.65258355874974=24.114060536936822, 24.114060536936822=27.744430929591612, 27.744430929591612=29.871785262249215, 29.871785262249215=32.32846143761161, 32.32846143761161=34.85291329027775, 34.85291329027775=37.45001741831638, 37.45001741831638=40.125237193090115, 40.125237193090115=42.88472443216016, 42.88472443216016=45.73544460800132, 45.73544460800132=48.68533255401539, 48.68533255401539=52.083283255565675, 52.083283255565675=55.61321355057137, 55.61321355057137=59.28873325499887, 59.28873325499887=80.00914259869099, 80.00914259869099=102.50839461627086, 102.50839461627086=126.99138728165182, 126.99138728165182=153.70683745875382, 153.70683745875382=182.96151462017173, 182.96151462017173=245.30921345835574, 245.30921345835574=279.8302407746886, 279.8302407746886=317.17119338485213, 317.17119338485213=357.9887206090852, 357.9887206090852=454.1138236962729, 466.5373429510211=529.5171021218187, 529.5171021218187=608.0556042047652, 608.0556042047652=710.9701559287352, 710.9701559287352=1037.703491267666];

Jobs: [[2; 10; 0.1719565570063505], [2; 10; 0.17428821569396505], [2; 10; 0.17670055714556562], [2; 20; 0.3583962862680352], [2; 30; 0.5534074346765474], [2; 30; 0.5617609512220749], [2; 40; 0.7605826799269739], [2; 40; 0.7726080132045873], [2; 40; 0.7851202229431733], [2; 40; 0.7981516348671759], [2; 50; 1.0323960883372973], [2; 50; 1.070287403847065], [2; 50; 1.090577964941559], [2; 50; 1.1118583708348255], [2; 50; 1.134208214127337], [2; 60; 1.4189775734447374], [2; 60; 1.450337771919784], [1; 140; 3.5434101529798228], [2; 80; 2.127354332657604], [2; 90; 2.4566761753623942], [2; 90; 2.5244518526661395], [2; 90; 2.5971041280386298], [2; 90; 2.675219774773734], [2; 90; 2.7594872390700504], [2; 90; 2.8507201758411593], [2; 90; 2.9498879460140643], [2; 100; 3.3979507015502883], [2; 100; 3.5299302950057014], [2; 100; 3.675519704427496], [2; 540; 20.72040934369212], [2; 560; 22.499252017579877], [2; 580; 24.482992665380962], [2; 600; 26.715450177102003], [2; 620; 29.254677161417916], [2; 640; 34.52102731633287], [2; 640; 37.34095261016354], [2; 640; 40.81752722423306], [1; 1360; 108.54862234193591], [2; 680; 62.979759170797536], [2; 700; 78.53850208294658], [2; 700; 102.91455172396986]];
Intervals[4.9E-324=0.1719565570063505, 0.1719565570063505=0.34624477270031556, 0.34624477270031556=0.5229453298458812, 0.5229453298458812=0.8813416161139164, 1.6084852071549696=2.1618926418315167, 2.1618926418315167=2.7236535930535917, 2.7236535930535917=3.4842362729805654, 3.4842362729805654=4.256844286185153, 4.256844286185153=5.041964509128326, 5.041964509128326=5.840116143995502, 7.463591346362634=8.49598743469993, 10.59781747268748=11.668104876534544, 11.668104876534544=12.758682841476103, 12.758682841476103=13.870541212310929, 13.870541212310929=15.004749426438266, 17.783268213385217=19.202245786829955, 19.202245786829955=20.65258355874974, 20.65258355874974=24.195993711729564, 27.744430929591612=29.871785262249215, 29.871785262249215=32.32846143761161, 32.32846143761161=34.85291329027775, 34.85291329027775=37.45001741831638, 37.45001741831638=40.125237193090115, 40.125237193090115=42.88472443216016, 42.88472443216016=45.73544460800132, 45.73544460800132=48.68533255401539, 48.68533255401539=52.083283255565675, 52.083283255565675=55.61321355057137, 55.61321355057137=59.28873325499887, 59.28873325499887=80.00914259869099, 80.00914259869099=102.50839461627086, 102.50839461627086=126.99138728165182, 126.99138728165182=153.70683745875382, 153.70683745875382=182.96151462017173, 245.30921345835574=279.8302407746886, 279.8302407746886=317.17119338485213, 317.17119338485213=357.9887206090852, 357.9887206090852=466.5373429510211, 466.5373429510211=529.5171021218187, 529.5171021218187=608.0556042047652, 608.0556042047652=710.9701559287352];
