1.0627144604914447
5185.839906471498
5511.067058400862
[1; 20; 0.2049255281456646]
[2; 10; 0.10315159260952232]
[1; 20; 0.20770423223426282]
[1; 30; 0.31369396667647875]
[1; 30; 0.3158686324071166]
[2; 20; 0.212054255773838]
[1; 40; 0.4271110653036017]
[1; 40; 0.430167332461196]
[2; 20; 0.21663943356681634]
[1; 40; 0.43644728594050713]
[1; 40; 0.4396742712429808]
[1; 40; 0.44296157458452634]
[2; 20; 0.22315551017641258]
[1; 40; 0.4497245096797262]
[1; 50; 0.5665050307471114]
[1; 50; 0.5709395405909858]
[1; 60; 0.690554236104277]
[2; 30; 0.34804488895349095]
[1; 60; 0.7017376037245114]
[1; 60; 0.7075014026155237]
[1; 70; 0.8322825377677281]
[1; 70; 0.8392912843788489]
[2; 40; 0.4836854131479666]
[1; 80; 0.9757283063404364]
[1; 80; 0.9842686657199147]
[1; 80; 0.9929983925079714]
[2; 40; 0.5009621477721421]
[1; 80; 1.0110535248940706]
[1; 80; 1.0203935939141278]
[2; 40; 0.5149762015379745]
[2; 40; 0.5198691328564329]
[2; 40; 0.5248799679383362]
[1; 90; 1.1925299683238082]
[1; 90; 1.2043666149352443]
[1; 90; 1.2165014188365646]
[1; 90; 1.2289465811243938]
[1; 90; 1.2417150001222261]
[2; 50; 0.6971224016069718]
[2; 50; 0.704598334135923]
[1; 100; 1.4245559490555506]
[1; 100; 1.4403407032688873]
[1; 110; 1.6022271184973502]
[1; 110; 1.6205910029484425]
[1; 110; 1.6394902895791479]
[2; 60; 0.9048820357523915]
[1; 120; 1.831634662896156]
[1; 120; 1.8541782122953572]
[1; 120; 1.8774284742688745]
[1; 130; 2.059873374019351]
[1; 130; 2.0867125866028493]
[1; 140; 2.2770929926749672]
[1; 140; 2.307969417228412]
[1; 140; 2.3399142637117953]
[2; 70; 1.1864939701478425]
[1; 150; 2.579202485563193]
[1; 150; 2.6172727526042214]
[1; 150; 2.656779687049032]
[2; 80; 1.4388330908051872]
[1; 160; 2.923164055554736]
[2; 80; 1.4852520138105771]
[2; 80; 1.5099042011282906]
[1; 170; 3.2631616180242107]
[1; 170; 3.3201618701891475]
[2; 90; 1.7892626408319305]
[2; 90; 1.8222455974510101]
[2; 90; 1.8567918188597188]
[1; 180; 3.786046652441633]
[1; 190; 4.076715223073046]
[1; 190; 4.1612104723706205]
[1; 190; 4.250224519925139]
[2; 100; 2.286398347561648]
[2; 100; 2.33866169353687]
[2; 100; 2.394017825767453]
[2; 100; 2.4527703706118045]
[2; 110; 2.7667920591719715]
[2; 120; 3.0982798388585646]
[2; 120; 3.183756311769856]
[2; 120; 3.2753829910576058]
[2; 130; 3.6550582207267936]
[2; 130; 3.7701898787013626]
[2; 130; 3.8948382155186594]
[2; 140; 4.340352837423612]
[2; 150; 4.8210576305635895]
[2; 150; 5.008312032405441]
[2; 160; 5.562534636886071]
[2; 160; 5.807089827420341]
[2; 160; 6.080426264086203]
[2; 170; 6.787649693656038]
[2; 170; 7.159689001227974]
[2; 180; 8.033598366350853]
[2; 180; 8.56062038846806]
[2; 180; 9.183542345227151]
[2; 180; 9.933720000977809]
[2; 180; 10.858584429028696]
[2; 190; 12.702391717292604]
[2; 190; 14.34408991071876]
[2; 190; 16.64484188948248]
[2; 200; 21.225042078465705]
[2; 200; 27.81267318443036]
[2; 200; 44.149866671012475]


Jobs: [[1; 20; 0.2049255281456646], [2; 10; 0.10315159260952232], [1; 20; 0.20770423223426282], [1; 30; 0.3158686324071166], [2; 20; 0.212054255773838], [1; 40; 0.4271110653036017], [2; 20; 0.21663943356681634], [1; 40; 0.43644728594050713], [1; 40; 0.44296157458452634], [2; 20; 0.22315551017641258], [1; 40; 0.4497245096797262], [1; 50; 0.5709395405909858], [2; 30; 0.34804488895349095], [1; 60; 0.7017376037245114], [1; 70; 0.8322825377677281], [2; 40; 0.4836854131479666], [1; 80; 0.9757283063404364], [1; 80; 0.9929983925079714], [2; 40; 0.5009621477721421], [1; 80; 1.0110535248940706], [2; 40; 0.5149762015379745], [2; 40; 0.5198691328564329], [2; 40; 0.5248799679383362], [1; 90; 1.1925299683238082], [1; 90; 1.2165014188365646], [1; 90; 1.2417150001222261], [2; 50; 0.6971224016069718], [2; 50; 0.704598334135923], [1; 100; 1.4245559490555506], [1; 110; 1.6022271184973502], [1; 110; 1.6394902895791479], [2; 60; 0.9048820357523915], [1; 120; 1.831634662896156], [1; 120; 1.8774284742688745], [1; 130; 2.0867125866028493], [1; 140; 2.307969417228412], [2; 70; 1.1864939701478425], [1; 150; 2.579202485563193], [1; 150; 2.656779687049032], [2; 80; 1.4388330908051872], [1; 160; 2.923164055554736], [2; 80; 1.4852520138105771], [2; 80; 1.5099042011282906], [1; 170; 3.2631616180242107], [2; 90; 1.7892626408319305], [2; 90; 1.8222455974510101], [2; 90; 1.8567918188597188], [1; 180; 3.786046652441633], [1; 190; 4.1612104723706205], [2; 100; 2.286398347561648], [2; 100; 2.33866169353687], [2; 100; 2.394017825767453], [2; 100; 2.4527703706118045], [2; 110; 2.7667920591719715], [2; 120; 3.0982798388585646], [2; 120; 3.183756311769856], [2; 120; 3.2753829910576058], [2; 130; 3.6550582207267936], [2; 130; 3.7701898787013626], [2; 130; 3.8948382155186594], [2; 140; 4.340352837423612], [2; 150; 4.8210576305635895], [2; 150; 5.008312032405441], [2; 160; 5.562534636886071], [2; 160; 5.807089827420341], [2; 160; 6.080426264086203], [2; 170; 6.787649693656038], [2; 170; 7.159689001227974], [2; 180; 8.033598366350853], [2; 180; 8.56062038846806], [2; 180; 9.183542345227151], [2; 180; 9.933720000977809], [2; 180; 10.858584429028696], [2; 190; 12.702391717292604], [2; 190; 14.34408991071876], [2; 190; 16.64484188948248], [2; 200; 21.225042078465705], [2; 200; 27.81267318443036], [2; 200; 44.149866671012475]];
Intervals[0.0=0.2049255281456646, 0.2049255281456646=0.3080771207551869, 0.3080771207551869=0.5157813529894497, 0.5157813529894497=0.8316499853965663, 0.8316499853965663=1.0437042411704043, 1.0437042411704043=1.470815306474006, 1.4738715736316004=1.6905110071984166, 1.6905110071984166=2.126958293138924, 2.126958293138924=2.56991986772345, 2.56991986772345=2.7930753778998625, 2.7930753778998625=3.2427998875795887, 3.2427998875795887=3.8137394281705745, 4.0501346447512505=4.398179533704742, 4.398179533704742=5.099917137429253, 5.099917137429253=5.932199675196982, 5.944972220699114=6.428657633847081, 6.428657633847081=7.404385940187518, 7.404385940187518=8.39738433269549, 8.39738433269549=8.898346480467632, 8.898346480467632=9.909400005361702, 9.918740074381759=10.433716275919734, 10.433716275919734=10.953585408776167, 10.953585408776167=11.478465376714503, 11.478465376714503=12.67099534503831, 12.67099534503831=13.887496763874875, 13.887496763874875=15.129211763997102, 15.129211763997102=15.826334165604074, 15.826334165604074=16.530932499739997, 16.530932499739997=17.95548844879555, 17.95548844879555=19.5577155672929, 19.5577155672929=21.197205856872046, 21.197205856872046=22.102087892624436, 22.102087892624436=23.933722555520593, 23.933722555520593=25.811151029789468, 25.811151029789468=27.897863616392318, 27.897863616392318=30.20583303362073, 30.6331467353259=31.819640705473745, 31.819640705473745=34.39884319103694, 34.39884319103694=37.05562287808597, 37.05562287808597=38.49445596889116, 38.49445596889116=41.417620024445895, 41.417620024445895=42.902872038256476, 42.902872038256476=44.41277623938477, 44.41277623938477=47.67593785740898, 47.732938109573915=49.522200750405844, 49.522200750405844=51.34444634785685, 51.34444634785685=53.20123816671657, 53.20123816671657=56.987284819158205, 56.987284819158205=61.148495291528825, 61.528177909714756=63.81457625727641, 63.81457625727641=66.15323795081328, 66.15323795081328=68.54725577658073, 68.54725577658073=71.00002614719253, 71.00002614719253=73.7668182063645, 73.7668182063645=76.86509804522306, 76.86509804522306=80.04885435699292, 80.04885435699292=83.32423734805053, 83.32423734805053=86.97929556877733, 86.97929556877733=90.74948544747869, 90.74948544747869=94.64432366299735, 94.64432366299735=98.98467650042096, 98.98467650042096=103.80573413098455, 103.80573413098455=108.81404616338999, 108.81404616338999=114.37658080027606, 114.37658080027606=120.1836706276964, 120.1836706276964=126.2640968917826, 126.2640968917826=133.05174658543865, 133.05174658543865=140.21143558666662, 140.21143558666662=148.24503395301747, 148.24503395301747=156.80565434148554, 156.80565434148554=165.9891966867127, 165.9891966867127=175.9229166876905, 175.9229166876905=186.7815011167192, 186.7815011167192=199.4838928340118, 199.4838928340118=213.82798274473058, 213.82798274473058=230.47282463421305, 230.47282463421305=251.69786671267877, 251.69786671267877=279.51053989710914, 279.51053989710914=323.66040656812163];

Jobs: [[2; 10; 0.10315159260952232], [1; 30; 0.31369396667647875], [2; 20; 0.212054255773838], [1; 40; 0.430167332461196], [2; 20; 0.21663943356681634], [1; 40; 0.4396742712429808], [2; 20; 0.22315551017641258], [1; 50; 0.5665050307471114], [1; 60; 0.690554236104277], [2; 30; 0.34804488895349095], [1; 60; 0.7075014026155237], [1; 70; 0.8392912843788489], [2; 40; 0.4836854131479666], [1; 80; 0.9842686657199147], [2; 40; 0.5009621477721421], [1; 80; 1.0203935939141278], [2; 40; 0.5149762015379745], [2; 40; 0.5198691328564329], [2; 40; 0.5248799679383362], [1; 90; 1.2043666149352443], [1; 90; 1.2289465811243938], [2; 50; 0.6971224016069718], [2; 50; 0.704598334135923], [1; 100; 1.4403407032688873], [1; 110; 1.6205910029484425], [2; 60; 0.9048820357523915], [1; 120; 1.8541782122953572], [1; 130; 2.059873374019351], [1; 140; 2.2770929926749672], [1; 140; 2.3399142637117953], [2; 70; 1.1864939701478425], [1; 150; 2.6172727526042214], [2; 80; 1.4388330908051872], [2; 80; 1.4852520138105771], [2; 80; 1.5099042011282906], [1; 170; 3.3201618701891475], [2; 90; 1.7892626408319305], [2; 90; 1.8222455974510101], [2; 90; 1.8567918188597188], [1; 190; 4.076715223073046], [1; 190; 4.250224519925139], [2; 100; 2.286398347561648], [2; 100; 2.33866169353687], [2; 100; 2.394017825767453], [2; 100; 2.4527703706118045], [2; 110; 2.7667920591719715], [2; 120; 3.0982798388585646], [2; 120; 3.183756311769856], [2; 120; 3.2753829910576058], [2; 130; 3.6550582207267936], [2; 130; 3.7701898787013626], [2; 130; 3.8948382155186594], [2; 140; 4.340352837423612], [2; 150; 4.8210576305635895], [2; 150; 5.008312032405441], [2; 160; 5.562534636886071], [2; 160; 5.807089827420341], [2; 160; 6.080426264086203], [2; 170; 6.787649693656038], [2; 170; 7.159689001227974], [2; 180; 8.033598366350853], [2; 180; 8.56062038846806], [2; 180; 9.183542345227151], [2; 180; 9.933720000977809], [2; 180; 10.858584429028696], [2; 190; 12.702391717292604], [2; 190; 14.34408991071876], [2; 190; 16.64484188948248], [2; 200; 21.225042078465705], [2; 200; 27.81267318443036], [2; 200; 44.149866671012475]];
Intervals[0.2049255281456646=0.3080771207551869, 0.3080771207551869=0.6217710874316656, 0.8316499853965663=1.0437042411704043, 1.0437042411704043=1.4738715736316004, 1.4738715736316004=1.6905110071984166, 1.6905110071984166=2.1301852784413975, 2.56991986772345=2.7930753778998625, 2.7930753778998625=3.359580408646974, 3.359580408646974=4.0501346447512505, 4.0501346447512505=4.398179533704742, 4.398179533704742=5.105680936320265, 5.105680936320265=5.944972220699114, 5.944972220699114=6.428657633847081, 6.428657633847081=7.412926299566996, 8.39738433269549=8.898346480467632, 8.898346480467632=9.918740074381759, 9.918740074381759=10.433716275919734, 10.433716275919734=10.953585408776167, 10.953585408776167=11.478465376714503, 11.478465376714503=12.682831991649747, 12.682831991649747=13.911778572774141, 15.129211763997102=15.826334165604074, 15.826334165604074=16.530932499739997, 16.530932499739997=17.971273203008884, 17.971273203008884=19.59186420595733, 21.197205856872046=22.102087892624436, 22.102087892624436=23.95626610491979, 23.95626610491979=26.01613947893914, 26.01613947893914=28.293232471614107, 28.293232471614107=30.6331467353259, 30.6331467353259=31.819640705473745, 31.819640705473745=34.43691345807797, 37.05562287808597=38.49445596889116, 41.417620024445895=42.902872038256476, 42.902872038256476=44.41277623938477, 44.41277623938477=47.732938109573915, 47.732938109573915=49.522200750405844, 49.522200750405844=51.34444634785685, 51.34444634785685=53.20123816671657, 53.20123816671657=57.277953389789616, 57.277953389789616=61.528177909714756, 61.528177909714756=63.81457625727641, 63.81457625727641=66.15323795081328, 66.15323795081328=68.54725577658073, 68.54725577658073=71.00002614719253, 71.00002614719253=73.7668182063645, 73.7668182063645=76.86509804522306, 76.86509804522306=80.04885435699292, 80.04885435699292=83.32423734805053, 83.32423734805053=86.97929556877733, 86.97929556877733=90.74948544747869, 90.74948544747869=94.64432366299735, 94.64432366299735=98.98467650042096, 98.98467650042096=103.80573413098455, 103.80573413098455=108.81404616338999, 108.81404616338999=114.37658080027606, 114.37658080027606=120.1836706276964, 120.1836706276964=126.2640968917826, 126.2640968917826=133.05174658543865, 133.05174658543865=140.21143558666662, 140.21143558666662=148.24503395301747, 148.24503395301747=156.80565434148554, 156.80565434148554=165.9891966867127, 165.9891966867127=175.9229166876905, 175.9229166876905=186.7815011167192, 186.7815011167192=199.4838928340118, 199.4838928340118=213.82798274473058, 213.82798274473058=230.47282463421305, 230.47282463421305=251.69786671267877, 251.69786671267877=279.51053989710914, 279.51053989710914=323.66040656812163];
