1.1260891232511117
330163.89564479294
371793.9717758164
[2; 10; 1.6337027894225216]
[2; 10; 1.6446857168499374]
[2; 10; 1.6558551130573589]
[2; 10; 1.667216095595786]
[2; 20; 3.3575479542843265]
[2; 20; 3.381068550135784]
[2; 20; 3.4050054431663104]
[2; 20; 3.429370548996527]
[2; 20; 3.454176257293306]
[2; 20; 3.4794354560358376]
[2; 20; 3.5051615573067796]
[2; 20; 3.5313685247224917]
[2; 30; 5.337106353939496]
[2; 30; 5.377925770769728]
[2; 30; 5.4195347392478235]
[1; 80; 14.565221283971528]
[2; 40; 7.340295062176151]
[2; 40; 7.399135495029172]
[1; 80; 14.91833891750838]
[2; 40; 7.520436166460963]
[1; 100; 18.95744156206406]
[2; 50; 9.558542174774114]
[2; 50; 9.640065537627057]
[2; 50; 9.723349685927158]
[2; 60; 11.7701475209922]
[2; 60; 11.874539924907888]
[2; 60; 11.98127825678258]
[1; 120; 24.180896038010683]
[1; 120; 24.404278116605887]
[2; 70; 14.369186825726908]
[1; 140; 29.01142488772612]
[2; 70; 14.645527886265532]
[2; 70; 14.788761852983436]
[2; 70; 14.935550070071594]
[2; 70; 15.086035785144672]
[2; 70; 15.24037030602479]
[2; 70; 15.398713586960083]
[2; 70; 15.561234867435077]
[1; 140; 31.456226738426313]
[2; 80; 18.17090178052362]
[2; 80; 18.37224397324719]
[2; 80; 18.579257895390057]
[2; 80; 18.79220357658535]
[1; 180; 42.77555488213417]
[2; 90; 21.641642004546227]
[2; 90; 21.90317637622057]
[1; 180; 44.345516318887306]
[2; 100; 24.945323333705065]
[2; 100; 25.264118797345873]
[2; 100; 25.593298767187235]
[1; 200; 51.86683053065384]
[2; 520; 136.68231971545703]
[2; 520; 138.57415402127998]
[2; 520; 140.5328397834308]
[2; 520; 142.56223863728528]
[2; 520; 144.66652572806913]
[1; 1040; 293.7004456779369]
[2; 540; 154.85355263268355]
[2; 560; 163.1278894483756]
[2; 560; 165.76970823889656]
[2; 560; 168.52115099817846]
[2; 560; 171.38968196528168]
[2; 560; 174.38348252867655]
[2; 580; 183.8512391844904]
[2; 580; 187.2403209816527]
[1; 1160; 381.5800643400892]
[2; 580; 194.512910731217]
[1; 1160; 396.84576182039314]
[2; 600; 209.5194355448352]
[2; 600; 214.00134606654913]
[2; 600; 218.73089557611755]
[2; 600; 223.73072794704106]
[1; 1200; 458.0528704578114]
[2; 600; 234.64706418224893]
[1; 1240; 497.2931805738594]
[1; 1240; 510.4674603490206]
[1; 1240; 524.550422610652]
[1; 1280; 557.0546402061984]
[2; 640; 286.9048593431914]
[2; 640; 295.94215236080413]
[2; 660; 315.2804117257931]
[2; 660; 326.2480456854527]
[2; 660; 338.2221007726062]
[2; 660; 351.3589645114587]
[1; 1320; 731.7010192616406]
[1; 1360; 787.0176151337441]
[1; 1360; 824.0620895446876]
[1; 1360; 865.7976261711261]
[1; 1360; 913.2530435653366]
[1; 1360; 967.7952855143619]
[2; 680; 515.6424104881423]
[2; 700; 569.4331560541374]
[2; 700; 615.9485434784034]
[1; 1400; 1346.5910580606542]
[2; 700; 746.1685216530461]
[2; 700; 842.6057549908923]
[2; 700; 977.7573658758974]
[2; 700; 1184.4686962176015]
[2; 700; 1552.0930711610556]
[2; 700; 2463.794173913613]


Jobs: [[2; 10; 1.6337027894225216], [2; 10; 1.6446857168499374], [2; 10; 1.6558551130573589], [2; 10; 1.667216095595786], [2; 20; 3.3575479542843265], [2; 20; 3.381068550135784], [2; 20; 3.4050054431663104], [2; 20; 3.429370548996527], [2; 20; 3.454176257293306], [2; 20; 3.4794354560358376], [2; 20; 3.5051615573067796], [2; 20; 3.5313685247224917], [2; 30; 5.337106353939496], [2; 30; 5.377925770769728], [2; 30; 5.4195347392478235], [1; 80; 14.565221283971528], [2; 40; 7.340295062176151], [2; 40; 7.399135495029172], [1; 80; 14.91833891750838], [2; 40; 7.520436166460963], [1; 100; 18.95744156206406], [2; 50; 9.558542174774114], [2; 50; 9.640065537627057], [2; 50; 9.723349685927158], [2; 60; 11.7701475209922], [2; 60; 11.874539924907888], [2; 60; 11.98127825678258], [1; 120; 24.180896038010683], [2; 70; 14.369186825726908], [1; 140; 29.01142488772612], [2; 70; 14.645527886265532], [2; 70; 14.788761852983436], [2; 70; 14.935550070071594], [2; 70; 15.086035785144672], [2; 70; 15.24037030602479], [2; 70; 15.398713586960083], [2; 70; 15.561234867435077], [1; 140; 31.456226738426313], [2; 80; 18.17090178052362], [2; 80; 18.37224397324719], [2; 80; 18.579257895390057], [2; 80; 18.79220357658535], [1; 180; 42.77555488213417], [2; 90; 21.641642004546227], [2; 90; 21.90317637622057], [1; 180; 44.345516318887306], [2; 100; 24.945323333705065], [2; 100; 25.264118797345873], [2; 100; 25.593298767187235], [1; 200; 51.86683053065384], [2; 520; 136.68231971545703], [2; 520; 138.57415402127998], [2; 520; 140.5328397834308], [2; 520; 142.56223863728528], [2; 520; 144.66652572806913], [1; 1040; 293.7004456779369], [2; 540; 154.85355263268355], [2; 560; 163.1278894483756], [2; 560; 165.76970823889656], [2; 560; 168.52115099817846], [2; 560; 171.38968196528168], [2; 560; 174.38348252867655], [2; 580; 183.8512391844904], [2; 580; 187.2403209816527], [1; 1160; 381.5800643400892], [2; 580; 194.512910731217], [1; 1160; 396.84576182039314], [2; 600; 209.5194355448352], [2; 600; 214.00134606654913], [2; 600; 218.73089557611755], [2; 600; 223.73072794704106], [1; 1200; 458.0528704578114], [2; 600; 234.64706418224893], [1; 1240; 497.2931805738594], [1; 1240; 524.550422610652], [2; 640; 286.9048593431914], [2; 640; 295.94215236080413], [2; 660; 315.2804117257931], [2; 660; 326.2480456854527], [2; 660; 338.2221007726062], [2; 660; 351.3589645114587], [1; 1320; 731.7010192616406], [1; 1360; 824.0620895446876], [1; 1360; 913.2530435653366], [2; 680; 515.6424104881423], [2; 700; 569.4331560541374], [2; 700; 615.9485434784034], [1; 1400; 1346.5910580606542], [2; 700; 746.1685216530461], [2; 700; 842.6057549908923], [2; 700; 977.7573658758974], [2; 700; 1184.4686962176015], [2; 700; 1552.0930711610556], [2; 700; 2463.794173913613]];
Intervals[4.9E-324=1.6337027894225216, 1.6337027894225216=3.278388506272459, 3.278388506272459=4.934243619329818, 4.934243619329818=6.601459714925604, 6.601459714925604=9.959007669209932, 9.959007669209932=13.340076219345715, 13.340076219345715=16.745081662512025, 16.745081662512025=20.17445221150855, 20.17445221150855=23.628628468801857, 23.628628468801857=27.108063924837694, 27.108063924837694=30.613225482144472, 30.613225482144472=34.14459400686697, 34.14459400686697=39.481700360806464, 39.481700360806464=44.85962613157619, 44.85962613157619=50.279160870824015, 50.279160870824015=64.84438215479554, 64.84438215479554=72.18467721697169, 72.18467721697169=79.58381271200086, 79.58381271200086=94.50215162950924, 94.50215162950924=102.02258779597021, 102.02258779597021=120.98002935803427, 120.98002935803427=130.5385715328084, 130.5385715328084=140.17863707043546, 140.17863707043546=149.90198675636262, 149.90198675636262=161.67213427735481, 161.67213427735481=173.5466742022627, 173.5466742022627=185.52795245904528, 185.52795245904528=209.70884849705595, 209.93223057565118=224.30141740137807, 224.30141740137807=253.3128422891042, 253.3128422891042=267.95837017536974, 267.95837017536974=282.7471320283532, 282.7471320283532=297.6826820984248, 297.6826820984248=312.7687178835694, 312.7687178835694=328.0090881895942, 328.0090881895942=343.40780177655427, 343.40780177655427=358.96903664398934, 358.96903664398934=390.42526338241566, 390.42526338241566=408.5961651629393, 408.5961651629393=426.9684091361865, 426.9684091361865=445.54766703157657, 445.54766703157657=464.3398706081619, 464.3398706081619=507.11542549029605, 507.11542549029605=528.7570674948423, 528.7570674948423=550.6602438710629, 550.6602438710629=595.0057601899503, 595.0057601899503=619.9510835236554, 619.9510835236554=645.2152023210012, 645.2152023210012=670.8085010881885, 670.8085010881885=722.6753316188423, 722.6753316188423=859.3576513342994, 859.3576513342994=997.9318053555794, 997.9318053555794=1138.4646451390101, 1138.4646451390101=1281.0268837762953, 1281.0268837762953=1425.6934095043644, 1425.6934095043644=1719.3938551823012, 1719.3938551823012=1874.2474078149849, 1874.2474078149849=2037.3752972633604, 2037.3752972633604=2203.145005502257, 2203.145005502257=2371.6661565004356, 2371.6661565004356=2543.0558384657174, 2543.0558384657174=2717.439320994394, 2717.439320994394=2901.2905601788843, 2901.2905601788843=3088.530881160537, 3088.530881160537=3470.1109455006263, 3470.1109455006263=3664.623856231843, 3664.623856231843=4061.469618052236, 4061.469618052236=4270.989053597071, 4270.989053597071=4484.99039966362, 4484.99039966362=4703.721295239738, 4703.721295239738=4927.452023186779, 4927.452023186779=5385.504893644591, 5385.504893644591=5620.15195782684, 5620.15195782684=6117.445138400699, 6117.445138400699=6641.995561011351, 6687.674058382058=6974.57891772525, 6974.57891772525=7270.521070086054, 7270.521070086054=7585.801481811847, 7585.801481811847=7912.0495274973, 7912.0495274973=8250.271628269906, 8250.271628269906=8601.630592781365, 8601.630592781365=9333.331612043004, 9333.331612043004=10157.393701587693, 10157.393701587693=11070.64674515303, 11222.241119600596=11737.883530088739, 11737.883530088739=12307.316686142876, 12307.316686142876=12923.26522962128, 12923.26522962128=14269.856287681934, 14269.856287681934=15016.02480933498, 15016.02480933498=15858.630564325873, 15858.630564325873=16836.38793020177, 16836.38793020177=18020.856626419372, 18020.856626419372=19572.94969758043, 19572.94969758043=22036.743871494044];

Jobs: [[2; 10; 1.6337027894225216], [2; 10; 1.6446857168499374], [2; 10; 1.6558551130573589], [2; 10; 1.667216095595786], [2; 20; 3.3575479542843265], [2; 20; 3.381068550135784], [2; 20; 3.4050054431663104], [2; 20; 3.429370548996527], [2; 20; 3.454176257293306], [2; 20; 3.4794354560358376], [2; 20; 3.5051615573067796], [2; 20; 3.5313685247224917], [2; 30; 5.337106353939496], [2; 30; 5.377925770769728], [2; 30; 5.4195347392478235], [2; 40; 7.340295062176151], [2; 40; 7.399135495029172], [2; 40; 7.520436166460963], [2; 50; 9.558542174774114], [2; 50; 9.640065537627057], [2; 50; 9.723349685927158], [2; 60; 11.7701475209922], [2; 60; 11.874539924907888], [2; 60; 11.98127825678258], [1; 120; 24.404278116605887], [2; 70; 14.369186825726908], [2; 70; 14.645527886265532], [2; 70; 14.788761852983436], [2; 70; 14.935550070071594], [2; 70; 15.086035785144672], [2; 70; 15.24037030602479], [2; 70; 15.398713586960083], [2; 70; 15.561234867435077], [2; 80; 18.17090178052362], [2; 80; 18.37224397324719], [2; 80; 18.579257895390057], [2; 80; 18.79220357658535], [2; 90; 21.641642004546227], [2; 90; 21.90317637622057], [2; 100; 24.945323333705065], [2; 100; 25.264118797345873], [2; 100; 25.593298767187235], [2; 520; 136.68231971545703], [2; 520; 138.57415402127998], [2; 520; 140.5328397834308], [2; 520; 142.56223863728528], [2; 520; 144.66652572806913], [2; 540; 154.85355263268355], [2; 560; 163.1278894483756], [2; 560; 165.76970823889656], [2; 560; 168.52115099817846], [2; 560; 171.38968196528168], [2; 560; 174.38348252867655], [2; 580; 183.8512391844904], [2; 580; 187.2403209816527], [2; 580; 194.512910731217], [2; 600; 209.5194355448352], [2; 600; 214.00134606654913], [2; 600; 218.73089557611755], [2; 600; 223.73072794704106], [2; 600; 234.64706418224893], [1; 1240; 510.4674603490206], [1; 1280; 557.0546402061984], [2; 640; 286.9048593431914], [2; 640; 295.94215236080413], [2; 660; 315.2804117257931], [2; 660; 326.2480456854527], [2; 660; 338.2221007726062], [2; 660; 351.3589645114587], [1; 1360; 787.0176151337441], [1; 1360; 865.7976261711261], [1; 1360; 967.7952855143619], [2; 680; 515.6424104881423], [2; 700; 569.4331560541374], [2; 700; 615.9485434784034], [2; 700; 746.1685216530461], [2; 700; 842.6057549908923], [2; 700; 977.7573658758974], [2; 700; 1184.4686962176015], [2; 700; 1552.0930711610556], [2; 700; 2463.794173913613]];
Intervals[4.9E-324=1.6337027894225216, 1.6337027894225216=3.278388506272459, 3.278388506272459=4.934243619329818, 4.934243619329818=6.601459714925604, 6.601459714925604=9.959007669209932, 9.959007669209932=13.340076219345715, 13.340076219345715=16.745081662512025, 16.745081662512025=20.17445221150855, 20.17445221150855=23.628628468801857, 23.628628468801857=27.108063924837694, 27.108063924837694=30.613225482144472, 30.613225482144472=34.14459400686697, 34.14459400686697=39.481700360806464, 39.481700360806464=44.85962613157619, 44.85962613157619=50.279160870824015, 64.84438215479554=72.18467721697169, 72.18467721697169=79.58381271200086, 94.50215162950924=102.02258779597021, 120.98002935803427=130.5385715328084, 130.5385715328084=140.17863707043546, 140.17863707043546=149.90198675636262, 149.90198675636262=161.67213427735481, 161.67213427735481=173.5466742022627, 173.5466742022627=185.52795245904528, 185.52795245904528=209.93223057565118, 209.93223057565118=224.30141740137807, 253.3128422891042=267.95837017536974, 267.95837017536974=282.7471320283532, 282.7471320283532=297.6826820984248, 297.6826820984248=312.7687178835694, 312.7687178835694=328.0090881895942, 328.0090881895942=343.40780177655427, 343.40780177655427=358.96903664398934, 390.42526338241566=408.5961651629393, 408.5961651629393=426.9684091361865, 426.9684091361865=445.54766703157657, 445.54766703157657=464.3398706081619, 507.11542549029605=528.7570674948423, 528.7570674948423=550.6602438710629, 595.0057601899503=619.9510835236554, 619.9510835236554=645.2152023210012, 645.2152023210012=670.8085010881885, 722.6753316188423=859.3576513342994, 859.3576513342994=997.9318053555794, 997.9318053555794=1138.4646451390101, 1138.4646451390101=1281.0268837762953, 1281.0268837762953=1425.6934095043644, 1719.3938551823012=1874.2474078149849, 1874.2474078149849=2037.3752972633604, 2037.3752972633604=2203.145005502257, 2203.145005502257=2371.6661565004356, 2371.6661565004356=2543.0558384657174, 2543.0558384657174=2717.439320994394, 2717.439320994394=2901.2905601788843, 2901.2905601788843=3088.530881160537, 3470.1109455006263=3664.623856231843, 4061.469618052236=4270.989053597071, 4270.989053597071=4484.99039966362, 4484.99039966362=4703.721295239738, 4703.721295239738=4927.452023186779, 5385.504893644591=5620.15195782684, 5620.15195782684=6130.61941817586, 6130.61941817586=6687.674058382058, 6687.674058382058=6974.57891772525, 6974.57891772525=7270.521070086054, 7270.521070086054=7585.801481811847, 7585.801481811847=7912.0495274973, 7912.0495274973=8250.271628269906, 8250.271628269906=8601.630592781365, 8601.630592781365=9388.648207915108, 9388.648207915108=10254.445834086235, 10254.445834086235=11222.241119600596, 11222.241119600596=11737.883530088739, 11737.883530088739=12307.316686142876, 12307.316686142876=12923.26522962128, 14269.856287681934=15016.02480933498, 15016.02480933498=15858.630564325873, 15858.630564325873=16836.38793020177, 16836.38793020177=18020.856626419372, 18020.856626419372=19572.94969758043, 19572.94969758043=22036.743871494044];
