1.0
61879.3737611163
61879.3737611163
[2; 10; 0.5350371487090265]
[2; 10; 0.5386340539804682]
[2; 10; 0.5422920277185999]
[2; 10; 0.5460127459197616]
[2; 10; 0.5497979484839784]
[2; 10; 0.5536494423486457]
[2; 10; 0.5575691048107919]
[2; 10; 0.5615588870514162]
[2; 20; 1.131241635753034]
[2; 20; 1.1395140153813113]
[2; 20; 1.1479393054405085]
[2; 20; 1.156522079010583]
[2; 30; 1.7479006490391018]
[2; 30; 1.761268995187628]
[2; 30; 1.7748959192520184]
[2; 40; 2.3850526902897635]
[2; 40; 2.4039443197240913]
[2; 40; 2.4232145429411394]
[2; 40; 2.44287564714265]
[2; 40; 2.462940474609712]
[2; 40; 2.4834224550158366]
[2; 40; 2.5043356400530454]
[2; 40; 2.5256947405682264]
[2; 40; 2.5475151664266638]
[2; 50; 3.2122663366767696]
[2; 50; 3.2407567361645455]
[2; 50; 3.269887377875076]
[2; 50; 3.2996815968129214]
[2; 50; 3.33016391362367]
[2; 50; 3.3613601123432315]
[2; 50; 3.393297324426397]
[2; 50; 3.4260041196599205]
[2; 50; 3.459510604633464]
[2; 60; 4.192618235422304]
[2; 60; 4.234861684791486]
[2; 60; 4.278185547894043]
[2; 60; 4.322634726129278]
[2; 60; 4.368256727392496]
[2; 60; 4.415101861744575]
[2; 70; 5.207094031078154]
[2; 70; 5.2647910976628625]
[2; 70; 5.324113467645378]
[2; 70; 5.3851356556957475]
[2; 70; 5.447936956034362]
[2; 80; 6.300116388074272]
[2; 80; 6.376251876346562]
[2; 80; 6.454730053282177]
[2; 80; 6.535668424638275]
[2; 80; 6.619192755742852]
[2; 80; 6.70543782485401]
[2; 80; 6.794548261622197]
[2; 80; 6.886679482195789]
[2; 80; 6.9819987343474015]
[2; 80; 7.080686268172948]
[2; 80; 7.182936650498369]
[2; 90; 8.200080274733581]
[2; 90; 8.323857987061709]
[2; 90; 8.452414948064156]
[2; 90; 8.58605341950675]
[2; 90; 8.725102587228912]
[2; 90; 8.869921689540574]
[2; 90; 9.020903598289241]
[2; 90; 9.178478931676931]
[2; 90; 9.34312079422158]
[2; 90; 9.51535025948295]
[2; 100; 10.773047484870677]
[2; 100; 10.983261546180605]
[2; 100; 11.204039822296378]
[2; 100; 11.436258185886476]
[2; 100; 11.680895566466825]
[2; 100; 11.9390498954612]
[2; 100; 12.211957149775554]
[2; 520; 65.00527398268275]
[2; 520; 66.60059429888072]
[2; 520; 68.29753803370218]
[2; 540; 72.80329314249748]
[2; 540; 74.81181691626999]
[2; 540; 76.96485806774882]
[2; 540; 79.27980555057391]
[2; 540; 81.77706138228103]
[2; 560; 87.60965435196957]
[2; 560; 90.65732425002967]
[2; 560; 93.98465696199449]
[2; 560; 97.63510922171422]
[2; 560; 101.66199833919428]
[2; 560; 106.1315380359132]
[2; 580; 115.09591418477527]
[2; 580; 120.92507415094505]
[2; 580; 127.55312404828298]
[2; 620; 144.49312032056577]
[2; 620; 153.9721922109819]
[2; 620; 165.17613011573405]
[2; 660; 190.19592794968824]
[2; 660; 207.90384080645097]
[2; 660; 230.40595823346428]
[2; 680; 268.068744395004]
[2; 680; 311.06622265611213]
[2; 680; 376.8298926152859]
[2; 700; 508.3099916959715]
[2; 700; 806.8918155441319]


Jobs: [[2; 10; 0.5350371487090265], [2; 10; 0.5386340539804682], [2; 10; 0.5422920277185999], [2; 10; 0.5460127459197616], [2; 10; 0.5497979484839784], [2; 10; 0.5536494423486457], [2; 10; 0.5575691048107919], [2; 10; 0.5615588870514162], [2; 20; 1.131241635753034], [2; 20; 1.1395140153813113], [2; 20; 1.1479393054405085], [2; 20; 1.156522079010583], [2; 30; 1.7479006490391018], [2; 30; 1.761268995187628], [2; 30; 1.7748959192520184], [2; 40; 2.3850526902897635], [2; 40; 2.4039443197240913], [2; 40; 2.4232145429411394], [2; 40; 2.44287564714265], [2; 40; 2.462940474609712], [2; 40; 2.4834224550158366], [2; 40; 2.5043356400530454], [2; 40; 2.5256947405682264], [2; 40; 2.5475151664266638], [2; 50; 3.2122663366767696], [2; 50; 3.2407567361645455], [2; 50; 3.269887377875076], [2; 50; 3.2996815968129214], [2; 50; 3.33016391362367], [2; 50; 3.3613601123432315], [2; 50; 3.393297324426397], [2; 50; 3.4260041196599205], [2; 50; 3.459510604633464], [2; 60; 4.192618235422304], [2; 60; 4.234861684791486], [2; 60; 4.278185547894043], [2; 60; 4.322634726129278], [2; 60; 4.368256727392496], [2; 60; 4.415101861744575], [2; 70; 5.207094031078154], [2; 70; 5.2647910976628625], [2; 70; 5.324113467645378], [2; 70; 5.3851356556957475], [2; 70; 5.447936956034362], [2; 80; 6.300116388074272], [2; 80; 6.376251876346562], [2; 80; 6.454730053282177], [2; 80; 6.535668424638275], [2; 80; 6.619192755742852], [2; 80; 6.70543782485401], [2; 80; 6.794548261622197], [2; 80; 6.886679482195789], [2; 80; 6.9819987343474015], [2; 80; 7.080686268172948], [2; 80; 7.182936650498369], [2; 90; 8.200080274733581], [2; 90; 8.323857987061709], [2; 90; 8.452414948064156], [2; 90; 8.58605341950675], [2; 90; 8.725102587228912], [2; 90; 8.869921689540574], [2; 90; 9.020903598289241], [2; 90; 9.178478931676931], [2; 90; 9.34312079422158], [2; 90; 9.51535025948295], [2; 100; 10.773047484870677], [2; 100; 10.983261546180605], [2; 100; 11.204039822296378], [2; 100; 11.436258185886476], [2; 100; 11.680895566466825], [2; 100; 11.9390498954612], [2; 100; 12.211957149775554], [2; 520; 65.00527398268275], [2; 520; 66.60059429888072], [2; 520; 68.29753803370218], [2; 540; 72.80329314249748], [2; 540; 74.81181691626999], [2; 540; 76.96485806774882], [2; 540; 79.27980555057391], [2; 540; 81.77706138228103], [2; 560; 87.60965435196957], [2; 560; 90.65732425002967], [2; 560; 93.98465696199449], [2; 560; 97.63510922171422], [2; 560; 101.66199833919428], [2; 560; 106.1315380359132], [2; 580; 115.09591418477527], [2; 580; 120.92507415094505], [2; 580; 127.55312404828298], [2; 620; 144.49312032056577], [2; 620; 153.9721922109819], [2; 620; 165.17613011573405], [2; 660; 190.19592794968824], [2; 660; 207.90384080645097], [2; 660; 230.40595823346428], [2; 680; 268.068744395004], [2; 680; 311.06622265611213], [2; 680; 376.8298926152859], [2; 700; 508.3099916959715], [2; 700; 806.8918155441319]];
Intervals[4.9E-324=0.5350371487090265, 0.5350371487090265=1.0736712026894946, 1.0736712026894946=1.6159632304080944, 1.6159632304080944=2.161975976327856, 2.161975976327856=2.711773924811834, 2.711773924811834=3.26542336716048, 3.26542336716048=3.822992471971272, 3.822992471971272=4.384551359022688, 4.384551359022688=5.5157929947757225, 5.5157929947757225=6.655307010157034, 6.655307010157034=7.8032463155975424, 7.8032463155975424=8.959768394608126, 8.959768394608126=10.707669043647227, 10.707669043647227=12.468938038834855, 12.468938038834855=14.243833958086874, 14.243833958086874=16.62888664837664, 16.62888664837664=19.03283096810073, 19.03283096810073=21.456045511041868, 21.456045511041868=23.898921158184518, 23.898921158184518=26.36186163279423, 26.36186163279423=28.845284087810068, 28.845284087810068=31.349619727863114, 31.349619727863114=33.87531446843134, 33.87531446843134=36.422829634858005, 36.422829634858005=39.635095971534774, 39.635095971534774=42.87585270769932, 42.87585270769932=46.1457400855744, 46.1457400855744=49.44542168238733, 49.44542168238733=52.775585596011, 52.775585596011=56.13694570835423, 56.13694570835423=59.53024303278063, 59.53024303278063=62.956247152440554, 62.956247152440554=66.41575775707402, 66.41575775707402=70.60837599249632, 70.60837599249632=74.8432376772878, 74.8432376772878=79.12142322518184, 79.12142322518184=83.44405795131112, 83.44405795131112=87.81231467870361, 87.81231467870361=92.22741654044819, 92.22741654044819=97.43451057152635, 97.43451057152635=102.69930166918921, 102.69930166918921=108.02341513683459, 108.02341513683459=113.40855079253033, 113.40855079253033=118.8564877485647, 118.8564877485647=125.15660413663898, 125.15660413663898=131.53285601298555, 131.53285601298555=137.98758606626774, 137.98758606626774=144.52325449090603, 144.52325449090603=151.14244724664889, 151.14244724664889=157.8478850715029, 157.8478850715029=164.6424333331251, 164.6424333331251=171.5291128153209, 171.5291128153209=178.5111115496683, 178.5111115496683=185.59179781784124, 185.59179781784124=192.7747344683396, 192.7747344683396=200.97481474307318, 200.97481474307318=209.29867273013488, 209.29867273013488=217.75108767819904, 217.75108767819904=226.3371410977058, 226.3371410977058=235.0622436849347, 235.0622436849347=243.9321653744753, 243.9321653744753=252.95306897276453, 252.95306897276453=262.13154790444145, 262.13154790444145=271.47466869866304, 271.47466869866304=280.990018958146, 280.990018958146=291.76306644301667, 291.76306644301667=302.74632798919725, 302.74632798919725=313.9503678114936, 313.9503678114936=325.38662599738007, 325.38662599738007=337.06752156384687, 337.06752156384687=349.0065714593081, 349.0065714593081=361.21852860908365, 361.21852860908365=426.2238025917664, 426.2238025917664=492.8243968906471, 492.8243968906471=561.1219349243493, 561.1219349243493=633.9252280668468, 633.9252280668468=708.7370449831168, 708.7370449831168=785.7019030508657, 785.7019030508657=864.9817086014395, 864.9817086014395=946.7587699837206, 946.7587699837206=1034.3684243356902, 1034.3684243356902=1125.0257485857198, 1125.0257485857198=1219.0104055477143, 1219.0104055477143=1316.6455147694285, 1316.6455147694285=1418.3075131086227, 1418.3075131086227=1524.4390511445358, 1524.4390511445358=1639.534965329311, 1639.534965329311=1760.460039480256, 1760.460039480256=1888.013163528539, 1888.013163528539=2032.5062838491049, 2032.5062838491049=2186.478476060087, 2186.478476060087=2351.654606175821, 2351.654606175821=2541.850534125509, 2541.850534125509=2749.7543749319602, 2749.7543749319602=2980.1603331654246, 2980.1603331654246=3248.229077560429, 3248.229077560429=3559.295300216541, 3559.295300216541=3936.125192831827, 3936.125192831827=4444.435184527799, 4444.435184527799=5251.32700007193];

Jobs: [[2; 10; 0.5350371487090265], [2; 10; 0.5386340539804682], [2; 10; 0.5422920277185999], [2; 10; 0.5460127459197616], [2; 10; 0.5497979484839784], [2; 10; 0.5536494423486457], [2; 10; 0.5575691048107919], [2; 10; 0.5615588870514162], [2; 20; 1.131241635753034], [2; 20; 1.1395140153813113], [2; 20; 1.1479393054405085], [2; 20; 1.156522079010583], [2; 30; 1.7479006490391018], [2; 30; 1.761268995187628], [2; 30; 1.7748959192520184], [2; 40; 2.3850526902897635], [2; 40; 2.4039443197240913], [2; 40; 2.4232145429411394], [2; 40; 2.44287564714265], [2; 40; 2.462940474609712], [2; 40; 2.4834224550158366], [2; 40; 2.5043356400530454], [2; 40; 2.5256947405682264], [2; 40; 2.5475151664266638], [2; 50; 3.2122663366767696], [2; 50; 3.2407567361645455], [2; 50; 3.269887377875076], [2; 50; 3.2996815968129214], [2; 50; 3.33016391362367], [2; 50; 3.3613601123432315], [2; 50; 3.393297324426397], [2; 50; 3.4260041196599205], [2; 50; 3.459510604633464], [2; 60; 4.192618235422304], [2; 60; 4.234861684791486], [2; 60; 4.278185547894043], [2; 60; 4.322634726129278], [2; 60; 4.368256727392496], [2; 60; 4.415101861744575], [2; 70; 5.207094031078154], [2; 70; 5.2647910976628625], [2; 70; 5.324113467645378], [2; 70; 5.3851356556957475], [2; 70; 5.447936956034362], [2; 80; 6.300116388074272], [2; 80; 6.376251876346562], [2; 80; 6.454730053282177], [2; 80; 6.535668424638275], [2; 80; 6.619192755742852], [2; 80; 6.70543782485401], [2; 80; 6.794548261622197], [2; 80; 6.886679482195789], [2; 80; 6.9819987343474015], [2; 80; 7.080686268172948], [2; 80; 7.182936650498369], [2; 90; 8.200080274733581], [2; 90; 8.323857987061709], [2; 90; 8.452414948064156], [2; 90; 8.58605341950675], [2; 90; 8.725102587228912], [2; 90; 8.869921689540574], [2; 90; 9.020903598289241], [2; 90; 9.178478931676931], [2; 90; 9.34312079422158], [2; 90; 9.51535025948295], [2; 100; 10.773047484870677], [2; 100; 10.983261546180605], [2; 100; 11.204039822296378], [2; 100; 11.436258185886476], [2; 100; 11.680895566466825], [2; 100; 11.9390498954612], [2; 100; 12.211957149775554], [2; 520; 65.00527398268275], [2; 520; 66.60059429888072], [2; 520; 68.29753803370218], [2; 540; 72.80329314249748], [2; 540; 74.81181691626999], [2; 540; 76.96485806774882], [2; 540; 79.27980555057391], [2; 540; 81.77706138228103], [2; 560; 87.60965435196957], [2; 560; 90.65732425002967], [2; 560; 93.98465696199449], [2; 560; 97.63510922171422], [2; 560; 101.66199833919428], [2; 560; 106.1315380359132], [2; 580; 115.09591418477527], [2; 580; 120.92507415094505], [2; 580; 127.55312404828298], [2; 620; 144.49312032056577], [2; 620; 153.9721922109819], [2; 620; 165.17613011573405], [2; 660; 190.19592794968824], [2; 660; 207.90384080645097], [2; 660; 230.40595823346428], [2; 680; 268.068744395004], [2; 680; 311.06622265611213], [2; 680; 376.8298926152859], [2; 700; 508.3099916959715], [2; 700; 806.8918155441319]];
Intervals[4.9E-324=0.5350371487090265, 0.5350371487090265=1.0736712026894946, 1.0736712026894946=1.6159632304080944, 1.6159632304080944=2.161975976327856, 2.161975976327856=2.711773924811834, 2.711773924811834=3.26542336716048, 3.26542336716048=3.822992471971272, 3.822992471971272=4.384551359022688, 4.384551359022688=5.5157929947757225, 5.5157929947757225=6.655307010157034, 6.655307010157034=7.8032463155975424, 7.8032463155975424=8.959768394608126, 8.959768394608126=10.707669043647227, 10.707669043647227=12.468938038834855, 12.468938038834855=14.243833958086874, 14.243833958086874=16.62888664837664, 16.62888664837664=19.03283096810073, 19.03283096810073=21.456045511041868, 21.456045511041868=23.898921158184518, 23.898921158184518=26.36186163279423, 26.36186163279423=28.845284087810068, 28.845284087810068=31.349619727863114, 31.349619727863114=33.87531446843134, 33.87531446843134=36.422829634858005, 36.422829634858005=39.635095971534774, 39.635095971534774=42.87585270769932, 42.87585270769932=46.1457400855744, 46.1457400855744=49.44542168238733, 49.44542168238733=52.775585596011, 52.775585596011=56.13694570835423, 56.13694570835423=59.53024303278063, 59.53024303278063=62.956247152440554, 62.956247152440554=66.41575775707402, 66.41575775707402=70.60837599249632, 70.60837599249632=74.8432376772878, 74.8432376772878=79.12142322518184, 79.12142322518184=83.44405795131112, 83.44405795131112=87.81231467870361, 87.81231467870361=92.22741654044819, 92.22741654044819=97.43451057152635, 97.43451057152635=102.69930166918921, 102.69930166918921=108.02341513683459, 108.02341513683459=113.40855079253033, 113.40855079253033=118.8564877485647, 118.8564877485647=125.15660413663898, 125.15660413663898=131.53285601298555, 131.53285601298555=137.98758606626774, 137.98758606626774=144.52325449090603, 144.52325449090603=151.14244724664889, 151.14244724664889=157.8478850715029, 157.8478850715029=164.6424333331251, 164.6424333331251=171.5291128153209, 171.5291128153209=178.5111115496683, 178.5111115496683=185.59179781784124, 185.59179781784124=192.7747344683396, 192.7747344683396=200.97481474307318, 200.97481474307318=209.29867273013488, 209.29867273013488=217.75108767819904, 217.75108767819904=226.3371410977058, 226.3371410977058=235.0622436849347, 235.0622436849347=243.9321653744753, 243.9321653744753=252.95306897276453, 252.95306897276453=262.13154790444145, 262.13154790444145=271.47466869866304, 271.47466869866304=280.990018958146, 280.990018958146=291.76306644301667, 291.76306644301667=302.74632798919725, 302.74632798919725=313.9503678114936, 313.9503678114936=325.38662599738007, 325.38662599738007=337.06752156384687, 337.06752156384687=349.0065714593081, 349.0065714593081=361.21852860908365, 361.21852860908365=426.2238025917664, 426.2238025917664=492.8243968906471, 492.8243968906471=561.1219349243493, 561.1219349243493=633.9252280668468, 633.9252280668468=708.7370449831168, 708.7370449831168=785.7019030508657, 785.7019030508657=864.9817086014395, 864.9817086014395=946.7587699837206, 946.7587699837206=1034.3684243356902, 1034.3684243356902=1125.0257485857198, 1125.0257485857198=1219.0104055477143, 1219.0104055477143=1316.6455147694285, 1316.6455147694285=1418.3075131086227, 1418.3075131086227=1524.4390511445358, 1524.4390511445358=1639.534965329311, 1639.534965329311=1760.460039480256, 1760.460039480256=1888.013163528539, 1888.013163528539=2032.5062838491049, 2032.5062838491049=2186.478476060087, 2186.478476060087=2351.654606175821, 2351.654606175821=2541.850534125509, 2541.850534125509=2749.7543749319602, 2749.7543749319602=2980.1603331654246, 2980.1603331654246=3248.229077560429, 3248.229077560429=3559.295300216541, 3559.295300216541=3936.125192831827, 3936.125192831827=4444.435184527799, 4444.435184527799=5251.32700007193];
