1.1642058902422388
318.9514846629933
371.3251971461639
[2; 10; 0.025342906010999994]
[1; 20; 0.051373090343905026]
[1; 20; 0.052084150669125355]
[2; 10; 0.026410168811552868]
[1; 30; 0.08037465394634762]
[2; 20; 0.05437401495261933]
[2; 20; 0.05519477413490052]
[1; 60; 0.16814167229114677]
[2; 30; 0.08540005366558741]
[2; 30; 0.08678308796614852]
[2; 30; 0.08822351216396682]
[2; 40; 0.11963364520976058]
[2; 40; 0.12172338171153271]
[2; 40; 0.12390683328661396]
[1; 80; 0.25238182064277215]
[2; 40; 0.12858324378830574]
[1; 90; 0.294957638279684]
[2; 50; 0.16715926782874416]
[2; 50; 0.17062386205098728]
[1; 120; 0.4182569818980353]
[2; 60; 0.21375034763349443]
[1; 140; 0.5101514431589589]
[2; 70; 0.26111336499391047]
[2; 70; 0.2675214520687619]
[1; 150; 0.5878665865149758]
[1; 150; 0.6034403349268888]
[1; 150; 0.6200882667227985]
[1; 160; 0.680462987872065]
[1; 160; 0.700929940199106]
[2; 80; 0.36150436007171766]
[2; 90; 0.4201382880522304]
[2; 90; 0.43475360440053085]
[1; 180; 0.9014201270684683]
[2; 90; 0.4682160652912261]
[1; 180; 0.975054593198211]
[2; 100; 0.565512544486629]
[2; 100; 0.5921309003918428]
[2; 110; 0.6843320277572733]
[2; 120; 0.7874630135271261]
[2; 120; 0.834492693321051]
[2; 120; 0.8892372805683052]
[2; 140; 1.1129340895351736]
[2; 140; 1.2038465343094285]
[2; 140; 1.3159288998588434]
[2; 140; 1.4583562187355101]
[2; 150; 1.7644702432793358]
[2; 160; 2.183985434252637]
[2; 190; 3.141780551395512]
[2; 190; 4.116897171281335]
[2; 200; 6.879123053196732]


Jobs: [[2; 10; 0.025342906010999994], [1; 20; 0.051373090343905026], [2; 10; 0.026410168811552868], [1; 30; 0.08037465394634762], [2; 20; 0.05437401495261933], [2; 20; 0.05519477413490052], [1; 60; 0.16814167229114677], [2; 30; 0.08540005366558741], [2; 30; 0.08678308796614852], [2; 30; 0.08822351216396682], [2; 40; 0.11963364520976058], [2; 40; 0.12172338171153271], [2; 40; 0.12390683328661396], [1; 80; 0.25238182064277215], [2; 40; 0.12858324378830574], [1; 90; 0.294957638279684], [2; 50; 0.16715926782874416], [2; 50; 0.17062386205098728], [1; 120; 0.4182569818980353], [2; 60; 0.21375034763349443], [1; 140; 0.5101514431589589], [2; 70; 0.26111336499391047], [2; 70; 0.2675214520687619], [1; 150; 0.5878665865149758], [1; 150; 0.6200882667227985], [1; 160; 0.700929940199106], [2; 80; 0.36150436007171766], [2; 90; 0.4201382880522304], [2; 90; 0.43475360440053085], [1; 180; 0.9014201270684683], [2; 90; 0.4682160652912261], [1; 180; 0.975054593198211], [2; 100; 0.565512544486629], [2; 100; 0.5921309003918428], [2; 110; 0.6843320277572733], [2; 120; 0.7874630135271261], [2; 120; 0.834492693321051], [2; 120; 0.8892372805683052], [2; 140; 1.1129340895351736], [2; 140; 1.2038465343094285], [2; 140; 1.3159288998588434], [2; 140; 1.4583562187355101], [2; 150; 1.7644702432793358], [2; 160; 2.183985434252637], [2; 190; 3.141780551395512], [2; 190; 4.116897171281335], [2; 200; 6.879123053196732]];
Intervals[4.9E-324=0.025342906010999994, 0.025342906010999994=0.07671599635490502, 0.07742705668012535=0.10383722549167822, 0.10383722549167822=0.18421187943802583, 0.18421187943802583=0.23858589439064515, 0.23858589439064515=0.2937806685255457, 0.2937806685255457=0.4619223408166925, 0.4619223408166925=0.5473223944822799, 0.5473223944822799=0.6341054824484285, 0.6341054824484285=0.7223289946123953, 0.7223289946123953=0.8419626398221559, 0.8419626398221559=0.9636860215336887, 0.9636860215336887=1.0875928548203027, 1.0875928548203027=1.3399746754630748, 1.3399746754630748=1.4685579192513805, 1.4685579192513805=1.7635155575310644, 1.7635155575310644=1.9306748253598085, 1.9306748253598085=2.1012986874107957, 2.1012986874107957=2.519555669308831, 2.519555669308831=2.7333060169423256, 2.7333060169423256=3.2434574601012844, 3.2434574601012844=3.504570825095195, 3.504570825095195=3.772092277163957, 3.772092277163957=4.359958863678933, 4.359958863678933=4.980047130401731, 4.980047130401731=5.680977070600838, 5.680977070600838=6.042481430672555, 6.042481430672555=6.462619718724786, 6.462619718724786=6.897373323125317, 6.897373323125317=7.798793450193785, 7.798793450193785=8.267009515485011, 8.267009515485011=9.242064108683222, 9.242064108683222=9.80757665316985, 9.80757665316985=10.399707553561692, 10.399707553561692=11.084039581318965, 11.084039581318965=11.871502594846092, 11.871502594846092=12.705995288167143, 12.705995288167143=13.59523256873545, 13.59523256873545=14.708166658270622, 14.708166658270622=15.912013192580051, 15.912013192580051=17.227942092438894, 17.227942092438894=18.686298311174404, 18.686298311174404=20.45076855445374, 20.45076855445374=22.63475398870638, 22.63475398870638=25.776534540101892, 25.776534540101892=29.893431711383226, 29.893431711383226=36.77255476457996];

Jobs: [[2; 10; 0.025342906010999994], [1; 20; 0.052084150669125355], [2; 10; 0.026410168811552868], [2; 20; 0.05437401495261933], [2; 20; 0.05519477413490052], [2; 30; 0.08540005366558741], [2; 30; 0.08678308796614852], [2; 30; 0.08822351216396682], [2; 40; 0.11963364520976058], [2; 40; 0.12172338171153271], [2; 40; 0.12390683328661396], [2; 40; 0.12858324378830574], [2; 50; 0.16715926782874416], [2; 50; 0.17062386205098728], [2; 60; 0.21375034763349443], [2; 70; 0.26111336499391047], [2; 70; 0.2675214520687619], [1; 150; 0.6034403349268888], [1; 160; 0.680462987872065], [2; 80; 0.36150436007171766], [2; 90; 0.4201382880522304], [2; 90; 0.43475360440053085], [2; 90; 0.4682160652912261], [2; 100; 0.565512544486629], [2; 100; 0.5921309003918428], [2; 110; 0.6843320277572733], [2; 120; 0.7874630135271261], [2; 120; 0.834492693321051], [2; 120; 0.8892372805683052], [2; 140; 1.1129340895351736], [2; 140; 1.2038465343094285], [2; 140; 1.3159288998588434], [2; 140; 1.4583562187355101], [2; 150; 1.7644702432793358], [2; 160; 2.183985434252637], [2; 190; 3.141780551395512], [2; 190; 4.116897171281335], [2; 200; 6.879123053196732]];
Intervals[4.9E-324=0.025342906010999994, 0.025342906010999994=0.07742705668012535, 0.07742705668012535=0.10383722549167822, 0.18421187943802583=0.23858589439064515, 0.23858589439064515=0.2937806685255457, 0.4619223408166925=0.5473223944822799, 0.5473223944822799=0.6341054824484285, 0.6341054824484285=0.7223289946123953, 0.7223289946123953=0.8419626398221559, 0.8419626398221559=0.9636860215336887, 0.9636860215336887=1.0875928548203027, 1.3399746754630748=1.4685579192513805, 1.7635155575310644=1.9306748253598085, 1.9306748253598085=2.1012986874107957, 2.519555669308831=2.7333060169423256, 3.2434574601012844=3.504570825095195, 3.504570825095195=3.772092277163957, 3.772092277163957=4.375532612090845, 4.375532612090845=5.055995599962911, 5.680977070600838=6.042481430672555, 6.042481430672555=6.462619718724786, 6.462619718724786=6.897373323125317, 7.798793450193785=8.267009515485011, 9.242064108683222=9.80757665316985, 9.80757665316985=10.399707553561692, 10.399707553561692=11.084039581318965, 11.084039581318965=11.871502594846092, 11.871502594846092=12.705995288167143, 12.705995288167143=13.59523256873545, 13.59523256873545=14.708166658270622, 14.708166658270622=15.912013192580051, 15.912013192580051=17.227942092438894, 17.227942092438894=18.686298311174404, 18.686298311174404=20.45076855445374, 20.45076855445374=22.63475398870638, 22.63475398870638=25.776534540101892, 25.776534540101892=29.893431711383226, 29.893431711383226=36.77255476457996];
