1.0
137.2461259080698
137.2461259080698
[2; 10; 0.014444640041872243]
[2; 10; 0.014640503293785644]
[2; 10; 0.014843144033592796]
[2; 20; 0.030105890915775778]
[2; 20; 0.030540642398866114]
[2; 20; 0.030991436944171263]
[2; 20; 0.03145924323852312]
[2; 20; 0.03194511225652747]
[2; 20; 0.03245018636827611]
[2; 20; 0.03297570970088042]
[2; 20; 0.03352303996195511]
[2; 30; 0.051140492960889676]
[2; 30; 0.052033804827059174]
[2; 30; 0.05296717762289852]
[2; 30; 0.053943565371629955]
[2; 40; 0.07328830683948441]
[2; 40; 0.07471837875264474]
[2; 40; 0.07622031829818081]
[2; 50; 0.09725010497260363]
[2; 50; 0.0993304192288017]
[2; 50; 0.10152567708200562]
[2; 50; 0.10384638886539378]
[2; 50; 0.10630443333141808]
[2; 50; 0.10891329276397278]
[2; 50; 0.11168833901904357]
[2; 50; 0.11464718398884986]
[2; 60; 0.14137213472064422]
[2; 60; 0.14544074361523396]
[2; 60; 0.1498153074328652]
[2; 70; 0.18029010992147967]
[2; 70; 0.18625078115272833]
[2; 70; 0.19272987188089066]
[2; 80; 0.2283468597809086]
[2; 80; 0.23721606606661325]
[2; 80; 0.24699987030004608]
[2; 80; 0.25785914656281517]
[2; 80; 0.2699964308786822]
[2; 80; 0.28367069896225705]
[2; 90; 0.33662141306181104]
[2; 90; 0.3567254649298041]
[2; 90; 0.3801274533408084]
[2; 90; 0.4077878011085804]
[2; 90; 0.4410988356940898]
[2; 100; 0.5357407730055992]
[2; 100; 0.5937257613437118]
[2; 100; 0.6704607992391021]
[2; 100; 0.7780008397808288]
[2; 100; 0.9424808981376283]
[2; 100; 1.2349993515002304]
[2; 100; 1.9604392697515098]


Jobs: [[2; 10; 0.014444640041872243], [2; 10; 0.014640503293785644], [2; 10; 0.014843144033592796], [2; 20; 0.030105890915775778], [2; 20; 0.030540642398866114], [2; 20; 0.030991436944171263], [2; 20; 0.03145924323852312], [2; 20; 0.03194511225652747], [2; 20; 0.03245018636827611], [2; 20; 0.03297570970088042], [2; 20; 0.03352303996195511], [2; 30; 0.051140492960889676], [2; 30; 0.052033804827059174], [2; 30; 0.05296717762289852], [2; 30; 0.053943565371629955], [2; 40; 0.07328830683948441], [2; 40; 0.07471837875264474], [2; 40; 0.07622031829818081], [2; 50; 0.09725010497260363], [2; 50; 0.0993304192288017], [2; 50; 0.10152567708200562], [2; 50; 0.10384638886539378], [2; 50; 0.10630443333141808], [2; 50; 0.10891329276397278], [2; 50; 0.11168833901904357], [2; 50; 0.11464718398884986], [2; 60; 0.14137213472064422], [2; 60; 0.14544074361523396], [2; 60; 0.1498153074328652], [2; 70; 0.18029010992147967], [2; 70; 0.18625078115272833], [2; 70; 0.19272987188089066], [2; 80; 0.2283468597809086], [2; 80; 0.23721606606661325], [2; 80; 0.24699987030004608], [2; 80; 0.25785914656281517], [2; 80; 0.2699964308786822], [2; 80; 0.28367069896225705], [2; 90; 0.33662141306181104], [2; 90; 0.3567254649298041], [2; 90; 0.3801274533408084], [2; 90; 0.4077878011085804], [2; 90; 0.4410988356940898], [2; 100; 0.5357407730055992], [2; 100; 0.5937257613437118], [2; 100; 0.6704607992391021], [2; 100; 0.7780008397808288], [2; 100; 0.9424808981376283], [2; 100; 1.2349993515002304], [2; 100; 1.9604392697515098]];
Intervals[4.9E-324=0.014444640041872243, 0.014444640041872243=0.029085143335657888, 0.029085143335657888=0.04392828736925068, 0.04392828736925068=0.07403417828502645, 0.07403417828502645=0.10457482068389257, 0.10457482068389257=0.13556625762806382, 0.13556625762806382=0.16702550086658693, 0.16702550086658693=0.1989706131231144, 0.1989706131231144=0.2314207994913905, 0.2314207994913905=0.2643965091922709, 0.2643965091922709=0.297919549154226, 0.297919549154226=0.3490600421151157, 0.3490600421151157=0.40109384694217487, 0.40109384694217487=0.4540610245650734, 0.4540610245650734=0.5080045899367034, 0.5080045899367034=0.5812928967761878, 0.5812928967761878=0.6560112755288325, 0.6560112755288325=0.7322315938270133, 0.7322315938270133=0.829481698799617, 0.829481698799617=0.9288121180284187, 0.9288121180284187=1.0303377951104242, 1.0303377951104242=1.134184183975818, 1.134184183975818=1.240488617307236, 1.240488617307236=1.349401910071209, 1.349401910071209=1.4610902490902524, 1.4610902490902524=1.5757374330791023, 1.5757374330791023=1.7171095677997466, 1.7171095677997466=1.8625503114149806, 1.8625503114149806=2.012365618847846, 2.012365618847846=2.1926557287693256, 2.1926557287693256=2.378906509922054, 2.378906509922054=2.5716363818029446, 2.5716363818029446=2.799983241583853, 2.799983241583853=3.037199307650466, 3.037199307650466=3.284199177950512, 3.284199177950512=3.5420583245133272, 3.5420583245133272=3.812054755392009, 3.812054755392009=4.095725454354266, 4.095725454354266=4.4323468674160775, 4.4323468674160775=4.7890723323458815, 4.7890723323458815=5.16919978568669, 5.16919978568669=5.57698758679527, 5.57698758679527=6.01808642248936, 6.01808642248936=6.553827195494959, 6.553827195494959=7.147552956838671, 7.147552956838671=7.8180137560777725, 7.8180137560777725=8.596014595858602, 8.596014595858602=9.53849549399623, 9.53849549399623=10.77349484549646, 10.77349484549646=12.733934115247969];

Jobs: [[2; 10; 0.014444640041872243], [2; 10; 0.014640503293785644], [2; 10; 0.014843144033592796], [2; 20; 0.030105890915775778], [2; 20; 0.030540642398866114], [2; 20; 0.030991436944171263], [2; 20; 0.03145924323852312], [2; 20; 0.03194511225652747], [2; 20; 0.03245018636827611], [2; 20; 0.03297570970088042], [2; 20; 0.03352303996195511], [2; 30; 0.051140492960889676], [2; 30; 0.052033804827059174], [2; 30; 0.05296717762289852], [2; 30; 0.053943565371629955], [2; 40; 0.07328830683948441], [2; 40; 0.07471837875264474], [2; 40; 0.07622031829818081], [2; 50; 0.09725010497260363], [2; 50; 0.0993304192288017], [2; 50; 0.10152567708200562], [2; 50; 0.10384638886539378], [2; 50; 0.10630443333141808], [2; 50; 0.10891329276397278], [2; 50; 0.11168833901904357], [2; 50; 0.11464718398884986], [2; 60; 0.14137213472064422], [2; 60; 0.14544074361523396], [2; 60; 0.1498153074328652], [2; 70; 0.18029010992147967], [2; 70; 0.18625078115272833], [2; 70; 0.19272987188089066], [2; 80; 0.2283468597809086], [2; 80; 0.23721606606661325], [2; 80; 0.24699987030004608], [2; 80; 0.25785914656281517], [2; 80; 0.2699964308786822], [2; 80; 0.28367069896225705], [2; 90; 0.33662141306181104], [2; 90; 0.3567254649298041], [2; 90; 0.3801274533408084], [2; 90; 0.4077878011085804], [2; 90; 0.4410988356940898], [2; 100; 0.5357407730055992], [2; 100; 0.5937257613437118], [2; 100; 0.6704607992391021], [2; 100; 0.7780008397808288], [2; 100; 0.9424808981376283], [2; 100; 1.2349993515002304], [2; 100; 1.9604392697515098]];
Intervals[4.9E-324=0.014444640041872243, 0.014444640041872243=0.029085143335657888, 0.029085143335657888=0.04392828736925068, 0.04392828736925068=0.07403417828502645, 0.07403417828502645=0.10457482068389257, 0.10457482068389257=0.13556625762806382, 0.13556625762806382=0.16702550086658693, 0.16702550086658693=0.1989706131231144, 0.1989706131231144=0.2314207994913905, 0.2314207994913905=0.2643965091922709, 0.2643965091922709=0.297919549154226, 0.297919549154226=0.3490600421151157, 0.3490600421151157=0.40109384694217487, 0.40109384694217487=0.4540610245650734, 0.4540610245650734=0.5080045899367034, 0.5080045899367034=0.5812928967761878, 0.5812928967761878=0.6560112755288325, 0.6560112755288325=0.7322315938270133, 0.7322315938270133=0.829481698799617, 0.829481698799617=0.9288121180284187, 0.9288121180284187=1.0303377951104242, 1.0303377951104242=1.134184183975818, 1.134184183975818=1.240488617307236, 1.240488617307236=1.349401910071209, 1.349401910071209=1.4610902490902524, 1.4610902490902524=1.5757374330791023, 1.5757374330791023=1.7171095677997466, 1.7171095677997466=1.8625503114149806, 1.8625503114149806=2.012365618847846, 2.012365618847846=2.1926557287693256, 2.1926557287693256=2.378906509922054, 2.378906509922054=2.5716363818029446, 2.5716363818029446=2.799983241583853, 2.799983241583853=3.037199307650466, 3.037199307650466=3.284199177950512, 3.284199177950512=3.5420583245133272, 3.5420583245133272=3.812054755392009, 3.812054755392009=4.095725454354266, 4.095725454354266=4.4323468674160775, 4.4323468674160775=4.7890723323458815, 4.7890723323458815=5.16919978568669, 5.16919978568669=5.57698758679527, 5.57698758679527=6.01808642248936, 6.01808642248936=6.553827195494959, 6.553827195494959=7.147552956838671, 7.147552956838671=7.8180137560777725, 7.8180137560777725=8.596014595858602, 8.596014595858602=9.53849549399623, 9.53849549399623=10.77349484549646, 10.77349484549646=12.733934115247969];
