1.0933984319226133
1148295.690389957
1255544.7072558736
[2; 10; 3.750212010596643]
[1; 40; 15.101694552820371]
[2; 20; 7.60212662058391]
[2; 30; 11.481428323030746]
[1; 60; 23.122045354581477]
[2; 30; 11.642010989512789]
[2; 30; 11.724432735059768]
[2; 30; 11.808328942909394]
[2; 40; 15.858323032426282]
[2; 40; 15.974289475179035]
[2; 40; 16.09239949445153]
[2; 40; 16.212717198014317]
[2; 40; 16.335309359789182]
[2; 50; 20.575306953238137]
[2; 50; 20.734497937817654]
[2; 50; 20.896804237360634]
[2; 50; 21.062324556312554]
[2; 60; 25.47739434107728]
[2; 60; 25.684108891541694]
[2; 70; 30.21091283141158]
[2; 70; 30.462148836115333]
[2; 70; 30.718674081731105]
[2; 80; 35.40647887360401]
[1; 180; 80.35282968319132]
[2; 90; 40.52807115728987]
[2; 90; 40.887524831649486]
[1; 200; 91.67790272054127]
[2; 100; 46.256621938759075]
[2; 520; 242.75648084831695]
[2; 520; 245.0305669333965]
[2; 520; 247.35867011825718]
[2; 520; 249.7428730333855]
[2; 520; 252.1853703364458]
[2; 520; 254.688476496069]
[2; 520; 257.25463424228985]
[2; 540; 269.88205543459844]
[2; 540; 272.68605620787235]
[2; 540; 275.56404252616517]
[2; 540; 278.5191881140587]
[1; 1080; 563.1097139061143]
[1; 1080; 569.3492360779486]
[2; 540; 287.882261552776]
[2; 540; 291.1818166068887]
[2; 560; 305.4878511488853]
[1; 1120; 618.2277452174975]
[2; 560; 312.8494441717369]
[1; 1120; 633.3999185129362]
[2; 560; 320.67118325796235]
[1; 1120; 649.5385736506578]
[1; 1120; 658.0017656503561]
[2; 580; 345.2792484620434]
[2; 580; 349.9610900466002]
[1; 1160; 709.6098763107016]
[2; 580; 359.81995257570924]
[2; 600; 377.60277996187506]
[2; 600; 383.17637829277317]
[2; 600; 388.96030892932987]
[2; 600; 394.96756606229053]
[1; 1200; 802.4245477820684]
[1; 1200; 815.4196294659814]
[2; 600; 414.47697520852586]
[2; 600; 421.53211357836625]
[2; 620; 443.19186365978743]
[2; 620; 451.1417575845589]
[2; 620; 459.45802635354653]
[2; 620; 468.1684541513255]
[2; 620; 477.30380719442246]
[1; 1240; 973.796506739774]
[1; 1240; 993.9797116240387]
[2; 640; 523.996032243657]
[2; 640; 535.5766377999563]
[1; 1280; 1095.638096582605]
[2; 640; 560.7859274938191]
[2; 640; 574.5483982651468]
[2; 640; 589.1875514897017]
[2; 640; 604.7962948760685]
[2; 640; 621.4816353890382]
[2; 660; 659.3477551513568]
[2; 660; 679.1796039251235]
[2; 660; 700.5732642008992]
[2; 660; 723.7353051088722]
[2; 660; 748.9118261196993]
[2; 660; 776.3986159410365]
[2; 660; 806.5546666584563]
[2; 660; 839.8204276711699]
[2; 680; 903.3108506440695]
[2; 680; 945.8291819346914]
[1; 1360; 1987.4634954628052]
[2; 680; 1048.1993894076934]
[2; 680; 1110.8010364656645]
[2; 700; 1218.4859534446134]
[1; 1400; 2614.300562981875]
[2; 700; 1413.9276988556344]
[2; 700; 1545.5693630437434]
[2; 700; 1712.8514255775558]
[2; 700; 1934.2258843064535]
[2; 700; 2244.470316570409]
[1; 1400; 5437.964309654083]
[1; 1400; 7125.749083270532]
[2; 700; 5655.710795422537]


Jobs: [[2; 10; 3.750212010596643], [1; 40; 15.101694552820371], [2; 20; 7.60212662058391], [2; 30; 11.481428323030746], [1; 60; 23.122045354581477], [2; 30; 11.642010989512789], [2; 30; 11.724432735059768], [2; 30; 11.808328942909394], [2; 40; 15.858323032426282], [2; 40; 15.974289475179035], [2; 40; 16.09239949445153], [2; 40; 16.212717198014317], [2; 40; 16.335309359789182], [2; 50; 20.575306953238137], [2; 50; 20.734497937817654], [2; 50; 20.896804237360634], [2; 50; 21.062324556312554], [2; 60; 25.47739434107728], [2; 60; 25.684108891541694], [2; 70; 30.21091283141158], [2; 70; 30.462148836115333], [2; 70; 30.718674081731105], [2; 80; 35.40647887360401], [1; 180; 80.35282968319132], [2; 90; 40.52807115728987], [2; 90; 40.887524831649486], [1; 200; 91.67790272054127], [2; 100; 46.256621938759075], [2; 520; 242.75648084831695], [2; 520; 245.0305669333965], [2; 520; 247.35867011825718], [2; 520; 249.7428730333855], [2; 520; 252.1853703364458], [2; 520; 254.688476496069], [2; 520; 257.25463424228985], [2; 540; 269.88205543459844], [2; 540; 272.68605620787235], [2; 540; 275.56404252616517], [2; 540; 278.5191881140587], [1; 1080; 563.1097139061143], [2; 540; 287.882261552776], [2; 540; 291.1818166068887], [2; 560; 305.4878511488853], [1; 1120; 618.2277452174975], [2; 560; 312.8494441717369], [1; 1120; 633.3999185129362], [2; 560; 320.67118325796235], [1; 1120; 649.5385736506578], [2; 580; 345.2792484620434], [2; 580; 349.9610900466002], [1; 1160; 709.6098763107016], [2; 580; 359.81995257570924], [2; 600; 377.60277996187506], [2; 600; 383.17637829277317], [2; 600; 388.96030892932987], [2; 600; 394.96756606229053], [1; 1200; 802.4245477820684], [2; 600; 414.47697520852586], [2; 600; 421.53211357836625], [2; 620; 443.19186365978743], [2; 620; 451.1417575845589], [2; 620; 459.45802635354653], [2; 620; 468.1684541513255], [2; 620; 477.30380719442246], [1; 1240; 973.796506739774], [2; 640; 523.996032243657], [2; 640; 535.5766377999563], [1; 1280; 1095.638096582605], [2; 640; 560.7859274938191], [2; 640; 574.5483982651468], [2; 640; 589.1875514897017], [2; 640; 604.7962948760685], [2; 640; 621.4816353890382], [2; 660; 659.3477551513568], [2; 660; 679.1796039251235], [2; 660; 700.5732642008992], [2; 660; 723.7353051088722], [2; 660; 748.9118261196993], [2; 660; 776.3986159410365], [2; 660; 806.5546666584563], [2; 660; 839.8204276711699], [2; 680; 903.3108506440695], [2; 680; 945.8291819346914], [1; 1360; 1987.4634954628052], [2; 680; 1048.1993894076934], [2; 680; 1110.8010364656645], [2; 700; 1218.4859534446134], [1; 1400; 2614.300562981875], [2; 700; 1413.9276988556344], [2; 700; 1545.5693630437434], [2; 700; 1712.8514255775558], [2; 700; 1934.2258843064535], [2; 700; 2244.470316570409], [1; 1400; 5437.964309654083], [2; 700; 5655.710795422537]];
Intervals[4.9E-324=3.750212010596643, 3.750212010596643=18.851906563417014, 18.851906563417014=26.454033184000924, 26.454033184000924=37.93546150703167, 37.93546150703167=61.05750686161315, 61.05750686161315=72.69951785112593, 72.69951785112593=84.4239505861857, 84.4239505861857=96.2322795290951, 96.2322795290951=112.09060256152138, 112.09060256152138=128.06489203670043, 128.06489203670043=144.15729153115197, 144.15729153115197=160.37000872916627, 160.37000872916627=176.70531808895547, 176.70531808895547=197.2806250421936, 197.2806250421936=218.01512298001126, 218.01512298001126=238.9119272173719, 238.9119272173719=259.97425177368444, 259.97425177368444=285.45164611476173, 285.45164611476173=311.13575500630344, 311.13575500630344=341.346667837715, 341.346667837715=371.80881667383034, 371.80881667383034=402.5274907555614, 402.5274907555614=437.9339696291654, 437.9339696291654=518.2867993123567, 518.2867993123567=558.8148704696466, 558.8148704696466=599.7023953012961, 599.7023953012961=691.3802980218373, 691.3802980218373=737.6369199605964, 737.6369199605964=980.3934008089134, 980.3934008089134=1225.42396774231, 1225.42396774231=1472.782637860567, 1472.782637860567=1722.5255108939525, 1722.5255108939525=1974.7108812303984, 1974.7108812303984=2229.3993577264673, 2229.3993577264673=2486.653991968757, 2486.653991968757=2756.5360474033555, 2756.5360474033555=3029.222103611228, 3029.222103611228=3304.786146137393, 3304.786146137393=3583.3053342514518, 3583.3053342514518=4146.415048157566, 4152.6545703294005=4440.536831882177, 4440.536831882177=4731.718648489065, 4731.718648489065=5037.20649963795, 5037.20649963795=5655.434244855448, 5655.434244855448=5968.283689027185, 5968.283689027185=6601.683607540121, 6601.683607540121=6922.354790798083, 6922.354790798083=7571.893364448741, 7580.356556448439=7925.635804910482, 7925.635804910482=8275.596894957082, 8275.596894957082=8985.206771267784, 8985.206771267784=9345.026723843494, 9345.026723843494=9722.629503805369, 9722.629503805369=10105.805882098142, 10105.805882098142=10494.766191027473, 10494.766191027473=10889.733757089763, 10889.733757089763=11692.158304871831, 11705.153386555745=12119.630361764272, 12119.630361764272=12541.162475342639, 12541.162475342639=12984.354339002426, 12984.354339002426=13435.496096586985, 13435.496096586985=13894.954122940531, 13894.954122940531=14363.122577091857, 14363.122577091857=14840.42638428628, 14840.42638428628=15814.222891026055, 15834.406095910319=16358.402128153975, 16358.402128153975=16893.978765953932, 16893.978765953932=17989.61686253654, 17989.61686253654=18550.40279003036, 18550.40279003036=19124.951188295505, 19124.951188295505=19714.138739785205, 19714.138739785205=20318.935034661274, 20318.935034661274=20940.416670050312, 20940.416670050312=21599.76442520167, 21599.76442520167=22278.944029126793, 22278.944029126793=22979.51729332769, 22979.51729332769=23703.252598436564, 23703.252598436564=24452.164424556264, 24452.164424556264=25228.5630404973, 25228.5630404973=26035.117707155758, 26035.117707155758=26874.938134826927, 26874.938134826927=27778.248985470997, 27778.248985470997=28724.07816740569, 28724.07816740569=30711.541662868494, 30711.541662868494=31759.74105227619, 31759.74105227619=32870.54208874185, 32870.54208874185=34089.028042186466, 34089.028042186466=36703.32860516834, 36703.32860516834=38117.25630402398, 38117.25630402398=39662.82566706772, 39662.82566706772=41375.67709264528, 41375.67709264528=43309.90297695174, 43309.90297695174=45554.37329352215, 45554.37329352215=50992.33760317623, 52680.12237679268=58335.833172215214];

Jobs: [[2; 10; 3.750212010596643], [2; 20; 7.60212662058391], [2; 30; 11.481428323030746], [2; 30; 11.642010989512789], [2; 30; 11.724432735059768], [2; 30; 11.808328942909394], [2; 40; 15.858323032426282], [2; 40; 15.974289475179035], [2; 40; 16.09239949445153], [2; 40; 16.212717198014317], [2; 40; 16.335309359789182], [2; 50; 20.575306953238137], [2; 50; 20.734497937817654], [2; 50; 20.896804237360634], [2; 50; 21.062324556312554], [2; 60; 25.47739434107728], [2; 60; 25.684108891541694], [2; 70; 30.21091283141158], [2; 70; 30.462148836115333], [2; 70; 30.718674081731105], [2; 80; 35.40647887360401], [2; 90; 40.52807115728987], [2; 90; 40.887524831649486], [2; 100; 46.256621938759075], [2; 520; 242.75648084831695], [2; 520; 245.0305669333965], [2; 520; 247.35867011825718], [2; 520; 249.7428730333855], [2; 520; 252.1853703364458], [2; 520; 254.688476496069], [2; 520; 257.25463424228985], [2; 540; 269.88205543459844], [2; 540; 272.68605620787235], [2; 540; 275.56404252616517], [2; 540; 278.5191881140587], [1; 1080; 569.3492360779486], [2; 540; 287.882261552776], [2; 540; 291.1818166068887], [2; 560; 305.4878511488853], [2; 560; 312.8494441717369], [2; 560; 320.67118325796235], [1; 1120; 658.0017656503561], [2; 580; 345.2792484620434], [2; 580; 349.9610900466002], [2; 580; 359.81995257570924], [2; 600; 377.60277996187506], [2; 600; 383.17637829277317], [2; 600; 388.96030892932987], [2; 600; 394.96756606229053], [1; 1200; 815.4196294659814], [2; 600; 414.47697520852586], [2; 600; 421.53211357836625], [2; 620; 443.19186365978743], [2; 620; 451.1417575845589], [2; 620; 459.45802635354653], [2; 620; 468.1684541513255], [2; 620; 477.30380719442246], [1; 1240; 993.9797116240387], [2; 640; 523.996032243657], [2; 640; 535.5766377999563], [2; 640; 560.7859274938191], [2; 640; 574.5483982651468], [2; 640; 589.1875514897017], [2; 640; 604.7962948760685], [2; 640; 621.4816353890382], [2; 660; 659.3477551513568], [2; 660; 679.1796039251235], [2; 660; 700.5732642008992], [2; 660; 723.7353051088722], [2; 660; 748.9118261196993], [2; 660; 776.3986159410365], [2; 660; 806.5546666584563], [2; 660; 839.8204276711699], [2; 680; 903.3108506440695], [2; 680; 945.8291819346914], [2; 680; 1048.1993894076934], [2; 680; 1110.8010364656645], [2; 700; 1218.4859534446134], [2; 700; 1413.9276988556344], [2; 700; 1545.5693630437434], [2; 700; 1712.8514255775558], [2; 700; 1934.2258843064535], [2; 700; 2244.470316570409], [1; 1400; 7125.749083270532], [2; 700; 5655.710795422537]];
Intervals[4.9E-324=3.750212010596643, 18.851906563417014=26.454033184000924, 26.454033184000924=37.93546150703167, 61.05750686161315=72.69951785112593, 72.69951785112593=84.4239505861857, 84.4239505861857=96.2322795290951, 96.2322795290951=112.09060256152138, 112.09060256152138=128.06489203670043, 128.06489203670043=144.15729153115197, 144.15729153115197=160.37000872916627, 160.37000872916627=176.70531808895547, 176.70531808895547=197.2806250421936, 197.2806250421936=218.01512298001126, 218.01512298001126=238.9119272173719, 238.9119272173719=259.97425177368444, 259.97425177368444=285.45164611476173, 285.45164611476173=311.13575500630344, 311.13575500630344=341.346667837715, 341.346667837715=371.80881667383034, 371.80881667383034=402.5274907555614, 402.5274907555614=437.9339696291654, 518.2867993123567=558.8148704696466, 558.8148704696466=599.7023953012961, 691.3802980218373=737.6369199605964, 737.6369199605964=980.3934008089134, 980.3934008089134=1225.42396774231, 1225.42396774231=1472.782637860567, 1472.782637860567=1722.5255108939525, 1722.5255108939525=1974.7108812303984, 1974.7108812303984=2229.3993577264673, 2229.3993577264673=2486.653991968757, 2486.653991968757=2756.5360474033555, 2756.5360474033555=3029.222103611228, 3029.222103611228=3304.786146137393, 3304.786146137393=3583.3053342514518, 3583.3053342514518=4152.6545703294005, 4152.6545703294005=4440.536831882177, 4440.536831882177=4731.718648489065, 4731.718648489065=5037.20649963795, 5655.434244855448=5968.283689027185, 6601.683607540121=6922.354790798083, 6922.354790798083=7580.356556448439, 7580.356556448439=7925.635804910482, 7925.635804910482=8275.596894957082, 8985.206771267784=9345.026723843494, 9345.026723843494=9722.629503805369, 9722.629503805369=10105.805882098142, 10105.805882098142=10494.766191027473, 10494.766191027473=10889.733757089763, 10889.733757089763=11705.153386555745, 11705.153386555745=12119.630361764272, 12119.630361764272=12541.162475342639, 12541.162475342639=12984.354339002426, 12984.354339002426=13435.496096586985, 13435.496096586985=13894.954122940531, 13894.954122940531=14363.122577091857, 14363.122577091857=14840.42638428628, 14840.42638428628=15834.406095910319, 15834.406095910319=16358.402128153975, 16358.402128153975=16893.978765953932, 17989.61686253654=18550.40279003036, 18550.40279003036=19124.951188295505, 19124.951188295505=19714.138739785205, 19714.138739785205=20318.935034661274, 20318.935034661274=20940.416670050312, 20940.416670050312=21599.76442520167, 21599.76442520167=22278.944029126793, 22278.944029126793=22979.51729332769, 22979.51729332769=23703.252598436564, 23703.252598436564=24452.164424556264, 24452.164424556264=25228.5630404973, 25228.5630404973=26035.117707155758, 26035.117707155758=26874.938134826927, 26874.938134826927=27778.248985470997, 27778.248985470997=28724.07816740569, 30711.541662868494=31759.74105227619, 31759.74105227619=32870.54208874185, 32870.54208874185=34089.028042186466, 36703.32860516834=38117.25630402398, 38117.25630402398=39662.82566706772, 39662.82566706772=41375.67709264528, 41375.67709264528=43309.90297695174, 43309.90297695174=45554.37329352215, 45554.37329352215=52680.12237679268, 52680.12237679268=58335.833172215214];
