1.173545123774781
296728.9999572588
348224.87098240823
[1; 20; 3.042916170045901]
[1; 20; 3.0633728453235]
[1; 20; 3.08417683522256]
[2; 10; 1.552668835817583]
[1; 40; 6.253730499785525]
[1; 40; 6.2975396931767005]
[1; 60; 9.513186415413584]
[2; 30; 4.790629833736176]
[1; 60; 9.65056391121952]
[2; 30; 4.860567577079755]
[2; 30; 4.896505434040227]
[2; 30; 4.933115032845524]
[2; 30; 4.9704166910916]
[2; 40; 6.677908774731415]
[2; 40; 6.729575701266109]
[1; 80; 13.564507464959433]
[2; 40; 6.835974903825422]
[2; 50; 8.613465828958779]
[2; 50; 8.683352438748503]
[1; 100; 17.509348215665263]
[2; 50; 8.82747857281551]
[2; 50; 8.901815781304713]
[2; 50; 8.977738023914528]
[2; 60; 10.866360091155977]
[2; 60; 10.961471219655833]
[2; 60; 11.058691269704621]
[2; 60; 11.158096069074535]
[2; 60; 11.259765245652586]
[1; 140; 26.51549243742631]
[2; 70; 13.381941692671807]
[2; 70; 13.509087221755117]
[2; 80; 15.587767480461924]
[2; 80; 15.740216595703224]
[2; 80; 15.896448628758685]
[2; 80; 16.056616043269567]
[2; 80; 16.220879881648784]
[2; 80; 16.389410389014614]
[2; 80; 16.56238769309984]
[2; 80; 16.74000254613931]
[1; 180; 38.07552855485598]
[2; 90; 19.248711716937034]
[1; 180; 38.93120292368739]
[2; 90; 19.688705946775613]
[2; 90; 19.918315080973443]
[2; 100; 22.394153000285577]
[2; 100; 22.664781297938706]
[2; 100; 22.943736827205818]
[1; 200; 46.46287453912335]
[2; 100; 23.528329665635987]
[1; 200; 47.669786186150866]
[2; 100; 24.151641646909535]
[2; 100; 24.47912776344122]
[2; 520; 129.05331886310702]
[2; 520; 130.8774317361083]
[1; 1040; 265.5347986157742]
[2; 520; 134.72710986736666]
[1; 1040; 273.52154905084893]
[2; 520; 138.87296211736293]
[2; 520; 141.0686387962889]
[2; 540; 148.86679819550406]
[2; 540; 151.33768674531206]
[2; 560; 159.6142327747165]
[2; 560; 162.40234215520758]
[1; 1120; 330.6309708428748]
[1; 1120; 336.72576470900293]
[2; 560; 171.55471413555384]
[2; 560; 174.90225467558625]
[2; 560; 178.41802438694904]
[2; 580; 188.62011287178746]
[2; 580; 192.6549579747661]
[2; 580; 196.9127403614345]
[2; 580; 201.41384520496013]
[1; 1160; 412.36262355484564]
[2; 580; 211.2412894584106]
[2; 600; 224.09337157371098]
[1; 1200; 460.060096284758]
[2; 600; 236.37620091148102]
[2; 600; 243.17897230202536]
[2; 600; 250.49330463420523]
[1; 1240; 533.9928980287292]
[2; 620; 275.8237665703781]
[2; 620; 285.4188254341984]
[2; 620; 295.8943540507124]
[2; 620; 307.3871683918822]
[1; 1280; 660.7796206235274]
[2; 640; 344.9153006297181]
[2; 640; 361.1502689232157]
[2; 640; 379.44112402689007]
[2; 640; 400.23875198627354]
[2; 660; 437.39666881606087]
[2; 660; 466.0908686446589]
[1; 1320; 1000.0128576400782]
[2; 660; 540.8505428374823]
[1; 1320; 1182.4112784150786]
[2; 660; 655.1937726896202]
[2; 660; 739.8731351993033]
[2; 680; 884.5632879504514]
[2; 680; 1071.572110798714]
[2; 680; 1404.156693824996]
[2; 700; 2294.517454462046]


Jobs: [[1; 20; 3.042916170045901], [1; 20; 3.08417683522256], [2; 10; 1.552668835817583], [1; 40; 6.253730499785525], [1; 60; 9.513186415413584], [2; 30; 4.790629833736176], [1; 60; 9.65056391121952], [2; 30; 4.860567577079755], [2; 30; 4.896505434040227], [2; 30; 4.933115032845524], [2; 30; 4.9704166910916], [2; 40; 6.677908774731415], [2; 40; 6.729575701266109], [1; 80; 13.564507464959433], [2; 40; 6.835974903825422], [2; 50; 8.613465828958779], [2; 50; 8.683352438748503], [1; 100; 17.509348215665263], [2; 50; 8.82747857281551], [2; 50; 8.901815781304713], [2; 50; 8.977738023914528], [2; 60; 10.866360091155977], [2; 60; 10.961471219655833], [2; 60; 11.058691269704621], [2; 60; 11.158096069074535], [2; 60; 11.259765245652586], [1; 140; 26.51549243742631], [2; 70; 13.381941692671807], [2; 70; 13.509087221755117], [2; 80; 15.587767480461924], [2; 80; 15.740216595703224], [2; 80; 15.896448628758685], [2; 80; 16.056616043269567], [2; 80; 16.220879881648784], [2; 80; 16.389410389014614], [2; 80; 16.56238769309984], [2; 80; 16.74000254613931], [1; 180; 38.07552855485598], [2; 90; 19.248711716937034], [1; 180; 38.93120292368739], [2; 90; 19.688705946775613], [2; 90; 19.918315080973443], [2; 100; 22.394153000285577], [2; 100; 22.664781297938706], [2; 100; 22.943736827205818], [1; 200; 46.46287453912335], [2; 100; 23.528329665635987], [1; 200; 47.669786186150866], [2; 100; 24.151641646909535], [2; 100; 24.47912776344122], [2; 520; 129.05331886310702], [2; 520; 130.8774317361083], [1; 1040; 265.5347986157742], [2; 520; 134.72710986736666], [1; 1040; 273.52154905084893], [2; 520; 138.87296211736293], [2; 520; 141.0686387962889], [2; 540; 148.86679819550406], [2; 540; 151.33768674531206], [2; 560; 159.6142327747165], [2; 560; 162.40234215520758], [1; 1120; 330.6309708428748], [2; 560; 171.55471413555384], [2; 560; 174.90225467558625], [2; 560; 178.41802438694904], [2; 580; 188.62011287178746], [2; 580; 192.6549579747661], [2; 580; 196.9127403614345], [2; 580; 201.41384520496013], [1; 1160; 412.36262355484564], [2; 580; 211.2412894584106], [2; 600; 224.09337157371098], [1; 1200; 460.060096284758], [2; 600; 236.37620091148102], [2; 600; 243.17897230202536], [2; 600; 250.49330463420523], [1; 1240; 533.9928980287292], [2; 620; 275.8237665703781], [2; 620; 285.4188254341984], [2; 620; 295.8943540507124], [2; 620; 307.3871683918822], [1; 1280; 660.7796206235274], [2; 640; 344.9153006297181], [2; 640; 361.1502689232157], [2; 640; 379.44112402689007], [2; 640; 400.23875198627354], [2; 660; 437.39666881606087], [2; 660; 466.0908686446589], [1; 1320; 1000.0128576400782], [2; 660; 540.8505428374823], [1; 1320; 1182.4112784150786], [2; 660; 655.1937726896202], [2; 660; 739.8731351993033], [2; 680; 884.5632879504514], [2; 680; 1071.572110798714], [2; 680; 1404.156693824996], [2; 700; 2294.517454462046]];
Intervals[0.0=3.042916170045901, 3.042916170045901=6.127093005268461, 6.127093005268461=7.6797618410860435, 7.6797618410860435=13.933492340871569, 13.933492340871569=23.446678756285152, 23.446678756285152=28.23730859002133, 28.23730859002133=37.88787250124085, 37.88787250124085=42.748440078320606, 42.748440078320606=47.644945512360835, 47.644945512360835=52.578060545206355, 52.578060545206355=57.548477236297956, 57.548477236297956=64.22638601102938, 64.22638601102938=70.95596171229549, 70.95596171229549=84.52046917725492, 84.52046917725492=91.35644408108034, 91.35644408108034=99.96990991003912, 99.96990991003912=108.65326234878762, 108.65326234878762=126.16261056445288, 126.16261056445288=134.9900891372684, 134.9900891372684=143.89190491857312, 143.89190491857312=152.86964294248764, 152.86964294248764=163.7360030336436, 163.7360030336436=174.69747425329945, 174.69747425329945=185.75616552300406, 185.75616552300406=196.9142615920786, 196.9142615920786=208.17402683773116, 208.17402683773116=234.68951927515747, 234.68951927515747=248.07146096782927, 248.07146096782927=261.58054818958436, 261.58054818958436=277.1683156700463, 277.1683156700463=292.9085322657495, 292.9085322657495=308.80498089450816, 308.80498089450816=324.86159693777773, 324.86159693777773=341.0824768194265, 341.0824768194265=357.4718872084411, 357.4718872084411=374.0342749015409, 374.0342749015409=390.7742774476802, 390.7742774476802=428.8498060025362, 428.8498060025362=448.0985177194732, 448.0985177194732=487.0297206431606, 487.0297206431606=506.7184265899362, 506.7184265899362=526.6367416709096, 526.6367416709096=549.0308946711951, 549.0308946711951=571.6956759691338, 571.6956759691338=594.6394127963397, 594.6394127963397=641.1022873354631, 641.1022873354631=664.630617001099, 664.630617001099=712.3004031872499, 712.3004031872499=736.4520448341594, 736.4520448341594=760.9311725976006, 760.9311725976006=889.9844914607077, 889.9844914607077=1020.861923196816, 1020.861923196816=1286.3967218125902, 1286.3967218125902=1421.1238316799568, 1421.1238316799568=1694.6453807308058, 1694.6453807308058=1833.5183428481687, 1833.5183428481687=1974.5869816444576, 1974.5869816444576=2123.4537798399615, 2123.4537798399615=2274.7914665852736, 2274.7914665852736=2434.40569935999, 2434.40569935999=2596.8080415151976, 2596.8080415151976=2927.4390123580724, 2933.5338062242004=3105.088520359754, 3105.088520359754=3279.9907750353404, 3279.9907750353404=3458.4087994222896, 3458.4087994222896=3647.028912294077, 3647.028912294077=3839.6838702688433, 3839.6838702688433=4036.5966106302776, 4036.5966106302776=4238.010455835238, 4238.010455835238=4650.373079390083, 4650.373079390083=4861.6143688484935, 4861.6143688484935=5085.707740422205, 5085.707740422205=5545.767836706963, 5545.767836706963=5782.144037618444, 5782.144037618444=6025.323009920469, 6025.323009920469=6275.816314554674, 6275.816314554674=6809.809212583404, 6809.809212583404=7085.632979153782, 7085.632979153782=7371.05180458798, 7371.05180458798=7666.946158638692, 7666.946158638692=7974.333327030575, 7974.333327030575=8635.112947654103, 8635.112947654103=8980.028248283821, 8980.028248283821=9341.178517207038, 9341.178517207038=9720.619641233927, 9720.619641233927=10120.8583932202, 10120.8583932202=10558.255062036262, 10558.255062036262=11024.34593068092, 11024.34593068092=12024.358788320998, 12024.358788320998=12565.209331158481, 12565.209331158481=13747.62060957356, 13747.62060957356=14402.81438226318, 14402.81438226318=15142.687517462482, 15142.687517462482=16027.250805412934, 16027.250805412934=17098.822916211648, 17098.822916211648=18502.979610036644, 18502.979610036644=20797.49706449869];

Jobs: [[1; 20; 3.0633728453235], [2; 10; 1.552668835817583], [1; 40; 6.2975396931767005], [2; 30; 4.790629833736176], [2; 30; 4.860567577079755], [2; 30; 4.896505434040227], [2; 30; 4.933115032845524], [2; 30; 4.9704166910916], [2; 40; 6.677908774731415], [2; 40; 6.729575701266109], [2; 40; 6.835974903825422], [2; 50; 8.613465828958779], [2; 50; 8.683352438748503], [2; 50; 8.82747857281551], [2; 50; 8.901815781304713], [2; 50; 8.977738023914528], [2; 60; 10.866360091155977], [2; 60; 10.961471219655833], [2; 60; 11.058691269704621], [2; 60; 11.158096069074535], [2; 60; 11.259765245652586], [2; 70; 13.381941692671807], [2; 70; 13.509087221755117], [2; 80; 15.587767480461924], [2; 80; 15.740216595703224], [2; 80; 15.896448628758685], [2; 80; 16.056616043269567], [2; 80; 16.220879881648784], [2; 80; 16.389410389014614], [2; 80; 16.56238769309984], [2; 80; 16.74000254613931], [2; 90; 19.248711716937034], [2; 90; 19.688705946775613], [2; 90; 19.918315080973443], [2; 100; 22.394153000285577], [2; 100; 22.664781297938706], [2; 100; 22.943736827205818], [2; 100; 23.528329665635987], [2; 100; 24.151641646909535], [2; 100; 24.47912776344122], [2; 520; 129.05331886310702], [2; 520; 130.8774317361083], [2; 520; 134.72710986736666], [2; 520; 138.87296211736293], [2; 520; 141.0686387962889], [2; 540; 148.86679819550406], [2; 540; 151.33768674531206], [2; 560; 159.6142327747165], [2; 560; 162.40234215520758], [1; 1120; 336.72576470900293], [2; 560; 171.55471413555384], [2; 560; 174.90225467558625], [2; 560; 178.41802438694904], [2; 580; 188.62011287178746], [2; 580; 192.6549579747661], [2; 580; 196.9127403614345], [2; 580; 201.41384520496013], [2; 580; 211.2412894584106], [2; 600; 224.09337157371098], [2; 600; 236.37620091148102], [2; 600; 243.17897230202536], [2; 600; 250.49330463420523], [2; 620; 275.8237665703781], [2; 620; 285.4188254341984], [2; 620; 295.8943540507124], [2; 620; 307.3871683918822], [2; 640; 344.9153006297181], [2; 640; 361.1502689232157], [2; 640; 379.44112402689007], [2; 640; 400.23875198627354], [2; 660; 437.39666881606087], [2; 660; 466.0908686446589], [2; 660; 540.8505428374823], [2; 660; 655.1937726896202], [2; 660; 739.8731351993033], [2; 680; 884.5632879504514], [2; 680; 1071.572110798714], [2; 680; 1404.156693824996], [2; 700; 2294.517454462046]];
Intervals[0.0=3.0633728453235, 6.127093005268461=7.6797618410860435, 7.6797618410860435=13.977301534262743, 23.446678756285152=28.23730859002133, 37.88787250124085=42.748440078320606, 42.748440078320606=47.644945512360835, 47.644945512360835=52.578060545206355, 52.578060545206355=57.548477236297956, 57.548477236297956=64.22638601102938, 64.22638601102938=70.95596171229549, 84.52046917725492=91.35644408108034, 91.35644408108034=99.96990991003912, 99.96990991003912=108.65326234878762, 126.16261056445288=134.9900891372684, 134.9900891372684=143.89190491857312, 143.89190491857312=152.86964294248764, 152.86964294248764=163.7360030336436, 163.7360030336436=174.69747425329945, 174.69747425329945=185.75616552300406, 185.75616552300406=196.9142615920786, 196.9142615920786=208.17402683773116, 234.68951927515747=248.07146096782927, 248.07146096782927=261.58054818958436, 261.58054818958436=277.1683156700463, 277.1683156700463=292.9085322657495, 292.9085322657495=308.80498089450816, 308.80498089450816=324.86159693777773, 324.86159693777773=341.0824768194265, 341.0824768194265=357.4718872084411, 357.4718872084411=374.0342749015409, 374.0342749015409=390.7742774476802, 428.8498060025362=448.0985177194732, 487.0297206431606=506.7184265899362, 506.7184265899362=526.6367416709096, 526.6367416709096=549.0308946711951, 549.0308946711951=571.6956759691338, 571.6956759691338=594.6394127963397, 641.1022873354631=664.630617001099, 712.3004031872499=736.4520448341594, 736.4520448341594=760.9311725976006, 760.9311725976006=889.9844914607077, 889.9844914607077=1020.861923196816, 1286.3967218125902=1421.1238316799568, 1694.6453807308058=1833.5183428481687, 1833.5183428481687=1974.5869816444576, 1974.5869816444576=2123.4537798399615, 2123.4537798399615=2274.7914665852736, 2274.7914665852736=2434.40569935999, 2434.40569935999=2596.8080415151976, 2596.8080415151976=2933.5338062242004, 2933.5338062242004=3105.088520359754, 3105.088520359754=3279.9907750353404, 3279.9907750353404=3458.4087994222896, 3458.4087994222896=3647.028912294077, 3647.028912294077=3839.6838702688433, 3839.6838702688433=4036.5966106302776, 4036.5966106302776=4238.010455835238, 4650.373079390083=4861.6143688484935, 4861.6143688484935=5085.707740422205, 5545.767836706963=5782.144037618444, 5782.144037618444=6025.323009920469, 6025.323009920469=6275.816314554674, 6809.809212583404=7085.632979153782, 7085.632979153782=7371.05180458798, 7371.05180458798=7666.946158638692, 7666.946158638692=7974.333327030575, 8635.112947654103=8980.028248283821, 8980.028248283821=9341.178517207038, 9341.178517207038=9720.619641233927, 9720.619641233927=10120.8583932202, 10120.8583932202=10558.255062036262, 10558.255062036262=11024.34593068092, 12024.358788320998=12565.209331158481, 13747.62060957356=14402.81438226318, 14402.81438226318=15142.687517462482, 15142.687517462482=16027.250805412934, 16027.250805412934=17098.822916211648, 17098.822916211648=18502.979610036644, 18502.979610036644=20797.49706449869];
