1.1672508516847577
94.81190189904028
110.66927324150647
[2; 10; 0.011287954058978457]
[2; 10; 0.01144101397483871]
[2; 10; 0.011599370247808462]
[2; 10; 0.011763322331909293]
[1; 20; 0.023866386931813543]
[1; 40; 0.04843733252382102]
[1; 40; 0.0491684792943653]
[2; 20; 0.02496392838556697]
[1; 40; 0.05071725039441166]
[2; 20; 0.025769302321603724]
[1; 40; 0.05239404151448845]
[1; 40; 0.05328588167630663]
[1; 40; 0.05421666876193664]
[1; 60; 0.08278379605277233]
[1; 60; 0.08430981816470878]
[1; 60; 0.08590816783245947]
[1; 80; 0.11677932081052902]
[1; 80; 0.11912674165870912]
[2; 40; 0.06079789951037349]
[1; 80; 0.12419690134621919]
[1; 80; 0.12694172237023868]
[2; 40; 0.06492170179694921]
[2; 40; 0.06645839875454607]
[1; 100; 0.17022345196113947]
[2; 50; 0.08728032239750884]
[1; 100; 0.17918510147791109]
[1; 100; 0.18412852533539784]
[2; 50; 0.09471381930560224]
[1; 120; 0.23415028726665632]
[1; 120; 0.24152584988707096]
[2; 60; 0.1247555349254467]
[1; 120; 0.2581907910807289]
[1; 120; 0.26766698809181266]
[2; 60; 0.13903171252707422]
[1; 140; 0.3377872737407831]
[2; 70; 0.17631899567552545]
[2; 80; 0.210992264190177]
[1; 160; 0.44335640188777325]
[1; 160; 0.4676573037036222]
[2; 80; 0.24779360821716423]
[2; 80; 0.2640494231726794]
[1; 160; 0.5665264779654706]
[2; 80; 0.30640221353005104]
[1; 180; 0.7535910197984383]
[2; 90; 0.41757732892110466]
[1; 180; 0.943092747260792]
[1; 180; 1.0943621911867225]
[2; 90; 0.6628626912074322]
[1; 200; 1.9302129928044751]
[1; 200; 3.06402213530051]


Jobs: [[2; 10; 0.011287954058978457], [2; 10; 0.01144101397483871], [2; 10; 0.011599370247808462], [2; 10; 0.011763322331909293], [1; 20; 0.023866386931813543], [1; 40; 0.0491684792943653], [2; 20; 0.02496392838556697], [1; 40; 0.05071725039441166], [2; 20; 0.025769302321603724], [1; 40; 0.05239404151448845], [1; 40; 0.05421666876193664], [1; 60; 0.08430981816470878], [1; 80; 0.11677932081052902], [2; 40; 0.06079789951037349], [1; 80; 0.12419690134621919], [2; 40; 0.06492170179694921], [2; 40; 0.06645839875454607], [1; 100; 0.17022345196113947], [2; 50; 0.08728032239750884], [1; 100; 0.17918510147791109], [2; 50; 0.09471381930560224], [1; 120; 0.23415028726665632], [2; 60; 0.1247555349254467], [1; 120; 0.2581907910807289], [2; 60; 0.13903171252707422], [1; 140; 0.3377872737407831], [2; 70; 0.17631899567552545], [2; 80; 0.210992264190177], [1; 160; 0.44335640188777325], [2; 80; 0.24779360821716423], [2; 80; 0.2640494231726794], [1; 160; 0.5665264779654706], [2; 80; 0.30640221353005104], [1; 180; 0.7535910197984383], [2; 90; 0.41757732892110466], [1; 180; 0.943092747260792], [2; 90; 0.6628626912074322], [1; 200; 1.9302129928044751]];
Intervals[4.9E-324=0.011287954058978457, 0.011287954058978457=0.022728968033817167, 0.022728968033817167=0.034328338281625626, 0.034328338281625626=0.04609166061353492, 0.04609166061353492=0.06995804754534846, 0.06995804754534846=0.11912652683971375, 0.11912652683971375=0.14409045522528072, 0.14409045522528072=0.19480770561969238, 0.19480770561969238=0.2205770079412961, 0.2205770079412961=0.27297104945578454, 0.27297104945578454=0.3271877182177212, 0.3271877182177212=0.41149753638243, 0.41149753638243=0.528276857192959, 0.5616815951615437=0.6224794946719172, 0.6224794946719172=0.7466763960181364, 0.7494212170421559=0.8143429188391051, 0.8143429188391051=0.8808013175936512, 0.8808013175936512=1.0510247695547907, 1.0510247695547907=1.1383050919522997, 1.1383050919522997=1.3174901934302108, 1.3224336172876976=1.4171474365933, 1.4171474365933=1.6512977238599562, 1.6586732864803708=1.7834288214058176, 1.7834288214058176=2.0416196124865467, 2.0510958094976304=2.1901275220247047, 2.1901275220247047=2.5279147957654877, 2.5279147957654877=2.704233791441013, 2.704233791441013=2.91522605563119, 2.91522605563119=3.3585824575189633, 3.382883359334812=3.6306769675519766, 3.6306769675519766=3.894726390724656, 3.894726390724656=4.461252868690127, 4.461252868690127=4.767655082220178, 4.767655082220178=5.521246102018616, 5.521246102018616=5.9388234309397205, 5.9388234309397205=6.8819161782005125, 7.033185622126443=7.6960483133338755, 7.6960483133338755=9.62626130613835];

Jobs: [[2; 10; 0.011287954058978457], [2; 10; 0.01144101397483871], [2; 10; 0.011599370247808462], [2; 10; 0.011763322331909293], [1; 40; 0.04843733252382102], [2; 20; 0.02496392838556697], [2; 20; 0.025769302321603724], [1; 40; 0.05328588167630663], [1; 60; 0.08278379605277233], [1; 60; 0.08590816783245947], [1; 80; 0.11912674165870912], [2; 40; 0.06079789951037349], [1; 80; 0.12694172237023868], [2; 40; 0.06492170179694921], [2; 40; 0.06645839875454607], [2; 50; 0.08728032239750884], [1; 100; 0.18412852533539784], [2; 50; 0.09471381930560224], [1; 120; 0.24152584988707096], [2; 60; 0.1247555349254467], [1; 120; 0.26766698809181266], [2; 60; 0.13903171252707422], [2; 70; 0.17631899567552545], [2; 80; 0.210992264190177], [1; 160; 0.4676573037036222], [2; 80; 0.24779360821716423], [2; 80; 0.2640494231726794], [2; 80; 0.30640221353005104], [2; 90; 0.41757732892110466], [1; 180; 1.0943621911867225], [2; 90; 0.6628626912074322], [1; 200; 3.06402213530051]];
Intervals[4.9E-324=0.011287954058978457, 0.011287954058978457=0.022728968033817167, 0.022728968033817167=0.034328338281625626, 0.034328338281625626=0.04609166061353492, 0.04609166061353492=0.09452899313735594, 0.11912652683971375=0.14409045522528072, 0.19480770561969238=0.2205770079412961, 0.2205770079412961=0.27386288961760274, 0.27386288961760274=0.35664668567037505, 0.35664668567037505=0.4425548535028345, 0.4425548535028345=0.5616815951615437, 0.5616815951615437=0.6224794946719172, 0.6224794946719172=0.7494212170421559, 0.7494212170421559=0.8143429188391051, 0.8143429188391051=0.8808013175936512, 1.0510247695547907=1.1383050919522997, 1.1383050919522997=1.3224336172876976, 1.3224336172876976=1.4171474365933, 1.4171474365933=1.6586732864803708, 1.6586732864803708=1.7834288214058176, 1.7834288214058176=2.0510958094976304, 2.0510958094976304=2.1901275220247047, 2.5279147957654877=2.704233791441013, 2.704233791441013=2.91522605563119, 2.91522605563119=3.382883359334812, 3.382883359334812=3.6306769675519766, 3.6306769675519766=3.894726390724656, 4.461252868690127=4.767655082220178, 5.521246102018616=5.9388234309397205, 5.9388234309397205=7.033185622126443, 7.033185622126443=7.6960483133338755, 7.6960483133338755=10.760070448634385];
