1.2026349334990332
103934.89447383447
124995.73490376894
[2; 10; 0.7560100753882235]
[2; 10; 0.7610925199100445]
[1; 20; 1.5325225089405259]
[2; 10; 0.7715186472598025]
[2; 20; 1.5537343135316046]
[2; 20; 1.5646186723990592]
[1; 40; 3.151391352763013]
[2; 20; 1.5869708395352984]
[2; 20; 1.598449895285785]
[1; 40; 3.2202776153132873]
[2; 20; 1.6220437832049592]
[2; 20; 1.6341712837147995]
[2; 20; 1.6465280397066662]
[2; 20; 1.6591210648252008]
[2; 30; 2.5079365067596675]
[1; 60; 5.055136456996158]
[1; 60; 5.095177402453813]
[2; 30; 2.568010390088447]
[2; 30; 2.5888463164892563]
[1; 60; 5.2202201801664785]
[2; 40; 3.5090879240207324]
[2; 40; 3.5386383554902796]
[2; 40; 3.5688188676840014]
[2; 40; 3.599651234815973]
[2; 40; 3.631158279334762]
[1; 100; 9.158409842510126]
[2; 50; 4.620366658694836]
[1; 100; 9.324932067923845]
[2; 50; 4.705537694846978]
[1; 100; 9.499236148634559]
[1; 120; 11.50738922219878]
[2; 60; 5.809152442668354]
[2; 60; 5.865966232795557]
[2; 60; 5.924189817255922]
[2; 60; 5.983880015253037]
[2; 60; 6.045096843073874]
[2; 60; 6.10790374661253]
[2; 60; 6.1723678547545315]
[2; 70; 7.278320298502052]
[1; 140; 14.715298032996374]
[2; 70; 7.439175250262766]
[2; 70; 7.52299804557876]
[1; 140; 15.218445384069712]
[1; 140; 15.395922465494932]
[2; 70; 7.789333025511611]
[1; 160; 18.01934939793365]
[1; 160; 18.24112948406255]
[2; 80; 9.234931051694756]
[2; 80; 9.352951334973186]
[2; 80; 9.474816034196245]
[2; 80; 9.600729511758589]
[1; 160; 19.461822742857084]
[2; 80; 9.865597935116629]
[1; 160; 20.010087794157975]
[1; 180; 22.836429407656016]
[2; 90; 11.586753035091133]
[2; 90; 11.761651540464747]
[2; 90; 11.943303147299243]
[2; 90; 12.132134952929674]
[1; 180; 24.657224197074264]
[2; 90; 12.533242189588687]
[2; 100; 14.162867062113856]
[2; 100; 14.410261181197596]
[2; 100; 14.668749788981952]
[2; 100; 14.93915097375222]
[1; 200; 30.444736261209773]
[2; 100; 15.519401614582673]
[2; 520; 82.32308440255599]
[2; 520; 84.0293378833414]
[1; 1040; 171.65368329056864]
[2; 520; 87.72366287689017]
[2; 540; 93.17999396054385]
[1; 1080; 190.7711296276284]
[1; 1120; 202.69191692462323]
[2; 580; 107.63991471404262]
[1; 1160; 220.98301783610196]
[2; 580; 113.53978891862087]
[1; 1200; 241.6704804327379]
[1; 1240; 257.23742172210274]
[2; 620; 132.67010608753836]
[2; 620; 137.0563859835743]
[2; 620; 141.82415530065134]
[1; 1280; 303.544626831949]
[2; 640; 157.66729247299526]
[1; 1280; 328.34033071312587]
[2; 640; 171.38785813326666]
[1; 1280; 358.90997553310706]
[1; 1320; 388.8713487639774]
[2; 660; 205.0929293861718]
[1; 1320; 434.68340248255987]
[2; 680; 238.61797883340984]
[2; 680; 255.9812505996756]
[2; 680; 276.8916365131014]
[1; 1360; 605.3424522683308]
[2; 680; 335.43032979396537]
[2; 680; 378.7824306186802]
[2; 680; 439.5380750820933]
[2; 700; 548.12311891748]
[1; 1400; 1436.4889468699257]
[2; 700; 1140.1420327010055]


Jobs: [[2; 10; 0.7560100753882235], [2; 10; 0.7610925199100445], [1; 20; 1.5325225089405259], [2; 10; 0.7715186472598025], [2; 20; 1.5537343135316046], [2; 20; 1.5646186723990592], [1; 40; 3.151391352763013], [2; 20; 1.5869708395352984], [2; 20; 1.598449895285785], [1; 40; 3.2202776153132873], [2; 20; 1.6220437832049592], [2; 20; 1.6341712837147995], [2; 20; 1.6465280397066662], [2; 20; 1.6591210648252008], [2; 30; 2.5079365067596675], [1; 60; 5.055136456996158], [2; 30; 2.568010390088447], [2; 30; 2.5888463164892563], [1; 60; 5.2202201801664785], [2; 40; 3.5090879240207324], [2; 40; 3.5386383554902796], [2; 40; 3.5688188676840014], [2; 40; 3.599651234815973], [2; 40; 3.631158279334762], [1; 100; 9.158409842510126], [2; 50; 4.620366658694836], [1; 100; 9.324932067923845], [2; 50; 4.705537694846978], [1; 100; 9.499236148634559], [2; 60; 5.809152442668354], [2; 60; 5.865966232795557], [2; 60; 5.924189817255922], [2; 60; 5.983880015253037], [2; 60; 6.045096843073874], [2; 60; 6.10790374661253], [2; 60; 6.1723678547545315], [2; 70; 7.278320298502052], [1; 140; 14.715298032996374], [2; 70; 7.439175250262766], [2; 70; 7.52299804557876], [1; 140; 15.218445384069712], [2; 70; 7.789333025511611], [1; 160; 18.01934939793365], [2; 80; 9.234931051694756], [2; 80; 9.352951334973186], [2; 80; 9.474816034196245], [2; 80; 9.600729511758589], [1; 160; 19.461822742857084], [2; 80; 9.865597935116629], [1; 160; 20.010087794157975], [2; 90; 11.586753035091133], [2; 90; 11.761651540464747], [2; 90; 11.943303147299243], [2; 90; 12.132134952929674], [1; 180; 24.657224197074264], [2; 90; 12.533242189588687], [2; 100; 14.162867062113856], [2; 100; 14.410261181197596], [2; 100; 14.668749788981952], [2; 100; 14.93915097375222], [1; 200; 30.444736261209773], [2; 100; 15.519401614582673], [2; 520; 82.32308440255599], [2; 520; 84.0293378833414], [1; 1040; 171.65368329056864], [2; 520; 87.72366287689017], [2; 540; 93.17999396054385], [1; 1080; 190.7711296276284], [2; 580; 107.63991471404262], [1; 1160; 220.98301783610196], [2; 580; 113.53978891862087], [1; 1200; 241.6704804327379], [2; 620; 132.67010608753836], [2; 620; 137.0563859835743], [2; 620; 141.82415530065134], [1; 1280; 303.544626831949], [2; 640; 157.66729247299526], [1; 1280; 328.34033071312587], [2; 640; 171.38785813326666], [1; 1280; 358.90997553310706], [2; 660; 205.0929293861718], [1; 1320; 434.68340248255987], [2; 680; 238.61797883340984], [2; 680; 255.9812505996756], [2; 680; 276.8916365131014], [1; 1360; 605.3424522683308], [2; 680; 335.43032979396537], [2; 680; 378.7824306186802], [2; 680; 439.5380750820933], [2; 700; 548.12311891748], [1; 1400; 1436.4889468699257], [2; 700; 1140.1420327010055]];
Intervals[4.9E-324=0.7560100753882235, 0.7560100753882235=1.517102595298268, 1.517102595298268=3.049625104238794, 3.049625104238794=3.8211437514985964, 3.8211437514985964=5.374878065030201, 5.374878065030201=6.93949673742926, 6.93949673742926=10.090888090192273, 10.090888090192273=11.677858929727572, 11.677858929727572=13.276308825013357, 13.276308825013357=16.496586440326645, 16.496586440326645=18.118630223531603, 18.118630223531603=19.752801507246403, 19.752801507246403=21.39932954695307, 21.39932954695307=23.05845061177827, 23.05845061177827=25.566387118537936, 25.566387118537936=30.621523575534095, 30.66156452099175=33.2295749110802, 33.2295749110802=35.81842122756946, 35.81842122756946=41.03864140773594, 41.03864140773594=44.54772933175667, 44.54772933175667=48.08636768724695, 48.08636768724695=51.65518655493095, 51.65518655493095=55.25483778974692, 55.25483778974692=58.885996069081685, 58.885996069081685=68.04440591159181, 68.04440591159181=72.66477257028664, 72.66477257028664=81.98970463821048, 81.98970463821048=86.69524233305746, 86.69524233305746=96.19447848169202, 98.20263155525625=104.0117839979246, 104.0117839979246=109.87775023072015, 109.87775023072015=115.80194004797607, 115.80194004797607=121.78582006322911, 121.78582006322911=127.83091690630299, 127.83091690630299=133.93882065291552, 133.93882065291552=140.11118850767005, 140.11118850767005=147.3895088061721, 147.3895088061721=162.10480683916848, 162.10480683916848=169.54398208943124, 169.54398208943124=177.06698013501, 177.06698013501=192.28542551907972, 192.46290260050492=200.25223562601653, 200.25223562601653=218.27158502395017, 218.49336511007908=227.72829616177384, 227.72829616177384=237.08124749674704, 237.08124749674704=246.55606353094328, 246.55606353094328=256.15679304270185, 256.15679304270185=275.6186157855589, 275.6186157855589=285.48421372067554, 285.48421372067554=305.4943015148335, 308.32064312833154=319.9073961634227, 319.9073961634227=331.66904770388743, 331.66904770388743=343.61235085118665, 343.61235085118665=355.7444858041163, 355.7444858041163=380.40171000119057, 380.40171000119057=392.93495219077926, 392.93495219077926=407.0978192528931, 407.0978192528931=421.5080804340907, 421.5080804340907=436.1768302230726, 436.1768302230726=451.1159811968248, 451.1159811968248=481.56071745803456, 481.56071745803456=497.0801190726172, 497.0801190726172=579.4032034751732, 579.4032034751732=663.4325413585146, 663.4325413585146=835.0862246490833, 835.0862246490833=922.8098875259735, 922.8098875259735=1015.9898814865173, 1015.9898814865173=1206.7610111141457, 1218.6817984111406=1326.3217131251831, 1326.3217131251831=1547.304730961285, 1547.304730961285=1660.8445198799059, 1660.8445198799059=1902.5150003126437, 1918.0819416020086=2050.752047689547, 2050.752047689547=2187.8084336731213, 2187.8084336731213=2329.6325889737727, 2329.6325889737727=2633.177215805722, 2633.177215805722=2790.844508278717, 2790.844508278717=3119.1848389918428, 3119.1848389918428=3290.5726971251092, 3290.5726971251092=3649.4826726582164, 3679.4440458890867=3884.5369752752586, 3884.5369752752586=4319.220377757819, 4319.220377757819=4557.838356591229, 4557.838356591229=4813.819607190904, 4813.819607190904=5090.711243704006, 5090.711243704006=5696.053695972337, 5696.053695972337=6031.484025766302, 6031.484025766302=6410.266456384982, 6410.266456384982=6849.804531467075, 6849.804531467075=7397.927650384556, 7397.927650384556=8834.416597254482, 8834.416597254482=9974.558629955487];

Jobs: [[2; 10; 0.7560100753882235], [2; 10; 0.7610925199100445], [2; 10; 0.7715186472598025], [2; 20; 1.5537343135316046], [2; 20; 1.5646186723990592], [2; 20; 1.5869708395352984], [2; 20; 1.598449895285785], [2; 20; 1.6220437832049592], [2; 20; 1.6341712837147995], [2; 20; 1.6465280397066662], [2; 20; 1.6591210648252008], [2; 30; 2.5079365067596675], [1; 60; 5.095177402453813], [2; 30; 2.568010390088447], [2; 30; 2.5888463164892563], [2; 40; 3.5090879240207324], [2; 40; 3.5386383554902796], [2; 40; 3.5688188676840014], [2; 40; 3.599651234815973], [2; 40; 3.631158279334762], [2; 50; 4.620366658694836], [2; 50; 4.705537694846978], [1; 120; 11.50738922219878], [2; 60; 5.809152442668354], [2; 60; 5.865966232795557], [2; 60; 5.924189817255922], [2; 60; 5.983880015253037], [2; 60; 6.045096843073874], [2; 60; 6.10790374661253], [2; 60; 6.1723678547545315], [2; 70; 7.278320298502052], [2; 70; 7.439175250262766], [2; 70; 7.52299804557876], [1; 140; 15.395922465494932], [2; 70; 7.789333025511611], [1; 160; 18.24112948406255], [2; 80; 9.234931051694756], [2; 80; 9.352951334973186], [2; 80; 9.474816034196245], [2; 80; 9.600729511758589], [2; 80; 9.865597935116629], [1; 180; 22.836429407656016], [2; 90; 11.586753035091133], [2; 90; 11.761651540464747], [2; 90; 11.943303147299243], [2; 90; 12.132134952929674], [2; 90; 12.533242189588687], [2; 100; 14.162867062113856], [2; 100; 14.410261181197596], [2; 100; 14.668749788981952], [2; 100; 14.93915097375222], [2; 100; 15.519401614582673], [2; 520; 82.32308440255599], [2; 520; 84.0293378833414], [2; 520; 87.72366287689017], [2; 540; 93.17999396054385], [1; 1120; 202.69191692462323], [2; 580; 107.63991471404262], [2; 580; 113.53978891862087], [1; 1240; 257.23742172210274], [2; 620; 132.67010608753836], [2; 620; 137.0563859835743], [2; 620; 141.82415530065134], [2; 640; 157.66729247299526], [2; 640; 171.38785813326666], [1; 1320; 388.8713487639774], [2; 660; 205.0929293861718], [2; 680; 238.61797883340984], [2; 680; 255.9812505996756], [2; 680; 276.8916365131014], [2; 680; 335.43032979396537], [2; 680; 378.7824306186802], [2; 680; 439.5380750820933], [2; 700; 548.12311891748], [2; 700; 1140.1420327010055]];
Intervals[4.9E-324=0.7560100753882235, 0.7560100753882235=1.517102595298268, 3.049625104238794=3.8211437514985964, 3.8211437514985964=5.374878065030201, 5.374878065030201=6.93949673742926, 10.090888090192273=11.677858929727572, 11.677858929727572=13.276308825013357, 16.496586440326645=18.118630223531603, 18.118630223531603=19.752801507246403, 19.752801507246403=21.39932954695307, 21.39932954695307=23.05845061177827, 23.05845061177827=25.566387118537936, 25.566387118537936=30.66156452099175, 30.66156452099175=33.2295749110802, 33.2295749110802=35.81842122756946, 41.03864140773594=44.54772933175667, 44.54772933175667=48.08636768724695, 48.08636768724695=51.65518655493095, 51.65518655493095=55.25483778974692, 55.25483778974692=58.885996069081685, 68.04440591159181=72.66477257028664, 81.98970463821048=86.69524233305746, 86.69524233305746=98.20263155525625, 98.20263155525625=104.0117839979246, 104.0117839979246=109.87775023072015, 109.87775023072015=115.80194004797607, 115.80194004797607=121.78582006322911, 121.78582006322911=127.83091690630299, 127.83091690630299=133.93882065291552, 133.93882065291552=140.11118850767005, 140.11118850767005=147.3895088061721, 162.10480683916848=169.54398208943124, 169.54398208943124=177.06698013501, 177.06698013501=192.46290260050492, 192.46290260050492=200.25223562601653, 200.25223562601653=218.49336511007908, 218.49336511007908=227.72829616177384, 227.72829616177384=237.08124749674704, 237.08124749674704=246.55606353094328, 246.55606353094328=256.15679304270185, 275.6186157855589=285.48421372067554, 285.48421372067554=308.32064312833154, 308.32064312833154=319.9073961634227, 319.9073961634227=331.66904770388743, 331.66904770388743=343.61235085118665, 343.61235085118665=355.7444858041163, 380.40171000119057=392.93495219077926, 392.93495219077926=407.0978192528931, 407.0978192528931=421.5080804340907, 421.5080804340907=436.1768302230726, 436.1768302230726=451.1159811968248, 481.56071745803456=497.0801190726172, 497.0801190726172=579.4032034751732, 579.4032034751732=663.4325413585146, 835.0862246490833=922.8098875259735, 922.8098875259735=1015.9898814865173, 1015.9898814865173=1218.6817984111406, 1218.6817984111406=1326.3217131251831, 1547.304730961285=1660.8445198799059, 1660.8445198799059=1918.0819416020086, 1918.0819416020086=2050.752047689547, 2050.752047689547=2187.8084336731213, 2187.8084336731213=2329.6325889737727, 2633.177215805722=2790.844508278717, 3119.1848389918428=3290.5726971251092, 3290.5726971251092=3679.4440458890867, 3679.4440458890867=3884.5369752752586, 4319.220377757819=4557.838356591229, 4557.838356591229=4813.819607190904, 4813.819607190904=5090.711243704006, 5696.053695972337=6031.484025766302, 6031.484025766302=6410.266456384982, 6410.266456384982=6849.804531467075, 6849.804531467075=7397.927650384556, 8834.416597254482=9974.558629955487];
