1.0
565.3584169521181
565.3584169521181
[2; 10; 0.0371183989884708]
[2; 10; 0.03762170888824167]
[2; 20; 0.07628486980431884]
[2; 20; 0.07736312346142074]
[2; 20; 0.07848030457243477]
[2; 20; 0.07963871154872201]
[2; 20; 0.08084083362533553]
[2; 20; 0.08208937149226353]
[2; 30; 0.1250808910477829]
[2; 30; 0.1271065474172886]
[2; 30; 0.12921625969985248]
[2; 30; 0.1314157512189098]
[2; 30; 0.1337112951835566]
[2; 30; 0.13610978373990132]
[2; 30; 0.13861880784294645]
[2; 40; 0.18832900000080988]
[2; 40; 0.1920038565358995]
[2; 40; 0.1958633913630854]
[2; 50; 0.24990364506001836]
[2; 50; 0.2552494296804121]
[2; 50; 0.26089058492149736]
[2; 50; 0.26685411919188007]
[2; 60; 0.32780466879345754]
[2; 60; 0.335849453713679]
[2; 70; 0.40180781558219775]
[2; 70; 0.4124524992117173]
[2; 70; 0.42383138901821493]
[2; 70; 0.43602901312973663]
[2; 80; 0.5133072973553752]
[2; 80; 0.5294761014143207]
[2; 80; 0.5469814042105116]
[2; 90; 0.6367603519032244]
[2; 90; 0.6601309241774125]
[2; 90; 0.6857710286558357]
[2; 90; 0.7140551563061291]
[2; 90; 0.7454483801153707]
[2; 90; 0.7805362141242326]
[2; 90; 0.8200673346140037]
[2; 90; 0.8650162192945597]
[2; 90; 0.9166776117804853]
[2; 100; 1.0853485705635113]
[2; 100; 1.164325026084405]
[2; 100; 1.2594354514262962]
[2; 100; 1.376693341555647]
[2; 100; 1.5256973960863767]
[2; 540; 9.303570698389375]
[2; 580; 11.59552913078485]
[2; 600; 14.531361909195942]
[2; 620; 19.67618652932445]
[2; 680; 34.25664427879525]


Jobs: [[2; 10; 0.0371183989884708], [2; 10; 0.03762170888824167], [2; 20; 0.07628486980431884], [2; 20; 0.07736312346142074], [2; 20; 0.07848030457243477], [2; 20; 0.07963871154872201], [2; 20; 0.08084083362533553], [2; 20; 0.08208937149226353], [2; 30; 0.1250808910477829], [2; 30; 0.1271065474172886], [2; 30; 0.12921625969985248], [2; 30; 0.1314157512189098], [2; 30; 0.1337112951835566], [2; 30; 0.13610978373990132], [2; 30; 0.13861880784294645], [2; 40; 0.18832900000080988], [2; 40; 0.1920038565358995], [2; 40; 0.1958633913630854], [2; 50; 0.24990364506001836], [2; 50; 0.2552494296804121], [2; 50; 0.26089058492149736], [2; 50; 0.26685411919188007], [2; 60; 0.32780466879345754], [2; 60; 0.335849453713679], [2; 70; 0.40180781558219775], [2; 70; 0.4124524992117173], [2; 70; 0.42383138901821493], [2; 70; 0.43602901312973663], [2; 80; 0.5133072973553752], [2; 80; 0.5294761014143207], [2; 80; 0.5469814042105116], [2; 90; 0.6367603519032244], [2; 90; 0.6601309241774125], [2; 90; 0.6857710286558357], [2; 90; 0.7140551563061291], [2; 90; 0.7454483801153707], [2; 90; 0.7805362141242326], [2; 90; 0.8200673346140037], [2; 90; 0.8650162192945597], [2; 90; 0.9166776117804853], [2; 100; 1.0853485705635113], [2; 100; 1.164325026084405], [2; 100; 1.2594354514262962], [2; 100; 1.376693341555647], [2; 100; 1.5256973960863767], [2; 540; 9.303570698389375], [2; 580; 11.59552913078485], [2; 600; 14.531361909195942], [2; 620; 19.67618652932445], [2; 680; 34.25664427879525]];
Intervals[4.9E-324=0.0371183989884708, 0.0371183989884708=0.07474010787671248, 0.07474010787671248=0.15102497768103132, 0.15102497768103132=0.22838810114245206, 0.22838810114245206=0.3068684057148868, 0.3068684057148868=0.38650711726360887, 0.38650711726360887=0.46734795088894443, 0.46734795088894443=0.5494373223812079, 0.5494373223812079=0.6745182134289908, 0.6745182134289908=0.8016247608462794, 0.8016247608462794=0.9308410205461319, 0.9308410205461319=1.0622567717650417, 1.0622567717650417=1.1959680669485984, 1.1959680669485984=1.3320778506884996, 1.3320778506884996=1.470696658531446, 1.470696658531446=1.659025658532256, 1.659025658532256=1.8510295150681555, 1.8510295150681555=2.046892906431241, 2.046892906431241=2.2967965514912594, 2.2967965514912594=2.5520459811716716, 2.5520459811716716=2.812936566093169, 2.812936566093169=3.079790685285049, 3.079790685285049=3.4075953540785067, 3.4075953540785067=3.743444807792186, 3.743444807792186=4.145252623374383, 4.145252623374383=4.557705122586101, 4.557705122586101=4.9815365116043155, 4.9815365116043155=5.417565524734052, 5.417565524734052=5.930872822089428, 5.930872822089428=6.460348923503748, 6.460348923503748=7.00733032771426, 7.00733032771426=7.644090679617484, 7.644090679617484=8.304221603794897, 8.304221603794897=8.989992632450733, 8.989992632450733=9.704047788756862, 9.704047788756862=10.449496168872232, 10.449496168872232=11.230032382996464, 11.230032382996464=12.050099717610468, 12.050099717610468=12.915115936905028, 12.915115936905028=13.831793548685514, 13.831793548685514=14.917142119249025, 14.917142119249025=16.08146714533343, 16.08146714533343=17.340902596759726, 17.340902596759726=18.717595938315373, 18.717595938315373=20.24329333440175, 20.24329333440175=29.546864032791124, 29.546864032791124=41.142393163575974, 41.142393163575974=55.67375507277192, 55.67375507277192=75.34994160209637, 75.34994160209637=109.60658588089161];

Jobs: [[2; 10; 0.0371183989884708], [2; 10; 0.03762170888824167], [2; 20; 0.07628486980431884], [2; 20; 0.07736312346142074], [2; 20; 0.07848030457243477], [2; 20; 0.07963871154872201], [2; 20; 0.08084083362533553], [2; 20; 0.08208937149226353], [2; 30; 0.1250808910477829], [2; 30; 0.1271065474172886], [2; 30; 0.12921625969985248], [2; 30; 0.1314157512189098], [2; 30; 0.1337112951835566], [2; 30; 0.13610978373990132], [2; 30; 0.13861880784294645], [2; 40; 0.18832900000080988], [2; 40; 0.1920038565358995], [2; 40; 0.1958633913630854], [2; 50; 0.24990364506001836], [2; 50; 0.2552494296804121], [2; 50; 0.26089058492149736], [2; 50; 0.26685411919188007], [2; 60; 0.32780466879345754], [2; 60; 0.335849453713679], [2; 70; 0.40180781558219775], [2; 70; 0.4124524992117173], [2; 70; 0.42383138901821493], [2; 70; 0.43602901312973663], [2; 80; 0.5133072973553752], [2; 80; 0.5294761014143207], [2; 80; 0.5469814042105116], [2; 90; 0.6367603519032244], [2; 90; 0.6601309241774125], [2; 90; 0.6857710286558357], [2; 90; 0.7140551563061291], [2; 90; 0.7454483801153707], [2; 90; 0.7805362141242326], [2; 90; 0.8200673346140037], [2; 90; 0.8650162192945597], [2; 90; 0.9166776117804853], [2; 100; 1.0853485705635113], [2; 100; 1.164325026084405], [2; 100; 1.2594354514262962], [2; 100; 1.376693341555647], [2; 100; 1.5256973960863767], [2; 540; 9.303570698389375], [2; 580; 11.59552913078485], [2; 600; 14.531361909195942], [2; 620; 19.67618652932445], [2; 680; 34.25664427879525]];
Intervals[4.9E-324=0.0371183989884708, 0.0371183989884708=0.07474010787671248, 0.07474010787671248=0.15102497768103132, 0.15102497768103132=0.22838810114245206, 0.22838810114245206=0.3068684057148868, 0.3068684057148868=0.38650711726360887, 0.38650711726360887=0.46734795088894443, 0.46734795088894443=0.5494373223812079, 0.5494373223812079=0.6745182134289908, 0.6745182134289908=0.8016247608462794, 0.8016247608462794=0.9308410205461319, 0.9308410205461319=1.0622567717650417, 1.0622567717650417=1.1959680669485984, 1.1959680669485984=1.3320778506884996, 1.3320778506884996=1.470696658531446, 1.470696658531446=1.659025658532256, 1.659025658532256=1.8510295150681555, 1.8510295150681555=2.046892906431241, 2.046892906431241=2.2967965514912594, 2.2967965514912594=2.5520459811716716, 2.5520459811716716=2.812936566093169, 2.812936566093169=3.079790685285049, 3.079790685285049=3.4075953540785067, 3.4075953540785067=3.743444807792186, 3.743444807792186=4.145252623374383, 4.145252623374383=4.557705122586101, 4.557705122586101=4.9815365116043155, 4.9815365116043155=5.417565524734052, 5.417565524734052=5.930872822089428, 5.930872822089428=6.460348923503748, 6.460348923503748=7.00733032771426, 7.00733032771426=7.644090679617484, 7.644090679617484=8.304221603794897, 8.304221603794897=8.989992632450733, 8.989992632450733=9.704047788756862, 9.704047788756862=10.449496168872232, 10.449496168872232=11.230032382996464, 11.230032382996464=12.050099717610468, 12.050099717610468=12.915115936905028, 12.915115936905028=13.831793548685514, 13.831793548685514=14.917142119249025, 14.917142119249025=16.08146714533343, 16.08146714533343=17.340902596759726, 17.340902596759726=18.717595938315373, 18.717595938315373=20.24329333440175, 20.24329333440175=29.546864032791124, 29.546864032791124=41.142393163575974, 41.142393163575974=55.67375507277192, 55.67375507277192=75.34994160209637, 75.34994160209637=109.60658588089161];
