1.1524656564453755
129.64182530803242
149.40775130639827
[2; 10; 0.013906038228630405]
[1; 20; 0.028189196532360804]
[2; 10; 0.014289683077312253]
[2; 20; 0.028983323140497657]
[2; 20; 0.029401863908996052]
[2; 20; 0.02983584953702829]
[2; 20; 0.03028621259169723]
[2; 20; 0.03075396485958967]
[2; 20; 0.03124020611488631]
[1; 40; 0.06349226818908327]
[2; 30; 0.04840958382135249]
[2; 30; 0.04923360139703133]
[2; 30; 0.050093604064112826]
[1; 80; 0.13597913039051665]
[1; 80; 0.13848574605242153]
[2; 40; 0.07055558280906585]
[2; 40; 0.07193233118330368]
[2; 50; 0.09172283429877515]
[2; 50; 0.09362390987709647]
[2; 50; 0.09562665480465408]
[1; 100; 0.19548011478269597]
[2; 50; 0.09997423606827442]
[2; 50; 0.10234062666112556]
[2; 60; 0.12582265048278865]
[1; 120; 0.258057074334362]
[1; 120; 0.2648935165540548]
[2; 60; 0.1361007476953059]
[2; 60; 0.14001764909689848]
[2; 60; 0.1442290971845781]
[1; 120; 0.29754441630284345]
[2; 60; 0.1536908485667153]
[2; 60; 0.15903727957650235]
[2; 70; 0.19235336659543797]
[2; 70; 0.19982455183407705]
[1; 140; 0.4161323404791807]
[2; 70; 0.21721373789144116]
[2; 70; 0.22743786578933764]
[2; 70; 0.23895670823861787]
[2; 70; 0.2520542150760515]
[1; 160; 0.6105317882539281]
[2; 90; 0.3659535220390337]
[1; 180; 0.7851649795282877]
[1; 180; 0.8493028907588235]
[1; 180; 0.9283759904864487]
[2; 90; 0.5144285907832411]
[1; 180; 1.1618300117124594]
[1; 200; 1.4979825580335433]
[2; 100; 0.9073383179687058]
[2; 100; 1.1889495442262306]
[2; 100; 1.8873397572418298]


Jobs: [[2; 10; 0.013906038228630405], [1; 20; 0.028189196532360804], [2; 10; 0.014289683077312253], [2; 20; 0.028983323140497657], [2; 20; 0.029401863908996052], [2; 20; 0.02983584953702829], [2; 20; 0.03028621259169723], [2; 20; 0.03075396485958967], [2; 20; 0.03124020611488631], [1; 40; 0.06349226818908327], [2; 30; 0.04840958382135249], [2; 30; 0.04923360139703133], [2; 30; 0.050093604064112826], [1; 80; 0.13597913039051665], [2; 40; 0.07055558280906585], [2; 40; 0.07193233118330368], [2; 50; 0.09172283429877515], [2; 50; 0.09362390987709647], [2; 50; 0.09562665480465408], [1; 100; 0.19548011478269597], [2; 50; 0.09997423606827442], [2; 50; 0.10234062666112556], [2; 60; 0.12582265048278865], [1; 120; 0.258057074334362], [2; 60; 0.1361007476953059], [2; 60; 0.14001764909689848], [2; 60; 0.1442290971845781], [1; 120; 0.29754441630284345], [2; 60; 0.1536908485667153], [2; 60; 0.15903727957650235], [2; 70; 0.19235336659543797], [2; 70; 0.19982455183407705], [1; 140; 0.4161323404791807], [2; 70; 0.21721373789144116], [2; 70; 0.22743786578933764], [2; 70; 0.23895670823861787], [2; 70; 0.2520542150760515], [1; 160; 0.6105317882539281], [2; 90; 0.3659535220390337], [1; 180; 0.7851649795282877], [1; 180; 0.9283759904864487], [2; 90; 0.5144285907832411], [1; 180; 1.1618300117124594], [2; 100; 0.9073383179687058], [2; 100; 1.1889495442262306], [2; 100; 1.8873397572418298]];
Intervals[4.9E-324=0.013906038228630405, 0.013906038228630405=0.04209523476099121, 0.04209523476099121=0.05638491783830346, 0.05638491783830346=0.08536824097880112, 0.08536824097880112=0.11477010488779718, 0.11477010488779718=0.14460595442482546, 0.14460595442482546=0.1748921670165227, 0.1748921670165227=0.20564613187611236, 0.20564613187611236=0.23688633799099867, 0.23688633799099867=0.30037860618008194, 0.30037860618008194=0.34878819000143446, 0.34878819000143446=0.3980217913984658, 0.3980217913984658=0.4481153954625786, 0.4481153954625786=0.5840945258530953, 0.5866011415150001=0.6571567243240659, 0.6571567243240659=0.7290890555073696, 0.7290890555073696=0.8208118898061447, 0.8208118898061447=0.9144357996832412, 0.9144357996832412=1.0100624544878953, 1.0100624544878953=1.2055425692705912, 1.2055425692705912=1.3055168053388657, 1.3055168053388657=1.4078574319999912, 1.4078574319999912=1.5336800824827799, 1.5336800824827799=1.7917371568171419, 1.7985735990368346=1.9346743467321406, 1.9346743467321406=2.074691995829039, 2.074691995829039=2.218921093013617, 2.218921093013617=2.5164655093164607, 2.5164655093164607=2.670156357883176, 2.670156357883176=2.8291936374596784, 2.8291936374596784=3.0215470040551162, 3.0215470040551162=3.2213715558891933, 3.2213715558891933=3.637503896368374, 3.637503896368374=3.8547176342598153, 3.8547176342598153=4.0821555000491525, 4.0821555000491525=4.32111220828777, 4.32111220828777=4.573166423363822, 4.573166423363822=5.18369821161775, 5.18369821161775=5.549651733656783, 5.549651733656783=6.334816713185071, 6.334816713185071=7.263192703671519, 7.263192703671519=7.777621294454761, 7.777621294454761=8.93945130616722, 9.275603852488304=10.182942170457011, 10.182942170457011=11.371891714683242, 11.371891714683242=13.259231471925071];

Jobs: [[2; 10; 0.013906038228630405], [2; 10; 0.014289683077312253], [2; 20; 0.028983323140497657], [2; 20; 0.029401863908996052], [2; 20; 0.02983584953702829], [2; 20; 0.03028621259169723], [2; 20; 0.03075396485958967], [2; 20; 0.03124020611488631], [2; 30; 0.04840958382135249], [2; 30; 0.04923360139703133], [2; 30; 0.050093604064112826], [1; 80; 0.13848574605242153], [2; 40; 0.07055558280906585], [2; 40; 0.07193233118330368], [2; 50; 0.09172283429877515], [2; 50; 0.09362390987709647], [2; 50; 0.09562665480465408], [2; 50; 0.09997423606827442], [2; 50; 0.10234062666112556], [2; 60; 0.12582265048278865], [1; 120; 0.2648935165540548], [2; 60; 0.1361007476953059], [2; 60; 0.14001764909689848], [2; 60; 0.1442290971845781], [2; 60; 0.1536908485667153], [2; 60; 0.15903727957650235], [2; 70; 0.19235336659543797], [2; 70; 0.19982455183407705], [2; 70; 0.21721373789144116], [2; 70; 0.22743786578933764], [2; 70; 0.23895670823861787], [2; 70; 0.2520542150760515], [2; 90; 0.3659535220390337], [1; 180; 0.8493028907588235], [2; 90; 0.5144285907832411], [1; 200; 1.4979825580335433], [2; 100; 0.9073383179687058], [2; 100; 1.1889495442262306], [2; 100; 1.8873397572418298]];
Intervals[4.9E-324=0.013906038228630405, 0.04209523476099121=0.05638491783830346, 0.05638491783830346=0.08536824097880112, 0.08536824097880112=0.11477010488779718, 0.11477010488779718=0.14460595442482546, 0.14460595442482546=0.1748921670165227, 0.1748921670165227=0.20564613187611236, 0.20564613187611236=0.23688633799099867, 0.30037860618008194=0.34878819000143446, 0.34878819000143446=0.3980217913984658, 0.3980217913984658=0.4481153954625786, 0.4481153954625786=0.5866011415150001, 0.5866011415150001=0.6571567243240659, 0.6571567243240659=0.7290890555073696, 0.7290890555073696=0.8208118898061447, 0.8208118898061447=0.9144357996832412, 0.9144357996832412=1.0100624544878953, 1.2055425692705912=1.3055168053388657, 1.3055168053388657=1.4078574319999912, 1.4078574319999912=1.5336800824827799, 1.5336800824827799=1.7985735990368346, 1.7985735990368346=1.9346743467321406, 1.9346743467321406=2.074691995829039, 2.074691995829039=2.218921093013617, 2.5164655093164607=2.670156357883176, 2.670156357883176=2.8291936374596784, 2.8291936374596784=3.0215470040551162, 3.0215470040551162=3.2213715558891933, 3.637503896368374=3.8547176342598153, 3.8547176342598153=4.0821555000491525, 4.0821555000491525=4.32111220828777, 4.32111220828777=4.573166423363822, 5.18369821161775=5.549651733656783, 5.549651733656783=6.398954624415607, 7.263192703671519=7.777621294454761, 7.777621294454761=9.275603852488304, 9.275603852488304=10.182942170457011, 10.182942170457011=11.371891714683242, 11.371891714683242=13.259231471925071];
