1.3054101004192749
3966.083179997678
5177.365042271966
[1; 20; 0.27204737231799553]
[2; 10; 0.13786811021048806]
[2; 10; 0.13977635716677445]
[2; 10; 0.14175203555068022]
[2; 10; 0.1437990404992844]
[1; 20; 0.29184316675875566]
[2; 20; 0.2962484504059536]
[1; 40; 0.6016476577193585]
[2; 20; 0.3055800597013186]
[2; 20; 0.31052885874762104]
[1; 60; 0.9470490341736796]
[2; 30; 0.48158475007777685]
[2; 30; 0.48999697582890045]
[1; 80; 1.3300972032661214]
[2; 40; 0.6773079919968162]
[2; 50; 0.8626855376596694]
[1; 100; 1.7590381747653325]
[1; 100; 1.7943971994242307]
[2; 50; 0.9157942128967329]
[1; 100; 1.8707686355705038]
[2; 50; 0.956056834677101]
[2; 60; 1.1734928859555585]
[1; 120; 2.402538935112214]
[1; 120; 2.4615005998944017]
[2; 70; 1.4724606042400052]
[2; 70; 1.5114689975096967]
[1; 140; 3.1063359096954875]
[1; 160; 3.6522679705693086]
[1; 160; 3.7621208145468774]
[1; 180; 4.365702974073405]
[1; 180; 4.510039899338299]
[1; 180; 4.666930289352197]
[2; 90; 2.4191086927549836]
[2; 100; 2.7922990490747104]
[1; 200; 5.814930787754653]
[1; 1040; 31.5670290022426]
[2; 540; 17.162067748462594]
[1; 1080; 36.06251933035]
[2; 540; 19.019574864580672]
[1; 1080; 40.31096313584142]
[2; 540; 21.477726241884504]
[2; 540; 23.04057410222806]
[1; 1120; 51.691512597782435]
[2; 600; 30.27009377539892]
[1; 1200; 67.09265144005174]
[1; 1240; 78.28938682502417]
[2; 620; 45.42339295967795]
[1; 1280; 113.6031418402921]
[2; 640; 74.43111408325954]
[2; 660; 121.84427969477285]


Jobs: [[1; 20; 0.27204737231799553], [2; 10; 0.13786811021048806], [2; 10; 0.13977635716677445], [2; 10; 0.14175203555068022], [2; 10; 0.1437990404992844], [1; 20; 0.29184316675875566], [2; 20; 0.2962484504059536], [1; 40; 0.6016476577193585], [2; 20; 0.3055800597013186], [2; 20; 0.31052885874762104], [1; 60; 0.9470490341736796], [2; 30; 0.48158475007777685], [2; 30; 0.48999697582890045], [1; 80; 1.3300972032661214], [2; 40; 0.6773079919968162], [2; 50; 0.8626855376596694], [1; 100; 1.7590381747653325], [2; 50; 0.9157942128967329], [1; 100; 1.8707686355705038], [2; 50; 0.956056834677101], [2; 60; 1.1734928859555585], [1; 120; 2.402538935112214], [2; 70; 1.4724606042400052], [2; 70; 1.5114689975096967], [1; 140; 3.1063359096954875], [1; 160; 3.7621208145468774], [1; 180; 4.510039899338299], [2; 90; 2.4191086927549836], [2; 100; 2.7922990490747104], [1; 200; 5.814930787754653], [2; 540; 17.162067748462594], [1; 1080; 36.06251933035], [2; 540; 19.019574864580672], [1; 1080; 40.31096313584142], [2; 540; 21.477726241884504], [2; 540; 23.04057410222806], [1; 1120; 51.691512597782435], [2; 600; 30.27009377539892], [1; 1200; 67.09265144005174], [2; 620; 45.42339295967795], [1; 1280; 113.6031418402921], [2; 640; 74.43111408325954], [2; 660; 121.84427969477285]];
Intervals[0.0=0.27204737231799553, 0.27204737231799553=0.4099154825284836, 0.4099154825284836=0.549691839695258, 0.549691839695258=0.6914438752459382, 0.6914438752459382=0.8352429157452226, 0.8352429157452226=1.1270860825039781, 1.1270860825039781=1.4233345329099318, 1.4233345329099318=2.02498219062929, 2.02498219062929=2.3305622503306087, 2.3305622503306087=2.64109110907823, 2.64109110907823=3.5881401432519096, 3.5881401432519096=4.069724893329687, 4.069724893329687=4.559721869158587, 4.559721869158587=5.889819072424708, 5.889819072424708=6.567127064421524, 6.567127064421524=7.429812602081194, 7.429812602081194=9.188850776846527, 9.224209801505424=10.140004014402157, 10.140004014402157=12.010772649972662, 12.010772649972662=12.966829484649763, 12.966829484649763=14.140322370605322, 14.140322370605322=16.542861305717537, 16.601822970499725=18.07428357473973, 18.07428357473973=19.585752572249426, 19.585752572249426=22.692088481944914, 22.692088481944914=26.45420929649179, 26.45420929649179=30.96424919583009, 32.27065380624433=34.689762498999315, 34.689762498999315=37.48206154807403, 37.48206154807403=43.29699233582868, 69.04909055031663=86.21115829877922, 86.21115829877922=122.27367762912922, 122.27367762912922=141.2932524937099, 141.2932524937099=181.60421562955133, 181.60421562955133=203.08194187143584, 203.08194187143584=226.1225159736639, 226.1225159736639=277.81402857144633, 277.81402857144633=308.0841223468452, 308.0841223468452=375.17677378689694, 386.3735091718694=431.7969021315473, 431.7969021315473=545.4000439718394, 545.4000439718394=619.831158055099, 619.831158055099=741.6754377498718];

Jobs: [[2; 10; 0.13786811021048806], [2; 10; 0.13977635716677445], [2; 10; 0.14175203555068022], [2; 10; 0.1437990404992844], [2; 20; 0.2962484504059536], [2; 20; 0.3055800597013186], [2; 20; 0.31052885874762104], [2; 30; 0.48158475007777685], [2; 30; 0.48999697582890045], [2; 40; 0.6773079919968162], [2; 50; 0.8626855376596694], [1; 100; 1.7943971994242307], [2; 50; 0.9157942128967329], [2; 50; 0.956056834677101], [2; 60; 1.1734928859555585], [1; 120; 2.4615005998944017], [2; 70; 1.4724606042400052], [2; 70; 1.5114689975096967], [1; 160; 3.6522679705693086], [1; 180; 4.365702974073405], [1; 180; 4.666930289352197], [2; 90; 2.4191086927549836], [2; 100; 2.7922990490747104], [1; 1040; 31.5670290022426], [2; 540; 17.162067748462594], [2; 540; 19.019574864580672], [2; 540; 21.477726241884504], [2; 540; 23.04057410222806], [2; 600; 30.27009377539892], [1; 1240; 78.28938682502417], [2; 620; 45.42339295967795], [2; 640; 74.43111408325954], [2; 660; 121.84427969477285]];
Intervals[0.27204737231799553=0.4099154825284836, 0.4099154825284836=0.549691839695258, 0.549691839695258=0.6914438752459382, 0.6914438752459382=0.8352429157452226, 1.1270860825039781=1.4233345329099318, 2.02498219062929=2.3305622503306087, 2.3305622503306087=2.64109110907823, 3.5881401432519096=4.069724893329687, 4.069724893329687=4.559721869158587, 5.889819072424708=6.567127064421524, 6.567127064421524=7.429812602081194, 7.429812602081194=9.224209801505424, 9.224209801505424=10.140004014402157, 12.010772649972662=12.966829484649763, 12.966829484649763=14.140322370605322, 14.140322370605322=16.601822970499725, 16.601822970499725=18.07428357473973, 18.07428357473973=19.585752572249426, 19.585752572249426=23.238020542818735, 23.238020542818735=27.60372351689214, 27.60372351689214=32.27065380624433, 32.27065380624433=34.689762498999315, 34.689762498999315=37.48206154807403, 37.48206154807403=69.04909055031663, 69.04909055031663=86.21115829877922, 122.27367762912922=141.2932524937099, 181.60421562955133=203.08194187143584, 203.08194187143584=226.1225159736639, 277.81402857144633=308.0841223468452, 308.0841223468452=386.3735091718694, 386.3735091718694=431.7969021315473, 545.4000439718394=619.831158055099, 619.831158055099=741.6754377498718];
