1.1494635948871872
107311.67449061181
123350.86313334231
[2; 10; 1.2259459087798377]
[1; 20; 2.4851384407593526]
[1; 60; 7.5586065067721915]
[1; 80; 10.220592189594926]
[2; 50; 6.480115719717342]
[1; 100; 13.15153067808483]
[2; 60; 8.010029415017174]
[1; 180; 24.40121844960406]
[1; 200; 27.541131590687243]
[2; 520; 72.76660015567396]
[2; 520; 73.97437893047494]
[1; 1040; 150.46710995476613]
[1; 1040; 153.0954392298402]
[2; 520; 77.92081849380409]
[1; 1040; 158.7143946448176]
[1; 1080; 167.9434372273763]
[1; 1080; 171.220511059966]
[2; 560; 90.56562292847305]
[1; 1120; 184.88542757845616]
[2; 560; 94.4201912987027]
[1; 1120; 193.01386073348468]
[1; 1120; 197.4258435326699]
[1; 1120; 202.09891408859147]
[1; 1120; 207.05870402214316]
[1; 1160; 219.9178100430323]
[1; 1160; 225.74386772937405]
[1; 1160; 231.97177179176782]
[1; 1160; 238.64778624023535]
[1; 1160; 245.82582964742667]
[1; 1200; 262.3129275567092]
[1; 1200; 270.98540061445414]
[2; 620; 144.8796096122007]
[1; 1240; 300.39405029507924]
[1; 1240; 312.0616370603261]
[1; 1240; 324.93239247073507]
[2; 620; 169.6089745135016]
[1; 1240; 355.1847462000602]
[1; 1240; 373.17347080256604]
[2; 640; 203.16261217609895]
[1; 1280; 430.5921992643095]
[1; 1280; 458.8400106703024]
[2; 640; 246.11397751917272]
[1; 1320; 549.0753133444332]
[1; 1320; 600.1961649069067]
[2; 660; 332.57868629797645]
[2; 660; 375.5622314931804]
[1; 1360; 898.0149339525012]
[2; 680; 543.933809718628]
[1; 1400; 1467.4366111581583]
[1; 1400; 2329.4104202491103]


Jobs: [[2; 10; 1.2259459087798377], [1; 20; 2.4851384407593526], [1; 80; 10.220592189594926], [2; 50; 6.480115719717342], [1; 100; 13.15153067808483], [2; 60; 8.010029415017174], [1; 180; 24.40121844960406], [2; 520; 72.76660015567396], [2; 520; 73.97437893047494], [1; 1040; 150.46710995476613], [2; 520; 77.92081849380409], [1; 1040; 158.7143946448176], [1; 1080; 171.220511059966], [2; 560; 90.56562292847305], [1; 1120; 184.88542757845616], [2; 560; 94.4201912987027], [1; 1120; 193.01386073348468], [1; 1120; 202.09891408859147], [1; 1160; 219.9178100430323], [1; 1160; 231.97177179176782], [1; 1160; 245.82582964742667], [1; 1200; 270.98540061445414], [2; 620; 144.8796096122007], [1; 1240; 300.39405029507924], [1; 1240; 324.93239247073507], [2; 620; 169.6089745135016], [1; 1240; 355.1847462000602], [2; 640; 203.16261217609895], [1; 1280; 430.5921992643095], [2; 640; 246.11397751917272], [1; 1320; 549.0753133444332], [2; 660; 332.57868629797645], [2; 660; 375.5622314931804], [1; 1360; 898.0149339525012], [2; 680; 543.933809718628], [1; 1400; 1467.4366111581583]];
Intervals[4.9E-324=1.2259459087798377, 1.2259459087798377=3.71108434953919, 3.71108434953919=13.931676539134116, 13.931676539134116=20.41179225885146, 20.41179225885146=33.56332293693629, 33.56332293693629=41.57335235195346, 41.57335235195346=65.97457080155752, 69.1144839426407=141.88108409831466, 141.88108409831466=215.8554630287896, 215.8554630287896=366.3225729835557, 368.95090225862975=446.8717207524338, 446.8717207524338=605.5861153972514, 605.5861153972514=776.8066264572174, 776.8066264572174=867.3722493856905, 867.3722493856905=1052.2576769641466, 1052.2576769641466=1146.6778682628494, 1146.6778682628494=1339.6917289963342, 1339.6917289963342=1541.7906430849257, 1541.7906430849257=1761.708453127958, 1761.708453127958=1993.6802249197258, 1993.6802249197258=2239.5060545671527, 2239.5060545671527=2510.491455181607, 2510.491455181607=2655.3710647938074, 2655.3710647938074=2955.7651150888864, 2955.7651150888864=3280.6975075596215, 3280.6975075596215=3450.3064820731233, 3450.3064820731233=3805.4912282731834, 3823.4799528756894=4026.6425650517886, 4026.6425650517886=4457.234764316098, 4485.482575722091=4731.596553241263, 4731.596553241263=5280.671866585696, 5331.79271814817=5664.371404446147, 5664.371404446147=6039.933635939327, 6039.933635939327=6937.948569891829, 6937.948569891829=7481.882379610457, 7481.882379610457=8949.318990768616];

Jobs: [[2; 10; 1.2259459087798377], [1; 60; 7.5586065067721915], [2; 50; 6.480115719717342], [2; 60; 8.010029415017174], [1; 200; 27.541131590687243], [2; 520; 72.76660015567396], [2; 520; 73.97437893047494], [1; 1040; 153.0954392298402], [2; 520; 77.92081849380409], [1; 1080; 167.9434372273763], [2; 560; 90.56562292847305], [2; 560; 94.4201912987027], [1; 1120; 197.4258435326699], [1; 1120; 207.05870402214316], [1; 1160; 225.74386772937405], [1; 1160; 238.64778624023535], [1; 1200; 262.3129275567092], [2; 620; 144.8796096122007], [1; 1240; 312.0616370603261], [2; 620; 169.6089745135016], [1; 1240; 373.17347080256604], [2; 640; 203.16261217609895], [1; 1280; 458.8400106703024], [2; 640; 246.11397751917272], [1; 1320; 600.1961649069067], [2; 660; 332.57868629797645], [2; 660; 375.5622314931804], [2; 680; 543.933809718628], [1; 1400; 2329.4104202491103]];
Intervals[4.9E-324=1.2259459087798377, 1.2259459087798377=8.78455241555203, 13.931676539134116=20.41179225885146, 33.56332293693629=41.57335235195346, 41.57335235195346=69.1144839426407, 69.1144839426407=141.88108409831466, 141.88108409831466=215.8554630287896, 215.8554630287896=368.95090225862975, 368.95090225862975=446.8717207524338, 446.8717207524338=614.8151579798101, 776.8066264572174=867.3722493856905, 1052.2576769641466=1146.6778682628494, 1146.6778682628494=1344.1037117955193, 1344.1037117955193=1551.1624158176623, 1551.1624158176623=1776.9062835470363, 1776.9062835470363=2015.5540697872716, 2015.5540697872716=2277.866997343981, 2510.491455181607=2655.3710647938074, 2655.3710647938074=2967.4327018541335, 3280.6975075596215=3450.3064820731233, 3450.3064820731233=3823.4799528756894, 3823.4799528756894=4026.6425650517886, 4026.6425650517886=4485.482575722091, 4485.482575722091=4731.596553241263, 4731.596553241263=5331.79271814817, 5331.79271814817=5664.371404446147, 5664.371404446147=6039.933635939327, 6937.948569891829=7481.882379610457, 7481.882379610457=9811.292799859568];
