1.1865284368093487
67401.35458913658
79973.62389948085
[2; 10; 0.5664119581354989]
[1; 20; 1.1404395749703646]
[1; 20; 1.148184532765623]
[1; 20; 1.1560623382117512]
[2; 10; 0.5820383375828884]
[1; 20; 1.1722313694216684]
[1; 20; 1.1805303957444997]
[1; 20; 1.1889778853324617]
[2; 10; 0.5987890668688355]
[2; 10; 0.6031678046396599]
[1; 40; 2.4305099239711665]
[2; 20; 1.224341033103803]
[1; 40; 2.4671977304438575]
[2; 20; 1.2430337130479658]
[1; 60; 3.757953164695017]
[2; 30; 1.8936849074259996]
[2; 30; 1.908684489482245]
[1; 60; 3.8479693351054025]
[2; 30; 1.9395951974337864]
[1; 60; 3.911052551287996]
[2; 30; 1.97178856507986]
[1; 80; 5.302381926688944]
[1; 80; 5.347605141473217]
[2; 40; 2.696902555789327]
[2; 40; 2.720508017359116]
[1; 80; 5.489273776823417]
[1; 100; 6.923269971267054]
[2; 50; 3.493176350434871]
[1; 100; 7.050892326931006]
[2; 50; 3.5584717207483316]
[1; 100; 7.184563489476742]
[1; 100; 7.253812961134013]
[1; 120; 8.789706720689567]
[1; 120; 8.876950358195133]
[2; 60; 4.483195802578252]
[1; 120; 9.058120391440308]
[1; 120; 9.152231785920042]
[2; 60; 4.62441318807665]
[2; 60; 4.674005341334613]
[1; 140; 11.02488054691178]
[1; 140; 11.147041441876821]
[1; 140; 11.272643560623564]
[2; 70; 5.700922335818478]
[1; 140; 11.534812663052431]
[1; 140; 11.671726383498056]
[1; 140; 11.812776569312136]
[2; 70; 5.979083434383946]
[2; 80; 6.918922843125682]
[1; 160; 14.014690154143185]
[2; 80; 7.098647594275586]
[2; 80; 7.192983505533269]
[2; 80; 7.2905173406630635]
[2; 80; 7.391426154919191]
[2; 80; 7.495900768341015]
[2; 80; 7.6041471572371675]
[1; 160; 15.432776040523914]
[1; 180; 17.623945227240604]
[2; 90; 8.94806821032614]
[2; 90; 9.089543299438505]
[1; 180; 18.473492740793162]
[2; 90; 9.39005772739991]
[1; 180; 19.09978656094156]
[2; 90; 9.716708899448507]
[2; 90; 9.891005431904249]
[2; 90; 10.073334507376307]
[2; 90; 10.264305277014927]
[2; 100; 11.627324745762143]
[1; 200; 23.722099110640446]
[1; 200; 24.21377060804378]
[2; 100; 12.365868326232581]
[2; 100; 12.639160936548842]
[2; 520; 67.22597226849962]
[2; 520; 68.8172113179564]
[2; 520; 70.506081906347]
[1; 1040; 144.60507030901917]
[2; 540; 77.07250968844558]
[1; 1080; 158.3976283271638]
[2; 540; 81.47811057785509]
[2; 540; 83.92880758065499]
[1; 1120; 179.55778518768759]
[1; 1120; 185.49424462509714]
[1; 1120; 191.94701777879692]
[2; 580; 103.04938489361439]
[2; 600; 110.74336519799225]
[2; 600; 115.3108948059761]
[1; 1240; 248.78637534674527]
[1; 1240; 260.4966094483768]
[2; 620; 136.8448742804355]
[2; 640; 149.00181442121942]
[2; 640; 157.90065474840688]
[1; 1280; 336.5185817736294]
[2; 640; 180.5028435694338]
[2; 660; 201.34909929024096]
[2; 660; 220.09541180310617]
[1; 1360; 502.616978534505]
[2; 680; 283.788411316975]
[1; 1360; 658.6145605387908]
[1; 1360; 797.8547204627511]
[2; 680; 522.7427231204249]
[2; 700; 854.2083000192039]


Jobs: [[2; 10; 0.5664119581354989], [1; 20; 1.1404395749703646], [1; 20; 1.1560623382117512], [2; 10; 0.5820383375828884], [1; 20; 1.1722313694216684], [1; 20; 1.1889778853324617], [2; 10; 0.5987890668688355], [2; 10; 0.6031678046396599], [1; 40; 2.4305099239711665], [2; 20; 1.224341033103803], [1; 40; 2.4671977304438575], [2; 20; 1.2430337130479658], [1; 60; 3.757953164695017], [2; 30; 1.8936849074259996], [2; 30; 1.908684489482245], [1; 60; 3.8479693351054025], [2; 30; 1.9395951974337864], [1; 60; 3.911052551287996], [2; 30; 1.97178856507986], [1; 80; 5.302381926688944], [2; 40; 2.696902555789327], [2; 40; 2.720508017359116], [1; 80; 5.489273776823417], [2; 50; 3.493176350434871], [1; 100; 7.050892326931006], [2; 50; 3.5584717207483316], [1; 100; 7.184563489476742], [1; 120; 8.789706720689567], [2; 60; 4.483195802578252], [1; 120; 9.058120391440308], [2; 60; 4.62441318807665], [2; 60; 4.674005341334613], [1; 140; 11.02488054691178], [1; 140; 11.272643560623564], [2; 70; 5.700922335818478], [1; 140; 11.534812663052431], [1; 140; 11.812776569312136], [2; 70; 5.979083434383946], [2; 80; 6.918922843125682], [1; 160; 14.014690154143185], [2; 80; 7.098647594275586], [2; 80; 7.192983505533269], [2; 80; 7.2905173406630635], [2; 80; 7.391426154919191], [2; 80; 7.495900768341015], [2; 80; 7.6041471572371675], [1; 160; 15.432776040523914], [2; 90; 8.94806821032614], [2; 90; 9.089543299438505], [1; 180; 18.473492740793162], [2; 90; 9.39005772739991], [1; 180; 19.09978656094156], [2; 90; 9.716708899448507], [2; 90; 9.891005431904249], [2; 90; 10.073334507376307], [2; 90; 10.264305277014927], [2; 100; 11.627324745762143], [1; 200; 23.722099110640446], [2; 100; 12.365868326232581], [2; 100; 12.639160936548842], [2; 520; 67.22597226849962], [2; 520; 68.8172113179564], [2; 520; 70.506081906347], [1; 1040; 144.60507030901917], [2; 540; 77.07250968844558], [1; 1080; 158.3976283271638], [2; 540; 81.47811057785509], [2; 540; 83.92880758065499], [1; 1120; 179.55778518768759], [1; 1120; 191.94701777879692], [2; 580; 103.04938489361439], [2; 600; 110.74336519799225], [2; 600; 115.3108948059761], [1; 1240; 248.78637534674527], [2; 620; 136.8448742804355], [2; 640; 149.00181442121942], [2; 640; 157.90065474840688], [1; 1280; 336.5185817736294], [2; 640; 180.5028435694338], [2; 660; 201.34909929024096], [2; 660; 220.09541180310617], [1; 1360; 502.616978534505], [2; 680; 283.788411316975], [1; 1360; 658.6145605387908], [2; 680; 522.7427231204249], [2; 700; 854.2083000192039]];
Intervals[4.9E-324=0.5664119581354989, 0.5664119581354989=1.7068515331058636, 1.7068515331058636=2.8629138713176148, 2.8629138713176148=3.444952208900503, 3.444952208900503=4.617183578322171, 4.617183578322171=5.806161463654633, 5.806161463654633=6.404950530523469, 6.404950530523469=7.008118335163129, 7.008118335163129=9.438628259134296, 9.438628259134296=10.662969292238099, 10.662969292238099=13.130167022681956, 13.130167022681956=14.373200735729922, 14.373200735729922=18.131153900424938, 18.131153900424938=20.024838807850937, 20.024838807850937=21.93352329733318, 21.93352329733318=25.781492632438585, 25.781492632438585=27.72108782987237, 27.72108782987237=31.632140381160365, 31.632140381160365=33.603928946240224, 33.603928946240224=38.90631087292917, 38.95153408771344=41.64843664350277, 41.64843664350277=44.368944660861885, 44.368944660861885=49.8582184376853, 51.29221463212894=54.78539098256381, 54.78539098256381=61.83628330949482, 61.83628330949482=65.39475503024315, 65.39475503024315=72.57931851971989, 72.57931851971989=81.36902524040946, 81.5255183495723=86.00871415215055, 86.00871415215055=95.06683454359086, 95.16094593807058=99.78535912614723, 99.78535912614723=104.45936446748183, 104.45936446748183=115.48424501439361, 115.48424501439361=126.75688857501717, 126.75688857501717=132.45781091083566, 132.45781091083566=143.9926235738881, 143.9926235738881=155.80540014320025, 155.80540014320025=161.78448357758418, 161.78448357758418=168.70340642070985, 168.70340642070985=182.71809657485304, 182.71809657485304=189.8167441691286, 189.8167441691286=197.0097276746619, 197.0097276746619=204.30024501532495, 204.30024501532495=211.69167117024415, 211.69167117024415=219.18757193858517, 219.18757193858517=226.79171909582234, 226.79171909582234=242.22449513634626, 244.41566432306294=253.36373253338908, 253.36373253338908=262.4532758328276, 262.4532758328276=280.9267685736208, 280.9267685736208=290.3168263010207, 290.3168263010207=309.4166128619622, 309.4166128619622=319.13332176141074, 319.13332176141074=329.024327193315, 329.024327193315=339.09766170069133, 339.09766170069133=349.3619669777063, 349.3619669777063=360.98929172346845, 360.98929172346845=384.7113908341089, 385.2030623315122=397.56893065774483, 397.56893065774483=410.20809159429365, 410.20809159429365=477.43406386279327, 477.43406386279327=546.2512751807496, 546.2512751807496=616.7573570870967, 616.7573570870967=761.3624273961159, 761.3624273961159=838.4349370845615, 838.4349370845615=996.8325654117253, 996.8325654117253=1078.3106759895804, 1078.3106759895804=1162.2394835702355, 1162.2394835702355=1341.7972687579231, 1341.7972687579231=1533.74428653672, 1533.74428653672=1636.7936714303344, 1636.7936714303344=1747.5370366283266, 1747.5370366283266=1862.8479314343028, 1862.8479314343028=2111.634306781048, 2123.3445408826797=2260.189415163115, 2260.189415163115=2409.1912295843345, 2409.1912295843345=2567.0918843327413, 2567.0918843327413=2903.610466106371, 2903.610466106371=3084.113309675805, 3084.113309675805=3285.462408966046, 3285.462408966046=3505.5578207691524, 3505.5578207691524=4008.1747993036574, 4008.1747993036574=4291.963210620633, 4291.963210620633=4950.577771159424, 5089.817931083384=5612.560654203809, 5612.560654203809=6466.768954223013];

Jobs: [[2; 10; 0.5664119581354989], [1; 20; 1.148184532765623], [2; 10; 0.5820383375828884], [1; 20; 1.1805303957444997], [2; 10; 0.5987890668688355], [2; 10; 0.6031678046396599], [2; 20; 1.224341033103803], [2; 20; 1.2430337130479658], [2; 30; 1.8936849074259996], [2; 30; 1.908684489482245], [2; 30; 1.9395951974337864], [2; 30; 1.97178856507986], [1; 80; 5.347605141473217], [2; 40; 2.696902555789327], [2; 40; 2.720508017359116], [1; 100; 6.923269971267054], [2; 50; 3.493176350434871], [2; 50; 3.5584717207483316], [1; 100; 7.253812961134013], [1; 120; 8.876950358195133], [2; 60; 4.483195802578252], [1; 120; 9.152231785920042], [2; 60; 4.62441318807665], [2; 60; 4.674005341334613], [1; 140; 11.147041441876821], [2; 70; 5.700922335818478], [1; 140; 11.671726383498056], [2; 70; 5.979083434383946], [2; 80; 6.918922843125682], [2; 80; 7.098647594275586], [2; 80; 7.192983505533269], [2; 80; 7.2905173406630635], [2; 80; 7.391426154919191], [2; 80; 7.495900768341015], [2; 80; 7.6041471572371675], [1; 180; 17.623945227240604], [2; 90; 8.94806821032614], [2; 90; 9.089543299438505], [2; 90; 9.39005772739991], [2; 90; 9.716708899448507], [2; 90; 9.891005431904249], [2; 90; 10.073334507376307], [2; 90; 10.264305277014927], [2; 100; 11.627324745762143], [1; 200; 24.21377060804378], [2; 100; 12.365868326232581], [2; 100; 12.639160936548842], [2; 520; 67.22597226849962], [2; 520; 68.8172113179564], [2; 520; 70.506081906347], [2; 540; 77.07250968844558], [2; 540; 81.47811057785509], [2; 540; 83.92880758065499], [1; 1120; 185.49424462509714], [2; 580; 103.04938489361439], [2; 600; 110.74336519799225], [2; 600; 115.3108948059761], [1; 1240; 260.4966094483768], [2; 620; 136.8448742804355], [2; 640; 149.00181442121942], [2; 640; 157.90065474840688], [2; 640; 180.5028435694338], [2; 660; 201.34909929024096], [2; 660; 220.09541180310617], [2; 680; 283.788411316975], [1; 1360; 797.8547204627511], [2; 680; 522.7427231204249], [2; 700; 854.2083000192039]];
Intervals[4.9E-324=0.5664119581354989, 0.5664119581354989=1.714596490901122, 2.8629138713176148=3.444952208900503, 3.444952208900503=4.625482604645002, 5.806161463654633=6.404950530523469, 6.404950530523469=7.008118335163129, 9.438628259134296=10.662969292238099, 13.130167022681956=14.373200735729922, 18.131153900424938=20.024838807850937, 20.024838807850937=21.93352329733318, 25.781492632438585=27.72108782987237, 31.632140381160365=33.603928946240224, 33.603928946240224=38.95153408771344, 38.95153408771344=41.64843664350277, 41.64843664350277=44.368944660861885, 44.368944660861885=51.29221463212894, 51.29221463212894=54.78539098256381, 61.83628330949482=65.39475503024315, 65.39475503024315=72.64856799137716, 72.64856799137716=81.5255183495723, 81.5255183495723=86.00871415215055, 86.00871415215055=95.16094593807058, 95.16094593807058=99.78535912614723, 99.78535912614723=104.45936446748183, 104.45936446748183=115.60640590935866, 126.75688857501717=132.45781091083566, 132.45781091083566=144.12953729433372, 155.80540014320025=161.78448357758418, 161.78448357758418=168.70340642070985, 182.71809657485304=189.8167441691286, 189.8167441691286=197.0097276746619, 197.0097276746619=204.30024501532495, 204.30024501532495=211.69167117024415, 211.69167117024415=219.18757193858517, 219.18757193858517=226.79171909582234, 226.79171909582234=244.41566432306294, 244.41566432306294=253.36373253338908, 253.36373253338908=262.4532758328276, 280.9267685736208=290.3168263010207, 309.4166128619622=319.13332176141074, 319.13332176141074=329.024327193315, 329.024327193315=339.09766170069133, 339.09766170069133=349.3619669777063, 349.3619669777063=360.98929172346845, 360.98929172346845=385.2030623315122, 385.2030623315122=397.56893065774483, 397.56893065774483=410.20809159429365, 410.20809159429365=477.43406386279327, 477.43406386279327=546.2512751807496, 546.2512751807496=616.7573570870967, 761.3624273961159=838.4349370845615, 996.8325654117253=1078.3106759895804, 1078.3106759895804=1162.2394835702355, 1162.2394835702355=1347.7337281953326, 1533.74428653672=1636.7936714303344, 1636.7936714303344=1747.5370366283266, 1747.5370366283266=1862.8479314343028, 1862.8479314343028=2123.3445408826797, 2123.3445408826797=2260.189415163115, 2260.189415163115=2409.1912295843345, 2409.1912295843345=2567.0918843327413, 2903.610466106371=3084.113309675805, 3084.113309675805=3285.462408966046, 3285.462408966046=3505.5578207691524, 4008.1747993036574=4291.963210620633, 4291.963210620633=5089.817931083384, 5089.817931083384=5612.560654203809, 5612.560654203809=6466.768954223013];
