1.057547875321643
178.03096353942937
188.27626723258842
[1; 10; 0.01718054840494121]
[2; 10; 0.017413509425118434]
[1; 20; 0.03530906326657092]
[1; 20; 0.03580814161190576]
[1; 20; 0.03632523784121306]
[1; 40; 0.07372283158521742]
[1; 40; 0.07483565525696695]
[1; 50; 0.09498930846209819]
[1; 50; 0.09649115451015233]
[1; 50; 0.09805380664747831]
[1; 60; 0.11961756244757843]
[2; 30; 0.0608268334981117]
[1; 60; 0.12377868883310461]
[1; 60; 0.12599900812832945]
[2; 30; 0.06416082597529889]
[1; 60; 0.13075438012182647]
[1; 70; 0.15552341619869636]
[2; 40; 0.09065694016368094]
[2; 40; 0.09253592369344321]
[1; 80; 0.1890307901833833]
[1; 80; 0.1932084764336704]
[1; 100; 0.2470311347888728]
[1; 100; 0.25287836279976267]
[1; 110; 0.28499278654692967]
[1; 110; 0.29225423411644846]
[1; 120; 0.3272690473367309]
[1; 130; 0.3643226871268815]
[1; 130; 0.3748076849538883]
[1; 130; 0.38608114310882624]
[1; 140; 0.4288764484901173]
[1; 140; 0.44305577041403477]
[2; 70; 0.22923415767573377]
[1; 150; 0.5092448132416901]
[1; 150; 0.5290243595989258]
[2; 80; 0.29378324523164157]
[1; 160; 0.6133986774799629]
[1; 170; 0.6824129445181768]
[1; 180; 0.7591494742013631]
[1; 190; 0.845246009170828]
[1; 190; 0.8957266647388215]
[2; 100; 0.5023622828827286]
[1; 200; 1.0778343363322775]
[1; 200; 1.1658795813283485]
[2; 120; 0.7646562536504966]
[2; 130; 0.918035644930844]
[2; 140; 1.116430582844065]
[2; 160; 1.4805747790950912]
[2; 180; 2.0177871902411897]
[2; 190; 2.790940829700595]
[2; 200; 4.663518325313393]


Jobs: [[1; 10; 0.01718054840494121], [2; 10; 0.017413509425118434], [1; 20; 0.03530906326657092], [1; 20; 0.03632523784121306], [1; 40; 0.07483565525696695], [1; 50; 0.09649115451015233], [1; 60; 0.11961756244757843], [2; 30; 0.0608268334981117], [1; 60; 0.12377868883310461], [2; 30; 0.06416082597529889], [1; 60; 0.13075438012182647], [2; 40; 0.09065694016368094], [2; 40; 0.09253592369344321], [1; 80; 0.1890307901833833], [1; 100; 0.2470311347888728], [1; 110; 0.28499278654692967], [1; 120; 0.3272690473367309], [1; 130; 0.3748076849538883], [1; 140; 0.4288764484901173], [2; 70; 0.22923415767573377], [1; 150; 0.5092448132416901], [2; 80; 0.29378324523164157], [1; 160; 0.6133986774799629], [1; 180; 0.7591494742013631], [1; 190; 0.8957266647388215], [2; 100; 0.5023622828827286], [1; 200; 1.0778343363322775], [2; 120; 0.7646562536504966], [2; 130; 0.918035644930844], [2; 140; 1.116430582844065], [2; 160; 1.4805747790950912], [2; 180; 2.0177871902411897], [2; 190; 2.790940829700595], [2; 200; 4.663518325313393]];
Intervals[0.0=0.01718054840494121, 0.01718054840494121=0.034594057830059644, 0.034594057830059644=0.06990312109663056, 0.06990312109663056=0.10622835893784363, 0.10622835893784363=0.18106401419481058, 0.18106401419481058=0.2775551687049629, 0.2775551687049629=0.3971727311525413, 0.3971727311525413=0.457999564650653, 0.457999564650653=0.5817782534837577, 0.5839985727789825=0.6481593987542814, 0.6481593987542814=0.7789137788761079, 0.8036828149529778=0.8943397551166588, 0.8943397551166588=0.986875678810102, 0.986875678810102=1.1759064689934853, 1.1759064689934853=1.422937603782358, 1.422937603782358=1.7079303903292877, 1.7079303903292877=2.0351994376660185, 2.0351994376660185=2.410007122619907, 2.410007122619907=2.838883571110024, 2.918676352809726=3.1479105104854597, 3.1479105104854597=3.65715532372715, 3.6769348700843856=3.970718115316027, 3.970718115316027=4.5841167927959905, 4.5841167927959905=5.343266266997354, 5.343266266997354=6.238992931736175, 6.238992931736175=6.7413552146189035, 6.7413552146189035=7.819189550951181, 7.907234795947252=8.671891049597749, 8.671891049597749=9.589926694528593, 9.589926694528593=10.706357277372659, 10.706357277372659=12.18693205646775, 12.18693205646775=14.20471924670894, 14.20471924670894=16.995660076409536, 16.995660076409536=21.65917840172293];

Jobs: [[2; 10; 0.017413509425118434], [1; 20; 0.03580814161190576], [1; 40; 0.07372283158521742], [1; 50; 0.09498930846209819], [1; 50; 0.09805380664747831], [2; 30; 0.0608268334981117], [1; 60; 0.12599900812832945], [2; 30; 0.06416082597529889], [1; 70; 0.15552341619869636], [2; 40; 0.09065694016368094], [2; 40; 0.09253592369344321], [1; 80; 0.1932084764336704], [1; 100; 0.25287836279976267], [1; 110; 0.29225423411644846], [1; 130; 0.3643226871268815], [1; 130; 0.38608114310882624], [1; 140; 0.44305577041403477], [2; 70; 0.22923415767573377], [1; 150; 0.5290243595989258], [2; 80; 0.29378324523164157], [1; 170; 0.6824129445181768], [1; 190; 0.845246009170828], [2; 100; 0.5023622828827286], [1; 200; 1.1658795813283485], [2; 120; 0.7646562536504966], [2; 130; 0.918035644930844], [2; 140; 1.116430582844065], [2; 160; 1.4805747790950912], [2; 180; 2.0177871902411897], [2; 190; 2.790940829700595], [2; 200; 4.663518325313393]];
Intervals[0.01718054840494121=0.034594057830059644, 0.034594057830059644=0.07040219944196541, 0.07040219944196541=0.14412503102718283, 0.14412503102718283=0.239114339489281, 0.239114339489281=0.33716814613675933, 0.3971727311525413=0.457999564650653, 0.457999564650653=0.5839985727789825, 0.5839985727789825=0.6481593987542814, 0.6481593987542814=0.8036828149529778, 0.8036828149529778=0.8943397551166588, 0.8943397551166588=0.986875678810102, 0.986875678810102=1.1800841552437724, 1.1800841552437724=1.432962518043535, 1.432962518043535=1.7252167521599835, 1.7252167521599835=2.089539439286865, 2.089539439286865=2.475620582395691, 2.475620582395691=2.918676352809726, 2.918676352809726=3.1479105104854597, 3.1479105104854597=3.6769348700843856, 3.6769348700843856=3.970718115316027, 3.970718115316027=4.6531310598342035, 4.6531310598342035=5.4983770690050315, 6.238992931736175=6.7413552146189035, 6.7413552146189035=7.907234795947252, 7.907234795947252=8.671891049597749, 8.671891049597749=9.589926694528593, 9.589926694528593=10.706357277372659, 10.706357277372659=12.18693205646775, 12.18693205646775=14.20471924670894, 14.20471924670894=16.995660076409536, 16.995660076409536=21.65917840172293];
