1.1349481411627163
1212.4746292921407
1376.0958267220685
[2; 10; 0.038886760950807266]
[2; 10; 0.03914818578044899]
[2; 10; 0.03941404909603798]
[1; 20; 0.07936894541961148]
[2; 10; 0.039959583078534804]
[1; 20; 0.08047902306263287]
[2; 10; 0.040524394511014396]
[2; 10; 0.040814373830415474]
[2; 10; 0.041109596944129224]
[1; 20; 0.08282043447477723]
[1; 20; 0.08343278866600254]
[2; 10; 0.04202829441780819]
[1; 20; 0.08469218118025072]
[2; 10; 0.04266996322977273]
[2; 10; 0.043000100392438505]
[2; 10; 0.043336698230283605]
[1; 40; 0.17471984576345853]
[2; 20; 0.08806020749329142]
[2; 20; 0.08877469681516172]
[2; 20; 0.08950385753896706]
[2; 20; 0.09024817770231822]
[1; 40; 0.18201633589426072]
[2; 20; 0.09178436286916729]
[2; 30; 0.13886598370003758]
[2; 30; 0.14008145054534327]
[2; 30; 0.14132386822450518]
[2; 30; 0.142594205773897]
[1; 60; 0.28778696158645406]
[2; 30; 0.14522276258598457]
[2; 30; 0.1465831755499538]
[2; 30; 0.14797590284155573]
[1; 60; 0.2988043806808256]
[1; 60; 0.3017267018869966]
[1; 60; 0.3047215384431717]
[2; 30; 0.15389590647450418]
[1; 60; 0.31094061245199545]
[1; 80; 0.41889493387698207]
[2; 40; 0.21165801980882387]
[2; 40; 0.21392783795217232]
[2; 40; 0.21625950520950962]
[2; 40; 0.2186557628912757]
[2; 40; 0.22111952219804173]
[2; 40; 0.22365387785127383]
[2; 40; 0.22626212307532464]
[2; 40; 0.22894776609104486]
[1; 80; 0.4634290966074034]
[2; 40; 0.23456646439374695]
[2; 40; 0.23750778454905444]
[1; 80; 0.48108615822463363]
[1; 80; 0.4873544919166093]
[2; 50; 0.30864442620473675]
[2; 50; 0.31282951498688477]
[2; 50; 0.317159421075384]
[2; 50; 0.32164233238579293]
[1; 100; 0.652574174350994]
[1; 100; 0.6622064824852644]
[2; 50; 0.33610114374752836]
[1; 100; 0.6825840459769507]
[2; 50; 0.34668808370579457]
[2; 50; 0.35230261778136424]
[2; 60; 0.4297801566686189]
[2; 60; 0.4370957825182413]
[1; 120; 0.8894617678276368]
[1; 120; 0.905416769000216]
[2; 60; 0.46105353219744]
[2; 60; 0.46979420767325936]
[1; 120; 0.9579225679646273]
[2; 60; 0.4885890476624551]
[1; 120; 0.9974313880507062]
[2; 60; 0.5093839125158413]
[2; 60; 0.5206415820487804]
[2; 60; 0.532542601466819]
[2; 60; 0.5451478871080407]
[2; 70; 0.6516143415864165]
[2; 70; 0.6682170894464826]
[2; 70; 0.6859194815781287]
[2; 70; 0.7048428781193654]
[2; 70; 0.7251278515964328]
[2; 70; 0.7469382328135581]
[2; 80; 0.880532846047068]
[1; 160; 1.8192892608288618]
[1; 160; 1.8825767279134469]
[2; 80; 0.975835816031827]
[1; 160; 2.0274763894548378]
[2; 80; 1.0555490897718613]
[1; 160; 2.2039119867803247]
[1; 160; 2.3076488785961207]
[2; 80; 1.2122611551205427]
[2; 80; 1.2787066585131135]
[2; 80; 1.3550748988840116]
[1; 180; 3.2489343972834557]
[2; 90; 1.742673151031815]
[1; 180; 3.7700544048928384]
[1; 200; 4.578955321820897]
[1; 200; 5.074550737206144]
[2; 100; 2.8652010444574585]
[2; 100; 3.324771293502353]
[2; 100; 4.027673589253516]
[2; 100; 5.2777454488593065]
[2; 100; 8.37789867753964]


Jobs: [[2; 10; 0.038886760950807266], [2; 10; 0.03914818578044899], [2; 10; 0.03941404909603798], [1; 20; 0.07936894541961148], [2; 10; 0.039959583078534804], [1; 20; 0.08047902306263287], [2; 10; 0.040524394511014396], [2; 10; 0.040814373830415474], [2; 10; 0.041109596944129224], [1; 20; 0.08282043447477723], [2; 10; 0.04202829441780819], [1; 20; 0.08469218118025072], [2; 10; 0.04266996322977273], [2; 10; 0.043000100392438505], [2; 10; 0.043336698230283605], [1; 40; 0.17471984576345853], [2; 20; 0.08806020749329142], [2; 20; 0.08877469681516172], [2; 20; 0.08950385753896706], [2; 20; 0.09024817770231822], [1; 40; 0.18201633589426072], [2; 20; 0.09178436286916729], [2; 30; 0.13886598370003758], [2; 30; 0.14008145054534327], [2; 30; 0.14132386822450518], [2; 30; 0.142594205773897], [1; 60; 0.28778696158645406], [2; 30; 0.14522276258598457], [2; 30; 0.1465831755499538], [2; 30; 0.14797590284155573], [1; 60; 0.2988043806808256], [1; 60; 0.3047215384431717], [2; 30; 0.15389590647450418], [1; 60; 0.31094061245199545], [2; 40; 0.21165801980882387], [2; 40; 0.21392783795217232], [2; 40; 0.21625950520950962], [2; 40; 0.2186557628912757], [2; 40; 0.22111952219804173], [2; 40; 0.22365387785127383], [2; 40; 0.22626212307532464], [2; 40; 0.22894776609104486], [1; 80; 0.4634290966074034], [2; 40; 0.23456646439374695], [2; 40; 0.23750778454905444], [1; 80; 0.48108615822463363], [2; 50; 0.30864442620473675], [2; 50; 0.31282951498688477], [2; 50; 0.317159421075384], [2; 50; 0.32164233238579293], [1; 100; 0.652574174350994], [2; 50; 0.33610114374752836], [1; 100; 0.6825840459769507], [2; 50; 0.34668808370579457], [2; 50; 0.35230261778136424], [2; 60; 0.4297801566686189], [2; 60; 0.4370957825182413], [1; 120; 0.8894617678276368], [2; 60; 0.46105353219744], [2; 60; 0.46979420767325936], [1; 120; 0.9579225679646273], [2; 60; 0.4885890476624551], [1; 120; 0.9974313880507062], [2; 60; 0.5093839125158413], [2; 60; 0.5206415820487804], [2; 60; 0.532542601466819], [2; 60; 0.5451478871080407], [2; 70; 0.6516143415864165], [2; 70; 0.6682170894464826], [2; 70; 0.6859194815781287], [2; 70; 0.7048428781193654], [2; 70; 0.7251278515964328], [2; 70; 0.7469382328135581], [2; 80; 0.880532846047068], [1; 160; 1.8192892608288618], [2; 80; 0.975835816031827], [1; 160; 2.0274763894548378], [2; 80; 1.0555490897718613], [1; 160; 2.2039119867803247], [2; 80; 1.2122611551205427], [2; 80; 1.2787066585131135], [2; 80; 1.3550748988840116], [1; 180; 3.2489343972834557], [2; 90; 1.742673151031815], [1; 180; 3.7700544048928384], [1; 200; 5.074550737206144], [2; 100; 2.8652010444574585], [2; 100; 3.324771293502353], [2; 100; 4.027673589253516], [2; 100; 5.2777454488593065], [2; 100; 8.37789867753964]];
Intervals[4.9E-324=0.038886760950807266, 0.038886760950807266=0.07803494673125626, 0.07803494673125626=0.11744899582729423, 0.11744899582729423=0.19681794124690571, 0.19681794124690571=0.23677752432544052, 0.23677752432544052=0.3172565473880734, 0.3172565473880734=0.3577809418990878, 0.3577809418990878=0.3985953157295033, 0.3985953157295033=0.43970491267363254, 0.43970491267363254=0.5225253471484098, 0.5231377013396351=0.5651659957574433, 0.5651659957574433=0.649858176937694, 0.649858176937694=0.6925281401674667, 0.6925281401674667=0.7355282405599052, 0.7355282405599052=0.7788649387901888, 0.7788649387901888=0.9535847845536474, 0.9535847845536474=1.0416449920469388, 1.0416449920469388=1.1304196888621005, 1.1304196888621005=1.2199235464010676, 1.2199235464010676=1.310171724103386, 1.310171724103386=1.4921880599976467, 1.4921880599976467=1.583972422866814, 1.583972422866814=1.7228384065668516, 1.7228384065668516=1.8629198571121948, 1.8629198571121948=2.0042437253367, 2.0042437253367=2.1468379311105967, 2.1468379311105967=2.434624892697051, 2.434624892697051=2.5798476552830354, 2.5798476552830354=2.726430830832989, 2.726430830832989=2.874406733674545, 2.874406733674545=3.1732111143553707, 3.1732111143553707=3.4779326527985424, 3.4779326527985424=3.6318285592730466, 3.6318285592730466=3.942769171725042, 4.050723493150029=4.262381512958853, 4.262381512958853=4.476309350911025, 4.476309350911025=4.692568856120535, 4.692568856120535=4.9112246190118105, 4.9112246190118105=5.1323441412098525, 5.1323441412098525=5.3559980190611265, 5.3559980190611265=5.582260142136451, 5.582260142136451=5.8112079082274954, 5.8112079082274954=6.274637004834899, 6.274637004834899=6.509203469228646, 6.509203469228646=6.7467112537777, 6.7467112537777=7.227797412002333, 7.234065745694309=7.542710171899046, 7.542710171899046=7.855539686885931, 7.855539686885931=8.172699107961314, 8.172699107961314=8.494341440347107, 8.494341440347107=9.1469156146981, 9.15654792283237=9.492649066579899, 9.492649066579899=10.17523311255685, 10.17523311255685=10.521921196262644, 10.521921196262644=10.874223814044008, 10.874223814044008=11.304003970712627, 11.304003970712627=11.741099753230868, 11.741099753230868=12.630561521058505, 12.646516522231083=13.107570054428523, 13.107570054428523=13.577364262101783, 13.577364262101783=14.535286830066411, 14.535286830066411=15.023875877728866, 15.023875877728866=16.021307265779573, 16.021307265779573=16.530691178295413, 16.530691178295413=17.051332760344195, 17.051332760344195=17.583875361811014, 17.583875361811014=18.129023248919054, 18.129023248919054=18.78063759050547, 18.78063759050547=19.448854679951953, 19.448854679951953=20.134774161530082, 20.134774161530082=20.839617039649447, 20.839617039649447=21.56474489124588, 21.56474489124588=22.31168312405944, 22.31168312405944=23.192215970106506, 23.192215970106506=25.011505230935366, 25.07479269801995=26.05062851405178, 26.05062851405178=28.078104903506617, 28.078104903506617=29.13365399327848, 29.13365399327848=31.337565980058805, 31.441302871874598=32.65356402699514, 32.65356402699514=33.93227068550826, 33.93227068550826=35.28734558439227, 35.28734558439227=38.536279981675726, 38.536279981675726=40.27895313270754, 40.27895313270754=44.04900753760038, 44.04900753760038=49.12355827480653, 49.12355827480653=51.988759319263984, 51.988759319263984=55.313530612766336, 55.313530612766336=59.34120420201985, 59.34120420201985=64.61894965087916, 64.61894965087916=72.99684832841879];

Jobs: [[2; 10; 0.038886760950807266], [2; 10; 0.03914818578044899], [2; 10; 0.03941404909603798], [2; 10; 0.039959583078534804], [2; 10; 0.040524394511014396], [2; 10; 0.040814373830415474], [2; 10; 0.041109596944129224], [1; 20; 0.08343278866600254], [2; 10; 0.04202829441780819], [2; 10; 0.04266996322977273], [2; 10; 0.043000100392438505], [2; 10; 0.043336698230283605], [2; 20; 0.08806020749329142], [2; 20; 0.08877469681516172], [2; 20; 0.08950385753896706], [2; 20; 0.09024817770231822], [2; 20; 0.09178436286916729], [2; 30; 0.13886598370003758], [2; 30; 0.14008145054534327], [2; 30; 0.14132386822450518], [2; 30; 0.142594205773897], [2; 30; 0.14522276258598457], [2; 30; 0.1465831755499538], [2; 30; 0.14797590284155573], [1; 60; 0.3017267018869966], [2; 30; 0.15389590647450418], [1; 80; 0.41889493387698207], [2; 40; 0.21165801980882387], [2; 40; 0.21392783795217232], [2; 40; 0.21625950520950962], [2; 40; 0.2186557628912757], [2; 40; 0.22111952219804173], [2; 40; 0.22365387785127383], [2; 40; 0.22626212307532464], [2; 40; 0.22894776609104486], [2; 40; 0.23456646439374695], [2; 40; 0.23750778454905444], [1; 80; 0.4873544919166093], [2; 50; 0.30864442620473675], [2; 50; 0.31282951498688477], [2; 50; 0.317159421075384], [2; 50; 0.32164233238579293], [1; 100; 0.6622064824852644], [2; 50; 0.33610114374752836], [2; 50; 0.34668808370579457], [2; 50; 0.35230261778136424], [2; 60; 0.4297801566686189], [2; 60; 0.4370957825182413], [1; 120; 0.905416769000216], [2; 60; 0.46105353219744], [2; 60; 0.46979420767325936], [2; 60; 0.4885890476624551], [2; 60; 0.5093839125158413], [2; 60; 0.5206415820487804], [2; 60; 0.532542601466819], [2; 60; 0.5451478871080407], [2; 70; 0.6516143415864165], [2; 70; 0.6682170894464826], [2; 70; 0.6859194815781287], [2; 70; 0.7048428781193654], [2; 70; 0.7251278515964328], [2; 70; 0.7469382328135581], [2; 80; 0.880532846047068], [1; 160; 1.8825767279134469], [2; 80; 0.975835816031827], [2; 80; 1.0555490897718613], [1; 160; 2.3076488785961207], [2; 80; 1.2122611551205427], [2; 80; 1.2787066585131135], [2; 80; 1.3550748988840116], [2; 90; 1.742673151031815], [1; 200; 4.578955321820897], [2; 100; 2.8652010444574585], [2; 100; 3.324771293502353], [2; 100; 4.027673589253516], [2; 100; 5.2777454488593065], [2; 100; 8.37789867753964]];
Intervals[4.9E-324=0.038886760950807266, 0.038886760950807266=0.07803494673125626, 0.07803494673125626=0.11744899582729423, 0.19681794124690571=0.23677752432544052, 0.3172565473880734=0.3577809418990878, 0.3577809418990878=0.3985953157295033, 0.3985953157295033=0.43970491267363254, 0.43970491267363254=0.5231377013396351, 0.5231377013396351=0.5651659957574433, 0.649858176937694=0.6925281401674667, 0.6925281401674667=0.7355282405599052, 0.7355282405599052=0.7788649387901888, 0.9535847845536474=1.0416449920469388, 1.0416449920469388=1.1304196888621005, 1.1304196888621005=1.2199235464010676, 1.2199235464010676=1.310171724103386, 1.4921880599976467=1.583972422866814, 1.583972422866814=1.7228384065668516, 1.7228384065668516=1.8629198571121948, 1.8629198571121948=2.0042437253367, 2.0042437253367=2.1468379311105967, 2.434624892697051=2.5798476552830354, 2.5798476552830354=2.726430830832989, 2.726430830832989=2.874406733674545, 2.874406733674545=3.1761334355615416, 3.4779326527985424=3.6318285592730466, 3.6318285592730466=4.050723493150029, 4.050723493150029=4.262381512958853, 4.262381512958853=4.476309350911025, 4.476309350911025=4.692568856120535, 4.692568856120535=4.9112246190118105, 4.9112246190118105=5.1323441412098525, 5.1323441412098525=5.3559980190611265, 5.3559980190611265=5.582260142136451, 5.582260142136451=5.8112079082274954, 6.274637004834899=6.509203469228646, 6.509203469228646=6.7467112537777, 6.7467112537777=7.234065745694309, 7.234065745694309=7.542710171899046, 7.542710171899046=7.855539686885931, 7.855539686885931=8.172699107961314, 8.172699107961314=8.494341440347107, 8.494341440347107=9.15654792283237, 9.15654792283237=9.492649066579899, 10.17523311255685=10.521921196262644, 10.521921196262644=10.874223814044008, 10.874223814044008=11.304003970712627, 11.304003970712627=11.741099753230868, 11.741099753230868=12.646516522231083, 12.646516522231083=13.107570054428523, 13.107570054428523=13.577364262101783, 14.535286830066411=15.023875877728866, 16.021307265779573=16.530691178295413, 16.530691178295413=17.051332760344195, 17.051332760344195=17.583875361811014, 17.583875361811014=18.129023248919054, 18.129023248919054=18.78063759050547, 18.78063759050547=19.448854679951953, 19.448854679951953=20.134774161530082, 20.134774161530082=20.839617039649447, 20.839617039649447=21.56474489124588, 21.56474489124588=22.31168312405944, 22.31168312405944=23.192215970106506, 23.192215970106506=25.07479269801995, 25.07479269801995=26.05062851405178, 28.078104903506617=29.13365399327848, 29.13365399327848=31.441302871874598, 31.441302871874598=32.65356402699514, 32.65356402699514=33.93227068550826, 33.93227068550826=35.28734558439227, 38.536279981675726=40.27895313270754, 40.27895313270754=44.85790845452844, 49.12355827480653=51.988759319263984, 51.988759319263984=55.313530612766336, 55.313530612766336=59.34120420201985, 59.34120420201985=64.61894965087916, 64.61894965087916=72.99684832841879];
