1.0596010148383428
3852.8471443555854
4082.480744176189
[1; 10; 0.08405067070887358]
[1; 10; 0.08461571988587076]
[1; 10; 0.08519036250062614]
[1; 10; 0.08577486184068306]
[1; 10; 0.086369491232416]
[1; 10; 0.08697453453331105]
[2; 10; 0.08759028665387072]
[2; 10; 0.08821705411126311]
[2; 10; 0.08885515561701188]
[1; 20; 0.17900984540243206]
[1; 20; 0.18033340075200174]
[1; 30; 0.2725225435233983]
[1; 30; 0.2745832177049605]
[1; 30; 0.27668329330300667]
[1; 40; 0.37176531962694365]
[1; 40; 0.37467543847853196]
[2; 20; 0.18882159202134288]
[1; 40; 0.38067040409649067]
[2; 20; 0.19187951443758258]
[2; 20; 0.19345553790654507]
[2; 20; 0.1950643273099861]
[2; 20; 0.19670698636018236]
[1; 50; 0.4959616763594187]
[1; 50; 0.5002464756321892]
[1; 50; 0.5046250353731071]
[1; 60; 0.6109208183457892]
[2; 30; 0.30820614372219585]
[1; 70; 0.7257003234445573]
[1; 70; 0.7324043118506708]
[1; 70; 0.7392653045970293]
[1; 80; 0.8529020213892393]
[1; 80; 0.8611228429385422]
[1; 80; 0.8695446657354627]
[2; 40; 0.43908773507755455]
[1; 80; 0.8870236788227456]
[1; 80; 0.896098188285015]
[1; 80; 0.9054084034782198]
[1; 90; 1.029334809699993]
[1; 90; 1.04037338423049]
[1; 90; 1.051712743234145]
[1; 90; 1.0633662182457735]
[2; 50; 0.5974155372274984]
[1; 100; 1.2085255997420512]
[1; 100; 1.2226193912468262]
[1; 100; 1.2371314058268938]
[1; 110; 1.3772900464006155]
[2; 60; 0.7604954041959463]
[1; 120; 1.5400631038810333]
[1; 120; 1.5597447542116378]
[2; 60; 0.7900337592476244]
[2; 60; 0.8005327386113917]
[1; 130; 1.7580065236636009]
[1; 130; 1.7823392761238392]
[1; 140; 1.9465727844717076]
[1; 140; 1.9746827449893978]
[1; 140; 2.003830010411113]
[1; 150; 2.179368443188338]
[1; 150; 2.2130274729791415]
[1; 160; 2.3978847504719187]
[1; 160; 2.436717944554927]
[2; 80; 1.2385812734933646]
[2; 80; 1.2596641388621648]
[1; 170; 2.7235438608025837]
[1; 170; 2.7723982883501623]
[2; 90; 1.4947963394114572]
[2; 90; 1.5231347617264674]
[2; 90; 1.552855631762036]
[2; 90; 1.5840701109944193]
[1; 180; 3.2338040673198916]
[1; 190; 3.486478476308525]
[1; 200; 3.7510858966017486]
[1; 200; 3.836829616722062]
[1; 200; 3.927647390065018]
[2; 100; 2.0120186743960438]
[1; 200; 4.126567439395724]
[2; 110; 2.3297386042456294]
[2; 110; 2.3940122815934948]
[2; 110; 2.4629105809782748]
[2; 120; 2.767625407474771]
[2; 120; 2.8548035815482207]
[2; 120; 2.9491878247372183]
[2; 120; 3.051780980978508]
[2; 130; 3.427437406842165]
[2; 130; 3.56056229159771]
[2; 150; 4.2777866486021985]
[2; 150; 4.4658582737165196]
[2; 160; 4.987801278999489]
[2; 160; 5.240413995451593]
[2; 160; 5.527647438874624]
[2; 160; 5.857775311039158]
[2; 170; 6.6321871285395275]
[2; 180; 7.5333014933211855]
[2; 180; 8.148675631303979]
[2; 190; 9.402198684284393]
[2; 190; 10.419829614262444]
[2; 190; 11.766522098186961]
[2; 200; 14.372462521421738]
[2; 200; 17.410998411589055]
[2; 200; 22.814862125878392]
[2; 200; 36.216336139128785]


Jobs: [[1; 10; 0.08405067070887358], [1; 10; 0.08519036250062614], [1; 10; 0.086369491232416], [2; 10; 0.08759028665387072], [2; 10; 0.08821705411126311], [2; 10; 0.08885515561701188], [1; 20; 0.17900984540243206], [1; 30; 0.2725225435233983], [1; 30; 0.27668329330300667], [1; 40; 0.37467543847853196], [2; 20; 0.18882159202134288], [1; 40; 0.38067040409649067], [2; 20; 0.19187951443758258], [2; 20; 0.19345553790654507], [2; 20; 0.1950643273099861], [2; 20; 0.19670698636018236], [1; 50; 0.4959616763594187], [1; 50; 0.5046250353731071], [2; 30; 0.30820614372219585], [1; 70; 0.7257003234445573], [1; 70; 0.7392653045970293], [1; 80; 0.8611228429385422], [2; 40; 0.43908773507755455], [1; 80; 0.8870236788227456], [1; 80; 0.9054084034782198], [1; 90; 1.04037338423049], [1; 90; 1.0633662182457735], [2; 50; 0.5974155372274984], [1; 100; 1.2085255997420512], [1; 100; 1.2371314058268938], [2; 60; 0.7604954041959463], [1; 120; 1.5400631038810333], [2; 60; 0.7900337592476244], [2; 60; 0.8005327386113917], [1; 130; 1.7580065236636009], [1; 140; 1.9465727844717076], [1; 140; 2.003830010411113], [1; 150; 2.2130274729791415], [1; 160; 2.436717944554927], [2; 80; 1.2385812734933646], [2; 80; 1.2596641388621648], [1; 170; 2.7235438608025837], [2; 90; 1.4947963394114572], [2; 90; 1.5231347617264674], [2; 90; 1.552855631762036], [2; 90; 1.5840701109944193], [1; 180; 3.2338040673198916], [1; 200; 3.7510858966017486], [1; 200; 3.927647390065018], [2; 100; 2.0120186743960438], [1; 200; 4.126567439395724], [2; 110; 2.3297386042456294], [2; 110; 2.3940122815934948], [2; 110; 2.4629105809782748], [2; 120; 2.767625407474771], [2; 120; 2.8548035815482207], [2; 120; 2.9491878247372183], [2; 120; 3.051780980978508], [2; 130; 3.427437406842165], [2; 130; 3.56056229159771], [2; 150; 4.2777866486021985], [2; 150; 4.4658582737165196], [2; 160; 4.987801278999489], [2; 160; 5.240413995451593], [2; 160; 5.527647438874624], [2; 160; 5.857775311039158], [2; 170; 6.6321871285395275], [2; 180; 7.5333014933211855], [2; 180; 8.148675631303979], [2; 190; 9.402198684284393], [2; 190; 10.419829614262444], [2; 190; 11.766522098186961], [2; 200; 14.372462521421738], [2; 200; 17.410998411589055], [2; 200; 22.814862125878392], [2; 200; 36.216336139128785]];
Intervals[0.0=0.08405067070887358, 0.08405067070887358=0.16924103320949974, 0.16924103320949974=0.25561052444191573, 0.25736511625986486=0.3449554029137356, 0.3449554029137356=0.43317245702499874, 0.43317245702499874=0.5220276126420106, 0.5220276126420106=0.7010374580444426, 0.7010374580444426=0.973560001567841, 0.973560001567841=1.2502432948708475, 1.2502432948708475=1.6249187333493795, 1.6249187333493795=1.8137403253707225, 1.8137403253707225=2.1944107294672133, 2.1944107294672133=2.3862902439047957, 2.3862902439047957=2.579745781811341, 2.579745781811341=2.774810109121327, 2.774810109121327=2.9715170954815093, 2.9715170954815093=3.467478771840928, 3.467478771840928=3.972103807214035, 4.082684389459488=4.390890533181684, 4.390890533181684=5.1165908566262415, 5.1165908566262415=5.8558561612232705, 5.8558561612232705=6.7169790041618125, 6.8457415321570565=7.284829267234611, 7.284829267234611=8.171852946057356, 8.171852946057356=9.077261349535576, 9.077261349535576=10.117634733766065, 10.117634733766065=11.18100095201184, 11.18100095201184=11.778416489239337, 11.778416489239337=12.986942088981388, 12.986942088981388=14.224073494808282, 14.37832592688678=15.138821331082726, 15.138821331082726=16.67888443496376, 16.698566085294363=17.488599844541987, 17.488599844541987=18.28913258315338, 18.28913258315338=20.047139106816978, 20.047139106816978=21.993711891288687, 21.993711891288687=23.9975419016998, 23.9975419016998=26.210569374678943, 26.210569374678943=28.64728731923387, 28.64728731923387=29.885868592727235, 29.885868592727235=31.145532731589398, 31.145532731589398=33.869076592391984, 33.91793101993956=35.41272735935102, 35.41272735935102=36.935862121077484, 36.935862121077484=38.48871775283952, 38.48871775283952=40.07278786383394, 40.07278786383394=43.30659193115383, 43.30659193115383=47.05767782775558, 47.05767782775558=50.9853252178206, 50.9853252178206=52.99734389221665, 52.99734389221665=57.12391133161237, 57.12391133161237=59.453649935857996, 59.453649935857996=61.84766221745149, 61.84766221745149=64.31057279842977, 64.31057279842977=67.07819820590454, 67.07819820590454=69.93300178745277, 69.93300178745277=72.88218961218999, 72.88218961218999=75.9339705931685, 75.9339705931685=79.36140800001066, 79.36140800001066=82.92197029160836, 82.92197029160836=87.19975694021056, 87.19975694021056=91.66561521392708, 91.66561521392708=96.65341649292657, 96.65341649292657=101.89383048837816, 101.89383048837816=107.42147792725278, 107.42147792725278=113.27925323829194, 113.27925323829194=119.91144036683147, 119.91144036683147=127.44474186015266, 127.44474186015266=135.59341749145665, 135.59341749145665=144.99561617574105, 144.99561617574105=155.4154457900035, 155.4154457900035=167.18196788819046, 167.18196788819046=181.5544304096122, 181.5544304096122=198.96542882120124, 198.96542882120124=221.78029094707964, 221.78029094707964=257.99662708620843];

Jobs: [[1; 10; 0.08461571988587076], [1; 10; 0.08577486184068306], [1; 10; 0.08697453453331105], [2; 10; 0.08759028665387072], [2; 10; 0.08821705411126311], [2; 10; 0.08885515561701188], [1; 20; 0.18033340075200174], [1; 30; 0.2745832177049605], [1; 40; 0.37176531962694365], [2; 20; 0.18882159202134288], [2; 20; 0.19187951443758258], [2; 20; 0.19345553790654507], [2; 20; 0.1950643273099861], [2; 20; 0.19670698636018236], [1; 50; 0.5002464756321892], [1; 60; 0.6109208183457892], [2; 30; 0.30820614372219585], [1; 70; 0.7324043118506708], [1; 80; 0.8529020213892393], [1; 80; 0.8695446657354627], [2; 40; 0.43908773507755455], [1; 80; 0.896098188285015], [1; 90; 1.029334809699993], [1; 90; 1.051712743234145], [2; 50; 0.5974155372274984], [1; 100; 1.2226193912468262], [1; 110; 1.3772900464006155], [2; 60; 0.7604954041959463], [1; 120; 1.5597447542116378], [2; 60; 0.7900337592476244], [2; 60; 0.8005327386113917], [1; 130; 1.7823392761238392], [1; 140; 1.9746827449893978], [1; 150; 2.179368443188338], [1; 160; 2.3978847504719187], [2; 80; 1.2385812734933646], [2; 80; 1.2596641388621648], [1; 170; 2.7723982883501623], [2; 90; 1.4947963394114572], [2; 90; 1.5231347617264674], [2; 90; 1.552855631762036], [2; 90; 1.5840701109944193], [1; 190; 3.486478476308525], [1; 200; 3.836829616722062], [2; 100; 2.0120186743960438], [2; 110; 2.3297386042456294], [2; 110; 2.3940122815934948], [2; 110; 2.4629105809782748], [2; 120; 2.767625407474771], [2; 120; 2.8548035815482207], [2; 120; 2.9491878247372183], [2; 120; 3.051780980978508], [2; 130; 3.427437406842165], [2; 130; 3.56056229159771], [2; 150; 4.2777866486021985], [2; 150; 4.4658582737165196], [2; 160; 4.987801278999489], [2; 160; 5.240413995451593], [2; 160; 5.527647438874624], [2; 160; 5.857775311039158], [2; 170; 6.6321871285395275], [2; 180; 7.5333014933211855], [2; 180; 8.148675631303979], [2; 190; 9.402198684284393], [2; 190; 10.419829614262444], [2; 190; 11.766522098186961], [2; 200; 14.372462521421738], [2; 200; 17.410998411589055], [2; 200; 22.814862125878392], [2; 200; 36.216336139128785]];
Intervals[0.0=0.08461571988587076, 0.08461571988587076=0.1703905817265538, 0.1703905817265538=0.25736511625986486, 0.25736511625986486=0.3449554029137356, 0.3449554029137356=0.43317245702499874, 0.43317245702499874=0.5220276126420106, 0.5220276126420106=0.7023610133940124, 0.7023610133940124=0.9769442310989729, 0.9769442310989729=1.3487095507259166, 1.6249187333493795=1.8137403253707225, 2.1944107294672133=2.3862902439047957, 2.3862902439047957=2.579745781811341, 2.579745781811341=2.774810109121327, 2.774810109121327=2.9715170954815093, 2.9715170954815093=3.4717635711136987, 3.4717635711136987=4.082684389459488, 4.082684389459488=4.390890533181684, 4.390890533181684=5.123294845032355, 5.123294845032355=5.976196866421594, 5.976196866421594=6.8457415321570565, 6.8457415321570565=7.284829267234611, 7.284829267234611=8.180927455519626, 8.180927455519626=9.210262265219619, 9.210262265219619=10.261975008453764, 11.18100095201184=11.778416489239337, 11.778416489239337=13.001035880486164, 13.001035880486164=14.37832592688678, 14.37832592688678=15.138821331082726, 15.138821331082726=16.698566085294363, 16.698566085294363=17.488599844541987, 17.488599844541987=18.28913258315338, 18.28913258315338=20.071471859277217, 20.071471859277217=22.046154604266615, 22.046154604266615=24.225523047454953, 24.225523047454953=26.623407797926873, 28.64728731923387=29.885868592727235, 29.885868592727235=31.145532731589398, 31.145532731589398=33.91793101993956, 33.91793101993956=35.41272735935102, 35.41272735935102=36.935862121077484, 36.935862121077484=38.48871775283952, 38.48871775283952=40.07278786383394, 40.07278786383394=43.559266340142464, 43.559266340142464=47.39609595686453, 50.9853252178206=52.99734389221665, 57.12391133161237=59.453649935857996, 59.453649935857996=61.84766221745149, 61.84766221745149=64.31057279842977, 64.31057279842977=67.07819820590454, 67.07819820590454=69.93300178745277, 69.93300178745277=72.88218961218999, 72.88218961218999=75.9339705931685, 75.9339705931685=79.36140800001066, 79.36140800001066=82.92197029160836, 82.92197029160836=87.19975694021056, 87.19975694021056=91.66561521392708, 91.66561521392708=96.65341649292657, 96.65341649292657=101.89383048837816, 101.89383048837816=107.42147792725278, 107.42147792725278=113.27925323829194, 113.27925323829194=119.91144036683147, 119.91144036683147=127.44474186015266, 127.44474186015266=135.59341749145665, 135.59341749145665=144.99561617574105, 144.99561617574105=155.4154457900035, 155.4154457900035=167.18196788819046, 167.18196788819046=181.5544304096122, 181.5544304096122=198.96542882120124, 198.96542882120124=221.78029094707964, 221.78029094707964=257.99662708620843];
