1.1957698990646297
1817.7081116322486
2173.5606451754525
[2; 10; 0.05093732030143201]
[1; 20; 0.1025595153497761]
[2; 10; 0.05162800896996734]
[1; 20; 0.10396446749421791]
[1; 20; 0.10468519530119182]
[2; 10; 0.052709272706892324]
[2; 10; 0.05308243764093398]
[1; 20; 0.10692455642331399]
[2; 10; 0.05384898756815615]
[2; 10; 0.054242766627981547]
[2; 20; 0.10928764895842097]
[2; 20; 0.11010475761614394]
[2; 20; 0.11093731270811298]
[2; 20; 0.11178578678922543]
[2; 20; 0.11265067252344153]
[1; 40; 0.2270649675713484]
[2; 20; 0.11443175683786709]
[2; 20; 0.11534905158520874]
[2; 20; 0.11628495291898398]
[2; 30; 0.17586010822976994]
[2; 30; 0.1773225728439632]
[1; 60; 0.357631653094002]
[2; 30; 0.18034091973013433]
[2; 30; 0.18189895269627512]
[1; 60; 0.36698215743624335]
[2; 30; 0.18511850732683738]
[2; 30; 0.18678250785200748]
[1; 60; 0.3769688264715399]
[2; 30; 0.19022562414645]
[2; 30; 0.19200761341975517]
[1; 60; 0.3876638617173093]
[2; 30; 0.19570020842651684]
[2; 30; 0.19761416587196595]
[2; 40; 0.26610082243774946]
[2; 40; 0.26878196724716097]
[1; 80; 0.5430633694323134]
[2; 40; 0.2743528246866761]
[2; 40; 0.27724840243206444]
[2; 40; 0.28022161107600374]
[1; 80; 0.5665516703240523]
[2; 40; 0.2864146655011046]
[2; 40; 0.2896419154413383]
[2; 40; 0.29296163872273306]
[2; 40; 0.29637814910193966]
[1; 100; 0.749740104892613]
[2; 50; 0.3794002726396485]
[2; 50; 0.38406988768984557]
[2; 50; 0.38888588943429153]
[2; 50; 0.3938557611720558]
[1; 100; 0.7979750449806569]
[2; 50; 0.4042897791546714]
[1; 120; 0.9834522689993975]
[2; 60; 0.49853216743982487]
[2; 60; 0.5055787041135297]
[2; 60; 0.5128796370786813]
[2; 60; 0.5204499867711861]
[2; 60; 0.528306020686151]
[2; 60; 0.5364653882059088]
[1; 120; 1.0898945470979966]
[1; 120; 1.1075451395500064]
[1; 120; 1.1259281546808597]
[2; 70; 0.6679711866158983]
[2; 70; 0.6796391732291608]
[1; 140; 1.3836608307831642]
[2; 70; 0.7045834970565582]
[2; 70; 0.7179410255501301]
[2; 70; 0.7319501811742797]
[1; 140; 1.493326721453789]
[1; 140; 1.524277868813268]
[1; 140; 1.5568842807219518]
[2; 80; 0.909309882631147]
[2; 80; 0.9300952269895884]
[1; 160; 1.904221169934852]
[2; 80; 0.9754767099970706]
[2; 80; 1.0003312793732118]
[2; 80; 1.0268320331681862]
[1; 160; 2.110321298757239]
[2; 80; 1.085527567242356]
[2; 80; 1.1181780439977724]
[1; 160; 2.3067996674636855]
[1; 180; 2.680949305771515]
[1; 180; 2.774211270538544]
[1; 180; 2.8760312170980336]
[2; 90; 1.493869484037042]
[2; 90; 1.5554830451438744]
[1; 180; 3.247738794570966]
[2; 90; 1.7003040121882682]
[2; 90; 1.7864177908429475]
[2; 90; 1.8843335154214524]
[1; 200; 4.437492508324519]
[2; 100; 2.3643009712528427]
[2; 100; 2.536341655286]
[2; 100; 2.743528246866761]
[2; 100; 2.998960419570452]
[2; 100; 3.3235477829321662]
[2; 100; 3.753093848936198]
[2; 100; 4.355079625180765]
[2; 100; 5.275803246893097]
[2; 100; 6.91325797841722]
[2; 100; 10.974112987467041]


Jobs: [[2; 10; 0.05093732030143201], [1; 20; 0.1025595153497761], [2; 10; 0.05162800896996734], [1; 20; 0.10396446749421791], [2; 10; 0.052709272706892324], [2; 10; 0.05308243764093398], [1; 20; 0.10692455642331399], [2; 10; 0.05384898756815615], [2; 10; 0.054242766627981547], [2; 20; 0.10928764895842097], [2; 20; 0.11010475761614394], [2; 20; 0.11093731270811298], [2; 20; 0.11178578678922543], [2; 20; 0.11265067252344153], [1; 40; 0.2270649675713484], [2; 20; 0.11443175683786709], [2; 20; 0.11534905158520874], [2; 20; 0.11628495291898398], [2; 30; 0.17586010822976994], [2; 30; 0.1773225728439632], [1; 60; 0.357631653094002], [2; 30; 0.18034091973013433], [2; 30; 0.18189895269627512], [1; 60; 0.36698215743624335], [2; 30; 0.18511850732683738], [2; 30; 0.18678250785200748], [1; 60; 0.3769688264715399], [2; 30; 0.19022562414645], [2; 30; 0.19200761341975517], [1; 60; 0.3876638617173093], [2; 30; 0.19570020842651684], [2; 30; 0.19761416587196595], [2; 40; 0.26610082243774946], [2; 40; 0.26878196724716097], [1; 80; 0.5430633694323134], [2; 40; 0.2743528246866761], [2; 40; 0.27724840243206444], [2; 40; 0.28022161107600374], [1; 80; 0.5665516703240523], [2; 40; 0.2864146655011046], [2; 40; 0.2896419154413383], [2; 40; 0.29296163872273306], [2; 40; 0.29637814910193966], [1; 100; 0.749740104892613], [2; 50; 0.3794002726396485], [2; 50; 0.38406988768984557], [2; 50; 0.38888588943429153], [2; 50; 0.3938557611720558], [1; 100; 0.7979750449806569], [2; 50; 0.4042897791546714], [1; 120; 0.9834522689993975], [2; 60; 0.49853216743982487], [2; 60; 0.5055787041135297], [2; 60; 0.5128796370786813], [2; 60; 0.5204499867711861], [2; 60; 0.528306020686151], [2; 60; 0.5364653882059088], [1; 120; 1.0898945470979966], [1; 120; 1.1259281546808597], [2; 70; 0.6679711866158983], [2; 70; 0.6796391732291608], [1; 140; 1.3836608307831642], [2; 70; 0.7045834970565582], [2; 70; 0.7179410255501301], [2; 70; 0.7319501811742797], [1; 140; 1.493326721453789], [1; 140; 1.5568842807219518], [2; 80; 0.909309882631147], [2; 80; 0.9300952269895884], [1; 160; 1.904221169934852], [2; 80; 0.9754767099970706], [2; 80; 1.0003312793732118], [2; 80; 1.0268320331681862], [1; 160; 2.110321298757239], [2; 80; 1.085527567242356], [2; 80; 1.1181780439977724], [1; 160; 2.3067996674636855], [1; 180; 2.774211270538544], [2; 90; 1.493869484037042], [2; 90; 1.5554830451438744], [1; 180; 3.247738794570966], [2; 90; 1.7003040121882682], [2; 90; 1.7864177908429475], [2; 90; 1.8843335154214524], [1; 200; 4.437492508324519], [2; 100; 2.3643009712528427], [2; 100; 2.536341655286], [2; 100; 2.743528246866761], [2; 100; 2.998960419570452], [2; 100; 3.3235477829321662], [2; 100; 3.753093848936198], [2; 100; 4.355079625180765], [2; 100; 5.275803246893097], [2; 100; 6.91325797841722], [2; 100; 10.974112987467041]];
Intervals[4.9E-324=0.05093732030143201, 0.05093732030143201=0.1534968356512081, 0.1534968356512081=0.20512484462117545, 0.20512484462117545=0.30908931211539337, 0.3098100399223673=0.3625193126292596, 0.3625193126292596=0.41560175027019364, 0.41560175027019364=0.5225263066935076, 0.5225263066935076=0.5763752942616638, 0.5763752942616638=0.6306180608896453, 0.6306180608896453=0.7399057098480664, 0.7399057098480664=0.8500104674642103, 0.8500104674642103=0.9609477801723233, 0.9609477801723233=1.0727335669615488, 1.0727335669615488=1.1853842394849903, 1.1853842394849903=1.4124492070563386, 1.4124492070563386=1.5268809638942056, 1.5268809638942056=1.6422300154794143, 1.6422300154794143=1.7585149683983983, 1.7585149683983983=1.9343750766281682, 1.9343750766281682=2.1116976494721316, 2.1116976494721316=2.4693293025661336, 2.4693293025661336=2.649670222296268, 2.649670222296268=2.831569174992543, 2.831569174992543=3.1985513324287864, 3.1985513324287864=3.383669839755624, 3.383669839755624=3.5704523476076315, 3.5704523476076315=3.9474211740791714, 3.9474211740791714=4.137646798225622, 4.137646798225622=4.329654411645377, 4.329654411645377=4.717318273362686, 4.717318273362686=4.913018481789202, 4.913018481789202=5.110632647661168, 5.110632647661168=5.376733470098918, 5.376733470098918=5.645515437346079, 5.645515437346079=6.188578806778392, 6.188578806778392=6.462931631465068, 6.462931631465068=6.740180033897133, 6.740180033897133=7.020401644973137, 7.020401644973137=7.586953315297189, 7.586953315297189=7.873367980798293, 7.873367980798293=8.163009896239632, 8.163009896239632=8.455971534962366, 8.455971534962366=8.752349684064306, 8.752349684064306=9.50208978895692, 9.50208978895692=9.881490061596567, 9.881490061596567=10.265559949286413, 10.265559949286413=10.654445838720704, 10.654445838720704=11.04830159989276, 11.04830159989276=11.846276644873416, 11.846276644873416=12.250566424028088, 12.250566424028088=13.234018693027485, 13.234018693027485=13.73255086046731, 13.73255086046731=14.23812956458084, 14.23812956458084=14.751009201659521, 14.751009201659521=15.271459188430708, 15.271459188430708=15.799765209116858, 15.799765209116858=16.336230597322768, 16.336230597322768=17.426125144420766, 17.426125144420766=18.552053299101626, 18.552053299101626=19.220024485717524, 19.220024485717524=19.899663658946686, 19.899663658946686=21.28332448972985, 21.28332448972985=21.987907986786407, 21.987907986786407=22.705849012336536, 22.705849012336536=23.437799193510816, 23.437799193510816=24.931125914964607, 24.931125914964607=26.48801019568656, 26.48801019568656=27.397320078317705, 27.397320078317705=28.327415305307294, 28.327415305307294=30.231636475242148, 30.231636475242148=31.20711318523922, 31.20711318523922=32.20744446461243, 32.20744446461243=33.23427649778061, 33.23427649778061=35.344597796537855, 35.344597796537855=36.43012536378021, 36.43012536378021=37.548303407777986, 37.548303407777986=39.85510307524167, 39.85510307524167=42.629314345780216, 43.10528393064753=44.59915341468457, 44.59915341468457=46.154636459828446, 46.154636459828446=49.40237525439941, 49.40237525439941=51.10267926658768, 51.10267926658768=52.889097057430625, 52.889097057430625=54.77343057285208, 54.77343057285208=59.210923081176595, 59.210923081176595=61.57522405242944, 61.57522405242944=64.11156570771544, 64.11156570771544=66.8550939545822, 66.8550939545822=69.85405437415265, 69.85405437415265=73.17760215708482, 73.17760215708482=76.93069600602102, 76.93069600602102=81.28577563120179, 81.28577563120179=86.56157887809488, 86.56157887809488=93.4748368565121, 93.4748368565121=104.44894984397914];

Jobs: [[2; 10; 0.05093732030143201], [2; 10; 0.05162800896996734], [1; 20; 0.10468519530119182], [2; 10; 0.052709272706892324], [2; 10; 0.05308243764093398], [2; 10; 0.05384898756815615], [2; 10; 0.054242766627981547], [2; 20; 0.10928764895842097], [2; 20; 0.11010475761614394], [2; 20; 0.11093731270811298], [2; 20; 0.11178578678922543], [2; 20; 0.11265067252344153], [2; 20; 0.11443175683786709], [2; 20; 0.11534905158520874], [2; 20; 0.11628495291898398], [2; 30; 0.17586010822976994], [2; 30; 0.1773225728439632], [2; 30; 0.18034091973013433], [2; 30; 0.18189895269627512], [2; 30; 0.18511850732683738], [2; 30; 0.18678250785200748], [2; 30; 0.19022562414645], [2; 30; 0.19200761341975517], [2; 30; 0.19570020842651684], [2; 30; 0.19761416587196595], [2; 40; 0.26610082243774946], [2; 40; 0.26878196724716097], [2; 40; 0.2743528246866761], [2; 40; 0.27724840243206444], [2; 40; 0.28022161107600374], [2; 40; 0.2864146655011046], [2; 40; 0.2896419154413383], [2; 40; 0.29296163872273306], [2; 40; 0.29637814910193966], [2; 50; 0.3794002726396485], [2; 50; 0.38406988768984557], [2; 50; 0.38888588943429153], [2; 50; 0.3938557611720558], [2; 50; 0.4042897791546714], [2; 60; 0.49853216743982487], [2; 60; 0.5055787041135297], [2; 60; 0.5128796370786813], [2; 60; 0.5204499867711861], [2; 60; 0.528306020686151], [2; 60; 0.5364653882059088], [1; 120; 1.1075451395500064], [2; 70; 0.6679711866158983], [2; 70; 0.6796391732291608], [2; 70; 0.7045834970565582], [2; 70; 0.7179410255501301], [2; 70; 0.7319501811742797], [1; 140; 1.524277868813268], [2; 80; 0.909309882631147], [2; 80; 0.9300952269895884], [2; 80; 0.9754767099970706], [2; 80; 1.0003312793732118], [2; 80; 1.0268320331681862], [2; 80; 1.085527567242356], [2; 80; 1.1181780439977724], [1; 180; 2.680949305771515], [1; 180; 2.8760312170980336], [2; 90; 1.493869484037042], [2; 90; 1.5554830451438744], [2; 90; 1.7003040121882682], [2; 90; 1.7864177908429475], [2; 90; 1.8843335154214524], [2; 100; 2.3643009712528427], [2; 100; 2.536341655286], [2; 100; 2.743528246866761], [2; 100; 2.998960419570452], [2; 100; 3.3235477829321662], [2; 100; 3.753093848936198], [2; 100; 4.355079625180765], [2; 100; 5.275803246893097], [2; 100; 6.91325797841722], [2; 100; 10.974112987467041]];
Intervals[4.9E-324=0.05093732030143201, 0.1534968356512081=0.20512484462117545, 0.20512484462117545=0.3098100399223673, 0.3098100399223673=0.3625193126292596, 0.3625193126292596=0.41560175027019364, 0.5225263066935076=0.5763752942616638, 0.5763752942616638=0.6306180608896453, 0.6306180608896453=0.7399057098480664, 0.7399057098480664=0.8500104674642103, 0.8500104674642103=0.9609477801723233, 0.9609477801723233=1.0727335669615488, 1.0727335669615488=1.1853842394849903, 1.4124492070563386=1.5268809638942056, 1.5268809638942056=1.6422300154794143, 1.6422300154794143=1.7585149683983983, 1.7585149683983983=1.9343750766281682, 1.9343750766281682=2.1116976494721316, 2.4693293025661336=2.649670222296268, 2.649670222296268=2.831569174992543, 3.1985513324287864=3.383669839755624, 3.383669839755624=3.5704523476076315, 3.9474211740791714=4.137646798225622, 4.137646798225622=4.329654411645377, 4.717318273362686=4.913018481789202, 4.913018481789202=5.110632647661168, 5.110632647661168=5.376733470098918, 5.376733470098918=5.645515437346079, 6.188578806778392=6.462931631465068, 6.462931631465068=6.740180033897133, 6.740180033897133=7.020401644973137, 7.586953315297189=7.873367980798293, 7.873367980798293=8.163009896239632, 8.163009896239632=8.455971534962366, 8.455971534962366=8.752349684064306, 9.50208978895692=9.881490061596567, 9.881490061596567=10.265559949286413, 10.265559949286413=10.654445838720704, 10.654445838720704=11.04830159989276, 11.846276644873416=12.250566424028088, 13.234018693027485=13.73255086046731, 13.73255086046731=14.23812956458084, 14.23812956458084=14.751009201659521, 14.751009201659521=15.271459188430708, 15.271459188430708=15.799765209116858, 15.799765209116858=16.336230597322768, 16.336230597322768=17.443775736872773, 18.552053299101626=19.220024485717524, 19.220024485717524=19.899663658946686, 21.28332448972985=21.987907986786407, 21.987907986786407=22.705849012336536, 22.705849012336536=23.437799193510816, 23.437799193510816=24.962077062324084, 26.48801019568656=27.397320078317705, 27.397320078317705=28.327415305307294, 30.231636475242148=31.20711318523922, 31.20711318523922=32.20744446461243, 32.20744446461243=33.23427649778061, 35.344597796537855=36.43012536378021, 36.43012536378021=37.548303407777986, 37.548303407777986=40.2292527135495, 40.2292527135495=43.10528393064753, 43.10528393064753=44.59915341468457, 44.59915341468457=46.154636459828446, 49.40237525439941=51.10267926658768, 51.10267926658768=52.889097057430625, 52.889097057430625=54.77343057285208, 59.210923081176595=61.57522405242944, 61.57522405242944=64.11156570771544, 64.11156570771544=66.8550939545822, 66.8550939545822=69.85405437415265, 69.85405437415265=73.17760215708482, 73.17760215708482=76.93069600602102, 76.93069600602102=81.28577563120179, 81.28577563120179=86.56157887809488, 86.56157887809488=93.4748368565121, 93.4748368565121=104.44894984397914];
