1.2017920495785717
118.19417838006555
142.04482388363428
[2; 10; 0.013074870163059301]
[1; 20; 0.026504319821496647]
[1; 20; 0.026871168888700038]
[2; 10; 0.013625490622332403]
[2; 10; 0.013822252853101942]
[1; 20; 0.028052551883401406]
[1; 40; 0.056951993207090955]
[2; 20; 0.028915791178435873]
[1; 40; 0.05874593929684296]
[2; 30; 0.04477298724204096]
[2; 30; 0.045516128512344704]
[1; 60; 0.09258178862196317]
[1; 60; 0.09419898872268269]
[1; 60; 0.09588871281188875]
[2; 40; 0.06510420578816956]
[2; 40; 0.06633845451454448]
[1; 80; 0.13526582845307009]
[2; 40; 0.0689924264396274]
[1; 80; 0.14084476923478895]
[2; 40; 0.07192881682861214]
[2; 40; 0.07351848393402283]
[2; 40; 0.0751989968531803]
[1; 100; 0.1924473935711493]
[1; 100; 0.19717032169610713]
[2; 50; 0.10109705241311548]
[1; 100; 0.20755062651187953]
[1; 100; 0.21327660880768795]
[2; 60; 0.1316487523175068]
[2; 60; 0.1356084808929329]
[1; 120; 0.2797600975160055]
[1; 120; 0.28900940112806295]
[1; 140; 0.3489070055163631]
[2; 70; 0.18085634832246533]
[1; 140; 0.37576195716806854]
[2; 70; 0.19562999299158196]
[1; 140; 0.40846161557591243]
[1; 140; 0.4276876730047327]
[1; 160; 0.5135410155246839]
[1; 180; 0.6093999237267612]
[1; 180; 0.6457951356757534]
[1; 180; 0.6881607410690798]
[1; 180; 0.7382354337828222]
[1; 180; 0.7985398028692339]
[1; 200; 0.9698740886307771]
[2; 100; 0.5374233777740007]
[1; 200; 1.2137634269958586]
[2; 100; 0.7042238461739446]
[2; 100; 0.8531064352307518]
[2; 100; 1.1178856742376113]
[1; 200; 3.549065790529928]


Jobs: [[2; 10; 0.013074870163059301], [1; 20; 0.026504319821496647], [2; 10; 0.013625490622332403], [2; 10; 0.013822252853101942], [1; 20; 0.028052551883401406], [2; 20; 0.028915791178435873], [1; 40; 0.05874593929684296], [2; 30; 0.04477298724204096], [2; 30; 0.045516128512344704], [1; 60; 0.09258178862196317], [1; 60; 0.09588871281188875], [2; 40; 0.06510420578816956], [2; 40; 0.06633845451454448], [1; 80; 0.13526582845307009], [2; 40; 0.0689924264396274], [1; 80; 0.14084476923478895], [2; 40; 0.07192881682861214], [2; 40; 0.07351848393402283], [2; 40; 0.0751989968531803], [1; 100; 0.1924473935711493], [2; 50; 0.10109705241311548], [1; 100; 0.20755062651187953], [2; 60; 0.1316487523175068], [2; 60; 0.1356084808929329], [1; 120; 0.2797600975160055], [1; 140; 0.3489070055163631], [2; 70; 0.18085634832246533], [1; 140; 0.37576195716806854], [2; 70; 0.19562999299158196], [1; 140; 0.40846161557591243], [1; 160; 0.5135410155246839], [1; 180; 0.6457951356757534], [1; 180; 0.7382354337828222], [1; 200; 0.9698740886307771], [2; 100; 0.5374233777740007], [1; 200; 1.2137634269958586], [2; 100; 0.7042238461739446], [2; 100; 0.8531064352307518], [2; 100; 1.1178856742376113], [1; 200; 3.549065790529928]];
Intervals[4.9E-324=0.013074870163059301, 0.013074870163059301=0.03957918998455595, 0.039946039051759336=0.05357152967409174, 0.05357152967409174=0.06739378252719368, 0.06739378252719368=0.09544633441059508, 0.12434577573428462=0.1532615669127205, 0.1532615669127205=0.21200750620956346, 0.21200750620956346=0.2567804934516044, 0.2567804934516044=0.30229662196394913, 0.30229662196394913=0.39487841058591233, 0.39487841058591233=0.4907671233978011, 0.4907671233978011=0.5558713291859707, 0.5558713291859707=0.6222097837005152, 0.6222097837005152=0.7574756121535853, 0.7574756121535853=0.8264680385932127, 0.8264680385932127=0.9673128078280017, 0.9673128078280017=1.0392416246566138, 1.0392416246566138=1.1127601085906367, 1.1127601085906367=1.187959105443817, 1.187959105443817=1.3804064990149663, 1.3851294271399242=1.4862264795530395, 1.4862264795530395=1.6937771060649192, 1.6995030883607276=1.8311518406782343, 1.8311518406782343=1.9667603215711673, 1.9667603215711673=2.246520419087173, 2.246520419087173=2.595427424603536, 2.595427424603536=2.7762837729260013, 2.7762837729260013=3.15204573009407, 3.15204573009407=3.347675723085652, 3.347675723085652=3.7561373386615644, 3.7561373386615644=4.269678354186248, 4.269678354186248=4.915473489862002, 4.915473489862002=5.653708923644825, 5.653708923644825=6.623583012275602, 6.623583012275602=7.161006390049603, 7.161006390049603=8.374769817045461, 8.374769817045461=9.078993663219405, 9.078993663219405=9.932100098450157, 9.932100098450157=11.049985772687767, 11.049985772687767=14.599051563217696];

Jobs: [[2; 10; 0.013074870163059301], [1; 20; 0.026871168888700038], [2; 10; 0.013625490622332403], [2; 10; 0.013822252853101942], [1; 40; 0.056951993207090955], [2; 20; 0.028915791178435873], [2; 30; 0.04477298724204096], [2; 30; 0.045516128512344704], [1; 60; 0.09419898872268269], [2; 40; 0.06510420578816956], [2; 40; 0.06633845451454448], [2; 40; 0.0689924264396274], [2; 40; 0.07192881682861214], [2; 40; 0.07351848393402283], [2; 40; 0.0751989968531803], [1; 100; 0.19717032169610713], [2; 50; 0.10109705241311548], [1; 100; 0.21327660880768795], [2; 60; 0.1316487523175068], [2; 60; 0.1356084808929329], [1; 120; 0.28900940112806295], [2; 70; 0.18085634832246533], [2; 70; 0.19562999299158196], [1; 140; 0.4276876730047327], [1; 180; 0.6093999237267612], [1; 180; 0.6881607410690798], [1; 180; 0.7985398028692339], [2; 100; 0.5374233777740007], [2; 100; 0.7042238461739446], [2; 100; 0.8531064352307518], [2; 100; 1.1178856742376113]];
Intervals[4.9E-324=0.013074870163059301, 0.013074870163059301=0.039946039051759336, 0.039946039051759336=0.05357152967409174, 0.05357152967409174=0.06739378252719368, 0.06739378252719368=0.12434577573428462, 0.12434577573428462=0.1532615669127205, 0.21200750620956346=0.2567804934516044, 0.2567804934516044=0.30229662196394913, 0.30229662196394913=0.3964956106866318, 0.4907671233978011=0.5558713291859707, 0.5558713291859707=0.6222097837005152, 0.7574756121535853=0.8264680385932127, 0.9673128078280017=1.0392416246566138, 1.0392416246566138=1.1127601085906367, 1.1127601085906367=1.187959105443817, 1.187959105443817=1.3851294271399242, 1.3851294271399242=1.4862264795530395, 1.4862264795530395=1.6995030883607276, 1.6995030883607276=1.8311518406782343, 1.8311518406782343=1.9667603215711673, 1.9667603215711673=2.25576972269923, 2.595427424603536=2.7762837729260013, 3.15204573009407=3.347675723085652, 3.347675723085652=3.7753633960903845, 3.7753633960903845=4.384763319817146, 4.384763319817146=5.072924060886225, 5.072924060886225=5.8714638637554595, 6.623583012275602=7.161006390049603, 8.374769817045461=9.078993663219405, 9.078993663219405=9.932100098450157, 9.932100098450157=11.049985772687767];
