1.2471758098955184
7720.211319639625
9628.460805136097
[1; 20; 0.42412067959173416]
[2; 10; 0.2149357889336703]
[1; 20; 0.43582147540932464]
[1; 20; 0.4419816235607088]
[1; 40; 0.8967283346505831]
[2; 40; 0.9099644754167664]
[1; 80; 1.8474002236243614]
[2; 40; 0.9379661023464707]
[2; 50; 1.1909949863319533]
[2; 50; 1.2102828772312202]
[1; 100; 2.4607422631215705]
[1; 100; 2.5026284913013206]
[1; 120; 3.0556126841545814]
[1; 120; 3.110423701021224]
[1; 120; 3.16776071105908]
[2; 70; 1.8828922431564605]
[1; 140; 3.8392660941864114]
[1; 140; 3.916440487808948]
[1; 140; 3.9976138338164415]
[2; 70; 2.041564161497344]
[2; 70; 2.0866838719862657]
[2; 70; 2.1343820700097376]
[2; 80; 2.4970318887803273]
[2; 80; 2.5583125427689044]
[2; 90; 2.951433936665969]
[2; 90; 3.029623258254239]
[2; 90; 3.1132056084079265]
[1; 200; 7.1173375087701345]
[2; 100; 3.665706322984498]
[2; 100; 3.781173388384387]
[2; 100; 3.9061848571017883]
[1; 200; 8.08413798205726]
[1; 200; 8.380844475197856]
[1; 1120; 48.7556402935788]
[1; 1120; 50.766531241302765]
[1; 1120; 52.998466776257175]
[2; 580; 28.737485091098225]
[1; 1160; 60.38585366243018]
[1; 1200; 65.89207810373388]
[1; 1200; 69.82735287974486]
[2; 600; 37.20409170807378]
[2; 600; 39.91128400893285]
[2; 600; 43.171524159225264]
[1; 1240; 97.52795420692571]
[2; 620; 54.04186295075626]
[2; 640; 62.9950019359122]
[1; 1280; 146.19844877957271]
[2; 680; 94.08799172077289]
[2; 700; 126.91632810325692]
[1; 1400; 402.93422548610243]


Jobs: [[1; 20; 0.42412067959173416], [2; 10; 0.2149357889336703], [1; 20; 0.43582147540932464], [1; 40; 0.8967283346505831], [2; 40; 0.9099644754167664], [1; 80; 1.8474002236243614], [2; 40; 0.9379661023464707], [2; 50; 1.1909949863319533], [2; 50; 1.2102828772312202], [1; 100; 2.4607422631215705], [1; 120; 3.0556126841545814], [1; 120; 3.16776071105908], [2; 70; 1.8828922431564605], [1; 140; 3.8392660941864114], [1; 140; 3.9976138338164415], [2; 70; 2.041564161497344], [2; 70; 2.0866838719862657], [2; 70; 2.1343820700097376], [2; 80; 2.4970318887803273], [2; 80; 2.5583125427689044], [2; 90; 2.951433936665969], [2; 90; 3.029623258254239], [2; 90; 3.1132056084079265], [1; 200; 7.1173375087701345], [2; 100; 3.665706322984498], [2; 100; 3.781173388384387], [2; 100; 3.9061848571017883], [1; 200; 8.08413798205726], [1; 1120; 48.7556402935788], [1; 1120; 52.998466776257175], [2; 580; 28.737485091098225], [1; 1160; 60.38585366243018], [1; 1200; 69.82735287974486], [2; 600; 37.20409170807378], [2; 600; 39.91128400893285], [2; 600; 43.171524159225264], [1; 1240; 97.52795420692571], [2; 620; 54.04186295075626], [2; 640; 62.9950019359122], [1; 1280; 146.19844877957271], [2; 680; 94.08799172077289], [2; 700; 126.91632810325692], [1; 1400; 402.93422548610243]];
Intervals[0.0=0.42412067959173416, 0.42412067959173416=0.6390564685254044, 0.6390564685254044=1.0748779439347291, 1.0748779439347291=1.9716062785853121, 1.9716062785853121=2.8815707540020785, 2.8815707540020785=4.72897097762644, 4.72897097762644=5.666937079972911, 5.666937079972911=6.857932066304864, 6.857932066304864=8.068214943536084, 8.068214943536084=10.528957206657655, 10.528957206657655=13.584569890812237, 13.584569890812237=16.752330601871318, 16.752330601871318=18.63522284502778, 18.63522284502778=22.47448893921419, 22.47448893921419=26.47210277303063, 26.47210277303063=28.513666934527976, 28.513666934527976=30.600350806514243, 30.600350806514243=32.73473287652398, 32.73473287652398=35.231764765304305, 35.231764765304305=37.79007730807321, 37.79007730807321=40.74151124473918, 40.74151124473918=43.77113450299342, 43.77113450299342=46.88434011140134, 46.88434011140134=54.00167762017148, 54.00167762017148=57.667383943155976, 57.667383943155976=61.448557331540364, 61.448557331540364=65.35474218864215, 65.35474218864215=73.4388801706994, 73.4388801706994=122.19452046427821, 122.19452046427821=175.1929872405354, 175.1929872405354=203.9304723316336, 203.9304723316336=264.3163259940638, 264.3163259940638=334.14367887380865, 334.14367887380865=371.34777058188246, 371.34777058188246=411.2590545908153, 411.2590545908153=454.4305787500406, 454.4305787500406=551.9585329569663, 551.9585329569663=606.0003959077226, 606.0003959077226=668.9953978436348, 668.9953978436348=815.1938466232075, 815.1938466232075=909.2818383439803, 909.2818383439803=1036.1981664472373, 1036.1981664472373=1439.1323919333397];

Jobs: [[2; 10; 0.2149357889336703], [1; 20; 0.4419816235607088], [2; 40; 0.9099644754167664], [2; 40; 0.9379661023464707], [2; 50; 1.1909949863319533], [2; 50; 1.2102828772312202], [1; 100; 2.5026284913013206], [1; 120; 3.110423701021224], [2; 70; 1.8828922431564605], [1; 140; 3.916440487808948], [2; 70; 2.041564161497344], [2; 70; 2.0866838719862657], [2; 70; 2.1343820700097376], [2; 80; 2.4970318887803273], [2; 80; 2.5583125427689044], [2; 90; 2.951433936665969], [2; 90; 3.029623258254239], [2; 90; 3.1132056084079265], [2; 100; 3.665706322984498], [2; 100; 3.781173388384387], [2; 100; 3.9061848571017883], [1; 200; 8.380844475197856], [1; 1120; 50.766531241302765], [2; 580; 28.737485091098225], [1; 1200; 65.89207810373388], [2; 600; 37.20409170807378], [2; 600; 39.91128400893285], [2; 600; 43.171524159225264], [2; 620; 54.04186295075626], [2; 640; 62.9950019359122], [2; 680; 94.08799172077289], [2; 700; 126.91632810325692]];
Intervals[0.42412067959173416=0.6390564685254044, 0.6390564685254044=1.0810380920861133, 1.9716062785853121=2.8815707540020785, 4.72897097762644=5.666937079972911, 5.666937079972911=6.857932066304864, 6.857932066304864=8.068214943536084, 8.068214943536084=10.570843434837405, 10.570843434837405=13.68126713585863, 16.752330601871318=18.63522284502778, 18.63522284502778=22.55166333283673, 26.47210277303063=28.513666934527976, 28.513666934527976=30.600350806514243, 30.600350806514243=32.73473287652398, 32.73473287652398=35.231764765304305, 35.231764765304305=37.79007730807321, 37.79007730807321=40.74151124473918, 40.74151124473918=43.77113450299342, 43.77113450299342=46.88434011140134, 54.00167762017148=57.667383943155976, 57.667383943155976=61.448557331540364, 61.448557331540364=65.35474218864215, 65.35474218864215=73.73558666384001, 73.73558666384001=124.50211790514277, 175.1929872405354=203.9304723316336, 203.9304723316336=269.8225504353675, 334.14367887380865=371.34777058188246, 371.34777058188246=411.2590545908153, 411.2590545908153=454.4305787500406, 551.9585329569663=606.0003959077226, 606.0003959077226=668.9953978436348, 815.1938466232075=909.2818383439803, 909.2818383439803=1036.1981664472373];
