1.1538092483301008
895582.839499931
1033331.7628607526
[2; 10; 3.1775361931933395]
[2; 10; 3.198897881276253]
[2; 10; 3.2206222493406202]
[2; 10; 3.242719250973855]
[1; 20; 6.530398438562909]
[1; 20; 6.576145770995326]
[2; 10; 3.3113513987160865]
[2; 20; 6.670092693640814]
[2; 20; 6.718339557404003]
[1; 60; 20.30240536715148]
[2; 30; 10.22625821242784]
[2; 40; 13.736955548415123]
[1; 80; 27.681654568367726]
[2; 40; 13.946685114386426]
[2; 40; 14.054590505058146]
[2; 50; 17.70575946070988]
[1; 100; 35.69200802587173]
[2; 50; 17.98905910703267]
[2; 60; 21.762019150434227]
[1; 120; 43.881527770378774]
[2; 60; 22.123224769089987]
[2; 70; 26.027781476301513]
[1; 140; 52.49953698854952]
[2; 80; 30.258914408322504]
[2; 80; 30.523764778861807]
[2; 80; 30.794487739312316]
[1; 200; 77.67823610703859]
[2; 100; 39.19300828058619]
[2; 100; 39.55507160703837]
[1; 200; 79.85122858177981]
[2; 100; 40.30495859454736]
[2; 100; 40.69344386465859]
[2; 100; 41.0914277017324]
[2; 520; 215.79629358788623]
[2; 520; 217.9705864260031]
[2; 520; 220.2004887344109]
[1; 1040; 444.97662322409286]
[1; 1040; 449.6730006311679]
[1; 1040; 454.4952886613049]
[1; 1040; 459.4489767522514]
[2; 520; 232.26994444487877]
[2; 520; 234.88710499780063]
[1; 1080; 493.4338423821389]
[2; 540; 249.59412697695362]
[2; 540; 252.55671176476318]
[2; 540; 255.60880277105835]
[1; 1080; 517.5096132103149]
[2; 540; 261.99943379394807]
[2; 560; 275.1754195253857]
[1; 1120; 557.5216600104927]
[1; 1160; 585.1068183060876]
[1; 1160; 593.0406210050768]
[2; 580; 300.6244791832412]
[1; 1160; 609.7473524759611]
[2; 580; 309.2762791461777]
[2; 580; 313.84134551939025]
[2; 580; 318.5786849698425]
[2; 580; 323.4989404143178]
[2; 580; 328.61368030533197]
[2; 580; 333.93550355939675]
[2; 580; 339.4781592900296]
[2; 580; 345.25668386579144]
[2; 600; 363.4009223999633]
[2; 600; 369.9195411340417]
[2; 620; 389.29652613407904]
[1; 1240; 793.353657539238]
[2; 620; 404.4171684757524]
[2; 620; 412.5464955351401]
[2; 620; 421.0970606542817]
[2; 640; 443.97926112956674]
[2; 640; 453.79145126448714]
[2; 640; 464.16438546614404]
[2; 640; 475.15115844386895]
[1; 1280; 973.6240644903229]
[2; 640; 499.2157147775861]
[2; 640; 512.4409262857101]
[1; 1280; 1053.1566664890902]
[2; 640; 541.7329554377413]
[2; 640; 558.0271885856813]
[2; 660; 593.5922813675257]
[2; 660; 613.2173647189065]
[2; 680; 653.7780740377711]
[1; 1360; 1355.5464718603412]
[1; 1360; 1408.1971687007701]
[2; 680; 733.1386187146127]
[2; 680; 765.3708413058866]
[2; 680; 801.3964143050629]
[2; 680; 841.984022721809]
[1; 1360; 1776.268375289111]
[2; 680; 941.1762553245028]
[2; 680; 1002.9195228654128]
[2; 700; 1107.5420049970742]
[2; 700; 1198.013985603327]
[2; 700; 1309.553320261735]
[1; 1400; 2902.581178320949]
[2; 700; 1638.8600793311773]
[2; 700; 1901.7286610193364]
[1; 1400; 4607.5604158897695]
[2; 700; 3018.80607706017]
[2; 700; 4792.055942413307]


Jobs: [[2; 10; 3.1775361931933395], [2; 10; 3.198897881276253], [2; 10; 3.2206222493406202], [2; 10; 3.242719250973855], [1; 20; 6.530398438562909], [2; 10; 3.3113513987160865], [2; 20; 6.670092693640814], [2; 20; 6.718339557404003], [1; 60; 20.30240536715148], [2; 30; 10.22625821242784], [2; 40; 13.736955548415123], [1; 80; 27.681654568367726], [2; 40; 13.946685114386426], [2; 40; 14.054590505058146], [2; 50; 17.70575946070988], [1; 100; 35.69200802587173], [2; 50; 17.98905910703267], [2; 60; 21.762019150434227], [1; 120; 43.881527770378774], [2; 60; 22.123224769089987], [2; 70; 26.027781476301513], [1; 140; 52.49953698854952], [2; 80; 30.258914408322504], [2; 80; 30.523764778861807], [2; 80; 30.794487739312316], [1; 200; 77.67823610703859], [2; 100; 39.19300828058619], [2; 100; 39.55507160703837], [1; 200; 79.85122858177981], [2; 100; 40.30495859454736], [2; 100; 40.69344386465859], [2; 100; 41.0914277017324], [2; 520; 215.79629358788623], [2; 520; 217.9705864260031], [2; 520; 220.2004887344109], [1; 1040; 444.97662322409286], [1; 1040; 454.4952886613049], [2; 520; 232.26994444487877], [2; 520; 234.88710499780063], [1; 1080; 493.4338423821389], [2; 540; 249.59412697695362], [2; 540; 252.55671176476318], [2; 540; 255.60880277105835], [1; 1080; 517.5096132103149], [2; 540; 261.99943379394807], [2; 560; 275.1754195253857], [1; 1120; 557.5216600104927], [1; 1160; 593.0406210050768], [2; 580; 300.6244791832412], [1; 1160; 609.7473524759611], [2; 580; 309.2762791461777], [2; 580; 313.84134551939025], [2; 580; 318.5786849698425], [2; 580; 323.4989404143178], [2; 580; 328.61368030533197], [2; 580; 333.93550355939675], [2; 580; 339.4781592900296], [2; 580; 345.25668386579144], [2; 600; 363.4009223999633], [2; 600; 369.9195411340417], [2; 620; 389.29652613407904], [1; 1240; 793.353657539238], [2; 620; 404.4171684757524], [2; 620; 412.5464955351401], [2; 620; 421.0970606542817], [2; 640; 443.97926112956674], [2; 640; 453.79145126448714], [2; 640; 464.16438546614404], [2; 640; 475.15115844386895], [1; 1280; 973.6240644903229], [2; 640; 499.2157147775861], [2; 640; 512.4409262857101], [1; 1280; 1053.1566664890902], [2; 640; 541.7329554377413], [2; 640; 558.0271885856813], [2; 660; 593.5922813675257], [2; 660; 613.2173647189065], [2; 680; 653.7780740377711], [1; 1360; 1355.5464718603412], [2; 680; 733.1386187146127], [2; 680; 765.3708413058866], [2; 680; 801.3964143050629], [2; 680; 841.984022721809], [1; 1360; 1776.268375289111], [2; 680; 941.1762553245028], [2; 680; 1002.9195228654128], [2; 700; 1107.5420049970742], [2; 700; 1198.013985603327], [2; 700; 1309.553320261735], [1; 1400; 2902.581178320949], [2; 700; 1638.8600793311773], [2; 700; 1901.7286610193364], [1; 1400; 4607.5604158897695], [2; 700; 3018.80607706017], [2; 700; 4792.055942413307]];
Intervals[4.9E-324=3.1775361931933395, 3.1775361931933395=6.376434074469593, 6.376434074469593=9.597056323810213, 9.597056323810213=12.839775574784067, 12.839775574784067=19.370174013346976, 19.41592134577939=22.72727274449548, 22.72727274449548=29.397365438136294, 29.397365438136294=36.1157049955403, 36.1157049955403=56.41811036269178, 56.41811036269178=66.64436857511961, 66.64436857511961=80.38132412353474, 80.38132412353474=108.06297869190246, 108.06297869190246=122.00966380628888, 122.00966380628888=136.06425431134704, 136.06425431134704=153.77001377205693, 153.77001377205693=189.46202179792866, 189.46202179792866=207.45108090496132, 207.45108090496132=229.21310005539556, 229.21310005539556=273.09462782577435, 273.09462782577435=295.2178525948643, 295.2178525948643=321.24563407116585, 321.24563407116585=373.7451710597154, 373.7451710597154=404.0040854680379, 404.0040854680379=434.5278502468997, 434.5278502468997=465.322337986212, 465.322337986212=543.0005740932506, 543.0005740932506=582.1935823738369, 582.1935823738369=621.7486539808752, 621.7486539808752=701.599882562655, 701.599882562655=741.9048411572023, 741.9048411572023=782.5982850218609, 782.5982850218609=823.6897127235933, 823.6897127235933=1039.4860063114795, 1039.4860063114795=1257.4565927374827, 1257.4565927374827=1477.6570814718934, 1477.6570814718934=1922.6337046959864, 1922.6337046959864=2377.128993357291, 2386.7790588553125=2619.0490033001915, 2619.0490033001915=2853.936108297992, 2853.936108297992=3347.3699506801313, 3347.3699506801313=3596.964077657085, 3596.964077657085=3849.5207894218483, 3849.5207894218483=4105.129592192907, 4105.129592192907=4622.639205403222, 4622.639205403222=4884.63863919717, 4884.63863919717=5159.814058722555, 5159.814058722555=5717.3357187330475, 5717.3357187330475=6310.376339738124, 6310.376339738124=6611.000818921366, 6611.000818921366=7220.748171397327, 7220.748171397327=7530.024450543504, 7530.024450543504=7843.865796062894, 7843.865796062894=8162.444481032737, 8162.444481032737=8485.943421447055, 8485.943421447055=8814.557101752387, 8814.557101752387=9148.492605311783, 9148.492605311783=9487.970764601812, 9487.970764601812=9833.227448467604, 9833.227448467604=10196.628370867567, 10196.628370867567=10566.54791200161, 10566.54791200161=10955.84443813569, 10955.84443813569=11749.198095674927, 11749.198095674927=12153.61526415068, 12153.61526415068=12566.16175968582, 12566.16175968582=12987.258820340101, 12987.258820340101=13431.238081469668, 13431.238081469668=13885.029532734156, 13885.029532734156=14349.193918200299, 14349.193918200299=14824.345076644167, 14824.345076644167=15797.96914113449, 15797.96914113449=16297.184855912077, 16297.184855912077=16809.62578219779, 16809.62578219779=17862.782448686878, 17862.782448686878=18404.51540412462, 18404.51540412462=18962.542592710302, 18962.542592710302=19556.134874077827, 19556.134874077827=20169.35223879673, 20169.35223879673=20823.130312834503, 20823.130312834503=22178.676784694842, 22231.327481535274=22964.466100249887, 22964.466100249887=23729.836941555775, 23729.836941555775=24531.233355860837, 24531.233355860837=25373.217378582645, 25373.217378582645=27149.485753871755, 27149.485753871755=28090.662009196258, 28090.662009196258=29093.58153206167, 29093.58153206167=30201.123537058746, 30201.123537058746=31399.137522662073, 31399.137522662073=32708.690842923806, 32708.690842923806=35611.27202124475, 35611.27202124475=37250.13210057593, 37250.13210057593=39151.860761595264, 39151.860761595264=43759.421177485034, 43759.421177485034=46778.22725454521, 46778.22725454521=51570.28319695852];

Jobs: [[2; 10; 3.1775361931933395], [2; 10; 3.198897881276253], [2; 10; 3.2206222493406202], [2; 10; 3.242719250973855], [1; 20; 6.576145770995326], [2; 10; 3.3113513987160865], [2; 20; 6.670092693640814], [2; 20; 6.718339557404003], [2; 30; 10.22625821242784], [2; 40; 13.736955548415123], [2; 40; 13.946685114386426], [2; 40; 14.054590505058146], [2; 50; 17.70575946070988], [2; 50; 17.98905910703267], [2; 60; 21.762019150434227], [2; 60; 22.123224769089987], [2; 70; 26.027781476301513], [2; 80; 30.258914408322504], [2; 80; 30.523764778861807], [2; 80; 30.794487739312316], [2; 100; 39.19300828058619], [2; 100; 39.55507160703837], [2; 100; 40.30495859454736], [2; 100; 40.69344386465859], [2; 100; 41.0914277017324], [2; 520; 215.79629358788623], [2; 520; 217.9705864260031], [2; 520; 220.2004887344109], [1; 1040; 449.6730006311679], [1; 1040; 459.4489767522514], [2; 520; 232.26994444487877], [2; 520; 234.88710499780063], [2; 540; 249.59412697695362], [2; 540; 252.55671176476318], [2; 540; 255.60880277105835], [2; 540; 261.99943379394807], [2; 560; 275.1754195253857], [1; 1160; 585.1068183060876], [2; 580; 300.6244791832412], [2; 580; 309.2762791461777], [2; 580; 313.84134551939025], [2; 580; 318.5786849698425], [2; 580; 323.4989404143178], [2; 580; 328.61368030533197], [2; 580; 333.93550355939675], [2; 580; 339.4781592900296], [2; 580; 345.25668386579144], [2; 600; 363.4009223999633], [2; 600; 369.9195411340417], [2; 620; 389.29652613407904], [2; 620; 404.4171684757524], [2; 620; 412.5464955351401], [2; 620; 421.0970606542817], [2; 640; 443.97926112956674], [2; 640; 453.79145126448714], [2; 640; 464.16438546614404], [2; 640; 475.15115844386895], [2; 640; 499.2157147775861], [2; 640; 512.4409262857101], [2; 640; 541.7329554377413], [2; 640; 558.0271885856813], [2; 660; 593.5922813675257], [2; 660; 613.2173647189065], [2; 680; 653.7780740377711], [1; 1360; 1408.1971687007701], [2; 680; 733.1386187146127], [2; 680; 765.3708413058866], [2; 680; 801.3964143050629], [2; 680; 841.984022721809], [2; 680; 941.1762553245028], [2; 680; 1002.9195228654128], [2; 700; 1107.5420049970742], [2; 700; 1198.013985603327], [2; 700; 1309.553320261735], [2; 700; 1638.8600793311773], [2; 700; 1901.7286610193364], [2; 700; 3018.80607706017], [2; 700; 4792.055942413307]];
Intervals[4.9E-324=3.1775361931933395, 3.1775361931933395=6.376434074469593, 6.376434074469593=9.597056323810213, 9.597056323810213=12.839775574784067, 12.839775574784067=19.41592134577939, 19.41592134577939=22.72727274449548, 22.72727274449548=29.397365438136294, 29.397365438136294=36.1157049955403, 56.41811036269178=66.64436857511961, 66.64436857511961=80.38132412353474, 108.06297869190246=122.00966380628888, 122.00966380628888=136.06425431134704, 136.06425431134704=153.77001377205693, 189.46202179792866=207.45108090496132, 207.45108090496132=229.21310005539556, 273.09462782577435=295.2178525948643, 295.2178525948643=321.24563407116585, 373.7451710597154=404.0040854680379, 404.0040854680379=434.5278502468997, 434.5278502468997=465.322337986212, 543.0005740932506=582.1935823738369, 582.1935823738369=621.7486539808752, 701.599882562655=741.9048411572023, 741.9048411572023=782.5982850218609, 782.5982850218609=823.6897127235933, 823.6897127235933=1039.4860063114795, 1039.4860063114795=1257.4565927374827, 1257.4565927374827=1477.6570814718934, 1477.6570814718934=1927.3300821030614, 1927.3300821030614=2386.7790588553125, 2386.7790588553125=2619.0490033001915, 2619.0490033001915=2853.936108297992, 3347.3699506801313=3596.964077657085, 3596.964077657085=3849.5207894218483, 3849.5207894218483=4105.129592192907, 4622.639205403222=4884.63863919717, 4884.63863919717=5159.814058722555, 5159.814058722555=5744.920877028643, 6310.376339738124=6611.000818921366, 7220.748171397327=7530.024450543504, 7530.024450543504=7843.865796062894, 7843.865796062894=8162.444481032737, 8162.444481032737=8485.943421447055, 8485.943421447055=8814.557101752387, 8814.557101752387=9148.492605311783, 9148.492605311783=9487.970764601812, 9487.970764601812=9833.227448467604, 9833.227448467604=10196.628370867567, 10196.628370867567=10566.54791200161, 10566.54791200161=10955.84443813569, 11749.198095674927=12153.61526415068, 12153.61526415068=12566.16175968582, 12566.16175968582=12987.258820340101, 12987.258820340101=13431.238081469668, 13431.238081469668=13885.029532734156, 13885.029532734156=14349.193918200299, 14349.193918200299=14824.345076644167, 15797.96914113449=16297.184855912077, 16297.184855912077=16809.62578219779, 17862.782448686878=18404.51540412462, 18404.51540412462=18962.542592710302, 18962.542592710302=19556.134874077827, 19556.134874077827=20169.35223879673, 20169.35223879673=20823.130312834503, 20823.130312834503=22231.327481535274, 22231.327481535274=22964.466100249887, 22964.466100249887=23729.836941555775, 23729.836941555775=24531.233355860837, 24531.233355860837=25373.217378582645, 27149.485753871755=28090.662009196258, 28090.662009196258=29093.58153206167, 29093.58153206167=30201.123537058746, 30201.123537058746=31399.137522662073, 31399.137522662073=32708.690842923806, 35611.27202124475=37250.13210057593, 37250.13210057593=39151.860761595264, 43759.421177485034=46778.22725454521, 46778.22725454521=51570.28319695852];
