0.9999999999999999
55439.2260989294
55439.22609892939
[2; 10; 0.7893169583274793]
[2; 10; 0.8000197647525799]
[2; 20; 1.622185844250858]
[2; 20; 1.6451147398962096]
[2; 20; 1.6688714217703493]
[2; 20; 1.6935047652319677]
[2; 30; 2.578601555213647]
[2; 30; 2.618426499378927]
[2; 30; 2.659825616330932]
[2; 40; 3.6038678436205918]
[2; 40; 3.6636847799540306]
[2; 50; 4.65755904776718]
[2; 60; 5.686699625223285]
[2; 70; 6.753491026870674]
[2; 80; 7.860552807970732]
[2; 100; 10.011966942032378]
[2; 520; 53.07811635347614]
[2; 520; 54.14505762394674]
[2; 520; 55.2672846846631]
[2; 540; 58.62066405228441]
[2; 540; 59.916213533701395]
[2; 540; 61.285800684066814]
[2; 560; 65.06000754489287]
[2; 560; 66.65667109923788]
[2; 560; 68.35504363775149]
[2; 560; 70.16590391918128]
[2; 560; 72.10166643824854]
[2; 560; 74.17671101450168]
[2; 560; 76.40779666525559]
[2; 580; 81.6293929740366]
[2; 580; 84.3281875697942]
[2; 580; 87.26170535063054]
[2; 580; 90.46441102407634]
[2; 600; 97.21875892615213]
[2; 600; 101.22847597830017]
[2; 600; 105.67895599260987]
[2; 620; 114.34164489116002]
[2; 620; 120.13260405410234]
[2; 640; 130.80486988884113]
[2; 640; 138.61693349142746]
[2; 660; 152.32646795663717]
[2; 660; 163.41065311844753]
[2; 680; 182.1155478247035]
[2; 680; 199.07114874374378]
[2; 680; 220.6172748181167]
[2; 680; 249.1305650368741]
[2; 680; 289.0904121966992]
[2; 680; 350.2080941286359]
[2; 700; 472.3995545654008]
[2; 700; 749.887549866426]


Jobs: [[2; 10; 0.7893169583274793], [2; 10; 0.8000197647525799], [2; 20; 1.622185844250858], [2; 20; 1.6451147398962096], [2; 20; 1.6688714217703493], [2; 20; 1.6935047652319677], [2; 30; 2.578601555213647], [2; 30; 2.618426499378927], [2; 30; 2.659825616330932], [2; 40; 3.6038678436205918], [2; 40; 3.6636847799540306], [2; 50; 4.65755904776718], [2; 60; 5.686699625223285], [2; 70; 6.753491026870674], [2; 80; 7.860552807970732], [2; 100; 10.011966942032378], [2; 520; 53.07811635347614], [2; 520; 54.14505762394674], [2; 520; 55.2672846846631], [2; 540; 58.62066405228441], [2; 540; 59.916213533701395], [2; 540; 61.285800684066814], [2; 560; 65.06000754489287], [2; 560; 66.65667109923788], [2; 560; 68.35504363775149], [2; 560; 70.16590391918128], [2; 560; 72.10166643824854], [2; 560; 74.17671101450168], [2; 560; 76.40779666525559], [2; 580; 81.6293929740366], [2; 580; 84.3281875697942], [2; 580; 87.26170535063054], [2; 580; 90.46441102407634], [2; 600; 97.21875892615213], [2; 600; 101.22847597830017], [2; 600; 105.67895599260987], [2; 620; 114.34164489116002], [2; 620; 120.13260405410234], [2; 640; 130.80486988884113], [2; 640; 138.61693349142746], [2; 660; 152.32646795663717], [2; 660; 163.41065311844753], [2; 680; 182.1155478247035], [2; 680; 199.07114874374378], [2; 680; 220.6172748181167], [2; 680; 249.1305650368741], [2; 680; 289.0904121966992], [2; 680; 350.2080941286359], [2; 700; 472.3995545654008], [2; 700; 749.887549866426]];
Intervals[4.9E-324=0.7893169583274793, 0.7893169583274793=1.5893367230800592, 1.5893367230800592=3.2115225673309173, 3.2115225673309173=4.8566373072271265, 4.8566373072271265=6.525508728997476, 6.525508728997476=8.219013494229443, 8.219013494229443=10.79761504944309, 10.79761504944309=13.416041548822017, 13.416041548822017=16.07586716515295, 16.07586716515295=19.67973500877354, 19.67973500877354=23.343419788727573, 23.343419788727573=28.000978836494752, 28.000978836494752=33.687678461718036, 33.687678461718036=40.44116948858871, 40.44116948858871=48.30172229655945, 48.30172229655945=58.31368923859183, 58.31368923859183=111.39180559206797, 111.39180559206797=165.5368632160147, 165.5368632160147=220.8041479006778, 220.8041479006778=279.4248119529622, 279.4248119529622=339.3410254866636, 339.3410254866636=400.62682617073045, 400.62682617073045=465.6868337156233, 465.6868337156233=532.3435048148613, 532.3435048148613=600.6985484526127, 600.6985484526127=670.864452371794, 670.864452371794=742.9661188100425, 742.9661188100425=817.1428298245442, 817.1428298245442=893.5506264897997, 893.5506264897997=975.1800194638363, 975.1800194638363=1059.5082070336305, 1059.5082070336305=1146.769912384261, 1146.769912384261=1237.2343234083373, 1237.2343234083373=1334.4530823344894, 1334.4530823344894=1435.6815583127895, 1435.6815583127895=1541.3605143053994, 1541.3605143053994=1655.7021591965595, 1655.7021591965595=1775.8347632506618, 1775.8347632506618=1906.6396331395028, 1906.6396331395028=2045.2565666309304, 2045.2565666309304=2197.5830345875675, 2197.5830345875675=2360.993687706015, 2360.993687706015=2543.1092355307183, 2543.1092355307183=2742.180384274462, 2742.180384274462=2962.7976590925787, 2962.7976590925787=3211.9282241294527, 3211.9282241294527=3501.018636326152, 3501.018636326152=3851.2267304547877, 3851.2267304547877=4323.626285020188, 4323.626285020188=5073.513834886614];

Jobs: [[2; 10; 0.7893169583274793], [2; 10; 0.8000197647525799], [2; 20; 1.622185844250858], [2; 20; 1.6451147398962096], [2; 20; 1.6688714217703493], [2; 20; 1.6935047652319677], [2; 30; 2.578601555213647], [2; 30; 2.618426499378927], [2; 30; 2.659825616330932], [2; 40; 3.6038678436205918], [2; 40; 3.6636847799540306], [2; 50; 4.65755904776718], [2; 60; 5.686699625223285], [2; 70; 6.753491026870674], [2; 80; 7.860552807970732], [2; 100; 10.011966942032378], [2; 520; 53.07811635347614], [2; 520; 54.14505762394674], [2; 520; 55.2672846846631], [2; 540; 58.62066405228441], [2; 540; 59.916213533701395], [2; 540; 61.285800684066814], [2; 560; 65.06000754489287], [2; 560; 66.65667109923788], [2; 560; 68.35504363775149], [2; 560; 70.16590391918128], [2; 560; 72.10166643824854], [2; 560; 74.17671101450168], [2; 560; 76.40779666525559], [2; 580; 81.6293929740366], [2; 580; 84.3281875697942], [2; 580; 87.26170535063054], [2; 580; 90.46441102407634], [2; 600; 97.21875892615213], [2; 600; 101.22847597830017], [2; 600; 105.67895599260987], [2; 620; 114.34164489116002], [2; 620; 120.13260405410234], [2; 640; 130.80486988884113], [2; 640; 138.61693349142746], [2; 660; 152.32646795663717], [2; 660; 163.41065311844753], [2; 680; 182.1155478247035], [2; 680; 199.07114874374378], [2; 680; 220.6172748181167], [2; 680; 249.1305650368741], [2; 680; 289.0904121966992], [2; 680; 350.2080941286359], [2; 700; 472.3995545654008], [2; 700; 749.887549866426]];
Intervals[4.9E-324=0.7893169583274793, 0.7893169583274793=1.5893367230800592, 1.5893367230800592=3.2115225673309173, 3.2115225673309173=4.8566373072271265, 4.8566373072271265=6.525508728997476, 6.525508728997476=8.219013494229443, 8.219013494229443=10.79761504944309, 10.79761504944309=13.416041548822017, 13.416041548822017=16.07586716515295, 16.07586716515295=19.67973500877354, 19.67973500877354=23.343419788727573, 23.343419788727573=28.000978836494752, 28.000978836494752=33.687678461718036, 33.687678461718036=40.44116948858871, 40.44116948858871=48.30172229655945, 48.30172229655945=58.31368923859183, 58.31368923859183=111.39180559206797, 111.39180559206797=165.5368632160147, 165.5368632160147=220.8041479006778, 220.8041479006778=279.4248119529622, 279.4248119529622=339.3410254866636, 339.3410254866636=400.62682617073045, 400.62682617073045=465.6868337156233, 465.6868337156233=532.3435048148613, 532.3435048148613=600.6985484526127, 600.6985484526127=670.864452371794, 670.864452371794=742.9661188100425, 742.9661188100425=817.1428298245442, 817.1428298245442=893.5506264897997, 893.5506264897997=975.1800194638363, 975.1800194638363=1059.5082070336305, 1059.5082070336305=1146.769912384261, 1146.769912384261=1237.2343234083373, 1237.2343234083373=1334.4530823344894, 1334.4530823344894=1435.6815583127895, 1435.6815583127895=1541.3605143053994, 1541.3605143053994=1655.7021591965595, 1655.7021591965595=1775.8347632506618, 1775.8347632506618=1906.6396331395028, 1906.6396331395028=2045.2565666309304, 2045.2565666309304=2197.5830345875675, 2197.5830345875675=2360.993687706015, 2360.993687706015=2543.1092355307183, 2543.1092355307183=2742.180384274462, 2742.180384274462=2962.7976590925787, 2962.7976590925787=3211.9282241294527, 3211.9282241294527=3501.018636326152, 3501.018636326152=3851.2267304547877, 3851.2267304547877=4323.626285020188, 4323.626285020188=5073.513834886614];
