1.155183532472224
8000.769064497957
9242.35667042124
[1; 20; 0.4343346523721943]
[1; 40; 0.8804480956572382]
[1; 40; 0.8926344699836941]
[1; 40; 0.9052514723353275]
[2; 20; 0.4591619888443993]
[2; 30; 0.6989091603862165]
[2; 30; 0.7094589811317932]
[1; 80; 1.921109724674204]
[1; 80; 1.9514837856563572]
[1; 100; 2.478859523003019]
[1; 100; 2.520003590627331]
[1; 100; 2.5628985524413763]
[1; 120; 3.129200099919422]
[1; 120; 3.1853311142803724]
[2; 60; 1.622024477279173]
[2; 60; 1.6527748968717972]
[1; 120; 3.3700508597586563]
[2; 70; 2.0053794823755617]
[1; 140; 4.093887184421975]
[1; 140; 4.181461093729516]
[2; 70; 2.1369368619852667]
[1; 160; 4.996077169353939]
[1; 160; 5.114334337197098]
[2; 80; 2.619923626437131]
[1; 180; 6.045024892987058]
[1; 180; 6.20516955673677]
[1; 180; 6.376360035038364]
[1; 200; 7.2887422411540985]
[1; 200; 7.5079728865126345]
[1; 200; 7.744468535624465]
[2; 100; 4.000256350725465]
[1; 200; 8.278825884051809]
[1; 200; 8.582677871837094]
[1; 1040; 46.36339309304929]
[1; 1080; 50.132372064612994]
[1; 1080; 52.33642697887769]
[1; 1200; 60.88874780237816]
[1; 1200; 63.9725258286774]
[2; 600; 33.73946875782628]
[1; 1240; 73.89261716083304]
[2; 620; 39.37006906356126]
[1; 1280; 87.1945720477337]
[1; 1280; 94.3172505517367]
[1; 1280; 103.09851980215626]
[1; 1320; 117.82775003784761]
[2; 660; 66.52809479256153]
[1; 1360; 159.076759166111]
[1; 1360; 192.70776994782614]
[2; 700; 129.97281646381145]
[2; 700; 206.31898558192404]


Jobs: [[1; 20; 0.4343346523721943], [1; 40; 0.8926344699836941], [2; 20; 0.4591619888443993], [2; 30; 0.6989091603862165], [2; 30; 0.7094589811317932], [1; 80; 1.921109724674204], [1; 100; 2.478859523003019], [1; 100; 2.5628985524413763], [1; 120; 3.1853311142803724], [2; 60; 1.622024477279173], [2; 60; 1.6527748968717972], [1; 120; 3.3700508597586563], [2; 70; 2.0053794823755617], [1; 140; 4.093887184421975], [2; 70; 2.1369368619852667], [1; 160; 4.996077169353939], [2; 80; 2.619923626437131], [1; 180; 6.045024892987058], [1; 180; 6.376360035038364], [1; 200; 7.5079728865126345], [2; 100; 4.000256350725465], [1; 200; 8.278825884051809], [1; 1040; 46.36339309304929], [1; 1080; 52.33642697887769], [1; 1200; 63.9725258286774], [2; 600; 33.73946875782628], [1; 1240; 73.89261716083304], [2; 620; 39.37006906356126], [1; 1280; 87.1945720477337], [1; 1280; 103.09851980215626], [2; 660; 66.52809479256153], [1; 1360; 159.076759166111], [2; 700; 129.97281646381145], [2; 700; 206.31898558192404]];
Intervals[0.0=0.4343346523721943, 0.4343346523721943=1.3269691223558884, 1.7856995679925658=2.244861556836965, 2.244861556836965=2.943770717223182, 2.943770717223182=3.6532296983549752, 3.6532296983549752=5.574339423029179, 5.574339423029179=8.053198946032198, 8.053198946032198=10.616097498473575, 10.616097498473575=13.801428612753948, 13.801428612753948=15.42345309003312, 15.42345309003312=17.076227986904918, 17.076227986904918=20.446278846663574, 20.446278846663574=22.451658329039137, 22.451658329039137=26.545545513461114, 26.633119422768655=28.77005628475392, 28.77005628475392=33.76613345410786, 33.88439062195102=36.50431424838815, 36.50431424838815=42.54933914137521, 42.54933914137521=48.92569917641357, 48.92569917641357=56.433672062926206, 57.74269458190348=61.74295093262894, 61.74295093262894=70.02177681668076, 70.02177681668076=116.38516990973005, 116.38516990973005=168.72159688860773, 168.72159688860773=232.69412271728513, 232.69412271728513=266.4335914751114, 266.4335914751114=340.32620863594445, 340.32620863594445=379.6962776995057, 379.6962776995057=466.8908497472394, 466.8908497472394=569.9893695493956, 591.84127828909=658.3693730816516, 658.3693730816516=817.4461322477625, 851.0771430294777=981.0499594932892, 981.0499594932892=1187.368945075213];

Jobs: [[1; 40; 0.8804480956572382], [1; 40; 0.9052514723353275], [2; 20; 0.4591619888443993], [2; 30; 0.6989091603862165], [2; 30; 0.7094589811317932], [1; 80; 1.9514837856563572], [1; 100; 2.520003590627331], [1; 120; 3.129200099919422], [2; 60; 1.622024477279173], [2; 60; 1.6527748968717972], [2; 70; 2.0053794823755617], [1; 140; 4.181461093729516], [2; 70; 2.1369368619852667], [1; 160; 5.114334337197098], [2; 80; 2.619923626437131], [1; 180; 6.20516955673677], [1; 200; 7.2887422411540985], [1; 200; 7.744468535624465], [2; 100; 4.000256350725465], [1; 200; 8.582677871837094], [1; 1080; 50.132372064612994], [1; 1200; 60.88874780237816], [2; 600; 33.73946875782628], [2; 620; 39.37006906356126], [1; 1280; 94.3172505517367], [1; 1320; 117.82775003784761], [2; 660; 66.52809479256153], [1; 1360; 192.70776994782614], [2; 700; 129.97281646381145], [2; 700; 206.31898558192404]];
Intervals[0.0=0.8804480956572382, 0.8804480956572382=1.7856995679925658, 1.7856995679925658=2.244861556836965, 2.244861556836965=2.943770717223182, 2.943770717223182=3.6532296983549752, 3.6532296983549752=5.604713484011333, 5.604713484011333=8.124717074638664, 8.124717074638664=11.253917174558087, 13.801428612753948=15.42345309003312, 15.42345309003312=17.076227986904918, 20.446278846663574=22.451658329039137, 22.451658329039137=26.633119422768655, 26.633119422768655=28.77005628475392, 28.77005628475392=33.88439062195102, 33.88439062195102=36.50431424838815, 36.50431424838815=42.70948380512492, 42.70948380512492=49.998226046279015, 49.998226046279015=57.74269458190348, 57.74269458190348=61.74295093262894, 61.74295093262894=70.32562880446604, 70.32562880446604=120.45800086907903, 120.45800086907903=181.3467486714572, 232.69412271728513=266.4335914751114, 340.32620863594445=379.6962776995057, 379.6962776995057=474.0135282512424, 474.0135282512424=591.84127828909, 591.84127828909=658.3693730816516, 658.3693730816516=851.0771430294777, 851.0771430294777=981.0499594932892, 981.0499594932892=1187.368945075213];
