1.112983327742876
149.49005831959403
166.37994257301838
[1; 10; 0.015291433548524315]
[1; 10; 0.015498778964716733]
[1; 20; 0.03142659837599391]
[2; 10; 0.015935399879235666]
[2; 10; 0.016165518919742283]
[2; 10; 0.01640412974055847]
[2; 10; 0.01665174507894442]
[1; 30; 0.05072676368412199]
[1; 30; 0.05152878857305961]
[2; 20; 0.03490885699780192]
[1; 40; 0.0709765472087623]
[1; 40; 0.07218469480566897]
[1; 50; 0.09180700320711352]
[1; 60; 0.11214458436147447]
[2; 30; 0.05710591907168361]
[1; 60; 0.11637707177242113]
[2; 30; 0.05932396654940007]
[1; 60; 0.12103291555816457]
[2; 40; 0.08236098724314532]
[2; 40; 0.08412280267732641]
[2; 40; 0.08598196369410967]
[2; 40; 0.08794737148097524]
[2; 40; 0.09002908613790381]
[1; 90; 0.20753668303552386]
[2; 50; 0.11823588606597041]
[2; 50; 0.12136818850514655]
[1; 110; 0.2743763842700916]
[2; 60; 0.15396697043286436]
[2; 60; 0.15859798593253593]
[2; 60; 0.16359370637504353]
[2; 60; 0.16900236855638973]
[2; 70; 0.2040283468566278]
[2; 70; 0.2115166573520033]
[1; 150; 0.4708546345372197]
[1; 150; 0.49027469171590626]
[2; 80; 0.27297571923664243]
[1; 170; 0.6073771306829375]
[1; 170; 0.6381384177331462]
[1; 170; 0.673115557948615]
[2; 90; 0.37763791456401785]
[1; 190; 0.8495360358331797]
[1; 200; 0.9593193268267638]
[2; 120; 0.6226100491065715]
[2; 130; 0.7372920147316342]
[2; 160; 1.005651148031805]
[2; 160; 1.1356247553401966]
[2; 180; 1.4824977703766156]
[2; 190; 1.8956913822297239]
[2; 200; 2.614798355818167]
[2; 200; 4.150733660710476]


Jobs: [[1; 10; 0.015291433548524315], [1; 20; 0.03142659837599391], [2; 10; 0.015935399879235666], [2; 10; 0.016165518919742283], [2; 10; 0.01640412974055847], [2; 10; 0.01665174507894442], [1; 30; 0.05072676368412199], [2; 20; 0.03490885699780192], [1; 40; 0.0709765472087623], [1; 50; 0.09180700320711352], [2; 30; 0.05710591907168361], [1; 60; 0.11637707177242113], [2; 30; 0.05932396654940007], [1; 60; 0.12103291555816457], [2; 40; 0.08236098724314532], [2; 40; 0.08412280267732641], [2; 40; 0.08598196369410967], [2; 40; 0.08794737148097524], [2; 40; 0.09002908613790381], [1; 90; 0.20753668303552386], [2; 50; 0.11823588606597041], [2; 50; 0.12136818850514655], [1; 110; 0.2743763842700916], [2; 60; 0.15396697043286436], [2; 60; 0.15859798593253593], [2; 60; 0.16359370637504353], [2; 60; 0.16900236855638973], [2; 70; 0.2040283468566278], [2; 70; 0.2115166573520033], [1; 150; 0.4708546345372197], [2; 80; 0.27297571923664243], [1; 170; 0.6073771306829375], [1; 170; 0.673115557948615], [2; 90; 0.37763791456401785], [1; 190; 0.8495360358331797], [2; 120; 0.6226100491065715], [2; 130; 0.7372920147316342], [2; 160; 1.005651148031805], [2; 160; 1.1356247553401966], [2; 180; 1.4824977703766156], [2; 190; 1.8956913822297239], [2; 200; 2.614798355818167], [2; 200; 4.150733660710476]];
Intervals[0.0=0.015291433548524315, 0.015291433548524315=0.046718031924518226, 0.046718031924518226=0.06265343180375389, 0.06265343180375389=0.07881895072349618, 0.07881895072349618=0.09522308046405464, 0.09522308046405464=0.11187482554299906, 0.11187482554299906=0.16260158922712104, 0.16340361411605867=0.19831247111386058, 0.19831247111386058=0.26928901832262286, 0.26928901832262286=0.3610960215297364, 0.382641750281004=0.4397476693526876, 0.4397476693526876=0.5561247411251087, 0.5561247411251087=0.6154487076745088, 0.6154487076745088=0.7364816232326733, 0.7364816232326733=0.8188426104758186, 0.8188426104758186=0.902965413153145, 0.902965413153145=0.9889473768472548, 0.9889473768472548=1.07689474832823, 1.07689474832823=1.166923834466134, 1.166923834466134=1.3744605175016578, 1.3744605175016578=1.4926964035676282, 1.4926964035676282=1.6140645920727748, 1.6140645920727748=1.8884409763428662, 1.8884409763428662=2.0424079467757306, 2.0424079467757306=2.2010059327082665, 2.2010059327082665=2.36459963908331, 2.36459963908331=2.5336020076396997, 2.5336020076396997=2.7376303544963276, 2.7376303544963276=2.949147011848331, 2.949147011848331=3.420001646385551, 3.4394217035642374=3.71239742280088, 3.71239742280088=4.319774553483818, 4.319774553483818=4.992890111432432, 4.992890111432432=5.37052802599645, 5.37052802599645=6.220064061829629, 6.329847352823213=6.9524574019297845, 6.9524574019297845=7.689749416661419, 7.689749416661419=8.695400564693225, 8.695400564693225=9.831025320033422, 9.831025320033422=11.313523090410039, 11.313523090410039=13.209214472639763, 13.209214472639763=15.82401282845793, 15.82401282845793=19.974746489168407];

Jobs: [[1; 10; 0.015498778964716733], [2; 10; 0.015935399879235666], [2; 10; 0.016165518919742283], [2; 10; 0.01640412974055847], [2; 10; 0.01665174507894442], [1; 30; 0.05152878857305961], [2; 20; 0.03490885699780192], [1; 40; 0.07218469480566897], [1; 60; 0.11214458436147447], [2; 30; 0.05710591907168361], [2; 30; 0.05932396654940007], [2; 40; 0.08236098724314532], [2; 40; 0.08412280267732641], [2; 40; 0.08598196369410967], [2; 40; 0.08794737148097524], [2; 40; 0.09002908613790381], [2; 50; 0.11823588606597041], [2; 50; 0.12136818850514655], [2; 60; 0.15396697043286436], [2; 60; 0.15859798593253593], [2; 60; 0.16359370637504353], [2; 60; 0.16900236855638973], [2; 70; 0.2040283468566278], [2; 70; 0.2115166573520033], [1; 150; 0.49027469171590626], [2; 80; 0.27297571923664243], [1; 170; 0.6381384177331462], [2; 90; 0.37763791456401785], [1; 200; 0.9593193268267638], [2; 120; 0.6226100491065715], [2; 130; 0.7372920147316342], [2; 160; 1.005651148031805], [2; 160; 1.1356247553401966], [2; 180; 1.4824977703766156], [2; 190; 1.8956913822297239], [2; 200; 2.614798355818167], [2; 200; 4.150733660710476]];
Intervals[0.0=0.015498778964716733, 0.046718031924518226=0.06265343180375389, 0.06265343180375389=0.07881895072349618, 0.07881895072349618=0.09522308046405464, 0.09522308046405464=0.11187482554299906, 0.11187482554299906=0.16340361411605867, 0.16340361411605867=0.19831247111386058, 0.19831247111386058=0.27049716591952955, 0.27049716591952955=0.382641750281004, 0.382641750281004=0.4397476693526876, 0.5561247411251087=0.6154487076745088, 0.7364816232326733=0.8188426104758186, 0.8188426104758186=0.902965413153145, 0.902965413153145=0.9889473768472548, 0.9889473768472548=1.07689474832823, 1.07689474832823=1.166923834466134, 1.3744605175016578=1.4926964035676282, 1.4926964035676282=1.6140645920727748, 1.8884409763428662=2.0424079467757306, 2.0424079467757306=2.2010059327082665, 2.2010059327082665=2.36459963908331, 2.36459963908331=2.5336020076396997, 2.5336020076396997=2.7376303544963276, 2.7376303544963276=2.949147011848331, 2.949147011848331=3.4394217035642374, 3.4394217035642374=3.71239742280088, 3.71239742280088=4.350535840534026, 4.992890111432432=5.37052802599645, 5.37052802599645=6.329847352823213, 6.329847352823213=6.9524574019297845, 6.9524574019297845=7.689749416661419, 7.689749416661419=8.695400564693225, 8.695400564693225=9.831025320033422, 9.831025320033422=11.313523090410039, 11.313523090410039=13.209214472639763, 13.209214472639763=15.82401282845793, 15.82401282845793=19.974746489168407];
