1.0000000000000002
25452.06259545733
25452.062595457337
[2; 20; 0.9394751814863745]
[2; 20; 0.9522140703478794]
[2; 20; 0.9653937650481278]
[2; 20; 0.9790391885820038]
[2; 20; 0.993177243503891]
[2; 30; 1.5117555247092367]
[2; 30; 1.5345750135652765]
[2; 40; 2.0777007975142174]
[2; 40; 2.110550670645263]
[2; 40; 2.1447305551451583]
[2; 50; 2.7254109449021846]
[2; 70; 3.880523229438096]
[2; 70; 3.9483074303149728]
[2; 70; 4.019131440923359]
[2; 80; 4.6779650417618805]
[2; 80; 4.766650132454902]
[2; 80; 4.8596615931946845]
[2; 80; 4.957347303813553]
[2; 80; 5.060094803545613]
[2; 80; 5.168337230229833]
[2; 80; 5.28256037537265]
[2; 100; 6.754138887726486]
[2; 100; 6.914009383919234]
[2; 100; 7.083688841611979]
[2; 520; 37.773720617573964]
[2; 520; 38.77442117612663]
[2; 520; 39.8441440332244]
[2; 520; 40.99083562935278]
[2; 540; 43.84774783543741]
[2; 540; 45.228919789995466]
[2; 540; 46.724258170620416]
[2; 560; 50.14037894700677]
[2; 560; 51.980646398542895]
[2; 560; 53.99962347672689]
[2; 580; 58.23489865300165]
[2; 600; 62.89156422714053]
[2; 620; 68.04689576997865]
[2; 620; 71.49320612299165]
[2; 640; 77.84447526536971]
[2; 660; 85.0715079382785]
[2; 680; 93.39943123941495]
[2; 680; 100.19573265539843]
[2; 680; 108.38043927666327]
[2; 680; 118.47104108279918]
[2; 680; 131.29355204654536]
[2; 680; 148.26235540267882]
[2; 680; 172.0432233205508]
[2; 700; 214.54539094813137]
[2; 700; 281.1339934972493]
[2; 700; 446.2723970215545]


Jobs: [[2; 20; 0.9394751814863745], [2; 20; 0.9522140703478794], [2; 20; 0.9653937650481278], [2; 20; 0.9790391885820038], [2; 20; 0.993177243503891], [2; 30; 1.5117555247092367], [2; 30; 1.5345750135652765], [2; 40; 2.0777007975142174], [2; 40; 2.110550670645263], [2; 40; 2.1447305551451583], [2; 50; 2.7254109449021846], [2; 70; 3.880523229438096], [2; 70; 3.9483074303149728], [2; 70; 4.019131440923359], [2; 80; 4.6779650417618805], [2; 80; 4.766650132454902], [2; 80; 4.8596615931946845], [2; 80; 4.957347303813553], [2; 80; 5.060094803545613], [2; 80; 5.168337230229833], [2; 80; 5.28256037537265], [2; 100; 6.754138887726486], [2; 100; 6.914009383919234], [2; 100; 7.083688841611979], [2; 520; 37.773720617573964], [2; 520; 38.77442117612663], [2; 520; 39.8441440332244], [2; 520; 40.99083562935278], [2; 540; 43.84774783543741], [2; 540; 45.228919789995466], [2; 540; 46.724258170620416], [2; 560; 50.14037894700677], [2; 560; 51.980646398542895], [2; 560; 53.99962347672689], [2; 580; 58.23489865300165], [2; 600; 62.89156422714053], [2; 620; 68.04689576997865], [2; 620; 71.49320612299165], [2; 640; 77.84447526536971], [2; 660; 85.0715079382785], [2; 680; 93.39943123941495], [2; 680; 100.19573265539843], [2; 680; 108.38043927666327], [2; 680; 118.47104108279918], [2; 680; 131.29355204654536], [2; 680; 148.26235540267882], [2; 680; 172.0432233205508], [2; 700; 214.54539094813137], [2; 700; 281.1339934972493], [2; 700; 446.2723970215545]];
Intervals[4.9E-324=0.9394751814863745, 0.9394751814863745=1.8916892518342538, 1.8916892518342538=2.8570830168823815, 2.8570830168823815=3.8361222054643855, 3.8361222054643855=4.829299448968277, 4.829299448968277=6.3410549736775135, 6.3410549736775135=7.87562998724279, 7.87562998724279=9.953330784757007, 9.953330784757007=12.06388145540227, 12.06388145540227=14.20861201054743, 14.20861201054743=16.934022955449613, 16.934022955449613=20.81454618488771, 20.81454618488771=24.762853615202683, 24.762853615202683=28.781985056126043, 28.781985056126043=33.459950097887926, 33.459950097887926=38.226600230342825, 38.226600230342825=43.08626182353751, 43.08626182353751=48.04360912735107, 48.04360912735107=53.10370393089668, 53.10370393089668=58.27204116112651, 58.27204116112651=63.55460153649916, 63.55460153649916=70.30874042422565, 70.30874042422565=77.22274980814488, 77.22274980814488=84.30643864975686, 84.30643864975686=122.08015926733083, 122.08015926733083=160.85458044345745, 160.85458044345745=200.69872447668186, 200.69872447668186=241.68956010603463, 241.68956010603463=285.537307941472, 285.537307941472=330.7662277314675, 330.7662277314675=377.4904859020879, 377.4904859020879=427.6308648490947, 427.6308648490947=479.61151124763757, 479.61151124763757=533.6111347243644, 533.6111347243644=591.8460333773661, 591.8460333773661=654.7375976045066, 654.7375976045066=722.7844933744852, 722.7844933744852=794.2776994974769, 794.2776994974769=872.1221747628466, 872.1221747628466=957.1936827011251, 957.1936827011251=1050.59311394054, 1050.59311394054=1150.7888465959384, 1150.7888465959384=1259.1692858726017, 1259.1692858726017=1377.640326955401, 1377.640326955401=1508.9338790019463, 1508.9338790019463=1657.196234404625, 1657.196234404625=1829.239457725176, 1829.239457725176=2043.7848486733074, 2043.7848486733074=2324.9188421705567, 2324.9188421705567=2771.1912391921114];

Jobs: [[2; 20; 0.9394751814863745], [2; 20; 0.9522140703478794], [2; 20; 0.9653937650481278], [2; 20; 0.9790391885820038], [2; 20; 0.993177243503891], [2; 30; 1.5117555247092367], [2; 30; 1.5345750135652765], [2; 40; 2.0777007975142174], [2; 40; 2.110550670645263], [2; 40; 2.1447305551451583], [2; 50; 2.7254109449021846], [2; 70; 3.880523229438096], [2; 70; 3.9483074303149728], [2; 70; 4.019131440923359], [2; 80; 4.6779650417618805], [2; 80; 4.766650132454902], [2; 80; 4.8596615931946845], [2; 80; 4.957347303813553], [2; 80; 5.060094803545613], [2; 80; 5.168337230229833], [2; 80; 5.28256037537265], [2; 100; 6.754138887726486], [2; 100; 6.914009383919234], [2; 100; 7.083688841611979], [2; 520; 37.773720617573964], [2; 520; 38.77442117612663], [2; 520; 39.8441440332244], [2; 520; 40.99083562935278], [2; 540; 43.84774783543741], [2; 540; 45.228919789995466], [2; 540; 46.724258170620416], [2; 560; 50.14037894700677], [2; 560; 51.980646398542895], [2; 560; 53.99962347672689], [2; 580; 58.23489865300165], [2; 600; 62.89156422714053], [2; 620; 68.04689576997865], [2; 620; 71.49320612299165], [2; 640; 77.84447526536971], [2; 660; 85.0715079382785], [2; 680; 93.39943123941495], [2; 680; 100.19573265539843], [2; 680; 108.38043927666327], [2; 680; 118.47104108279918], [2; 680; 131.29355204654536], [2; 680; 148.26235540267882], [2; 680; 172.0432233205508], [2; 700; 214.54539094813137], [2; 700; 281.1339934972493], [2; 700; 446.2723970215545]];
Intervals[4.9E-324=0.9394751814863745, 0.9394751814863745=1.8916892518342538, 1.8916892518342538=2.8570830168823815, 2.8570830168823815=3.8361222054643855, 3.8361222054643855=4.829299448968277, 4.829299448968277=6.3410549736775135, 6.3410549736775135=7.87562998724279, 7.87562998724279=9.953330784757007, 9.953330784757007=12.06388145540227, 12.06388145540227=14.20861201054743, 14.20861201054743=16.934022955449613, 16.934022955449613=20.81454618488771, 20.81454618488771=24.762853615202683, 24.762853615202683=28.781985056126043, 28.781985056126043=33.459950097887926, 33.459950097887926=38.226600230342825, 38.226600230342825=43.08626182353751, 43.08626182353751=48.04360912735107, 48.04360912735107=53.10370393089668, 53.10370393089668=58.27204116112651, 58.27204116112651=63.55460153649916, 63.55460153649916=70.30874042422565, 70.30874042422565=77.22274980814488, 77.22274980814488=84.30643864975686, 84.30643864975686=122.08015926733083, 122.08015926733083=160.85458044345745, 160.85458044345745=200.69872447668186, 200.69872447668186=241.68956010603463, 241.68956010603463=285.537307941472, 285.537307941472=330.7662277314675, 330.7662277314675=377.4904859020879, 377.4904859020879=427.6308648490947, 427.6308648490947=479.61151124763757, 479.61151124763757=533.6111347243644, 533.6111347243644=591.8460333773661, 591.8460333773661=654.7375976045066, 654.7375976045066=722.7844933744852, 722.7844933744852=794.2776994974769, 794.2776994974769=872.1221747628466, 872.1221747628466=957.1936827011251, 957.1936827011251=1050.59311394054, 1050.59311394054=1150.7888465959384, 1150.7888465959384=1259.1692858726017, 1259.1692858726017=1377.640326955401, 1377.640326955401=1508.9338790019463, 1508.9338790019463=1657.196234404625, 1657.196234404625=1829.239457725176, 1829.239457725176=2043.7848486733074, 2043.7848486733074=2324.9188421705567, 2324.9188421705567=2771.1912391921114];
