1.158999136488485
18106.605501409802
20985.540140871613
[1; 20; 0.7486773300155976]
[2; 10; 0.3794145400751463]
[1; 40; 1.5386642258849708]
[2; 20; 0.7802062897803569]
[1; 60; 2.3744191487495776]
[2; 30; 1.204733357708242]
[1; 80; 3.261115841426801]
[2; 40; 1.655740903334105]
[1; 120; 5.045757904305771]
[1; 120; 5.127472797381936]
[1; 120; 5.212578502469141]
[1; 120; 5.301305898194979]
[1; 140; 6.292892719810141]
[1; 140; 6.4057734689947905]
[2; 70; 3.2619281920279874]
[2; 70; 3.3237679866740737]
[2; 70; 3.388624543587233]
[1; 140; 6.91348087624571]
[1; 140; 7.0567717999889785]
[2; 70; 3.603862954658796]
[1; 160; 8.419452212080705]
[2; 80; 4.3059535950846595]
[2; 90; 4.958859976864075]
[1; 180; 10.161114668697884]
[1; 200; 11.577793175636131]
[2; 100; 5.942255906257511]
[1; 1040; 63.504407480686574]
[1; 1040; 65.3320278786676]
[1; 1040; 67.29708332452383]
[2; 520; 34.70844608951129]
[1; 1040; 71.71192251848157]
[2; 520; 37.10327965815581]
[1; 1040; 76.9301110458393]
[1; 1080; 82.99192369189835]
[1; 1120; 89.61541583041623]
[1; 1160; 96.89659291378348]
[1; 1160; 101.45746078723286]
[1; 1160; 106.5958861855552]
[1; 1160; 112.43853592093511]
[1; 1200; 123.26245484277774]
[1; 1240; 135.7270391761342]
[1; 1240; 145.6033505872334]
[2; 620; 78.7486386824086]
[2; 640; 88.85720274961423]
[2; 640; 98.47451045663813]
[1; 1320; 229.35345410864215]
[1; 1320; 266.1411078852986]
[2; 680; 166.08845033410336]
[1; 1360; 435.27487689059313]
[2; 700; 355.6390134044259]


Jobs: [[1; 20; 0.7486773300155976], [2; 10; 0.3794145400751463], [1; 40; 1.5386642258849708], [2; 20; 0.7802062897803569], [1; 60; 2.3744191487495776], [2; 30; 1.204733357708242], [1; 80; 3.261115841426801], [2; 40; 1.655740903334105], [1; 120; 5.045757904305771], [1; 120; 5.212578502469141], [1; 140; 6.292892719810141], [2; 70; 3.2619281920279874], [2; 70; 3.3237679866740737], [2; 70; 3.388624543587233], [1; 140; 6.91348087624571], [2; 70; 3.603862954658796], [1; 160; 8.419452212080705], [2; 80; 4.3059535950846595], [2; 90; 4.958859976864075], [1; 180; 10.161114668697884], [2; 100; 5.942255906257511], [1; 1040; 63.504407480686574], [1; 1040; 67.29708332452383], [2; 520; 34.70844608951129], [1; 1040; 71.71192251848157], [2; 520; 37.10327965815581], [1; 1040; 76.9301110458393], [1; 1120; 89.61541583041623], [1; 1160; 101.45746078723286], [1; 1160; 112.43853592093511], [1; 1240; 135.7270391761342], [2; 620; 78.7486386824086], [2; 640; 88.85720274961423], [2; 640; 98.47451045663813], [1; 1320; 229.35345410864215], [2; 680; 166.08845033410336], [1; 1360; 435.27487689059313], [2; 700; 355.6390134044259]];
Intervals[0.0=0.7486773300155976, 0.7486773300155976=1.1280918700907439, 1.1280918700907439=2.666756095975715, 2.666756095975715=3.4469623857560716, 3.4469623857560716=5.821381534505649, 5.821381534505649=7.026114892213891, 7.026114892213891=10.287230733640692, 10.287230733640692=11.942971636974796, 11.942971636974796=16.988729541280566, 16.988729541280566=22.201308043749705, 22.201308043749705=28.494200763559846, 28.7775238015465=32.03945199357449, 32.03945199357449=35.36321998024856, 35.36321998024856=38.75184452383579, 38.75184452383579=45.6653254000815, 45.80861632382477=49.412479278483566, 49.412479278483566=57.83193149056427, 57.83193149056427=62.13788508564893, 62.13788508564893=67.09674506251301, 67.09674506251301=77.25785973121089, 78.67453823814914=84.61679414440665, 84.61679414440665=148.12120162509322, 148.12120162509322=215.41828494961703, 215.41828494961703=250.12673103912832, 250.12673103912832=321.83865355760986, 321.83865355760986=358.9419332157657, 358.9419332157657=435.87204426160497, 435.87204426160497=525.4874600920211, 525.4874600920211=626.944920879254, 626.944920879254=739.3834568001892, 739.3834568001892=875.1104959763234, 914.2921414370138=993.0407801194224, 993.0407801194224=1081.8979828690367, 1081.8979828690367=1180.372493325675, 1180.372493325675=1409.725947434317, 1446.5136012109735=1612.6020515450768, 1612.6020515450768=2047.87692843567, 2047.87692843567=2403.515941840096];

Jobs: [[2; 10; 0.3794145400751463], [2; 20; 0.7802062897803569], [2; 30; 1.204733357708242], [2; 40; 1.655740903334105], [1; 120; 5.127472797381936], [1; 120; 5.301305898194979], [1; 140; 6.4057734689947905], [2; 70; 3.2619281920279874], [2; 70; 3.3237679866740737], [2; 70; 3.388624543587233], [1; 140; 7.0567717999889785], [2; 70; 3.603862954658796], [2; 80; 4.3059535950846595], [2; 90; 4.958859976864075], [1; 200; 11.577793175636131], [2; 100; 5.942255906257511], [1; 1040; 65.3320278786676], [2; 520; 34.70844608951129], [2; 520; 37.10327965815581], [1; 1080; 82.99192369189835], [1; 1160; 96.89659291378348], [1; 1160; 106.5958861855552], [1; 1200; 123.26245484277774], [1; 1240; 145.6033505872334], [2; 620; 78.7486386824086], [2; 640; 88.85720274961423], [2; 640; 98.47451045663813], [1; 1320; 266.1411078852986], [2; 680; 166.08845033410336], [2; 700; 355.6390134044259]];
Intervals[0.7486773300155976=1.1280918700907439, 2.666756095975715=3.4469623857560716, 5.821381534505649=7.026114892213891, 10.287230733640692=11.942971636974796, 11.942971636974796=17.07044443435673, 17.07044443435673=22.37175033255171, 22.37175033255171=28.7775238015465, 28.7775238015465=32.03945199357449, 32.03945199357449=35.36321998024856, 35.36321998024856=38.75184452383579, 38.75184452383579=45.80861632382477, 45.80861632382477=49.412479278483566, 57.83193149056427=62.13788508564893, 62.13788508564893=67.09674506251301, 67.09674506251301=78.67453823814914, 78.67453823814914=84.61679414440665, 84.61679414440665=149.94882202307426, 215.41828494961703=250.12673103912832, 321.83865355760986=358.9419332157657, 358.9419332157657=441.93385690766405, 441.93385690766405=538.8304498214475, 538.8304498214475=645.4263360070026, 645.4263360070026=768.6887908497804, 768.6887908497804=914.2921414370138, 914.2921414370138=993.0407801194224, 993.0407801194224=1081.8979828690367, 1081.8979828690367=1180.372493325675, 1180.372493325675=1446.5136012109735, 1446.5136012109735=1612.6020515450768, 2047.87692843567=2403.515941840096];
