1.0929772821862151
449.7324133672312
491.5473108731638
[1; 20; 0.06373423580278623]
[2; 10; 0.03229922263527236]
[1; 20; 0.06549255911877364]
[1; 30; 0.09962740219469901]
[2; 20; 0.06737739737976917]
[2; 20; 0.06837192011504685]
[1; 50; 0.17350993352283622]
[1; 50; 0.17618968968783857]
[2; 30; 0.1073852216381711]
[1; 70; 0.2546233682915317]
[1; 70; 0.25884960256842426]
[2; 50; 0.18803977507641215]
[1; 100; 0.38264883224856266]
[2; 50; 0.19475635822007412]
[1; 110; 0.43636221879066633]
[1; 110; 0.44463479513593196]
[2; 60; 0.24726051097942645]
[2; 60; 0.25223077861222504]
[1; 130; 0.5578269472595412]
[2; 70; 0.30679365080863924]
[2; 70; 0.3135739621823326]
[1; 150; 0.6873037558598424]
[2; 80; 0.3752385272979359]
[2; 80; 0.38444740542954836]
[2; 80; 0.394242897840387]
[2; 90; 0.45527306831879455]
[1; 180; 0.9356666151710769]
[1; 180; 0.9625945633157248]
[2; 90; 0.49577373180194856]
[1; 180; 1.0227804827656264]
[1; 190; 1.115294928136382]
[1; 190; 1.154092601806966]
[2; 100; 0.6297107683158921]
[1; 200; 1.3083386507964536]
[1; 200; 1.3623001275323152]
[2; 110; 0.7822062874026833]
[2; 110; 0.8190242953361442]
[2; 120; 0.9387323861442326]
[2; 120; 0.9901854461427279]
[2; 120; 1.049322324534151]
[2; 130; 1.2113402341221249]
[2; 150; 1.4994053040905253]
[2; 160; 1.7300133244329674]
[2; 160; 1.8910836770968853]
[2; 170; 2.226747010038304]
[2; 170; 2.5145389963789784]
[2; 180; 3.0895030925143807]
[2; 180; 3.7426664606843074]
[2; 190; 5.176740484622798]
[2; 200; 8.650066622164836]


Jobs: [[1; 20; 0.06373423580278623], [2; 10; 0.03229922263527236], [1; 20; 0.06549255911877364], [2; 20; 0.06737739737976917], [2; 20; 0.06837192011504685], [1; 50; 0.17350993352283622], [2; 30; 0.1073852216381711], [1; 70; 0.2546233682915317], [2; 50; 0.18803977507641215], [1; 100; 0.38264883224856266], [2; 50; 0.19475635822007412], [1; 110; 0.43636221879066633], [2; 60; 0.24726051097942645], [2; 60; 0.25223077861222504], [1; 130; 0.5578269472595412], [2; 70; 0.30679365080863924], [2; 70; 0.3135739621823326], [1; 150; 0.6873037558598424], [2; 80; 0.3752385272979359], [2; 80; 0.38444740542954836], [2; 80; 0.394242897840387], [2; 90; 0.45527306831879455], [1; 180; 0.9356666151710769], [2; 90; 0.49577373180194856], [1; 180; 1.0227804827656264], [1; 190; 1.154092601806966], [2; 100; 0.6297107683158921], [1; 200; 1.3083386507964536], [2; 110; 0.7822062874026833], [2; 110; 0.8190242953361442], [2; 120; 0.9387323861442326], [2; 120; 0.9901854461427279], [2; 120; 1.049322324534151], [2; 130; 1.2113402341221249], [2; 150; 1.4994053040905253], [2; 160; 1.7300133244329674], [2; 160; 1.8910836770968853], [2; 170; 2.226747010038304], [2; 170; 2.5145389963789784], [2; 180; 3.0895030925143807], [2; 180; 3.7426664606843074], [2; 190; 5.176740484622798], [2; 200; 8.650066622164836]];
Intervals[0.0=0.06373423580278623, 0.06373423580278623=0.09603345843805858, 0.09603345843805858=0.1615260175568322, 0.1956608606327576=0.2630382580125268, 0.2630382580125268=0.3314101781275736, 0.3314101781275736=0.5049201116504098, 0.5075998678154122=0.6149850894535833, 0.6149850894535833=0.8696084577451151, 0.8738346920220076=1.0618744670984197, 1.0618744670984197=1.4445232993469823, 1.4445232993469823=1.6392796575670565, 1.6392796575670565=2.075641876357723, 2.0839144527029885=2.331174963682415, 2.331174963682415=2.58340574229464, 2.58340574229464=3.1412326895541813, 3.1412326895541813=3.4480263403628206, 3.4480263403628206=3.761600302545153, 3.761600302545153=4.448904058404995, 4.448904058404995=4.824142585702931, 4.824142585702931=5.208589991132479, 5.208589991132479=5.602832888972866, 5.602832888972866=6.0581059572916605, 6.0581059572916605=6.9937725724627375, 7.020700520607385=7.516474252409334, 7.516474252409334=8.53925473517496, 8.53925473517496=9.693347336981926, 9.693347336981926=10.323058105297818, 10.323058105297818=11.631396756094272, 11.685358232830133=12.467564520232816, 12.467564520232816=13.28658881556896, 13.28658881556896=14.225321201713193, 14.225321201713193=15.215506647855921, 15.215506647855921=16.264828972390074, 16.264828972390074=17.4761692065122, 17.4761692065122=18.975574510602726, 18.975574510602726=20.705587835035693, 20.705587835035693=22.59667151213258, 22.59667151213258=24.823418522170883, 24.823418522170883=27.33795751854986, 27.33795751854986=30.42746061106424, 30.42746061106424=34.170127071748546, 34.170127071748546=39.34686755637134, 39.34686755637134=47.99693417853618];

Jobs: [[2; 10; 0.03229922263527236], [1; 30; 0.09962740219469901], [2; 20; 0.06737739737976917], [2; 20; 0.06837192011504685], [1; 50; 0.17618968968783857], [2; 30; 0.1073852216381711], [1; 70; 0.25884960256842426], [2; 50; 0.18803977507641215], [2; 50; 0.19475635822007412], [1; 110; 0.44463479513593196], [2; 60; 0.24726051097942645], [2; 60; 0.25223077861222504], [2; 70; 0.30679365080863924], [2; 70; 0.3135739621823326], [2; 80; 0.3752385272979359], [2; 80; 0.38444740542954836], [2; 80; 0.394242897840387], [2; 90; 0.45527306831879455], [1; 180; 0.9625945633157248], [2; 90; 0.49577373180194856], [1; 190; 1.115294928136382], [2; 100; 0.6297107683158921], [1; 200; 1.3623001275323152], [2; 110; 0.7822062874026833], [2; 110; 0.8190242953361442], [2; 120; 0.9387323861442326], [2; 120; 0.9901854461427279], [2; 120; 1.049322324534151], [2; 130; 1.2113402341221249], [2; 150; 1.4994053040905253], [2; 160; 1.7300133244329674], [2; 160; 1.8910836770968853], [2; 170; 2.226747010038304], [2; 170; 2.5145389963789784], [2; 180; 3.0895030925143807], [2; 180; 3.7426664606843074], [2; 190; 5.176740484622798], [2; 200; 8.650066622164836]];
Intervals[0.06373423580278623=0.09603345843805858, 0.09603345843805858=0.1956608606327576, 0.1956608606327576=0.2630382580125268, 0.2630382580125268=0.3314101781275736, 0.3314101781275736=0.5075998678154122, 0.5075998678154122=0.6149850894535833, 0.6149850894535833=0.8738346920220076, 0.8738346920220076=1.0618744670984197, 1.4445232993469823=1.6392796575670565, 1.6392796575670565=2.0839144527029885, 2.0839144527029885=2.331174963682415, 2.331174963682415=2.58340574229464, 3.1412326895541813=3.4480263403628206, 3.4480263403628206=3.761600302545153, 4.448904058404995=4.824142585702931, 4.824142585702931=5.208589991132479, 5.208589991132479=5.602832888972866, 5.602832888972866=6.0581059572916605, 6.0581059572916605=7.020700520607385, 7.020700520607385=7.516474252409334, 7.516474252409334=8.631769180545716, 9.693347336981926=10.323058105297818, 10.323058105297818=11.685358232830133, 11.685358232830133=12.467564520232816, 12.467564520232816=13.28658881556896, 13.28658881556896=14.225321201713193, 14.225321201713193=15.215506647855921, 15.215506647855921=16.264828972390074, 16.264828972390074=17.4761692065122, 17.4761692065122=18.975574510602726, 18.975574510602726=20.705587835035693, 20.705587835035693=22.59667151213258, 22.59667151213258=24.823418522170883, 24.823418522170883=27.33795751854986, 27.33795751854986=30.42746061106424, 30.42746061106424=34.170127071748546, 34.170127071748546=39.34686755637134, 39.34686755637134=47.99693417853618];
