1.1259940117946021
479302.2002214334
539691.4072893114
[1; 20; 4.189121350417563]
[1; 20; 4.2172836428946034]
[1; 20; 4.245924076409637]
[1; 20; 4.2750557733263514]
[1; 20; 4.304692356348065]
[1; 40; 8.669695946106408]
[2; 20; 4.365537321907253]
[1; 40; 8.793551359713742]
[1; 60; 13.285736794861844]
[1; 60; 13.382890802400922]
[2; 30; 6.740920324421594]
[1; 60; 13.582640042198264]
[1; 60; 13.685344924115707]
[1; 60; 13.790013589470414]
[1; 60; 13.896706813812678]
[1; 80; 18.673983985731297]
[1; 80; 18.82189769302895]
[1; 80; 18.972775634309528]
[1; 100; 23.908392516651592]
[2; 50; 12.052383362409975]
[1; 100; 24.305223603433795]
[2; 50; 12.254950338111042]
[1; 120; 29.662730301664766]
[2; 60; 14.959498887049582]
[2; 60; 15.090436460349553]
[1; 140; 35.52331380134382]
[1; 140; 35.842627162686206]
[1; 140; 36.169214276425464]
[1; 140; 36.50334392379348]
[1; 140; 36.845298734581164]
[1; 160; 42.50900126652709]
[1; 160; 42.91873052602866]
[1; 160; 43.33847777361712]
[1; 160; 43.768640754598565]
[1; 160; 44.20963925621591]
[1; 160; 44.6619166861561]
[1; 160; 45.125941790464026]
[1; 180; 51.302486841273975]
[1; 180; 51.8526541136334]
[2; 90; 26.20890630634342]
[1; 180; 52.998626787827206]
[2; 100; 29.775445703929126]
[2; 100; 30.116716200523605]
[1; 200; 60.93587299316914]
[2; 520; 160.3138108054792]
[1; 1040; 324.5023342386715]
[1; 1040; 328.4962717581212]
[1; 1040; 332.61541431143877]
[1; 1040; 336.86616238958544]
[1; 1040; 341.25537517256316]
[1; 1040; 345.7904132007147]
[1; 1080; 363.95915465536734]
[1; 1080; 368.9967514427848]
[1; 1080; 374.2123610089085]
[2; 540; 189.8081330790267]
[1; 1080; 385.2195845119436]
[1; 1080; 391.0343567236008]
[2; 560; 205.89003880797233]
[2; 560; 209.1453013856639]
[1; 1120; 425.0647232361753]
[1; 1120; 432.11994018382694]
[2; 580; 227.58547154470622]
[1; 1160; 463.12177776181767]
[1; 1160; 471.42917081063126]
[2; 580; 240.05970711494513]
[1; 1200; 506.09124996451976]
[2; 600; 257.9832945320259]
[1; 1200; 526.338208968388]
[2; 600; 268.62362800964377]
[1; 1200; 548.739717915499]
[1; 1200; 560.867172772446]
[1; 1240; 592.8106065338822]
[1; 1240; 606.8424361113159]
[1; 1240; 621.7351980019489]
[1; 1240; 637.5766429631256]
[2; 620; 327.23365453721766]
[1; 1240; 672.5229916224765]
[2; 620; 345.9389086583251]
[1; 1240; 712.6881046585671]
[1; 1240; 735.1372581748627]
[2; 640; 391.97008435670995]
[1; 1280; 811.211031402474]
[1; 1280; 840.984345620837]
[1; 1280; 873.6489666781009]
[1; 1280; 909.6819833301819]
[1; 1280; 949.6758827449715]
[2; 660; 512.7254291652835]
[1; 1320; 1077.3859520564713]
[1; 1320; 1136.4387820758889]
[1; 1320; 1204.3103533221822]
[1; 1320; 1283.3158062613045]
[2; 680; 709.2078248051306]
[1; 1360; 1534.282020875777]
[1; 1360; 1677.1290976573207]
[1; 1360; 1858.6503035636567]
[1; 1360; 2098.8682808928734]
[1; 1400; 2507.153861423341]
[1; 1400; 3037.2006073273133]
[1; 1400; 3979.8586770695456]
[1; 1400; 6317.631850664963]


Jobs: [[1; 20; 4.189121350417563], [1; 20; 4.245924076409637], [1; 20; 4.304692356348065], [2; 20; 4.365537321907253], [1; 40; 8.793551359713742], [1; 60; 13.382890802400922], [2; 30; 6.740920324421594], [1; 60; 13.582640042198264], [1; 60; 13.790013589470414], [1; 80; 18.673983985731297], [1; 80; 18.972775634309528], [2; 50; 12.052383362409975], [1; 100; 24.305223603433795], [2; 50; 12.254950338111042], [1; 120; 29.662730301664766], [2; 60; 14.959498887049582], [2; 60; 15.090436460349553], [1; 140; 35.52331380134382], [1; 140; 36.169214276425464], [1; 140; 36.845298734581164], [1; 160; 42.91873052602866], [1; 160; 43.768640754598565], [1; 160; 44.6619166861561], [1; 180; 51.302486841273975], [2; 90; 26.20890630634342], [1; 180; 52.998626787827206], [2; 100; 29.775445703929126], [2; 100; 30.116716200523605], [1; 200; 60.93587299316914], [2; 520; 160.3138108054792], [1; 1040; 324.5023342386715], [1; 1040; 332.61541431143877], [1; 1040; 341.25537517256316], [1; 1080; 363.95915465536734], [1; 1080; 374.2123610089085], [2; 540; 189.8081330790267], [1; 1080; 385.2195845119436], [2; 560; 205.89003880797233], [2; 560; 209.1453013856639], [1; 1120; 425.0647232361753], [2; 580; 227.58547154470622], [1; 1160; 463.12177776181767], [2; 580; 240.05970711494513], [1; 1200; 506.09124996451976], [2; 600; 257.9832945320259], [1; 1200; 526.338208968388], [2; 600; 268.62362800964377], [1; 1200; 548.739717915499], [1; 1240; 592.8106065338822], [1; 1240; 621.7351980019489], [2; 620; 327.23365453721766], [1; 1240; 672.5229916224765], [2; 620; 345.9389086583251], [1; 1240; 712.6881046585671], [2; 640; 391.97008435670995], [1; 1280; 811.211031402474], [1; 1280; 873.6489666781009], [1; 1280; 949.6758827449715], [2; 660; 512.7254291652835], [1; 1320; 1077.3859520564713], [1; 1320; 1204.3103533221822], [2; 680; 709.2078248051306], [1; 1360; 1534.282020875777], [1; 1360; 1858.6503035636567], [1; 1400; 2507.153861423341], [1; 1400; 3979.8586770695456]];
Intervals[0.0=4.189121350417563, 4.189121350417563=8.4350454268272, 8.4350454268272=12.739737783175265, 17.162035362327362=21.527572684234613, 21.527572684234613=30.321124043948355, 30.321124043948355=43.70401484634928, 43.70401484634928=50.444935170770876, 50.444935170770876=64.02757521296914, 64.02757521296914=77.81758880243956, 77.81758880243956=96.49157278817086, 96.49157278817086=115.46434842248038, 120.75727711837979=132.80966048078977, 132.80966048078977=157.11488408422358, 157.11488408422358=169.3698344223346, 169.3698344223346=199.03256472399937, 199.03256472399937=213.99206361104896, 213.99206361104896=229.08250007139853, 229.08250007139853=264.6058138727424, 264.6058138727424=300.77502814916784, 300.77502814916784=337.620326883749, 337.620326883749=380.5390574097776, 380.5390574097776=424.3076981643762, 424.3076981643762=468.96961485053225, 468.96961485053225=520.2721016918063, 528.4641853583357=554.6730916646792, 554.6730916646792=607.6717184525064, 607.6717184525064=637.4471641564355, 637.4471641564355=667.5638803569591, 667.5638803569591=728.4997533501282, 728.4997533501282=888.8135641556074, 888.8135641556074=1213.315898394279, 1213.315898394279=1545.9313127057178, 1545.9313127057178=1887.186687878281, 1887.186687878281=2251.145842533648, 2251.145842533648=2625.3582035425566, 2625.3582035425566=2815.1663366215835, 2815.1663366215835=3200.385921133527, 3206.2006933451844=3412.0907321531568, 3412.0907321531568=3621.2360335388207, 3621.2360335388207=4046.300756774996, 4053.355973722648=4280.941445267354, 4280.941445267354=4744.063223029171, 4752.370616077985=4992.43032319293, 4992.43032319293=5498.52157315745, 5498.52157315745=5756.504867689476, 5756.504867689476=6282.843076657864, 6282.843076657864=6551.466704667508, 6551.466704667508=7100.206422583006, 7100.206422583006=7693.017029116889, 7693.017029116889=8314.752227118837, 8356.752956514394=8683.986611051612, 8683.986611051612=9356.509602674088, 9356.509602674088=9702.448511332414, 9702.448511332414=10415.136615990981, 10437.585769507275=10829.555853863985, 10829.555853863985=11640.76688526646, 11640.76688526646=12514.415851944561, 12514.415851944561=13464.091734689533, 13464.091734689533=13976.817163854816, 13976.817163854816=15054.203115911287, 15054.203115911287=16258.513469233469, 16396.57175219201=17105.779576997138, 17105.779576997138=18640.061597872915, 18640.061597872915=20498.71190143657, 20498.71190143657=23005.86576285991, 23005.86576285991=26985.724439929458];

Jobs: [[1; 20; 4.2172836428946034], [1; 20; 4.2750557733263514], [1; 40; 8.669695946106408], [2; 20; 4.365537321907253], [1; 60; 13.285736794861844], [2; 30; 6.740920324421594], [1; 60; 13.685344924115707], [1; 60; 13.896706813812678], [1; 80; 18.82189769302895], [1; 100; 23.908392516651592], [2; 50; 12.052383362409975], [2; 50; 12.254950338111042], [2; 60; 14.959498887049582], [2; 60; 15.090436460349553], [1; 140; 35.842627162686206], [1; 140; 36.50334392379348], [1; 160; 42.50900126652709], [1; 160; 43.33847777361712], [1; 160; 44.20963925621591], [1; 160; 45.125941790464026], [1; 180; 51.8526541136334], [2; 90; 26.20890630634342], [2; 100; 29.775445703929126], [2; 100; 30.116716200523605], [2; 520; 160.3138108054792], [1; 1040; 328.4962717581212], [1; 1040; 336.86616238958544], [1; 1040; 345.7904132007147], [1; 1080; 368.9967514427848], [2; 540; 189.8081330790267], [1; 1080; 391.0343567236008], [2; 560; 205.89003880797233], [2; 560; 209.1453013856639], [1; 1120; 432.11994018382694], [2; 580; 227.58547154470622], [1; 1160; 471.42917081063126], [2; 580; 240.05970711494513], [2; 600; 257.9832945320259], [2; 600; 268.62362800964377], [1; 1200; 560.867172772446], [1; 1240; 606.8424361113159], [1; 1240; 637.5766429631256], [2; 620; 327.23365453721766], [2; 620; 345.9389086583251], [1; 1240; 735.1372581748627], [2; 640; 391.97008435670995], [1; 1280; 840.984345620837], [1; 1280; 909.6819833301819], [2; 660; 512.7254291652835], [1; 1320; 1136.4387820758889], [1; 1320; 1283.3158062613045], [2; 680; 709.2078248051306], [1; 1360; 1677.1290976573207], [1; 1360; 2098.8682808928734], [1; 1400; 3037.2006073273133], [1; 1400; 6317.631850664963]];
Intervals[0.0=4.2172836428946034, 4.2172836428946034=8.492339416220954, 8.492339416220954=17.162035362327362, 17.162035362327362=21.527572684234613, 21.527572684234613=34.81330947909646, 43.70401484634928=50.444935170770876, 50.444935170770876=64.13028009488659, 64.13028009488659=78.02698690869926, 78.02698690869926=96.8488846017282, 96.8488846017282=120.75727711837979, 120.75727711837979=132.80966048078977, 157.11488408422358=169.3698344223346, 199.03256472399937=213.99206361104896, 213.99206361104896=229.08250007139853, 229.08250007139853=264.92512723408475, 264.92512723408475=301.4284711578782, 301.4284711578782=343.9374724244053, 343.9374724244053=387.27595019802243, 387.27595019802243=431.4855894542383, 431.4855894542383=476.61153124470235, 476.61153124470235=528.4641853583357, 528.4641853583357=554.6730916646792, 607.6717184525064=637.4471641564355, 637.4471641564355=667.5638803569591, 728.4997533501282=888.8135641556074, 888.8135641556074=1217.3098359137286, 1217.3098359137286=1554.1759983033141, 1554.1759983033141=1899.9664115040289, 1899.9664115040289=2268.9631629468136, 2625.3582035425566=2815.1663366215835, 2815.1663366215835=3206.2006933451844, 3206.2006933451844=3412.0907321531568, 3412.0907321531568=3621.2360335388207, 3621.2360335388207=4053.355973722648, 4053.355973722648=4280.941445267354, 4280.941445267354=4752.370616077985, 4752.370616077985=4992.43032319293, 5498.52157315745=5756.504867689476, 6282.843076657864=6551.466704667508, 6551.466704667508=7112.3338774399535, 7112.3338774399535=7719.176313551269, 7719.176313551269=8356.752956514394, 8356.752956514394=8683.986611051612, 9356.509602674088=9702.448511332414, 9702.448511332414=10437.585769507275, 10437.585769507275=10829.555853863985, 10829.555853863985=11670.540199484822, 11670.540199484822=12580.222182815003, 13464.091734689533=13976.817163854816, 13976.817163854816=15113.255945930705, 15113.255945930705=16396.57175219201, 16396.57175219201=17105.779576997138, 17105.779576997138=18782.90867465446, 18782.90867465446=20881.776955547335, 20881.776955547335=23918.97756287465, 23918.97756287465=30236.609413539612];
