1.2209614230825985
73794.88604792595
90100.70908529386
[2; 10; 0.9551190455262446]
[2; 20; 1.9361401172267525]
[1; 40; 3.9258768708330303]
[2; 30; 2.986025582448431]
[1; 60; 6.0582920307889845]
[2; 50; 5.123096108279168]
[1; 100; 10.400855364984775]
[2; 60; 6.3368941778895005]
[1; 140; 15.019864571882792]
[1; 140; 15.263107836975342]
[2; 70; 7.758222318849646]
[2; 70; 7.890281118825039]
[1; 160; 18.349958778694674]
[2; 80; 9.339558477747003]
[2; 100; 11.889652844856837]
[2; 520; 62.998298826418484]
[2; 520; 64.22758220890762]
[1; 1080; 136.0771809608338]
[2; 540; 69.44877916172607]
[2; 540; 70.93438460561109]
[1; 1120; 150.37467241975048]
[2; 560; 76.90599637663172]
[1; 1160; 163.07603482134323]
[2; 600; 86.41973210405837]
[2; 600; 88.62165574307001]
[1; 1240; 188.00346522527968]
[1; 1240; 193.19017331439719]
[2; 620; 99.37503780898491]
[1; 1280; 211.33220797114782]
[1; 1280; 217.9890177995578]
[2; 640; 112.59803675744082]
[2; 640; 116.5149754754921]
[1; 1280; 241.58268714831914]
[1; 1280; 250.96598538780054]
[1; 1280; 261.3168950500293]
[1; 1320; 281.33079054357194]
[2; 660; 147.2864359390465]
[2; 660; 154.74592050908424]
[2; 660; 163.22773199231239]
[2; 680; 178.21788991308625]
[1; 1360; 379.8187642464206]
[2; 680; 203.72832497441524]
[1; 1360; 440.74063373069765]
[2; 680; 240.88757193666163]
[1; 1400; 549.6227619166242]
[2; 700; 310.3288927539858]
[1; 1400; 720.2095616771591]
[2; 700; 436.2358752260582]
[1; 1400; 1143.2614158438782]
[2; 700; 907.4071870926125]


Jobs: [[2; 10; 0.9551190455262446], [2; 20; 1.9361401172267525], [1; 40; 3.9258768708330303], [2; 30; 2.986025582448431], [1; 60; 6.0582920307889845], [2; 50; 5.123096108279168], [1; 100; 10.400855364984775], [2; 60; 6.3368941778895005], [1; 140; 15.019864571882792], [2; 70; 7.758222318849646], [2; 70; 7.890281118825039], [1; 160; 18.349958778694674], [2; 80; 9.339558477747003], [2; 100; 11.889652844856837], [2; 520; 62.998298826418484], [2; 520; 64.22758220890762], [1; 1080; 136.0771809608338], [2; 540; 69.44877916172607], [2; 540; 70.93438460561109], [1; 1120; 150.37467241975048], [2; 560; 76.90599637663172], [1; 1160; 163.07603482134323], [2; 600; 86.41973210405837], [2; 600; 88.62165574307001], [1; 1240; 188.00346522527968], [2; 620; 99.37503780898491], [1; 1280; 211.33220797114782], [2; 640; 112.59803675744082], [2; 640; 116.5149754754921], [1; 1280; 241.58268714831914], [1; 1280; 261.3168950500293], [2; 660; 147.2864359390465], [2; 660; 154.74592050908424], [2; 660; 163.22773199231239], [2; 680; 178.21788991308625], [1; 1360; 379.8187642464206], [2; 680; 203.72832497441524], [1; 1360; 440.74063373069765], [2; 680; 240.88757193666163], [1; 1400; 549.6227619166242], [2; 700; 310.3288927539858], [1; 1400; 720.2095616771591], [2; 700; 436.2358752260582], [1; 1400; 1143.2614158438782], [2; 700; 907.4071870926125]];
Intervals[4.9E-324=0.9551190455262446, 0.9551190455262446=2.891259162752997, 2.891259162752997=6.817136033586028, 6.817136033586028=9.803161616034458, 9.803161616034458=15.861453646823442, 15.861453646823442=20.98454975510261, 20.98454975510261=31.385405120087384, 31.385405120087384=37.72229929797688, 37.72229929797688=52.742163869859674, 52.985407134952226=60.74362945380187, 60.74362945380187=68.63391057262692, 68.63391057262692=86.98386935132159, 86.98386935132159=96.32342782906859, 96.32342782906859=108.21308067392543, 108.21308067392543=171.21137950034392, 171.21137950034392=235.43896170925154, 235.43896170925154=371.51614267008534, 371.51614267008534=440.9649218318114, 440.9649218318114=511.8993064374225, 511.8993064374225=662.273978857173, 662.273978857173=739.1799752338047, 739.1799752338047=902.256010055148, 902.256010055148=988.6757421592063, 988.6757421592063=1077.2973979022763, 1077.2973979022763=1265.300863127556, 1270.4875712166736=1369.8626090256585, 1369.8626090256585=1581.1948169968064, 1587.8516268252163=1700.4496635826572, 1700.4496635826572=1816.9646390581493, 1816.9646390581493=2058.5473262064684, 2058.5473262064684=2319.864221256498, 2349.2614149895217=2496.547850928568, 2496.547850928568=2651.293771437652, 2651.293771437652=2814.5215034299645, 2814.5215034299645=2992.739393343051, 2992.739393343051=3372.558157589471, 3372.558157589471=3576.2864825638862, 3576.2864825638862=4017.0271162945837, 4017.0271162945837=4257.914688231245, 4257.914688231245=4807.537450147869, 4807.537450147869=5117.866342901855, 5117.866342901855=5838.075904579015, 5838.075904579015=6274.311779805073, 6274.311779805073=7417.573195648951, 7417.573195648951=8324.980382741564];

Jobs: [[2; 10; 0.9551190455262446], [2; 20; 1.9361401172267525], [2; 30; 2.986025582448431], [2; 50; 5.123096108279168], [2; 60; 6.3368941778895005], [1; 140; 15.263107836975342], [2; 70; 7.758222318849646], [2; 70; 7.890281118825039], [2; 80; 9.339558477747003], [2; 100; 11.889652844856837], [2; 520; 62.998298826418484], [2; 520; 64.22758220890762], [2; 540; 69.44877916172607], [2; 540; 70.93438460561109], [2; 560; 76.90599637663172], [2; 600; 86.41973210405837], [2; 600; 88.62165574307001], [1; 1240; 193.19017331439719], [2; 620; 99.37503780898491], [1; 1280; 217.9890177995578], [2; 640; 112.59803675744082], [2; 640; 116.5149754754921], [1; 1280; 250.96598538780054], [1; 1320; 281.33079054357194], [2; 660; 147.2864359390465], [2; 660; 154.74592050908424], [2; 660; 163.22773199231239], [2; 680; 178.21788991308625], [2; 680; 203.72832497441524], [2; 680; 240.88757193666163], [2; 700; 310.3288927539858], [2; 700; 436.2358752260582], [2; 700; 907.4071870926125]];
Intervals[4.9E-324=0.9551190455262446, 0.9551190455262446=2.891259162752997, 6.817136033586028=9.803161616034458, 15.861453646823442=20.98454975510261, 31.385405120087384=37.72229929797688, 37.72229929797688=52.985407134952226, 52.985407134952226=60.74362945380187, 60.74362945380187=68.63391057262692, 86.98386935132159=96.32342782906859, 96.32342782906859=108.21308067392543, 108.21308067392543=171.21137950034392, 171.21137950034392=235.43896170925154, 371.51614267008534=440.9649218318114, 440.9649218318114=511.8993064374225, 662.273978857173=739.1799752338047, 902.256010055148=988.6757421592063, 988.6757421592063=1077.2973979022763, 1077.2973979022763=1270.4875712166736, 1270.4875712166736=1369.8626090256585, 1369.8626090256585=1587.8516268252163, 1587.8516268252163=1700.4496635826572, 1700.4496635826572=1816.9646390581493, 1816.9646390581493=2067.93062444595, 2067.93062444595=2349.2614149895217, 2349.2614149895217=2496.547850928568, 2496.547850928568=2651.293771437652, 2651.293771437652=2814.5215034299645, 2814.5215034299645=2992.739393343051, 3372.558157589471=3576.2864825638862, 4017.0271162945837=4257.914688231245, 4807.537450147869=5117.866342901855, 5838.075904579015=6274.311779805073, 7417.573195648951=8324.980382741564];
