1.169542084544311
125.40102958316493
146.66178154269753
[1; 20; 0.027202201794380595]
[1; 20; 0.027571052225212195]
[1; 20; 0.02795266604736475]
[2; 20; 0.028347764898141226]
[1; 40; 0.0575142554647067]
[2; 20; 0.02918159674486075]
[1; 40; 0.05924416810610185]
[1; 40; 0.06015915851327566]
[2; 20; 0.030555158013501168]
[1; 40; 0.062099983592252724]
[1; 60; 0.09469607707385885]
[2; 30; 0.048153986715957976]
[1; 60; 0.09799026178097943]
[1; 80; 0.13299732403624814]
[1; 80; 0.13544897359793667]
[1; 80; 0.13801682188251588]
[1; 80; 0.14070993882066712]
[1; 80; 0.1435383971610756]
[1; 80; 0.14651341797765274]
[2; 40; 0.07482377131862583]
[1; 80; 0.15295483707673635]
[1; 100; 0.19556391972008025]
[1; 100; 0.2001929185314405]
[1; 100; 0.2051059326689896]
[1; 100; 0.21033191047116068]
[1; 100; 0.21590401872125492]
[1; 100; 0.22186045744451285]
[2; 50; 0.11412273703480394]
[2; 60; 0.14106638216191036]
[2; 60; 0.14550986992105897]
[2; 60; 0.1503206523643052]
[1; 140; 0.3629496374787873]
[2; 70; 0.18813536278020535]
[1; 140; 0.39088543358603894]
[1; 140; 0.4070072191940693]
[2; 70; 0.21245058561933133]
[1; 160; 0.5084583191574282]
[2; 80; 0.26710487675552125]
[1; 180; 0.6339267423676183]
[1; 180; 0.6717867703234937]
[2; 90; 0.3579287425434661]
[1; 180; 0.767947558602129]
[1; 180; 0.8306790273094079]
[1; 200; 1.0089090883906051]
[1; 200; 1.1181066418945897]
[1; 200; 1.2626143609847842]
[2; 100; 0.7325670898882636]
[1; 200; 1.7748836595561028]
[1; 200; 2.3257555382518245]
[1; 200; 3.691906788041812]


Jobs: [[1; 20; 0.027202201794380595], [1; 20; 0.02795266604736475], [2; 20; 0.028347764898141226], [1; 40; 0.0575142554647067], [2; 20; 0.02918159674486075], [1; 40; 0.05924416810610185], [2; 20; 0.030555158013501168], [1; 40; 0.062099983592252724], [2; 30; 0.048153986715957976], [1; 60; 0.09799026178097943], [1; 80; 0.13544897359793667], [1; 80; 0.14070993882066712], [1; 80; 0.14651341797765274], [2; 40; 0.07482377131862583], [1; 80; 0.15295483707673635], [1; 100; 0.2001929185314405], [1; 100; 0.21033191047116068], [1; 100; 0.22186045744451285], [2; 50; 0.11412273703480394], [2; 60; 0.14106638216191036], [2; 60; 0.14550986992105897], [2; 60; 0.1503206523643052], [1; 140; 0.3629496374787873], [2; 70; 0.18813536278020535], [1; 140; 0.39088543358603894], [2; 70; 0.21245058561933133], [1; 160; 0.5084583191574282], [2; 80; 0.26710487675552125], [1; 180; 0.6339267423676183], [2; 90; 0.3579287425434661], [1; 180; 0.767947558602129], [1; 200; 1.0089090883906051], [1; 200; 1.2626143609847842], [2; 100; 0.7325670898882636], [1; 200; 1.7748836595561028], [1; 200; 3.691906788041812]];
Intervals[0.0=0.027202201794380595, 0.027202201794380595=0.05515486784174534, 0.05515486784174534=0.08350263273988656, 0.08350263273988656=0.14101688820459327, 0.14101688820459327=0.17019848494945403, 0.17019848494945403=0.2294426530555559, 0.2303576434627297=0.26091280147623086, 0.26091280147623086=0.3230127850684836, 0.3556088785500897=0.4037628652660477, 0.4037628652660477=0.5017531270470271, 0.5017531270470271=0.6372021006449637, 0.6372021006449637=0.7779120394656309, 0.7779120394656309=0.9244254574432836, 0.9244254574432836=0.9992492287619095, 0.9992492287619095=1.1522040658386459, 1.1522040658386459=1.3523969843700865, 1.3523969843700865=1.5627288948412472, 1.5627288948412472=1.78458935228576, 1.78458935228576=1.898712089320564, 1.898712089320564=2.0397784714824745, 2.0397784714824745=2.1852883414035333, 2.1852883414035333=2.3356089937678384, 2.3356089937678384=2.698558631246626, 2.698558631246626=2.8866939940268312, 2.8866939940268312=3.2775794276128702, 3.2937012132209005=3.5061517988402318, 3.5061517988402318=4.01461011799766, 4.01461011799766=4.281714994753181, 4.281714994753181=4.915641737120799, 4.953501765076675=5.311430507620141, 5.311430507620141=6.0793780662222705, 6.0793780662222705=7.088287154612876, 7.088287154612876=8.35090151559766, 8.35090151559766=9.083468605485923, 9.083468605485923=10.858352265042026, 10.858352265042026=14.550259053083838];

Jobs: [[1; 20; 0.027571052225212195], [2; 20; 0.028347764898141226], [2; 20; 0.02918159674486075], [1; 40; 0.06015915851327566], [2; 20; 0.030555158013501168], [1; 60; 0.09469607707385885], [2; 30; 0.048153986715957976], [1; 80; 0.13299732403624814], [1; 80; 0.13801682188251588], [1; 80; 0.1435383971610756], [2; 40; 0.07482377131862583], [1; 100; 0.19556391972008025], [1; 100; 0.2051059326689896], [1; 100; 0.21590401872125492], [2; 50; 0.11412273703480394], [2; 60; 0.14106638216191036], [2; 60; 0.14550986992105897], [2; 60; 0.1503206523643052], [2; 70; 0.18813536278020535], [1; 140; 0.4070072191940693], [2; 70; 0.21245058561933133], [2; 80; 0.26710487675552125], [1; 180; 0.6717867703234937], [2; 90; 0.3579287425434661], [1; 180; 0.8306790273094079], [1; 200; 1.1181066418945897], [2; 100; 0.7325670898882636], [1; 200; 2.3257555382518245]];
Intervals[0.0=0.027571052225212195, 0.05515486784174534=0.08350263273988656, 0.14101688820459327=0.17019848494945403, 0.17019848494945403=0.2303576434627297, 0.2303576434627297=0.26091280147623086, 0.26091280147623086=0.3556088785500897, 0.3556088785500897=0.4037628652660477, 0.4037628652660477=0.5367601893022959, 0.5367601893022959=0.6747770111848117, 0.6747770111848117=0.8183154083458873, 0.9244254574432836=0.9992492287619095, 0.9992492287619095=1.1948131484819897, 1.1948131484819897=1.3999190811509794, 1.3999190811509794=1.6158230998722343, 1.78458935228576=1.898712089320564, 1.898712089320564=2.0397784714824745, 2.0397784714824745=2.1852883414035333, 2.1852883414035333=2.3356089937678384, 2.698558631246626=2.8866939940268312, 2.8866939940268312=3.2937012132209005, 3.2937012132209005=3.5061517988402318, 4.01461011799766=4.281714994753181, 4.281714994753181=4.953501765076675, 4.953501765076675=5.311430507620141, 5.311430507620141=6.142109534929549, 6.142109534929549=7.260216176824139, 8.35090151559766=9.083468605485923, 9.083468605485923=11.409224143737747];
