1.159624717509423
246209.72503089157
285510.8828370203
[2; 10; 1.3434560574907188]
[1; 20; 2.7049754744576844]
[1; 20; 2.723345514700657]
[1; 20; 2.7420306524247486]
[2; 20; 2.7610396252633507]
[1; 40; 5.5607630150119185]
[1; 40; 5.600131453564607]
[1; 40; 5.640204163522553]
[2; 30; 4.2607511414070975]
[1; 60; 8.583817087767203]
[1; 60; 8.647283747942797]
[2; 30; 4.355968355891234]
[2; 30; 4.388905930194757]
[1; 80; 11.793262112308556]
[1; 80; 11.884506486515441]
[2; 40; 5.988768241486895]
[2; 40; 6.036204338327377]
[1; 80; 12.169182136862545]
[2; 50; 7.667449105564754]
[1; 100; 15.460853082058435]
[1; 100; 15.589426587245917]
[1; 100; 15.720706934729517]
[1; 100; 15.85478647032303]
[2; 50; 7.99588096392782]
[1; 120; 19.358081637634687]
[1; 120; 19.52977334105171]
[2; 60; 9.852661668188803]
[2; 70; 11.599508810958666]
[1; 140; 23.413329149893986]
[1; 140; 23.63265975577152]
[2; 70; 11.928600096113469]
[2; 70; 12.04357566219715]
[1; 140; 24.322724822182856]
[2; 70; 12.282071955503149]
[1; 140; 24.811644186808863]
[1; 140; 25.065474501966268]
[1; 140; 25.32589792942539]
[1; 160; 29.249363215246344]
[1; 160; 29.56303304626584]
[1; 160; 29.885249906125697]
[2; 80; 15.108196310469026]
[2; 80; 15.27843174710316]
[2; 90; 17.385238232146396]
[1; 180; 35.1759687814717]
[2; 90; 17.796746895027617]
[1; 180; 36.0236331497268]
[1; 180; 36.467007895739464]
[2; 90; 18.462140947631653]
[1; 180; 37.39616567920686]
[2; 90; 18.941710349219104]
[1; 200; 42.65207117867634]
[1; 200; 43.23041534908701]
[2; 100; 21.91438602834463]
[1; 200; 44.4482728027433]
[2; 100; 22.54506948014778]
[2; 100; 22.877845530253182]
[1; 1040; 241.52106820679506]
[1; 1040; 245.25121528462753]
[1; 1080; 258.710682147009]
[1; 1080; 262.90044236346023]
[2; 540; 133.63202968654602]
[2; 540; 135.90668549729855]
[2; 560; 143.40218272644876]
[2; 560; 145.97450463651683]
[1; 1120; 297.3307465809554]
[2; 560; 151.48377872862784]
[2; 560; 154.4396758778644]
[1; 1160; 326.3413921179515]
[2; 580; 166.55262192015203]
[1; 1160; 340.2308257383445]
[1; 1160; 347.7501173904187]
[1; 1160; 355.69911924194736]
[1; 1160; 364.1185189069245]
[1; 1160; 373.05449648423433]
[2; 600; 197.87570912916686]
[1; 1200; 406.2356559459199]
[1; 1240; 431.35780098943025]
[2; 620; 221.88601545879294]
[1; 1240; 457.119797310094]
[2; 620; 235.75936812708795]
[1; 1280; 502.8210358543853]
[1; 1320; 536.572399898466]
[2; 660; 278.13292172979027]
[2; 660; 288.9358653745336]
[1; 1320; 601.7056302797012]
[1; 1320; 628.1594403976314]
[1; 1320; 657.7265502924312]
[1; 1360; 711.9783800160104]
[1; 1360; 751.0027780716313]
[2; 680; 397.9274710043247]
[1; 1360; 848.0648063461779]
[1; 1360; 909.7750755387377]
[1; 1360; 984.0920338291008]
[1; 1360; 1075.714478988336]
[1; 1360; 1192.142599941948]
[2; 680; 673.109482865565]
[1; 1400; 1608.094280608364]
[1; 1400; 1948.0674883393626]
[1; 1400; 2552.690552701762]
[1; 1400; 4052.143668708062]


Jobs: [[2; 10; 1.3434560574907188], [1; 20; 2.7049754744576844], [1; 20; 2.7420306524247486], [2; 20; 2.7610396252633507], [1; 40; 5.5607630150119185], [1; 40; 5.640204163522553], [2; 30; 4.2607511414070975], [1; 60; 8.583817087767203], [2; 30; 4.355968355891234], [2; 30; 4.388905930194757], [1; 80; 11.793262112308556], [2; 40; 5.988768241486895], [2; 40; 6.036204338327377], [1; 80; 12.169182136862545], [2; 50; 7.667449105564754], [1; 100; 15.460853082058435], [1; 100; 15.720706934729517], [2; 50; 7.99588096392782], [1; 120; 19.358081637634687], [2; 60; 9.852661668188803], [2; 70; 11.599508810958666], [1; 140; 23.413329149893986], [2; 70; 11.928600096113469], [2; 70; 12.04357566219715], [1; 140; 24.322724822182856], [2; 70; 12.282071955503149], [1; 140; 24.811644186808863], [1; 140; 25.32589792942539], [1; 160; 29.56303304626584], [2; 80; 15.108196310469026], [2; 80; 15.27843174710316], [2; 90; 17.385238232146396], [1; 180; 35.1759687814717], [2; 90; 17.796746895027617], [1; 180; 36.0236331497268], [2; 90; 18.462140947631653], [1; 180; 37.39616567920686], [2; 90; 18.941710349219104], [1; 200; 42.65207117867634], [2; 100; 21.91438602834463], [1; 200; 44.4482728027433], [2; 100; 22.54506948014778], [2; 100; 22.877845530253182], [1; 1040; 241.52106820679506], [1; 1080; 258.710682147009], [2; 540; 133.63202968654602], [2; 540; 135.90668549729855], [2; 560; 143.40218272644876], [2; 560; 145.97450463651683], [1; 1120; 297.3307465809554], [2; 560; 151.48377872862784], [2; 560; 154.4396758778644], [1; 1160; 326.3413921179515], [2; 580; 166.55262192015203], [1; 1160; 340.2308257383445], [1; 1160; 355.69911924194736], [1; 1160; 373.05449648423433], [2; 600; 197.87570912916686], [1; 1200; 406.2356559459199], [2; 620; 221.88601545879294], [1; 1240; 457.119797310094], [2; 620; 235.75936812708795], [1; 1280; 502.8210358543853], [2; 660; 278.13292172979027], [2; 660; 288.9358653745336], [1; 1320; 601.7056302797012], [1; 1320; 657.7265502924312], [1; 1360; 751.0027780716313], [2; 680; 397.9274710043247], [1; 1360; 848.0648063461779], [1; 1360; 984.0920338291008], [1; 1360; 1192.142599941948], [2; 680; 673.109482865565], [1; 1400; 1608.094280608364], [1; 1400; 2552.690552701762]];
Intervals[4.9E-324=1.3434560574907188, 1.3434560574907188=4.048431531948403, 4.048431531948403=6.790462184373152, 6.790462184373152=9.551501809636502, 9.551501809636502=15.11226482464842, 15.11226482464842=20.752468988170975, 20.752468988170975=25.013220129578073, 25.013220129578073=33.597037217345274, 33.66050387752087=38.0164722334121, 38.0164722334121=42.40537816360686, 42.40537816360686=54.198640275915416, 54.2898846501223=60.2786528916092, 60.2786528916092=66.31485722993658, 66.31485722993658=78.48403936679912, 78.48403936679912=86.15148847236388, 86.15148847236388=101.61234155442231, 101.61234155442231=117.33304848915184, 117.59570152993282=125.59158249386064, 125.59158249386064=144.94966413149533, 145.12135583491235=154.97401750310115, 154.97401750310115=166.57352631405982, 166.57352631405982=189.98685546395382, 190.20618606983135=202.1347861659448, 202.1347861659448=214.17836182814196, 214.17836182814196=238.50108665032482, 238.50108665032482=250.78315860582796, 250.78315860582796=275.5948027926368, 275.5948027926368=300.9207007220622, 300.9207007220622=330.483733768328, 334.98324622916624=350.0914425396353, 350.0914425396353=365.3698742867385, 365.3698742867385=382.75511251888486, 382.75511251888486=417.93108130035654, 417.93108130035654=435.7278281953842, 435.7278281953842=471.75146134511095, 472.19483609112365=490.6569770387553, 490.6569770387553=528.0531427179621, 528.0531427179621=546.9948530671812, 546.9948530671812=589.6469242458576, 590.2252684162682=612.1396544446129, 612.1396544446129=656.5879272473562, 656.5879272473562=679.132996727504, 679.132996727504=702.0108422577571, 702.0108422577571=943.5319104645521, 943.5319104645521=1202.2425926115611, 1210.162499905845=1343.794529592391, 1343.794529592391=1479.7012150896894, 1479.7012150896894=1623.103397816138, 1623.103397816138=1769.077902452655, 1769.077902452655=2066.4086490336103, 2066.4086490336103=2217.892427762238, 2217.892427762238=2372.3321036401026, 2372.3321036401026=2698.673495758054, 2698.673495758054=2865.226117678206, 2865.226117678206=3205.4569434165505, 3205.4569434165505=3561.156062658498, 3561.156062658498=3934.210559142732, 3934.210559142732=4132.086268271899, 4132.086268271899=4538.321924217818, 4563.444069261329=4785.330084720122, 4785.330084720122=5242.449882030216, 5242.449882030216=5478.209250157304, 5478.209250157304=5981.03028601169, 6014.78165005577=6292.914571785561, 6292.914571785561=6581.850437160095, 6581.850437160095=7183.556067439796, 7183.556067439796=7841.282617732227, 7841.282617732227=8592.285395803858, 8592.285395803858=8990.212866808182, 8990.212866808182=9838.27767315436, 9838.27767315436=10822.369706983462, 10822.369706983462=12014.51230692541, 12014.51230692541=12687.621789790974, 12687.621789790974=14295.716070399338, 14295.716070399338=16848.4066231011];

Jobs: [[2; 10; 1.3434560574907188], [1; 20; 2.723345514700657], [2; 20; 2.7610396252633507], [1; 40; 5.600131453564607], [2; 30; 4.2607511414070975], [1; 60; 8.647283747942797], [2; 30; 4.355968355891234], [2; 30; 4.388905930194757], [1; 80; 11.884506486515441], [2; 40; 5.988768241486895], [2; 40; 6.036204338327377], [2; 50; 7.667449105564754], [1; 100; 15.589426587245917], [1; 100; 15.85478647032303], [2; 50; 7.99588096392782], [1; 120; 19.52977334105171], [2; 60; 9.852661668188803], [2; 70; 11.599508810958666], [1; 140; 23.63265975577152], [2; 70; 11.928600096113469], [2; 70; 12.04357566219715], [2; 70; 12.282071955503149], [1; 140; 25.065474501966268], [1; 160; 29.249363215246344], [1; 160; 29.885249906125697], [2; 80; 15.108196310469026], [2; 80; 15.27843174710316], [2; 90; 17.385238232146396], [2; 90; 17.796746895027617], [1; 180; 36.467007895739464], [2; 90; 18.462140947631653], [2; 90; 18.941710349219104], [1; 200; 43.23041534908701], [2; 100; 21.91438602834463], [2; 100; 22.54506948014778], [2; 100; 22.877845530253182], [1; 1040; 245.25121528462753], [1; 1080; 262.90044236346023], [2; 540; 133.63202968654602], [2; 540; 135.90668549729855], [2; 560; 143.40218272644876], [2; 560; 145.97450463651683], [2; 560; 151.48377872862784], [2; 560; 154.4396758778644], [2; 580; 166.55262192015203], [1; 1160; 347.7501173904187], [1; 1160; 364.1185189069245], [2; 600; 197.87570912916686], [1; 1240; 431.35780098943025], [2; 620; 221.88601545879294], [2; 620; 235.75936812708795], [1; 1320; 536.572399898466], [2; 660; 278.13292172979027], [2; 660; 288.9358653745336], [1; 1320; 628.1594403976314], [1; 1360; 711.9783800160104], [2; 680; 397.9274710043247], [1; 1360; 909.7750755387377], [1; 1360; 1075.714478988336], [2; 680; 673.109482865565], [1; 1400; 1948.0674883393626], [1; 1400; 4052.143668708062]];
Intervals[4.9E-324=1.3434560574907188, 1.3434560574907188=4.066801572191376, 6.790462184373152=9.551501809636502, 9.551501809636502=15.15163326320111, 20.752468988170975=25.013220129578073, 25.013220129578073=33.66050387752087, 33.66050387752087=38.0164722334121, 38.0164722334121=42.40537816360686, 42.40537816360686=54.2898846501223, 54.2898846501223=60.2786528916092, 60.2786528916092=66.31485722993658, 78.48403936679912=86.15148847236388, 86.15148847236388=101.74091505960979, 101.74091505960979=117.59570152993282, 117.59570152993282=125.59158249386064, 125.59158249386064=145.12135583491235, 145.12135583491235=154.97401750310115, 154.97401750310115=166.57352631405982, 166.57352631405982=190.20618606983135, 190.20618606983135=202.1347861659448, 202.1347861659448=214.17836182814196, 238.50108665032482=250.78315860582796, 250.78315860582796=275.8486331077942, 275.8486331077942=305.09799632304055, 305.09799632304055=334.98324622916624, 334.98324622916624=350.0914425396353, 350.0914425396353=365.3698742867385, 365.3698742867385=382.75511251888486, 417.93108130035654=435.7278281953842, 435.7278281953842=472.19483609112365, 472.19483609112365=490.6569770387553, 528.0531427179621=546.9948530671812, 546.9948530671812=590.2252684162682, 590.2252684162682=612.1396544446129, 656.5879272473562=679.132996727504, 679.132996727504=702.0108422577571, 702.0108422577571=947.2620575423846, 947.2620575423846=1210.162499905845, 1210.162499905845=1343.794529592391, 1343.794529592391=1479.7012150896894, 1479.7012150896894=1623.103397816138, 1623.103397816138=1769.077902452655, 2066.4086490336103=2217.892427762238, 2217.892427762238=2372.3321036401026, 2698.673495758054=2865.226117678206, 2865.226117678206=3212.9762350686246, 3212.9762350686246=3577.0947539755493, 3934.210559142732=4132.086268271899, 4132.086268271899=4563.444069261329, 4563.444069261329=4785.330084720122, 5242.449882030216=5478.209250157304, 5478.209250157304=6014.78165005577, 6014.78165005577=6292.914571785561, 6292.914571785561=6581.850437160095, 6581.850437160095=7210.009877557726, 7210.009877557726=7921.9882575737365, 8592.285395803858=8990.212866808182, 8990.212866808182=9899.98794234692, 9899.98794234692=10975.702421335256, 12014.51230692541=12687.621789790974, 12687.621789790974=14635.689278130336, 14635.689278130336=18687.832946838396];
