1.1158095927658225
705807.9569939234
787547.2890642668
[1; 20; 5.422185353157278]
[2; 10; 2.729318595214909]
[2; 20; 5.495707909113538]
[2; 20; 5.533414494127762]
[2; 20; 5.571774578005959]
[2; 20; 5.610806472653206]
[2; 20; 5.6505292030147345]
[2; 30; 8.536443814188528]
[2; 30; 8.598190578535288]
[2; 30; 8.661066178525536]
[2; 30; 8.725103999729132]
[2; 30; 8.790338800602417]
[2; 40; 11.809075713542166]
[2; 40; 11.899394240467347]
[2; 50; 14.989324697621312]
[2; 50; 15.10665870935457]
[2; 50; 15.226316190922956]
[1; 120; 36.836091944258726]
[2; 60; 18.567483471215493]
[1; 120; 37.43997907252711]
[1; 120; 37.75133248349037]
[2; 60; 19.034620389887362]
[2; 70; 22.396457758422414]
[2; 70; 22.58994917215491]
[2; 80; 26.043056671029426]
[2; 80; 26.274039102333056]
[2; 80; 26.510212219197225]
[2; 80; 26.751765207319036]
[2; 90; 30.373758972939697]
[1; 180; 61.31658652349714]
[1; 180; 61.899172370465955]
[2; 90; 31.247898322703517]
[2; 90; 31.553504270342724]
[2; 100; 35.40743735012764]
[2; 100; 35.76419110231894]
[2; 100; 36.13006914855006]
[2; 100; 36.50545068945256]
[2; 520; 191.83183207759672]
[2; 520; 193.88903441424713]
[1; 1040; 392.00458481096786]
[2; 520; 198.17409058085383]
[2; 520; 200.4070674462806]
[2; 520; 202.7040278380241]
[2; 520; 205.0679565012953]
[2; 520; 207.50203303889762]
[2; 520; 210.00964839546697]
[1; 1080; 441.5422632915897]
[1; 1080; 447.0789335133805]
[2; 540; 226.39624944871613]
[2; 540; 229.3460895426265]
[2; 540; 232.39393380634746]
[2; 560; 244.26899045463]
[2; 560; 247.64994314077725]
[2; 560; 251.15036802919337]
[1; 1120; 509.5543327238924]
[2; 560; 258.5377996637701]
[2; 580; 271.81321855150975]
[2; 580; 276.011209602245]
[2; 580; 280.37513593322967]
[2; 580; 284.9157470145597]
[2; 580; 289.64477367122043]
[2; 580; 294.57504502181473]
[2; 580; 299.7206227814317]
[2; 580; 305.0969560437407]
[2; 580; 310.72106031784836]
[2; 580; 316.611725418702]
[2; 580; 322.78975784193966]
[1; 1200; 681.2653749433535]
[2; 600; 347.69274496206134]
[2; 600; 355.1303736857011]
[2; 600; 362.97895368564065]
[2; 600; 371.27606195569695]
[1; 1240; 785.4659470366208]
[2; 620; 402.37118982152157]
[2; 620; 412.6233696530723]
[1; 1240; 847.1091573964405]
[1; 1240; 870.479513436255]
[1; 1280; 924.4195243438409]
[1; 1280; 952.2241965628219]
[1; 1280; 982.2185616025065]
[2; 640; 507.34611688031595]
[1; 1280; 1049.9902497099224]
[2; 660; 561.2718949851202]
[2; 660; 583.0722220129043]
[2; 660; 607.1206120259358]
[2; 660; 633.8124902151926]
[2; 660; 663.64568597044]
[2; 660; 697.2567562832373]
[1; 1320; 1470.948488593573]
[2; 660; 779.3989970937829]
[2; 680; 855.6968696257817]
[2; 680; 917.9624934043999]
[2; 680; 992.9482587531096]
[2; 680; 1085.395249741926]
[2; 680; 1202.8711523980608]
[2; 680; 1358.334111009861]
[2; 680; 1576.2071104946779]
[2; 700; 1965.5989013076728]
[2; 700; 2575.663202534273]
[1; 1400; 8177.220954437372]


Jobs: [[1; 20; 5.422185353157278], [2; 10; 2.729318595214909], [2; 20; 5.495707909113538], [2; 20; 5.533414494127762], [2; 20; 5.571774578005959], [2; 20; 5.610806472653206], [2; 20; 5.6505292030147345], [2; 30; 8.536443814188528], [2; 30; 8.598190578535288], [2; 30; 8.661066178525536], [2; 30; 8.725103999729132], [2; 30; 8.790338800602417], [2; 40; 11.809075713542166], [2; 40; 11.899394240467347], [2; 50; 14.989324697621312], [2; 50; 15.10665870935457], [2; 50; 15.226316190922956], [1; 120; 36.836091944258726], [2; 60; 18.567483471215493], [1; 120; 37.43997907252711], [2; 60; 19.034620389887362], [2; 70; 22.396457758422414], [2; 70; 22.58994917215491], [2; 80; 26.043056671029426], [2; 80; 26.274039102333056], [2; 80; 26.510212219197225], [2; 80; 26.751765207319036], [2; 90; 30.373758972939697], [1; 180; 61.31658652349714], [2; 90; 31.247898322703517], [2; 90; 31.553504270342724], [2; 100; 35.40743735012764], [2; 100; 35.76419110231894], [2; 100; 36.13006914855006], [2; 100; 36.50545068945256], [2; 520; 191.83183207759672], [2; 520; 193.88903441424713], [1; 1040; 392.00458481096786], [2; 520; 198.17409058085383], [2; 520; 200.4070674462806], [2; 520; 202.7040278380241], [2; 520; 205.0679565012953], [2; 520; 207.50203303889762], [2; 520; 210.00964839546697], [1; 1080; 441.5422632915897], [2; 540; 226.39624944871613], [2; 540; 229.3460895426265], [2; 540; 232.39393380634746], [2; 560; 244.26899045463], [2; 560; 247.64994314077725], [2; 560; 251.15036802919337], [1; 1120; 509.5543327238924], [2; 560; 258.5377996637701], [2; 580; 271.81321855150975], [2; 580; 276.011209602245], [2; 580; 280.37513593322967], [2; 580; 284.9157470145597], [2; 580; 289.64477367122043], [2; 580; 294.57504502181473], [2; 580; 299.7206227814317], [2; 580; 305.0969560437407], [2; 580; 310.72106031784836], [2; 580; 316.611725418702], [2; 580; 322.78975784193966], [1; 1200; 681.2653749433535], [2; 600; 347.69274496206134], [2; 600; 355.1303736857011], [2; 600; 362.97895368564065], [2; 600; 371.27606195569695], [1; 1240; 785.4659470366208], [2; 620; 402.37118982152157], [2; 620; 412.6233696530723], [1; 1240; 847.1091573964405], [1; 1280; 924.4195243438409], [1; 1280; 982.2185616025065], [2; 640; 507.34611688031595], [1; 1280; 1049.9902497099224], [2; 660; 561.2718949851202], [2; 660; 583.0722220129043], [2; 660; 607.1206120259358], [2; 660; 633.8124902151926], [2; 660; 663.64568597044], [2; 660; 697.2567562832373], [1; 1320; 1470.948488593573], [2; 660; 779.3989970937829], [2; 680; 855.6968696257817], [2; 680; 917.9624934043999], [2; 680; 992.9482587531096], [2; 680; 1085.395249741926], [2; 680; 1202.8711523980608], [2; 680; 1358.334111009861], [2; 680; 1576.2071104946779], [2; 700; 1965.5989013076728], [2; 700; 2575.663202534273], [1; 1400; 8177.220954437372]];
Intervals[0.0=5.422185353157278, 5.422185353157278=8.151503948372188, 8.151503948372188=13.647211857485726, 13.647211857485726=19.180626351613487, 19.180626351613487=24.752400929619448, 24.752400929619448=30.363207402272653, 30.363207402272653=36.01373660528739, 36.01373660528739=44.55018041947592, 44.55018041947592=53.14837099801121, 53.14837099801121=61.80943717653675, 61.80943717653675=70.53454117626588, 70.53454117626588=79.32487997686829, 79.32487997686829=91.13395569041046, 91.13395569041046=103.0333499308778, 103.0333499308778=118.02267462849912, 118.02267462849912=133.1293333378537, 133.1293333378537=148.35564952877664, 148.35564952877664=185.19174147303536, 185.19174147303536=203.75922494425086, 203.75922494425086=241.19920401677797, 241.51055742774122=260.5451778176286, 260.5451778176286=282.941635576051, 282.941635576051=305.5315847482059, 305.5315847482059=331.5746414192353, 331.5746414192353=357.8486805215684, 357.8486805215684=384.3588927407656, 384.3588927407656=411.1106579480846, 411.1106579480846=441.4844169210243, 441.4844169210243=502.8010034445215, 503.3835892914903=534.6314876141938, 534.6314876141938=566.1849918845365, 566.1849918845365=601.5924292346642, 601.5924292346642=637.3566203369832, 637.3566203369832=673.4866894855332, 673.4866894855332=709.9921401749858, 709.9921401749858=901.8239722525825, 901.8239722525825=1095.7130066668296, 1095.7130066668296=1487.7175914777974, 1487.7175914777974=1685.8916820586512, 1685.8916820586512=1886.2987495049317, 1886.2987495049317=2089.0027773429556, 2089.0027773429556=2294.0707338442508, 2294.0707338442508=2501.5727668831482, 2501.5727668831482=2711.5824152786154, 2711.5824152786154=3153.124678570205, 3158.661348791996=3385.0575982407117, 3385.0575982407117=3614.4036877833382, 3614.4036877833382=3846.7976215896856, 3846.7976215896856=4091.0666120443157, 4091.0666120443157=4338.716555185093, 4338.716555185093=4589.8669232142865, 4589.8669232142865=5099.421255938179, 5099.421255938179=5357.959055601948, 5357.959055601948=5629.772274153458, 5629.772274153458=5905.783483755703, 5905.783483755703=6186.158619688933, 6186.158619688933=6471.074366703493, 6471.074366703493=6760.719140374714, 6760.719140374714=7055.2941853965285, 7055.2941853965285=7355.01480817796, 7355.01480817796=7660.1117642217005, 7660.1117642217005=7970.832824539549, 7970.832824539549=8287.44454995825, 8287.44454995825=8610.23430780019, 8610.23430780019=9291.499682743544, 9291.499682743544=9639.192427705606, 9639.192427705606=9994.322801391307, 9994.322801391307=10357.301755076947, 10357.301755076947=10728.577817032645, 10728.577817032645=11514.043764069265, 11514.043764069265=11916.414953890788, 11916.414953890788=12329.03832354386, 12329.03832354386=13176.1474809403, 13176.1474809403=14100.567005284141, 14100.567005284141=15082.785566886649, 15082.785566886649=15590.131683766964, 15590.131683766964=16640.121933476887, 16640.121933476887=17201.393828462005, 17201.393828462005=17784.466050474908, 17784.466050474908=18391.586662500842, 18391.586662500842=19025.399152716036, 19025.399152716036=19689.044838686477, 19689.044838686477=20386.301594969715, 20386.301594969715=21857.25008356329, 21857.25008356329=22636.649080657073, 22636.649080657073=23492.345950282855, 23492.345950282855=24410.308443687256, 24410.308443687256=25403.256702440365, 25403.256702440365=26488.651952182292, 26488.651952182292=27691.523104580352, 27691.523104580352=29049.857215590215, 29049.857215590215=30626.064326084892, 30626.064326084892=32591.663227392564, 32591.663227392564=35167.326429926834, 35167.326429926834=43344.5473843642];

Jobs: [[2; 10; 2.729318595214909], [2; 20; 5.495707909113538], [2; 20; 5.533414494127762], [2; 20; 5.571774578005959], [2; 20; 5.610806472653206], [2; 20; 5.6505292030147345], [2; 30; 8.536443814188528], [2; 30; 8.598190578535288], [2; 30; 8.661066178525536], [2; 30; 8.725103999729132], [2; 30; 8.790338800602417], [2; 40; 11.809075713542166], [2; 40; 11.899394240467347], [2; 50; 14.989324697621312], [2; 50; 15.10665870935457], [2; 50; 15.226316190922956], [2; 60; 18.567483471215493], [1; 120; 37.75133248349037], [2; 60; 19.034620389887362], [2; 70; 22.396457758422414], [2; 70; 22.58994917215491], [2; 80; 26.043056671029426], [2; 80; 26.274039102333056], [2; 80; 26.510212219197225], [2; 80; 26.751765207319036], [2; 90; 30.373758972939697], [1; 180; 61.899172370465955], [2; 90; 31.247898322703517], [2; 90; 31.553504270342724], [2; 100; 35.40743735012764], [2; 100; 35.76419110231894], [2; 100; 36.13006914855006], [2; 100; 36.50545068945256], [2; 520; 191.83183207759672], [2; 520; 193.88903441424713], [2; 520; 198.17409058085383], [2; 520; 200.4070674462806], [2; 520; 202.7040278380241], [2; 520; 205.0679565012953], [2; 520; 207.50203303889762], [2; 520; 210.00964839546697], [1; 1080; 447.0789335133805], [2; 540; 226.39624944871613], [2; 540; 229.3460895426265], [2; 540; 232.39393380634746], [2; 560; 244.26899045463], [2; 560; 247.64994314077725], [2; 560; 251.15036802919337], [2; 560; 258.5377996637701], [2; 580; 271.81321855150975], [2; 580; 276.011209602245], [2; 580; 280.37513593322967], [2; 580; 284.9157470145597], [2; 580; 289.64477367122043], [2; 580; 294.57504502181473], [2; 580; 299.7206227814317], [2; 580; 305.0969560437407], [2; 580; 310.72106031784836], [2; 580; 316.611725418702], [2; 580; 322.78975784193966], [2; 600; 347.69274496206134], [2; 600; 355.1303736857011], [2; 600; 362.97895368564065], [2; 600; 371.27606195569695], [2; 620; 402.37118982152157], [2; 620; 412.6233696530723], [1; 1240; 870.479513436255], [1; 1280; 952.2241965628219], [2; 640; 507.34611688031595], [2; 660; 561.2718949851202], [2; 660; 583.0722220129043], [2; 660; 607.1206120259358], [2; 660; 633.8124902151926], [2; 660; 663.64568597044], [2; 660; 697.2567562832373], [2; 660; 779.3989970937829], [2; 680; 855.6968696257817], [2; 680; 917.9624934043999], [2; 680; 992.9482587531096], [2; 680; 1085.395249741926], [2; 680; 1202.8711523980608], [2; 680; 1358.334111009861], [2; 680; 1576.2071104946779], [2; 700; 1965.5989013076728], [2; 700; 2575.663202534273]];
Intervals[5.422185353157278=8.151503948372188, 8.151503948372188=13.647211857485726, 13.647211857485726=19.180626351613487, 19.180626351613487=24.752400929619448, 24.752400929619448=30.363207402272653, 30.363207402272653=36.01373660528739, 36.01373660528739=44.55018041947592, 44.55018041947592=53.14837099801121, 53.14837099801121=61.80943717653675, 61.80943717653675=70.53454117626588, 70.53454117626588=79.32487997686829, 79.32487997686829=91.13395569041046, 91.13395569041046=103.0333499308778, 103.0333499308778=118.02267462849912, 118.02267462849912=133.1293333378537, 133.1293333378537=148.35564952877664, 185.19174147303536=203.75922494425086, 203.75922494425086=241.51055742774122, 241.51055742774122=260.5451778176286, 260.5451778176286=282.941635576051, 282.941635576051=305.5315847482059, 305.5315847482059=331.5746414192353, 331.5746414192353=357.8486805215684, 357.8486805215684=384.3588927407656, 384.3588927407656=411.1106579480846, 411.1106579480846=441.4844169210243, 441.4844169210243=503.3835892914903, 503.3835892914903=534.6314876141938, 534.6314876141938=566.1849918845365, 566.1849918845365=601.5924292346642, 601.5924292346642=637.3566203369832, 637.3566203369832=673.4866894855332, 673.4866894855332=709.9921401749858, 709.9921401749858=901.8239722525825, 901.8239722525825=1095.7130066668296, 1487.7175914777974=1685.8916820586512, 1685.8916820586512=1886.2987495049317, 1886.2987495049317=2089.0027773429556, 2089.0027773429556=2294.0707338442508, 2294.0707338442508=2501.5727668831482, 2501.5727668831482=2711.5824152786154, 2711.5824152786154=3158.661348791996, 3158.661348791996=3385.0575982407117, 3385.0575982407117=3614.4036877833382, 3614.4036877833382=3846.7976215896856, 3846.7976215896856=4091.0666120443157, 4091.0666120443157=4338.716555185093, 4338.716555185093=4589.8669232142865, 5099.421255938179=5357.959055601948, 5357.959055601948=5629.772274153458, 5629.772274153458=5905.783483755703, 5905.783483755703=6186.158619688933, 6186.158619688933=6471.074366703493, 6471.074366703493=6760.719140374714, 6760.719140374714=7055.2941853965285, 7055.2941853965285=7355.01480817796, 7355.01480817796=7660.1117642217005, 7660.1117642217005=7970.832824539549, 7970.832824539549=8287.44454995825, 8287.44454995825=8610.23430780019, 9291.499682743544=9639.192427705606, 9639.192427705606=9994.322801391307, 9994.322801391307=10357.301755076947, 10357.301755076947=10728.577817032645, 11514.043764069265=11916.414953890788, 11916.414953890788=12329.03832354386, 12329.03832354386=13199.517836980116, 13199.517836980116=14151.742033542938, 15082.785566886649=15590.131683766964, 16640.121933476887=17201.393828462005, 17201.393828462005=17784.466050474908, 17784.466050474908=18391.586662500842, 18391.586662500842=19025.399152716036, 19025.399152716036=19689.044838686477, 19689.044838686477=20386.301594969715, 21857.25008356329=22636.649080657073, 22636.649080657073=23492.345950282855, 23492.345950282855=24410.308443687256, 24410.308443687256=25403.256702440365, 25403.256702440365=26488.651952182292, 26488.651952182292=27691.523104580352, 27691.523104580352=29049.857215590215, 29049.857215590215=30626.064326084892, 30626.064326084892=32591.663227392564, 32591.663227392564=35167.326429926834];
