1.0
151.4823954029644
151.4823954029644
[2; 10; 0.015426998486281887]
[2; 10; 0.015636182106090156]
[2; 10; 0.015852604140644284]
[2; 10; 0.0160766738471678]
[2; 10; 0.01630883298897062]
[2; 10; 0.01654955919425809]
[2; 20; 0.03359873949184025]
[2; 20; 0.03411765173773605]
[2; 20; 0.034657075187183015]
[2; 20; 0.03521833857852342]
[2; 20; 0.035802891955043624]
[2; 20; 0.036412321119730515]
[2; 30; 0.05557254635460503]
[2; 30; 0.05656939644341375]
[2; 30; 0.05761218686796154]
[2; 40; 0.07827253537626705]
[2; 40; 0.07979986434920414]
[2; 40; 0.0814039485651005]
[2; 50; 0.10386393969348456]
[2; 50; 0.10608573302224367]
[2; 50; 0.10843028709075654]
[2; 60; 0.1330905924291587]
[2; 60; 0.13624084731789085]
[2; 60; 0.1395843882078217]
[2; 70; 0.16699773513098307]
[2; 70; 0.17142183538084982]
[2; 70; 0.17615108342505917]
[2; 70; 0.1812206105014594]
[2; 70; 0.18667136044953442]
[2; 80; 0.22005871044110123]
[2; 80; 0.22733419341176014]
[2; 80; 0.2352424494502708]
[2; 80; 0.24387638944104167]
[2; 80; 0.2533487772296925]
[2; 80; 0.26379796340959843]
[2; 80; 0.2753957628689293]
[2; 80; 0.28835848580461176]
[2; 80; 0.3029627204836906]
[2; 90; 0.3595145337440704]
[2; 90; 0.38098583222133325]
[2; 90; 0.40597935499144144]
[2; 90; 0.43552084179253037]
[2; 90; 0.4710973102013983]
[2; 100; 0.5721757046377471]
[2; 100; 0.6341041656257712]
[2; 100; 0.7160578391008724]
[2; 100; 0.8309115175478763]
[2; 100; 1.0065776195717666]
[2; 100; 1.3189898170479921]
[2; 100; 2.0937658231173253]


Jobs: [[2; 10; 0.015426998486281887], [2; 10; 0.015636182106090156], [2; 10; 0.015852604140644284], [2; 10; 0.0160766738471678], [2; 10; 0.01630883298897062], [2; 10; 0.01654955919425809], [2; 20; 0.03359873949184025], [2; 20; 0.03411765173773605], [2; 20; 0.034657075187183015], [2; 20; 0.03521833857852342], [2; 20; 0.035802891955043624], [2; 20; 0.036412321119730515], [2; 30; 0.05557254635460503], [2; 30; 0.05656939644341375], [2; 30; 0.05761218686796154], [2; 40; 0.07827253537626705], [2; 40; 0.07979986434920414], [2; 40; 0.0814039485651005], [2; 50; 0.10386393969348456], [2; 50; 0.10608573302224367], [2; 50; 0.10843028709075654], [2; 60; 0.1330905924291587], [2; 60; 0.13624084731789085], [2; 60; 0.1395843882078217], [2; 70; 0.16699773513098307], [2; 70; 0.17142183538084982], [2; 70; 0.17615108342505917], [2; 70; 0.1812206105014594], [2; 70; 0.18667136044953442], [2; 80; 0.22005871044110123], [2; 80; 0.22733419341176014], [2; 80; 0.2352424494502708], [2; 80; 0.24387638944104167], [2; 80; 0.2533487772296925], [2; 80; 0.26379796340959843], [2; 80; 0.2753957628689293], [2; 80; 0.28835848580461176], [2; 80; 0.3029627204836906], [2; 90; 0.3595145337440704], [2; 90; 0.38098583222133325], [2; 90; 0.40597935499144144], [2; 90; 0.43552084179253037], [2; 90; 0.4710973102013983], [2; 100; 0.5721757046377471], [2; 100; 0.6341041656257712], [2; 100; 0.7160578391008724], [2; 100; 0.8309115175478763], [2; 100; 1.0065776195717666], [2; 100; 1.3189898170479921], [2; 100; 2.0937658231173253]];
Intervals[4.9E-324=0.015426998486281887, 0.015426998486281887=0.031063180592372043, 0.031063180592372043=0.04691578473301633, 0.04691578473301633=0.06299245858018412, 0.06299245858018412=0.07930129156915475, 0.07930129156915475=0.09585085076341283, 0.09585085076341283=0.1294495902552531, 0.1294495902552531=0.16356724199298917, 0.16356724199298917=0.1982243171801722, 0.1982243171801722=0.2334426557586956, 0.2334426557586956=0.2692455477137392, 0.2692455477137392=0.30565786883346974, 0.30565786883346974=0.36123041518807475, 0.36123041518807475=0.4177998116314885, 0.4177998116314885=0.47541199849945004, 0.47541199849945004=0.553684533875717, 0.553684533875717=0.6334843982249212, 0.6334843982249212=0.7148883467900217, 0.7148883467900217=0.8187522864835062, 0.8187522864835062=0.9248380195057498, 0.9248380195057498=1.0332683065965065, 1.0332683065965065=1.1663588990256653, 1.1663588990256653=1.3025997463435561, 1.3025997463435561=1.4421841345513777, 1.4421841345513777=1.6091818696823608, 1.6091818696823608=1.7806037050632106, 1.7806037050632106=1.95675478848827, 1.95675478848827=2.137975398989729, 2.137975398989729=2.3246467594392635, 2.3246467594392635=2.544705469880365, 2.544705469880365=2.772039663292125, 2.772039663292125=3.007282112742396, 3.007282112742396=3.2511585021834377, 3.2511585021834377=3.5045072794131302, 3.5045072794131302=3.768305242822729, 3.768305242822729=4.043701005691658, 4.043701005691658=4.3320594914962705, 4.3320594914962705=4.635022211979961, 4.635022211979961=4.994536745724031, 4.994536745724031=5.375522577945365, 5.375522577945365=5.781501932936806, 5.781501932936806=6.217022774729336, 6.217022774729336=6.688120084930734, 6.688120084930734=7.260295789568481, 7.260295789568481=7.8943999551942525, 7.8943999551942525=8.610457794295124, 8.610457794295124=9.441369311843001, 9.441369311843001=10.447946931414767, 10.447946931414767=11.76693674846276, 11.76693674846276=13.860702571580084];

Jobs: [[2; 10; 0.015426998486281887], [2; 10; 0.015636182106090156], [2; 10; 0.015852604140644284], [2; 10; 0.0160766738471678], [2; 10; 0.01630883298897062], [2; 10; 0.01654955919425809], [2; 20; 0.03359873949184025], [2; 20; 0.03411765173773605], [2; 20; 0.034657075187183015], [2; 20; 0.03521833857852342], [2; 20; 0.035802891955043624], [2; 20; 0.036412321119730515], [2; 30; 0.05557254635460503], [2; 30; 0.05656939644341375], [2; 30; 0.05761218686796154], [2; 40; 0.07827253537626705], [2; 40; 0.07979986434920414], [2; 40; 0.0814039485651005], [2; 50; 0.10386393969348456], [2; 50; 0.10608573302224367], [2; 50; 0.10843028709075654], [2; 60; 0.1330905924291587], [2; 60; 0.13624084731789085], [2; 60; 0.1395843882078217], [2; 70; 0.16699773513098307], [2; 70; 0.17142183538084982], [2; 70; 0.17615108342505917], [2; 70; 0.1812206105014594], [2; 70; 0.18667136044953442], [2; 80; 0.22005871044110123], [2; 80; 0.22733419341176014], [2; 80; 0.2352424494502708], [2; 80; 0.24387638944104167], [2; 80; 0.2533487772296925], [2; 80; 0.26379796340959843], [2; 80; 0.2753957628689293], [2; 80; 0.28835848580461176], [2; 80; 0.3029627204836906], [2; 90; 0.3595145337440704], [2; 90; 0.38098583222133325], [2; 90; 0.40597935499144144], [2; 90; 0.43552084179253037], [2; 90; 0.4710973102013983], [2; 100; 0.5721757046377471], [2; 100; 0.6341041656257712], [2; 100; 0.7160578391008724], [2; 100; 0.8309115175478763], [2; 100; 1.0065776195717666], [2; 100; 1.3189898170479921], [2; 100; 2.0937658231173253]];
Intervals[4.9E-324=0.015426998486281887, 0.015426998486281887=0.031063180592372043, 0.031063180592372043=0.04691578473301633, 0.04691578473301633=0.06299245858018412, 0.06299245858018412=0.07930129156915475, 0.07930129156915475=0.09585085076341283, 0.09585085076341283=0.1294495902552531, 0.1294495902552531=0.16356724199298917, 0.16356724199298917=0.1982243171801722, 0.1982243171801722=0.2334426557586956, 0.2334426557586956=0.2692455477137392, 0.2692455477137392=0.30565786883346974, 0.30565786883346974=0.36123041518807475, 0.36123041518807475=0.4177998116314885, 0.4177998116314885=0.47541199849945004, 0.47541199849945004=0.553684533875717, 0.553684533875717=0.6334843982249212, 0.6334843982249212=0.7148883467900217, 0.7148883467900217=0.8187522864835062, 0.8187522864835062=0.9248380195057498, 0.9248380195057498=1.0332683065965065, 1.0332683065965065=1.1663588990256653, 1.1663588990256653=1.3025997463435561, 1.3025997463435561=1.4421841345513777, 1.4421841345513777=1.6091818696823608, 1.6091818696823608=1.7806037050632106, 1.7806037050632106=1.95675478848827, 1.95675478848827=2.137975398989729, 2.137975398989729=2.3246467594392635, 2.3246467594392635=2.544705469880365, 2.544705469880365=2.772039663292125, 2.772039663292125=3.007282112742396, 3.007282112742396=3.2511585021834377, 3.2511585021834377=3.5045072794131302, 3.5045072794131302=3.768305242822729, 3.768305242822729=4.043701005691658, 4.043701005691658=4.3320594914962705, 4.3320594914962705=4.635022211979961, 4.635022211979961=4.994536745724031, 4.994536745724031=5.375522577945365, 5.375522577945365=5.781501932936806, 5.781501932936806=6.217022774729336, 6.217022774729336=6.688120084930734, 6.688120084930734=7.260295789568481, 7.260295789568481=7.8943999551942525, 7.8943999551942525=8.610457794295124, 8.610457794295124=9.441369311843001, 9.441369311843001=10.447946931414767, 10.447946931414767=11.76693674846276, 11.76693674846276=13.860702571580084];
