1.0650350376564395
2723.6702304247565
2900.8042264241535
[1; 10; 0.06669956677782002]
[1; 10; 0.06714796933066124]
[1; 10; 0.06760398488809821]
[1; 10; 0.06806782238558533]
[1; 10; 0.06853969872502967]
[1; 10; 0.06901983916544692]
[2; 10; 0.06950847773712601]
[2; 10; 0.0700058576809852]
[1; 20; 0.14102446382988298]
[2; 10; 0.07102786352926874]
[1; 30; 0.21465907893926517]
[1; 30; 0.21626401594295935]
[1; 30; 0.2178992923068627]
[1; 30; 0.21956583620721445]
[1; 30; 0.22126461531779057]
[1; 30; 0.22299663897419797]
[1; 30; 0.2247629604838872]
[1; 40; 0.30208623945808705]
[1; 40; 0.30453726016903876]
[1; 50; 0.3837982630094119]
[1; 50; 0.386989955453424]
[1; 50; 0.39024884220851175]
[2; 30; 0.2361463293932918]
[2; 30; 0.2381864862616191]
[1; 60; 0.4805425721521324]
[1; 60; 0.48480462529983664]
[2; 30; 0.24458122809914332]
[1; 60; 0.49361955567356486]
[1; 70; 0.5812095239055567]
[1; 70; 0.5866541591474688]
[1; 70; 0.5922281225652422]
[1; 70; 0.5979364004095803]
[1; 70; 0.6037842471475602]
[1; 80; 0.6968882332555889]
[1; 80; 0.7039098510477334]
[1; 80; 0.7111110529507028]
[1; 80; 0.7184993023811679]
[1; 80; 0.7260824960021118]
[1; 90; 0.8256026207774465]
[1; 90; 0.8346011252117737]
[1; 90; 0.8438489007283311]
[1; 90; 0.8533571823998618]
[1; 90; 0.8631379135535061]
[1; 90; 0.8732038035901643]
[1; 100; 0.9817426573751028]
[1; 100; 0.9936067963802929]
[1; 100; 1.0058359948942388]
[1; 110; 1.120293420131085]
[1; 110; 1.1346105109743965]
[1; 120; 1.2538843304222647]
[1; 120; 1.2705475496272158]
[1; 130; 1.3950902774719218]
[1; 130; 1.4143998681500423]
[1; 130; 1.4343917988480859]
[1; 140; 1.5670366756576526]
[1; 140; 1.5901668893726666]
[1; 150; 1.7294678291552004]
[1; 150; 1.7561784155939988]
[1; 150; 1.7839447995780473]
[1; 150; 1.8128353768344205]
[1; 160; 1.9657864396412545]
[1; 160; 1.9992476357191487]
[2; 80; 1.0170850460663994]
[1; 160; 2.0706586601400225]
[2; 80; 1.0544144110418483]
[1; 160; 2.1488081023204963]
[1; 170; 2.3276588192036702]
[1; 170; 2.374447880843395]
[1; 170; 2.4236614154313525]
[1; 170; 2.4755068853785507]
[2; 90; 1.3395266327183615]
[1; 180; 2.740292063936945]
[1; 180; 2.805154788742729]
[1; 180; 2.8739972095246715]
[1; 180; 2.9472249578644365]
[1; 180; 3.0253027752807906]
[1; 180; 3.1087659303762356]
[1; 180; 3.1982344295293386]
[1; 190; 3.477454798371756]
[1; 190; 3.5869920785709613]
[1; 200; 3.9006143277891856]
[1; 200; 4.0363046801673175]
[1; 200; 4.184446363245647]
[1; 200; 4.346974186149369]
[1; 200; 4.526261977024075]
[2; 100; 2.3626288732406073]
[1; 200; 4.947672958426489]
[2; 110; 2.85903933241724]
[2; 110; 3.0157467439013046]
[2; 110; 3.1958562871673197]
[2; 120; 3.7151035723528705]
[2; 120; 3.9854367353523887]
[2; 150; 5.38874476785876]
[2; 170; 6.675850070150699]
[2; 170; 7.398399310323297]
[2; 180; 8.846038978385643]
[2; 180; 10.264918935944548]
[2; 180; 12.435063721504942]
[2; 190; 17.199795512691484]
[2; 200; 28.73997209524671]


Jobs: [[1; 10; 0.06669956677782002], [1; 10; 0.06760398488809821], [1; 10; 0.06853969872502967], [2; 10; 0.06950847773712601], [2; 10; 0.0700058576809852], [1; 20; 0.14102446382988298], [2; 10; 0.07102786352926874], [1; 30; 0.21465907893926517], [1; 30; 0.2178992923068627], [1; 30; 0.22126461531779057], [1; 30; 0.2247629604838872], [1; 40; 0.30453726016903876], [1; 50; 0.386989955453424], [2; 30; 0.2361463293932918], [2; 30; 0.2381864862616191], [1; 60; 0.4805425721521324], [2; 30; 0.24458122809914332], [1; 60; 0.49361955567356486], [1; 70; 0.5866541591474688], [1; 70; 0.5979364004095803], [1; 80; 0.6968882332555889], [1; 80; 0.7111110529507028], [1; 80; 0.7260824960021118], [1; 90; 0.8346011252117737], [1; 90; 0.8533571823998618], [1; 90; 0.8732038035901643], [1; 100; 0.9936067963802929], [1; 110; 1.120293420131085], [1; 120; 1.2538843304222647], [1; 130; 1.3950902774719218], [1; 130; 1.4343917988480859], [1; 140; 1.5901668893726666], [1; 150; 1.7561784155939988], [1; 150; 1.8128353768344205], [1; 160; 1.9992476357191487], [2; 80; 1.0170850460663994], [1; 160; 2.0706586601400225], [2; 80; 1.0544144110418483], [1; 160; 2.1488081023204963], [1; 170; 2.374447880843395], [1; 170; 2.4755068853785507], [2; 90; 1.3395266327183615], [1; 180; 2.740292063936945], [1; 180; 2.8739972095246715], [1; 180; 3.0253027752807906], [1; 180; 3.1982344295293386], [1; 190; 3.5869920785709613], [1; 200; 4.0363046801673175], [1; 200; 4.346974186149369], [2; 100; 2.3626288732406073], [1; 200; 4.947672958426489], [2; 110; 2.85903933241724], [2; 110; 3.0157467439013046], [2; 110; 3.1958562871673197], [2; 120; 3.7151035723528705], [2; 120; 3.9854367353523887], [2; 150; 5.38874476785876], [2; 170; 6.675850070150699], [2; 170; 7.398399310323297], [2; 180; 8.846038978385643], [2; 180; 10.264918935944548], [2; 180; 12.435063721504942], [2; 190; 17.199795512691484], [2; 200; 28.73997209524671]];
Intervals[0.0=0.06669956677782002, 0.06669956677782002=0.13430355166591823, 0.13430355166591823=0.20284325039094792, 0.2042356308816935=0.2737441086188195, 0.2737441086188195=0.3437499662998047, 0.3437499662998047=0.4847744301296877, 0.4847744301296877=0.5558022936589564, 0.5558022936589564=0.7704613725982216, 0.7704613725982216=0.9883606649050842, 0.9883606649050842=1.2096252802228749, 1.2096252802228749=1.434388240706762, 1.434388240706762=1.738925500875801, 1.738925500875801=2.125915456329225, 2.290762129459339=2.526908458852631, 2.526908458852631=2.7650949451142504, 2.7650949451142504=3.245637517266383, 3.249899570414087=3.4944807985132305, 3.4944807985132305=3.988100354186795, 3.988100354186795=4.574754513334264, 4.574754513334264=5.172690913743844, 5.172690913743844=5.869579146999433, 5.869579146999433=6.580690199950135, 6.580690199950135=7.306772695952247, 7.306772695952247=8.141373821164022, 8.141373821164022=8.994731003563883, 8.994731003563883=9.867934807154047, 9.867934807154047=10.86154160353434, 10.86154160353434=11.981835023665425, 11.981835023665425=13.23571935408769, 13.23571935408769=14.630809631559613, 14.630809631559613=16.065201430407697, 16.065201430407697=17.655368319780365, 17.655368319780365=19.411546735374365, 19.411546735374365=21.224382112208787, 21.224382112208787=23.223629747927934, 23.223629747927934=24.240714793994332, 24.240714793994332=26.311373454134355, 26.311373454134355=27.365787865176202, 27.365787865176202=29.5145959674967, 29.5145959674967=31.889043848340094, 31.889043848340094=34.364550733718644, 34.364550733718644=35.704077366437005, 35.704077366437005=38.44436943037395, 38.44436943037395=41.31836663989863, 41.31836663989863=44.34366941517942, 44.34366941517942=47.541903844708756, 47.541903844708756=51.128895923279714, 51.128895923279714=55.16520060344703, 55.16520060344703=59.5121747895964, 60.654000509851066=63.016629383091676, 63.016629383091676=67.96430234151816, 67.96430234151816=70.8233416739354, 70.8233416739354=73.8390884178367, 73.8390884178367=77.03494470500402, 77.03494470500402=80.7500482773569, 80.7500482773569=84.73548501270929, 84.73548501270929=90.12422978056804, 90.12422978056804=96.80007985071875, 96.80007985071875=104.19847916104204, 104.19847916104204=113.04451813942768, 113.04451813942768=123.30943707537223, 123.30943707537223=135.74450079687716, 135.74450079687716=152.94429630956864, 152.94429630956864=181.68426840481536];

Jobs: [[1; 10; 0.06714796933066124], [1; 10; 0.06806782238558533], [1; 10; 0.06901983916544692], [2; 10; 0.06950847773712601], [2; 10; 0.0700058576809852], [2; 10; 0.07102786352926874], [1; 30; 0.21626401594295935], [1; 30; 0.21956583620721445], [1; 30; 0.22299663897419797], [1; 40; 0.30208623945808705], [1; 50; 0.3837982630094119], [1; 50; 0.39024884220851175], [2; 30; 0.2361463293932918], [2; 30; 0.2381864862616191], [1; 60; 0.48480462529983664], [2; 30; 0.24458122809914332], [1; 70; 0.5812095239055567], [1; 70; 0.5922281225652422], [1; 70; 0.6037842471475602], [1; 80; 0.7039098510477334], [1; 80; 0.7184993023811679], [1; 90; 0.8256026207774465], [1; 90; 0.8438489007283311], [1; 90; 0.8631379135535061], [1; 100; 0.9817426573751028], [1; 100; 1.0058359948942388], [1; 110; 1.1346105109743965], [1; 120; 1.2705475496272158], [1; 130; 1.4143998681500423], [1; 140; 1.5670366756576526], [1; 150; 1.7294678291552004], [1; 150; 1.7839447995780473], [1; 160; 1.9657864396412545], [2; 80; 1.0170850460663994], [2; 80; 1.0544144110418483], [1; 170; 2.3276588192036702], [1; 170; 2.4236614154313525], [2; 90; 1.3395266327183615], [1; 180; 2.805154788742729], [1; 180; 2.9472249578644365], [1; 180; 3.1087659303762356], [1; 190; 3.477454798371756], [1; 200; 3.9006143277891856], [1; 200; 4.184446363245647], [1; 200; 4.526261977024075], [2; 100; 2.3626288732406073], [2; 110; 2.85903933241724], [2; 110; 3.0157467439013046], [2; 110; 3.1958562871673197], [2; 120; 3.7151035723528705], [2; 120; 3.9854367353523887], [2; 150; 5.38874476785876], [2; 170; 6.675850070150699], [2; 170; 7.398399310323297], [2; 180; 8.846038978385643], [2; 180; 10.264918935944548], [2; 180; 12.435063721504942], [2; 190; 17.199795512691484], [2; 200; 28.73997209524671]];
Intervals[0.0=0.06714796933066124, 0.06714796933066124=0.13521579171624656, 0.13521579171624656=0.2042356308816935, 0.2042356308816935=0.2737441086188195, 0.2737441086188195=0.3437499662998047, 0.4847744301296877=0.5558022936589564, 0.5558022936589564=0.7720663096019158, 0.7720663096019158=0.9916321458091303, 0.9916321458091303=1.2146287847833284, 1.2146287847833284=1.5167150242414154, 1.5167150242414154=1.9005132872508272, 1.9005132872508272=2.290762129459339, 2.290762129459339=2.526908458852631, 2.526908458852631=2.7650949451142504, 2.7650949451142504=3.249899570414087, 3.249899570414087=3.4944807985132305, 3.4944807985132305=4.0756903224187875, 4.0756903224187875=4.667918444984029, 4.667918444984029=5.27170269213159, 5.27170269213159=5.975612543179323, 5.975612543179323=6.69411184556049, 6.69411184556049=7.519714466337937, 7.519714466337937=8.363563367066268, 8.363563367066268=9.226701280619775, 9.226701280619775=10.208443937994877, 10.208443937994877=11.214279932889117, 11.214279932889117=12.348890443863514, 12.348890443863514=13.61943799349073, 13.61943799349073=15.033837861640771, 15.033837861640771=16.600874537298424, 16.600874537298424=18.330342366453625, 18.330342366453625=20.114287166031673, 20.114287166031673=22.08007360567293, 23.223629747927934=24.240714793994332, 26.311373454134355=27.365787865176202, 27.365787865176202=29.69344668437987, 29.69344668437987=32.117108099811226, 34.364550733718644=35.704077366437005, 35.704077366437005=38.50923215517973, 38.50923215517973=41.456457113044166, 41.456457113044166=44.5652230434204, 44.5652230434204=48.042677841792155, 48.042677841792155=51.94329216958134, 51.94329216958134=56.12773853282699, 56.12773853282699=60.654000509851066, 60.654000509851066=63.016629383091676, 67.96430234151816=70.8233416739354, 70.8233416739354=73.8390884178367, 73.8390884178367=77.03494470500402, 77.03494470500402=80.7500482773569, 80.7500482773569=84.73548501270929, 84.73548501270929=90.12422978056804, 90.12422978056804=96.80007985071875, 96.80007985071875=104.19847916104204, 104.19847916104204=113.04451813942768, 113.04451813942768=123.30943707537223, 123.30943707537223=135.74450079687716, 135.74450079687716=152.94429630956864, 152.94429630956864=181.68426840481536];
