1.1182762958255335
643187.388593192
719261.2104376927
[1; 20; 5.096534944649467]
[1; 20; 5.130797525206215]
[2; 10; 2.582820908923211]
[1; 20; 5.201083787394085]
[1; 20; 5.23714000739237]
[1; 20; 5.273827689953744]
[1; 40; 10.62232943481287]
[2; 20; 5.349169675865763]
[2; 20; 5.387861890869573]
[1; 60; 16.28178439568612]
[1; 60; 16.402167957769002]
[1; 60; 16.524801700661744]
[1; 60; 16.6497536836417]
[2; 30; 8.388547414474102]
[1; 80; 22.54253210245309]
[1; 80; 22.718991401291703]
[1; 80; 22.898944979852995]
[1; 100; 28.853131100992712]
[1; 100; 29.087235183426923]
[2; 60; 17.595687830827302]
[1; 120; 35.48402953380342]
[2; 60; 17.891422306083655]
[1; 120; 36.08803109059566]
[1; 120; 36.39980915076305]
[1; 140; 42.838144503152556]
[2; 70; 21.609043400026025]
[1; 140; 43.60656723980172]
[1; 140; 44.003897013377845]
[2; 70; 22.20520156161472]
[1; 140; 44.82642942012741]
[1; 160; 51.71695739857446]
[1; 160; 52.21543889725125]
[1; 160; 52.72610839959016]
[1; 160; 53.24944980726935]
[1; 180; 60.50922056825622]
[2; 90; 30.564123720866316]
[2; 90; 30.881676610441506]
[2; 100; 34.67512039751751]
[1; 200; 70.09395197094197]
[1; 200; 70.85792815240816]
[1; 1040; 372.54395118799755]
[1; 1040; 376.74168471572165]
[1; 1040; 381.05969973753565]
[2; 520; 192.7518036114603]
[1; 1080; 405.08243769878607]
[1; 1080; 409.97776776651415]
[1; 1120; 430.39497627305064]
[1; 1120; 435.791866326055]
[1; 1120; 441.3611856015679]
[1; 1160; 463.0802038718421]
[2; 580; 234.6171030433483]
[1; 1160; 475.5968248329392]
[2; 580; 241.08980515414234]
[1; 1160; 488.995010656067]
[1; 1160; 496.0564627386924]
[1; 1160; 503.3784943006177]
[1; 1160; 510.97683924020197]
[1; 1160; 518.8685680151838]
[1; 1160; 527.0722355747181]
[1; 1200; 554.07729274822]
[2; 600; 281.6369290501511]
[2; 600; 286.43089258336323]
[1; 1200; 582.8684198457439]
[1; 1200; 593.3238060787138]
[1; 1200; 604.2610340241107]
[1; 1240; 636.2405324879603]
[1; 1240; 648.6554695326652]
[1; 1240; 661.6943137552439]
[1; 1240; 675.4087929229574]
[2; 620; 344.9283605953734]
[1; 1240; 705.1029407933354]
[1; 1240; 721.2204467310601]
[2; 640; 381.0538001403826]
[1; 1280; 780.810786397336]
[1; 1280; 800.7053832249836]
[1; 1280; 821.917652260949]
[1; 1280; 844.5930158797104]
[2; 640; 434.44995905490987]
[2; 640; 447.5173363538108]
[1; 1280; 923.2276096160422]
[1; 1280; 953.750949220913]
[1; 1280; 986.9290056769877]
[1; 1320; 1055.1250611805917]
[1; 1320; 1096.1071085527615]
[1; 1320; 1141.3152495812146]
[2; 660; 595.7464185277418]
[2; 660; 623.787865799302]
[1; 1360; 1350.4806031259354]
[1; 1360; 1424.5020820107245]
[2; 680; 754.7888336584238]
[1; 1360; 1608.609338865755]
[1; 1360; 1725.66137850263]
[1; 1400; 1921.5265446496937]
[2; 700; 1050.2137273672229]
[1; 1400; 2327.7636359710295]
[1; 1400; 2628.6113378014097]
[1; 1400; 3050.2332583617426]
[2; 700; 1847.5472222368664]
[1; 1400; 4841.94348307182]
[1; 1400; 7686.106178598774]


Jobs: [[1; 20; 5.096534944649467], [2; 10; 2.582820908923211], [1; 20; 5.201083787394085], [1; 20; 5.273827689953744], [2; 20; 5.349169675865763], [2; 20; 5.387861890869573], [1; 60; 16.28178439568612], [1; 60; 16.524801700661744], [2; 30; 8.388547414474102], [1; 80; 22.54253210245309], [1; 80; 22.898944979852995], [1; 100; 29.087235183426923], [2; 60; 17.595687830827302], [1; 120; 35.48402953380342], [2; 60; 17.891422306083655], [1; 120; 36.08803109059566], [1; 140; 42.838144503152556], [2; 70; 21.609043400026025], [1; 140; 43.60656723980172], [2; 70; 22.20520156161472], [1; 140; 44.82642942012741], [1; 160; 52.21543889725125], [1; 160; 53.24944980726935], [2; 90; 30.564123720866316], [2; 90; 30.881676610441506], [2; 100; 34.67512039751751], [1; 200; 70.09395197094197], [1; 1040; 372.54395118799755], [1; 1040; 381.05969973753565], [2; 520; 192.7518036114603], [1; 1080; 405.08243769878607], [1; 1120; 430.39497627305064], [1; 1120; 441.3611856015679], [2; 580; 234.6171030433483], [1; 1160; 475.5968248329392], [2; 580; 241.08980515414234], [1; 1160; 488.995010656067], [1; 1160; 503.3784943006177], [1; 1160; 518.8685680151838], [1; 1200; 554.07729274822], [2; 600; 281.6369290501511], [2; 600; 286.43089258336323], [1; 1200; 582.8684198457439], [1; 1200; 604.2610340241107], [1; 1240; 648.6554695326652], [1; 1240; 675.4087929229574], [2; 620; 344.9283605953734], [1; 1240; 705.1029407933354], [2; 640; 381.0538001403826], [1; 1280; 780.810786397336], [1; 1280; 821.917652260949], [2; 640; 434.44995905490987], [2; 640; 447.5173363538108], [1; 1280; 923.2276096160422], [1; 1280; 986.9290056769877], [1; 1320; 1096.1071085527615], [2; 660; 595.7464185277418], [2; 660; 623.787865799302], [1; 1360; 1350.4806031259354], [2; 680; 754.7888336584238], [1; 1360; 1608.609338865755], [1; 1400; 1921.5265446496937], [2; 700; 1050.2137273672229], [1; 1400; 2327.7636359710295], [1; 1400; 3050.2332583617426], [2; 700; 1847.5472222368664], [1; 1400; 4841.94348307182]];
Intervals[0.0=5.096534944649467, 5.130797525206215=7.713618434129426, 7.713618434129426=12.91470222152351, 12.91470222152351=18.188529911477254, 23.573087876334668=28.92225755220043, 28.92225755220043=34.31011944307001, 34.31011944307001=50.591903838756124, 50.591903838756124=67.11670553941786, 67.36204108448071=75.75058849895481, 75.75058849895481=98.2931206014079, 98.2931206014079=121.1920655812609, 121.1920655812609=150.27930076468783, 150.27930076468783=167.87498859551513, 167.87498859551513=203.35901812931854, 203.35901812931854=221.2504404354022, 221.2504404354022=257.3384715259979, 257.3384715259979=300.1766160291504, 300.1766160291504=321.78565942917646, 321.78565942917646=365.3922266689782, 365.78955644255433=387.99475800416906, 387.99475800416906=432.82118742429645, 432.82118742429645=485.0366263215477, 485.0366263215477=538.2860761288171, 552.9470443705899=583.5111680914562, 583.5111680914562=614.3928447018977, 614.3928447018977=649.0679650994152, 649.0679650994152=719.1619170703572, 719.1619170703572=1091.7058682583547, 1091.7058682583547=1472.7655679958903, 1472.7655679958903=1665.5173716073505, 1665.5173716073505=2070.5998093061366, 2070.5998093061366=2500.9947855791875, 2500.9947855791875=2942.355971180755, 2974.367209571762=3208.9843126151104, 3208.9843126151104=3684.5811374480495, 3684.5811374480495=3925.6709426021916, 3925.6709426021916=4414.665953258259, 4414.665953258259=4918.0444475588765, 4918.0444475588765=5436.91301557406, 5436.91301557406=5990.990308322281, 5990.990308322281=6272.627237372431, 6272.627237372431=6559.058129955794, 6559.058129955794=7141.926549801538, 7141.926549801538=7746.187583825649, 7746.187583825649=8394.843053358314, 8394.843053358314=9070.251846281271, 9070.251846281271=9415.180206876645, 9415.180206876645=10120.28314766998, 10136.400653607705=10517.454453748087, 10517.454453748087=11298.265240145423, 11298.265240145423=12120.182892406372, 12162.752852852782=12597.202811907691, 12597.202811907691=13044.720148261502, 13044.720148261502=13967.947757877544, 13967.947757877544=14954.876763554532, 14954.876763554532=16050.983872107294, 16194.911408244221=16790.657826771963, 16790.657826771963=17414.445692571266, 17414.445692571266=18764.9262956972, 18838.94777458199=19593.73660824041, 19593.73660824041=21202.345947106165, 21202.345947106165=23123.872491755857, 23123.872491755857=24174.08621912308, 24174.08621912308=26501.84985509411, 26501.84985509411=29552.083113455854, 29552.083113455854=31399.63033569272, 31399.63033569272=36241.57381876454];

Jobs: [[1; 20; 5.130797525206215], [2; 10; 2.582820908923211], [1; 20; 5.23714000739237], [1; 40; 10.62232943481287], [2; 20; 5.349169675865763], [2; 20; 5.387861890869573], [1; 60; 16.402167957769002], [1; 60; 16.6497536836417], [2; 30; 8.388547414474102], [1; 80; 22.718991401291703], [1; 100; 28.853131100992712], [2; 60; 17.595687830827302], [2; 60; 17.891422306083655], [1; 120; 36.39980915076305], [2; 70; 21.609043400026025], [1; 140; 44.003897013377845], [2; 70; 22.20520156161472], [1; 160; 51.71695739857446], [1; 160; 52.72610839959016], [1; 180; 60.50922056825622], [2; 90; 30.564123720866316], [2; 90; 30.881676610441506], [2; 100; 34.67512039751751], [1; 200; 70.85792815240816], [1; 1040; 376.74168471572165], [2; 520; 192.7518036114603], [1; 1080; 409.97776776651415], [1; 1120; 435.791866326055], [1; 1160; 463.0802038718421], [2; 580; 234.6171030433483], [2; 580; 241.08980515414234], [1; 1160; 496.0564627386924], [1; 1160; 510.97683924020197], [1; 1160; 527.0722355747181], [2; 600; 281.6369290501511], [2; 600; 286.43089258336323], [1; 1200; 593.3238060787138], [1; 1240; 636.2405324879603], [1; 1240; 661.6943137552439], [2; 620; 344.9283605953734], [1; 1240; 721.2204467310601], [2; 640; 381.0538001403826], [1; 1280; 800.7053832249836], [1; 1280; 844.5930158797104], [2; 640; 434.44995905490987], [2; 640; 447.5173363538108], [1; 1280; 953.750949220913], [1; 1320; 1055.1250611805917], [1; 1320; 1141.3152495812146], [2; 660; 595.7464185277418], [2; 660; 623.787865799302], [1; 1360; 1424.5020820107245], [2; 680; 754.7888336584238], [1; 1360; 1725.66137850263], [2; 700; 1050.2137273672229], [1; 1400; 2628.6113378014097], [2; 700; 1847.5472222368664], [1; 1400; 7686.106178598774]];
Intervals[0.0=5.130797525206215, 5.130797525206215=7.713618434129426, 7.713618434129426=12.950758441521796, 12.950758441521796=23.573087876334668, 23.573087876334668=28.92225755220043, 28.92225755220043=34.31011944307001, 34.31011944307001=50.71228740083901, 50.71228740083901=67.36204108448071, 67.36204108448071=75.75058849895481, 75.75058849895481=98.46957990024652, 98.46957990024652=127.32271100123923, 150.27930076468783=167.87498859551513, 203.35901812931854=221.2504404354022, 221.2504404354022=257.6502495861653, 300.1766160291504=321.78565942917646, 321.78565942917646=365.78955644255433, 365.78955644255433=387.99475800416906, 387.99475800416906=439.7117154027435, 439.7117154027435=492.43782380233364, 492.43782380233364=552.9470443705899, 552.9470443705899=583.5111680914562, 583.5111680914562=614.3928447018977, 614.3928447018977=649.0679650994152, 649.0679650994152=719.9258932518234, 719.9258932518234=1096.667577967545, 1472.7655679958903=1665.5173716073505, 1665.5173716073505=2075.4951393738647, 2075.4951393738647=2511.28700569992, 2511.28700569992=2974.367209571762, 2974.367209571762=3208.9843126151104, 3684.5811374480495=3925.6709426021916, 3925.6709426021916=4421.727405340884, 4421.727405340884=4932.704244581086, 4932.704244581086=5459.776480155804, 5990.990308322281=6272.627237372431, 6272.627237372431=6559.058129955794, 6559.058129955794=7152.381936034508, 7152.381936034508=7788.622468522468, 7788.622468522468=8450.316782277712, 9070.251846281271=9415.180206876645, 9415.180206876645=10136.400653607705, 10136.400653607705=10517.454453748087, 10517.454453748087=11318.159836973071, 11318.159836973071=12162.752852852782, 12162.752852852782=12597.202811907691, 12597.202811907691=13044.720148261502, 13044.720148261502=13998.471097482416, 13998.471097482416=15053.596158663007, 15053.596158663007=16194.911408244221, 16194.911408244221=16790.657826771963, 16790.657826771963=17414.445692571266, 17414.445692571266=18838.94777458199, 18838.94777458199=19593.73660824041, 19593.73660824041=21319.397986743043, 23123.872491755857=24174.08621912308, 24174.08621912308=26802.69755692449, 29552.083113455854=31399.63033569272, 31399.63033569272=39085.73651429149];
