1.0000000000000002
127.54933320915279
127.54933320915282
[2; 10; 0.013755998589211381]
[2; 10; 0.013942524152270678]
[2; 10; 0.014135504089660841]
[2; 20; 0.028670606658515597]
[2; 20; 0.02908463156815073]
[2; 20; 0.02951393469451913]
[2; 20; 0.029959438542761386]
[2; 20; 0.030422143982760927]
[2; 20; 0.030903138922650123]
[2; 20; 0.031403608176362695]
[2; 20; 0.031924844723438345]
[2; 20; 0.03246826259808919]
[2; 20; 0.03303541169215369]
[2; 30; 0.05044199222292708]
[2; 30; 0.05137183114277129]
[2; 30; 0.05234574083711295]
[2; 30; 0.05336716126518586]
[2; 40; 0.0725865503009875]
[2; 40; 0.07409100139156663]
[2; 40; 0.07567591038980667]
[2; 50; 0.09668548794988047]
[2; 50; 0.09889556088528856]
[2; 50; 0.10123641923197163]
[2; 60; 0.12446508301470018]
[2; 60; 0.12763637968328526]
[2; 60; 0.13101771978832327]
[2; 70; 0.1570709984341988]
[2; 70; 0.16159141161586485]
[2; 70; 0.16645175490704614]
[2; 70; 0.17169486332226977]
[2; 70; 0.17737136234267606]
[2; 70; 0.1835415654531456]
[2; 70; 0.19027796386099163]
[2; 80; 0.2259069011544336]
[2; 80; 0.23522426710070038]
[2; 80; 0.2455658324507183]
[2; 80; 0.2571244774181206]
[2; 80; 0.27014683117154603]
[2; 80; 0.28495390645502017]
[2; 80; 0.3019722181044548]
[2; 80; 0.3217822710534819]
[2; 90; 0.38834670857053527]
[2; 90; 0.4200696551746131]
[2; 90; 0.4591796241828356]
[2; 90; 0.5088781472277902]
[2; 90; 0.57464720502189]
[2; 100; 0.7409100139156661]
[2; 100; 0.8975485624811361]
[2; 100; 1.1761213355035018]
[2; 100; 1.8669762452205025]


Jobs: [[2; 10; 0.013755998589211381], [2; 10; 0.013942524152270678], [2; 10; 0.014135504089660841], [2; 20; 0.028670606658515597], [2; 20; 0.02908463156815073], [2; 20; 0.02951393469451913], [2; 20; 0.029959438542761386], [2; 20; 0.030422143982760927], [2; 20; 0.030903138922650123], [2; 20; 0.031403608176362695], [2; 20; 0.031924844723438345], [2; 20; 0.03246826259808919], [2; 20; 0.03303541169215369], [2; 30; 0.05044199222292708], [2; 30; 0.05137183114277129], [2; 30; 0.05234574083711295], [2; 30; 0.05336716126518586], [2; 40; 0.0725865503009875], [2; 40; 0.07409100139156663], [2; 40; 0.07567591038980667], [2; 50; 0.09668548794988047], [2; 50; 0.09889556088528856], [2; 50; 0.10123641923197163], [2; 60; 0.12446508301470018], [2; 60; 0.12763637968328526], [2; 60; 0.13101771978832327], [2; 70; 0.1570709984341988], [2; 70; 0.16159141161586485], [2; 70; 0.16645175490704614], [2; 70; 0.17169486332226977], [2; 70; 0.17737136234267606], [2; 70; 0.1835415654531456], [2; 70; 0.19027796386099163], [2; 80; 0.2259069011544336], [2; 80; 0.23522426710070038], [2; 80; 0.2455658324507183], [2; 80; 0.2571244774181206], [2; 80; 0.27014683117154603], [2; 80; 0.28495390645502017], [2; 80; 0.3019722181044548], [2; 80; 0.3217822710534819], [2; 90; 0.38834670857053527], [2; 90; 0.4200696551746131], [2; 90; 0.4591796241828356], [2; 90; 0.5088781472277902], [2; 90; 0.57464720502189], [2; 100; 0.7409100139156661], [2; 100; 0.8975485624811361], [2; 100; 1.1761213355035018], [2; 100; 1.8669762452205025]];
Intervals[4.9E-324=0.013755998589211381, 0.013755998589211381=0.02769852274148206, 0.02769852274148206=0.0418340268311429, 0.0418340268311429=0.07050463348965849, 0.07050463348965849=0.09958926505780923, 0.09958926505780923=0.12910319975232837, 0.12910319975232837=0.15906263829508976, 0.15906263829508976=0.1894847822778507, 0.1894847822778507=0.22038792120050082, 0.22038792120050082=0.2517915293768635, 0.2517915293768635=0.2837163741003018, 0.2837163741003018=0.31618463669839103, 0.31618463669839103=0.3492200483905447, 0.3492200483905447=0.39966204061347177, 0.39966204061347177=0.45103387175624304, 0.45103387175624304=0.503379612593356, 0.503379612593356=0.5567467738585418, 0.5567467738585418=0.6293333241595293, 0.6293333241595293=0.7034243255510959, 0.7034243255510959=0.7791002359409026, 0.7791002359409026=0.8757857238907831, 0.8757857238907831=0.9746812847760717, 0.9746812847760717=1.0759177040080434, 1.0759177040080434=1.2003827870227437, 1.2003827870227437=1.328019166706029, 1.328019166706029=1.4590368864943524, 1.4590368864943524=1.6161078849285513, 1.6161078849285513=1.777699296544416, 1.777699296544416=1.9441510514514622, 1.9441510514514622=2.115845914773732, 2.115845914773732=2.2932172771164083, 2.2932172771164083=2.476758842569554, 2.476758842569554=2.6670368064305454, 2.6670368064305454=2.892943707584979, 2.892943707584979=3.128167974685679, 3.128167974685679=3.3737338071363974, 3.3737338071363974=3.630858284554518, 3.630858284554518=3.901005115726064, 3.901005115726064=4.185959022181084, 4.185959022181084=4.487931240285539, 4.487931240285539=4.80971351133902, 4.80971351133902=5.198060219909555, 5.198060219909555=5.618129875084168, 5.618129875084168=6.077309499267004, 6.077309499267004=6.586187646494794, 6.586187646494794=7.160834851516684, 7.160834851516684=7.9017448654323506, 7.9017448654323506=8.799293427913486, 8.799293427913486=9.975414763416989, 9.975414763416989=11.842391008637492];

Jobs: [[2; 10; 0.013755998589211381], [2; 10; 0.013942524152270678], [2; 10; 0.014135504089660841], [2; 20; 0.028670606658515597], [2; 20; 0.02908463156815073], [2; 20; 0.02951393469451913], [2; 20; 0.029959438542761386], [2; 20; 0.030422143982760927], [2; 20; 0.030903138922650123], [2; 20; 0.031403608176362695], [2; 20; 0.031924844723438345], [2; 20; 0.03246826259808919], [2; 20; 0.03303541169215369], [2; 30; 0.05044199222292708], [2; 30; 0.05137183114277129], [2; 30; 0.05234574083711295], [2; 30; 0.05336716126518586], [2; 40; 0.0725865503009875], [2; 40; 0.07409100139156663], [2; 40; 0.07567591038980667], [2; 50; 0.09668548794988047], [2; 50; 0.09889556088528856], [2; 50; 0.10123641923197163], [2; 60; 0.12446508301470018], [2; 60; 0.12763637968328526], [2; 60; 0.13101771978832327], [2; 70; 0.1570709984341988], [2; 70; 0.16159141161586485], [2; 70; 0.16645175490704614], [2; 70; 0.17169486332226977], [2; 70; 0.17737136234267606], [2; 70; 0.1835415654531456], [2; 70; 0.19027796386099163], [2; 80; 0.2259069011544336], [2; 80; 0.23522426710070038], [2; 80; 0.2455658324507183], [2; 80; 0.2571244774181206], [2; 80; 0.27014683117154603], [2; 80; 0.28495390645502017], [2; 80; 0.3019722181044548], [2; 80; 0.3217822710534819], [2; 90; 0.38834670857053527], [2; 90; 0.4200696551746131], [2; 90; 0.4591796241828356], [2; 90; 0.5088781472277902], [2; 90; 0.57464720502189], [2; 100; 0.7409100139156661], [2; 100; 0.8975485624811361], [2; 100; 1.1761213355035018], [2; 100; 1.8669762452205025]];
Intervals[4.9E-324=0.013755998589211381, 0.013755998589211381=0.02769852274148206, 0.02769852274148206=0.0418340268311429, 0.0418340268311429=0.07050463348965849, 0.07050463348965849=0.09958926505780923, 0.09958926505780923=0.12910319975232837, 0.12910319975232837=0.15906263829508976, 0.15906263829508976=0.1894847822778507, 0.1894847822778507=0.22038792120050082, 0.22038792120050082=0.2517915293768635, 0.2517915293768635=0.2837163741003018, 0.2837163741003018=0.31618463669839103, 0.31618463669839103=0.3492200483905447, 0.3492200483905447=0.39966204061347177, 0.39966204061347177=0.45103387175624304, 0.45103387175624304=0.503379612593356, 0.503379612593356=0.5567467738585418, 0.5567467738585418=0.6293333241595293, 0.6293333241595293=0.7034243255510959, 0.7034243255510959=0.7791002359409026, 0.7791002359409026=0.8757857238907831, 0.8757857238907831=0.9746812847760717, 0.9746812847760717=1.0759177040080434, 1.0759177040080434=1.2003827870227437, 1.2003827870227437=1.328019166706029, 1.328019166706029=1.4590368864943524, 1.4590368864943524=1.6161078849285513, 1.6161078849285513=1.777699296544416, 1.777699296544416=1.9441510514514622, 1.9441510514514622=2.115845914773732, 2.115845914773732=2.2932172771164083, 2.2932172771164083=2.476758842569554, 2.476758842569554=2.6670368064305454, 2.6670368064305454=2.892943707584979, 2.892943707584979=3.128167974685679, 3.128167974685679=3.3737338071363974, 3.3737338071363974=3.630858284554518, 3.630858284554518=3.901005115726064, 3.901005115726064=4.185959022181084, 4.185959022181084=4.487931240285539, 4.487931240285539=4.80971351133902, 4.80971351133902=5.198060219909555, 5.198060219909555=5.618129875084168, 5.618129875084168=6.077309499267004, 6.077309499267004=6.586187646494794, 6.586187646494794=7.160834851516684, 7.160834851516684=7.9017448654323506, 7.9017448654323506=8.799293427913486, 8.799293427913486=9.975414763416989, 9.975414763416989=11.842391008637492];
