1.159329088014733
1177403.0044782201
1364997.5514075414
[1; 20; 7.626643026736458]
[1; 20; 7.677914817064406]
[2; 20; 7.730057102827594]
[1; 40; 15.566187548755982]
[2; 20; 7.83704963297739]
[2; 20; 7.89195043546626]
[1; 60; 23.843468824862033]
[2; 30; 12.007042446584558]
[1; 60; 24.187786269664677]
[1; 80; 32.4862176028179]
[1; 80; 32.72641281106934]
[1; 80; 32.97109769082473]
[2; 40; 16.610204018652034]
[1; 100; 41.84310669756251]
[1; 100; 42.16684647788218]
[1; 140; 59.49569043421173]
[2; 70; 29.98347324771471]
[1; 140; 60.4476466660325]
[1; 140; 60.938097453107474]
[1; 140; 61.4386192103233]
[1; 160; 70.79948222170141]
[1; 160; 71.39569277349477]
[1; 180; 81.0051928383285]
[1; 200; 90.78336348425923]
[1; 200; 91.57797254171425]
[2; 100; 46.19510032687485]
[2; 100; 46.61034066299364]
[1; 200; 94.07007981223315]
[2; 520; 246.8416474356001]
[1; 1040; 498.3080048166549]
[1; 1040; 503.04256698811895]
[1; 1040; 507.8912167406153]
[2; 520; 256.4292086269827]
[1; 1040; 517.9488753623415]
[1; 1080; 543.2893879218439]
[1; 1080; 548.8473959087225]
[2; 540; 277.27488515178203]
[2; 540; 280.2013029414203]
[1; 1080; 566.4123569121734]
[1; 1080; 572.5858645744097]
[1; 1120; 600.3722531655642]
[2; 560; 303.56854995617425]
[2; 560; 307.04789299688446]
[2; 560; 310.6286768766817]
[1; 1120; 628.6314358595281]
[1; 1120; 636.228305244842]
[2; 580; 333.53051746131666]
[1; 1160; 675.4255727601679]
[2; 580; 342.0286776945092]
[1; 1160; 692.9703114047403]
[1; 1200; 726.392469817643]
[1; 1200; 736.2420466081667]
[1; 1200; 746.4324499029179]
[1; 1200; 756.9829499031393]
[1; 1200; 767.9143473849535]
[1; 1200; 779.2491318515551]
[1; 1200; 791.0116599784396]
[1; 1200; 803.2283574860609]
[2; 600; 407.96397407213743]
[1; 1200; 829.1417143028868]
[1; 1200; 842.903794181495]
[1; 1200; 857.2515221763301]
[2; 620; 450.6500068444795]
[1; 1240; 917.4673671327998]
[2; 620; 467.18990057976487]
[1; 1240; 952.0938192566701]
[1; 1240; 970.6719893404]
[1; 1280; 1022.1252099677561]
[2; 640; 521.6550451843561]
[1; 1280; 1065.6279362490923]
[1; 1280; 1089.1789099971827]
[1; 1280; 1114.0757676522824]
[1; 1280; 1140.4459458099366]
[2; 640; 584.2170419658946]
[2; 660; 617.8245010894259]
[1; 1320; 1268.3837878033355]
[1; 1320; 1303.3764218190015]
[1; 1320; 1340.8868471463834]
[1; 1320; 1381.2180152857754]
[1; 1320; 1424.7253715359238]
[1; 1320; 1471.8290065508609]
[1; 1320; 1523.0294021184063]
[1; 1320; 1578.9280908661178]
[1; 1320; 1640.255139381791]
[1; 1320; 1707.9062704484666]
[1; 1320; 1782.9938646208266]
[1; 1320; 1866.9183782819227]
[2; 660; 980.7352629610826]
[2; 680; 1065.8387500849249]
[1; 1360; 2258.9877465366767]
[1; 1360; 2407.1823955378477]
[1; 1360; 2582.3433885570475]
[1; 1360; 2793.2877318994338]
[1; 1360; 3053.3526884605644]
[2; 700; 1741.675716440142]
[1; 1400; 3933.5510395136425]
[2; 700; 2282.2408226815573]
[1; 1400; 5529.4757289290965]
[2; 700; 3622.8314827694735]
[2; 700; 5750.886506851774]


Jobs: [[1; 20; 7.626643026736458], [2; 20; 7.730057102827594], [1; 40; 15.566187548755982], [2; 20; 7.83704963297739], [2; 20; 7.89195043546626], [1; 60; 23.843468824862033], [2; 30; 12.007042446584558], [1; 60; 24.187786269664677], [1; 80; 32.72641281106934], [2; 40; 16.610204018652034], [1; 100; 41.84310669756251], [1; 140; 59.49569043421173], [2; 70; 29.98347324771471], [1; 140; 60.4476466660325], [1; 140; 61.4386192103233], [1; 160; 71.39569277349477], [1; 200; 90.78336348425923], [2; 100; 46.19510032687485], [2; 100; 46.61034066299364], [1; 200; 94.07007981223315], [2; 520; 246.8416474356001], [1; 1040; 498.3080048166549], [1; 1040; 507.8912167406153], [2; 520; 256.4292086269827], [1; 1040; 517.9488753623415], [1; 1080; 548.8473959087225], [2; 540; 277.27488515178203], [2; 540; 280.2013029414203], [1; 1080; 566.4123569121734], [1; 1120; 600.3722531655642], [2; 560; 303.56854995617425], [2; 560; 307.04789299688446], [2; 560; 310.6286768766817], [1; 1120; 628.6314358595281], [2; 580; 333.53051746131666], [1; 1160; 675.4255727601679], [2; 580; 342.0286776945092], [1; 1160; 692.9703114047403], [1; 1200; 736.2420466081667], [1; 1200; 756.9829499031393], [1; 1200; 779.2491318515551], [1; 1200; 803.2283574860609], [2; 600; 407.96397407213743], [1; 1200; 829.1417143028868], [1; 1200; 857.2515221763301], [2; 620; 450.6500068444795], [1; 1240; 917.4673671327998], [2; 620; 467.18990057976487], [1; 1240; 952.0938192566701], [1; 1280; 1022.1252099677561], [2; 640; 521.6550451843561], [1; 1280; 1065.6279362490923], [1; 1280; 1114.0757676522824], [2; 640; 584.2170419658946], [2; 660; 617.8245010894259], [1; 1320; 1268.3837878033355], [1; 1320; 1340.8868471463834], [1; 1320; 1424.7253715359238], [1; 1320; 1523.0294021184063], [1; 1320; 1640.255139381791], [1; 1320; 1782.9938646208266], [2; 660; 980.7352629610826], [2; 680; 1065.8387500849249], [1; 1360; 2258.9877465366767], [1; 1360; 2582.3433885570475], [1; 1360; 3053.3526884605644], [2; 700; 1741.675716440142], [1; 1400; 3933.5510395136425], [2; 700; 2282.2408226815573], [1; 1400; 5529.4757289290965], [2; 700; 3622.8314827694735], [2; 700; 5750.886506851774]];
Intervals[0.0=7.626643026736458, 7.677914817064406=15.407971919891999, 15.407971919891999=30.974159468647983, 30.974159468647983=38.81120910162537, 38.81120910162537=46.703159537091636, 46.703159537091636=70.54662836195367, 70.54662836195367=82.55367080853823, 82.55367080853823=106.7414570782029, 106.7414570782029=139.46786988927224, 148.01098610218085=164.6211901208329, 164.6211901208329=206.4642968183954, 206.4642968183954=265.95998725260716, 265.95998725260716=295.94346050032186, 295.94346050032186=356.39110716635435, 356.39110716635435=417.8297263766776, 417.8297263766776=489.2254191501724, 489.2254191501724=580.0087826344317, 600.2642055551735=646.4593058820483, 646.4593058820483=693.0696465450419, 693.0696465450419=787.1397263572751, 787.1397263572751=1033.9813737928753, 1033.9813737928753=1532.28937860953, 1532.28937860953=2040.1805953501453, 2040.1805953501453=2296.6098039771277, 2296.6098039771277=2814.558679339469, 2814.558679339469=3363.406075248192, 3363.406075248192=3640.680960399974, 3640.680960399974=3920.8822633413943, 3920.8822633413943=4487.294620253568, 4487.294620253568=5087.666873419132, 5087.666873419132=5391.235423375306, 5391.235423375306=5698.28331637219, 5698.28331637219=6008.911993248871, 6008.911993248871=6637.543429108399, 6645.140298493713=6978.67081595503, 6978.67081595503=7654.0963887151975, 7654.0963887151975=7996.125066409707, 7996.125066409707=8689.095377814447, 8689.095377814447=9425.337424422614, 9425.337424422614=10182.320374325755, 10182.320374325755=10961.56950617731, 10961.56950617731=11764.79786366337, 11764.79786366337=12172.761837735508, 12172.761837735508=13001.903552038395, 13001.903552038395=13859.155074214725, 13859.155074214725=14309.805081059205, 14309.805081059205=15227.272448192005, 15227.272448192005=15694.462348771769, 15694.462348771769=16646.55616802844, 16646.55616802844=17668.681377996196, 17668.681377996196=18190.336423180554, 18190.336423180554=19255.964359429647, 19255.964359429647=20370.040127081927, 20419.961278987674=21004.178320953568, 21004.178320953568=21622.002822042992, 21622.002822042992=22890.386609846326, 22890.386609846326=24231.27345699271, 24231.27345699271=25655.99882852863, 25655.99882852863=27179.028230647036, 27179.028230647036=28819.28337002883, 28819.28337002883=30602.277234649657, 30932.17900529514=31912.914268256223, 31912.914268256223=32978.75301834115, 32978.75301834115=35237.740764877824, 35237.740764877824=37820.08415343487, 37820.08415343487=40873.43684189544, 40873.43684189544=42615.11255833558, 42615.11255833558=46548.66359784923, 46548.66359784923=48830.90442053079, 48830.90442053079=54360.38014945988, 54360.38014945988=57983.21163222935, 57983.21163222935=63734.09813908113];

Jobs: [[1; 20; 7.677914817064406], [2; 20; 7.730057102827594], [2; 20; 7.83704963297739], [2; 20; 7.89195043546626], [2; 30; 12.007042446584558], [1; 80; 32.4862176028179], [1; 80; 32.97109769082473], [2; 40; 16.610204018652034], [1; 100; 42.16684647788218], [2; 70; 29.98347324771471], [1; 140; 60.938097453107474], [1; 160; 70.79948222170141], [1; 180; 81.0051928383285], [1; 200; 91.57797254171425], [2; 100; 46.19510032687485], [2; 100; 46.61034066299364], [2; 520; 246.8416474356001], [1; 1040; 503.04256698811895], [2; 520; 256.4292086269827], [1; 1080; 543.2893879218439], [2; 540; 277.27488515178203], [2; 540; 280.2013029414203], [1; 1080; 572.5858645744097], [2; 560; 303.56854995617425], [2; 560; 307.04789299688446], [2; 560; 310.6286768766817], [1; 1120; 636.228305244842], [2; 580; 333.53051746131666], [2; 580; 342.0286776945092], [1; 1200; 726.392469817643], [1; 1200; 746.4324499029179], [1; 1200; 767.9143473849535], [1; 1200; 791.0116599784396], [2; 600; 407.96397407213743], [1; 1200; 842.903794181495], [2; 620; 450.6500068444795], [2; 620; 467.18990057976487], [1; 1240; 970.6719893404], [2; 640; 521.6550451843561], [1; 1280; 1089.1789099971827], [1; 1280; 1140.4459458099366], [2; 640; 584.2170419658946], [2; 660; 617.8245010894259], [1; 1320; 1303.3764218190015], [1; 1320; 1381.2180152857754], [1; 1320; 1471.8290065508609], [1; 1320; 1578.9280908661178], [1; 1320; 1707.9062704484666], [1; 1320; 1866.9183782819227], [2; 660; 980.7352629610826], [2; 680; 1065.8387500849249], [1; 1360; 2407.1823955378477], [1; 1360; 2793.2877318994338], [2; 700; 1741.675716440142], [2; 700; 2282.2408226815573], [2; 700; 3622.8314827694735], [2; 700; 5750.886506851774]];
Intervals[0.0=7.677914817064406, 7.677914817064406=15.407971919891999, 30.974159468647983=38.81120910162537, 38.81120910162537=46.703159537091636, 70.54662836195367=82.55367080853823, 82.55367080853823=115.03988841135613, 115.03988841135613=148.01098610218085, 148.01098610218085=164.6211901208329, 164.6211901208329=206.78803659871508, 265.95998725260716=295.94346050032186, 295.94346050032186=356.88155795342936, 356.88155795342936=427.68104017513076, 427.68104017513076=508.6862330134593, 508.6862330134593=600.2642055551735, 600.2642055551735=646.4593058820483, 646.4593058820483=693.0696465450419, 787.1397263572751=1033.9813737928753, 1033.9813737928753=1537.0239407809943, 2040.1805953501453=2296.6098039771277, 2296.6098039771277=2839.8991918989714, 3363.406075248192=3640.680960399974, 3640.680960399974=3920.8822633413943, 3920.8822633413943=4493.468127915804, 5087.666873419132=5391.235423375306, 5391.235423375306=5698.28331637219, 5698.28331637219=6008.911993248871, 6008.911993248871=6645.140298493713, 6645.140298493713=6978.67081595503, 7654.0963887151975=7996.125066409707, 7996.125066409707=8722.51753622735, 8722.51753622735=9468.949986130267, 9468.949986130267=10236.86433351522, 10236.86433351522=11027.875993493659, 11764.79786366337=12172.761837735508, 12172.761837735508=13015.665631917003, 13859.155074214725=14309.805081059205, 15227.272448192005=15694.462348771769, 15694.462348771769=16665.13433811217, 17668.681377996196=18190.336423180554, 18190.336423180554=19279.515333177736, 19279.515333177736=20419.961278987674, 20419.961278987674=21004.178320953568, 21004.178320953568=21622.002822042992, 21622.002822042992=22925.379243861993, 22925.379243861993=24306.59725914777, 24306.59725914777=25778.426265698632, 25778.426265698632=27357.35435656475, 27357.35435656475=29065.260627013216, 29065.260627013216=30932.17900529514, 30932.17900529514=31912.914268256223, 31912.914268256223=32978.75301834115, 32978.75301834115=35385.935413879, 35385.935413879=38179.22314577844, 40873.43684189544=42615.11255833558, 46548.66359784923=48830.90442053079, 54360.38014945988=57983.21163222935, 57983.21163222935=63734.09813908113];
