1.2040862490561874
55778.26498828066
67161.84186860092
[2; 10; 0.4992637080192746]
[1; 20; 1.005240236886773]
[2; 10; 0.5060335141986969]
[2; 10; 0.5095054592217463]
[2; 10; 0.5130375770800573]
[2; 10; 0.516631553896297]
[1; 20; 1.040578282896816]
[1; 20; 1.0480243209166051]
[1; 20; 1.0556050081655217]
[1; 20; 1.0633242832426304]
[1; 20; 1.071186244914343]
[2; 10; 0.5395975802485833]
[2; 10; 0.5436777373896245]
[1; 40; 2.191343639043836]
[1; 40; 2.2082980471721947]
[1; 40; 2.2255842474650303]
[2; 20; 1.1216063761490682]
[2; 20; 1.1305972687636432]
[2; 20; 1.1397705344061173]
[2; 20; 1.1491321648892938]
[2; 30; 1.7380326391277818]
[2; 30; 1.7526688111207402]
[2; 30; 1.7676170587548947]
[2; 30; 1.7828881666830019]
[1; 60; 3.5969868774856057]
[2; 30; 1.814444730191113]
[1; 60; 3.6615089648016244]
[2; 30; 1.8474357602451694]
[2; 30; 1.8645022924177563]
[2; 40; 2.5092913532839405]
[2; 40; 2.5331328244295044]
[2; 40; 2.5575487976457443]
[1; 80; 5.165123495649092]
[2; 40; 2.6081953768092987]
[2; 40; 2.6344746999335227]
[2; 40; 2.6614261400849113]
[2; 50; 3.3613470375958583]
[2; 50; 3.3968234052538375]
[1; 100; 6.866501799909542]
[2; 50; 3.470670988832769]
[1; 100; 7.018255332385518]
[2; 60; 4.258401183414306]
[2; 60; 4.307208737833904]
[1; 120; 8.714878569634761]
[2; 60; 4.4091603869737455]
[2; 60; 4.462444097663367]
[2; 70; 5.270261905898946]
[2; 70; 5.336347770336706]
[2; 70; 5.404545060820188]
[2; 80; 6.2571015123100615]
[1; 160; 12.680507765109446]
[1; 160; 12.852450124322822]
[2; 80; 6.515171116448792]
[2; 80; 6.607260243702673]
[2; 80; 6.702674001699395]
[2; 90; 7.651809774139019]
[1; 180; 15.534623020751651]
[2; 90; 7.887272947066042]
[1; 180; 16.02395227253944]
[2; 90; 8.141728253933824]
[2; 90; 8.27686451911952]
[1; 180; 16.83550307126673]
[2; 90; 8.56479112985469]
[2; 100; 9.687138637528486]
[2; 100; 9.865709667936885]
[2; 100; 10.052744275686429]
[1; 200; 20.497806176347577]
[2; 100; 10.454919775145202]
[2; 100; 10.671611647019713]
[1; 200; 21.799784361035883]
[1; 200; 22.281571795220394]
[1; 200; 22.790892271613867]
[2; 520; 60.658917250348196]
[2; 520; 62.147571895105656]
[2; 540; 66.1822496867996]
[1; 1080; 135.8710967193232]
[2; 560; 72.39532638802548]
[2; 560; 74.47882232908263]
[2; 560; 76.71899487799735]
[2; 560; 79.13558704836501]
[1; 1120; 163.50386508896023]
[1; 1160; 175.23422001473685]
[2; 580; 90.83285985071592]
[2; 580; 94.36089335338578]
[1; 1200; 203.28153065610218]
[2; 600; 106.10937152171344]
[2; 600; 111.10387967821693]
[2; 600; 116.73085863827522]
[2; 600; 123.12901849921373]
[1; 1240; 269.66415774525376]
[2; 620; 143.6773648345633]
[1; 1240; 308.26437901306906]
[2; 640; 172.10096832490797]
[2; 640; 188.12417651087978]
[1; 1280; 416.9709514527227]
[2; 660; 242.78802589417256]
[2; 660; 281.7305474813204]
[2; 680; 351.6344424561238]
[2; 680; 460.77146948716495]
[1; 1360; 1462.8582307617173]


Jobs: [[2; 10; 0.4992637080192746], [1; 20; 1.005240236886773], [2; 10; 0.5060335141986969], [2; 10; 0.5095054592217463], [2; 10; 0.5130375770800573], [2; 10; 0.516631553896297], [1; 20; 1.040578282896816], [1; 20; 1.0556050081655217], [1; 20; 1.071186244914343], [2; 10; 0.5395975802485833], [2; 10; 0.5436777373896245], [1; 40; 2.191343639043836], [1; 40; 2.2255842474650303], [2; 20; 1.1216063761490682], [2; 20; 1.1305972687636432], [2; 20; 1.1397705344061173], [2; 20; 1.1491321648892938], [2; 30; 1.7380326391277818], [2; 30; 1.7526688111207402], [2; 30; 1.7676170587548947], [2; 30; 1.7828881666830019], [1; 60; 3.5969868774856057], [2; 30; 1.814444730191113], [1; 60; 3.6615089648016244], [2; 30; 1.8474357602451694], [2; 30; 1.8645022924177563], [2; 40; 2.5092913532839405], [2; 40; 2.5331328244295044], [2; 40; 2.5575487976457443], [1; 80; 5.165123495649092], [2; 40; 2.6081953768092987], [2; 40; 2.6344746999335227], [2; 40; 2.6614261400849113], [2; 50; 3.3613470375958583], [2; 50; 3.3968234052538375], [1; 100; 6.866501799909542], [2; 50; 3.470670988832769], [1; 100; 7.018255332385518], [2; 60; 4.258401183414306], [2; 60; 4.307208737833904], [1; 120; 8.714878569634761], [2; 60; 4.4091603869737455], [2; 60; 4.462444097663367], [2; 70; 5.270261905898946], [2; 70; 5.336347770336706], [2; 70; 5.404545060820188], [2; 80; 6.2571015123100615], [1; 160; 12.680507765109446], [2; 80; 6.515171116448792], [2; 80; 6.607260243702673], [2; 80; 6.702674001699395], [2; 90; 7.651809774139019], [1; 180; 15.534623020751651], [2; 90; 7.887272947066042], [1; 180; 16.02395227253944], [2; 90; 8.141728253933824], [2; 90; 8.27686451911952], [1; 180; 16.83550307126673], [2; 90; 8.56479112985469], [2; 100; 9.687138637528486], [2; 100; 9.865709667936885], [2; 100; 10.052744275686429], [1; 200; 20.497806176347577], [2; 100; 10.454919775145202], [2; 100; 10.671611647019713], [1; 200; 21.799784361035883], [1; 200; 22.790892271613867], [2; 520; 60.658917250348196], [2; 520; 62.147571895105656], [2; 540; 66.1822496867996], [1; 1080; 135.8710967193232], [2; 560; 72.39532638802548], [2; 560; 74.47882232908263], [2; 560; 76.71899487799735], [2; 560; 79.13558704836501], [1; 1120; 163.50386508896023], [2; 580; 90.83285985071592], [2; 580; 94.36089335338578], [1; 1200; 203.28153065610218], [2; 600; 106.10937152171344], [2; 600; 111.10387967821693], [2; 600; 116.73085863827522], [2; 600; 123.12901849921373], [1; 1240; 269.66415774525376], [2; 620; 143.6773648345633], [1; 1240; 308.26437901306906], [2; 640; 172.10096832490797], [2; 640; 188.12417651087978], [1; 1280; 416.9709514527227], [2; 660; 242.78802589417256], [2; 660; 281.7305474813204], [2; 680; 351.6344424561238], [2; 680; 460.77146948716495], [1; 1360; 1462.8582307617173]];
Intervals[4.9E-324=0.4992637080192746, 0.4992637080192746=1.5045039449060476, 1.5045039449060476=2.0105374591047447, 2.0105374591047447=2.520042918326491, 2.520042918326491=3.0330804954065482, 3.0330804954065482=3.5497120493028453, 3.5497120493028453=4.590290332199661, 4.590290332199661=5.645895340365183, 5.645895340365183=6.717081585279526, 6.717081585279526=7.256679165528109, 7.256679165528109=7.800356902917733, 7.800356902917733=9.991700541961569, 9.991700541961569=12.2172847894266, 12.2172847894266=13.338891165575667, 13.338891165575667=14.469488434339311, 14.469488434339311=15.60925896874543, 15.60925896874543=16.758391133634724, 16.758391133634724=18.496423772762505, 18.496423772762505=20.249092583883247, 20.249092583883247=22.01670964263814, 22.01670964263814=23.799597809321142, 23.799597809321142=27.396584686806747, 27.396584686806747=29.21102941699786, 29.21102941699786=32.87253838179949, 32.87253838179949=34.719974142044656, 34.719974142044656=36.58447643446241, 36.58447643446241=39.09376778774635, 39.09376778774635=41.62690061217586, 41.62690061217586=44.1844494098216, 44.1844494098216=49.349572905470694, 49.349572905470694=51.95776828227999, 51.95776828227999=54.59224298221351, 54.59224298221351=57.253669122298426, 57.253669122298426=60.61501615989428, 60.61501615989428=64.01183956514812, 64.01183956514812=70.87834136505766, 70.87834136505766=74.34901235389043, 74.34901235389043=81.36726768627595, 81.36726768627595=85.62566886969026, 85.62566886969026=89.93287760752416, 89.93287760752416=98.64775617715893, 98.64775617715893=103.05691656413268, 103.05691656413268=107.51936066179604, 107.51936066179604=112.78962256769499, 112.78962256769499=118.12597033803169, 118.12597033803169=123.53051539885188, 123.53051539885188=129.78761691116193, 129.78761691116193=142.46812467627137, 142.64006703548475=149.15523815193353, 149.15523815193353=155.76249839563621, 155.76249839563621=162.4651723973356, 162.4651723973356=170.11698217147463, 170.11698217147463=185.65160519222627, 185.65160519222627=193.5388781392923, 193.5388781392923=209.56283041183175, 209.56283041183175=217.70455866576557, 217.70455866576557=225.9814231848851, 225.9814231848851=242.81692625615182, 242.81692625615182=251.3817173860065, 251.3817173860065=261.068856023535, 261.068856023535=270.93456569147185, 270.93456569147185=280.9873099671583, 280.9873099671583=301.4851161435059, 301.4851161435059=311.94003591865106, 311.94003591865106=322.61164756567075, 322.61164756567075=344.41143192670665, 344.41143192670665=367.2023241983205, 367.2023241983205=427.8612414486687, 427.8612414486687=490.00881334377436, 490.00881334377436=556.191063030574, 556.191063030574=692.0621597498972, 692.0621597498972=764.4574861379227, 764.4574861379227=838.9363084670053, 838.9363084670053=915.6553033450027, 915.6553033450027=994.7908903933677, 994.7908903933677=1158.294755482328, 1170.0251104081046=1260.8579702588206, 1260.8579702588206=1355.2188636122064, 1355.2188636122064=1558.5003942683086, 1558.5003942683086=1664.609765790022, 1664.609765790022=1775.713645468239, 1775.713645468239=1892.4445041065144, 1892.4445041065144=2015.5735226057282, 2015.5735226057282=2285.237680350982, 2285.237680350982=2428.9150451855453, 2428.9150451855453=2737.1794241986145, 2737.1794241986145=2909.2803925235226, 2909.2803925235226=3097.4045690344024, 3097.4045690344024=3514.375520487125, 3514.375520487125=3757.1635463812977, 3757.1635463812977=4038.8940938626183, 4038.8940938626183=4390.528536318742, 4390.528536318742=4851.300005805907, 4851.300005805907=6314.158236567624];

Jobs: [[2; 10; 0.4992637080192746], [2; 10; 0.5060335141986969], [2; 10; 0.5095054592217463], [2; 10; 0.5130375770800573], [2; 10; 0.516631553896297], [1; 20; 1.0480243209166051], [1; 20; 1.0633242832426304], [2; 10; 0.5395975802485833], [2; 10; 0.5436777373896245], [1; 40; 2.2082980471721947], [2; 20; 1.1216063761490682], [2; 20; 1.1305972687636432], [2; 20; 1.1397705344061173], [2; 20; 1.1491321648892938], [2; 30; 1.7380326391277818], [2; 30; 1.7526688111207402], [2; 30; 1.7676170587548947], [2; 30; 1.7828881666830019], [2; 30; 1.814444730191113], [2; 30; 1.8474357602451694], [2; 30; 1.8645022924177563], [2; 40; 2.5092913532839405], [2; 40; 2.5331328244295044], [2; 40; 2.5575487976457443], [2; 40; 2.6081953768092987], [2; 40; 2.6344746999335227], [2; 40; 2.6614261400849113], [2; 50; 3.3613470375958583], [2; 50; 3.3968234052538375], [2; 50; 3.470670988832769], [2; 60; 4.258401183414306], [2; 60; 4.307208737833904], [2; 60; 4.4091603869737455], [2; 60; 4.462444097663367], [2; 70; 5.270261905898946], [2; 70; 5.336347770336706], [2; 70; 5.404545060820188], [2; 80; 6.2571015123100615], [1; 160; 12.852450124322822], [2; 80; 6.515171116448792], [2; 80; 6.607260243702673], [2; 80; 6.702674001699395], [2; 90; 7.651809774139019], [2; 90; 7.887272947066042], [2; 90; 8.141728253933824], [2; 90; 8.27686451911952], [2; 90; 8.56479112985469], [2; 100; 9.687138637528486], [2; 100; 9.865709667936885], [2; 100; 10.052744275686429], [2; 100; 10.454919775145202], [2; 100; 10.671611647019713], [1; 200; 22.281571795220394], [2; 520; 60.658917250348196], [2; 520; 62.147571895105656], [2; 540; 66.1822496867996], [2; 560; 72.39532638802548], [2; 560; 74.47882232908263], [2; 560; 76.71899487799735], [2; 560; 79.13558704836501], [1; 1160; 175.23422001473685], [2; 580; 90.83285985071592], [2; 580; 94.36089335338578], [2; 600; 106.10937152171344], [2; 600; 111.10387967821693], [2; 600; 116.73085863827522], [2; 600; 123.12901849921373], [2; 620; 143.6773648345633], [2; 640; 172.10096832490797], [2; 640; 188.12417651087978], [2; 660; 242.78802589417256], [2; 660; 281.7305474813204], [2; 680; 351.6344424561238], [2; 680; 460.77146948716495]];
Intervals[4.9E-324=0.4992637080192746, 1.5045039449060476=2.0105374591047447, 2.0105374591047447=2.520042918326491, 2.520042918326491=3.0330804954065482, 3.0330804954065482=3.5497120493028453, 3.5497120493028453=4.597736370219451, 4.597736370219451=5.661060653462082, 6.717081585279526=7.256679165528109, 7.256679165528109=7.800356902917733, 7.800356902917733=10.008654950089928, 12.2172847894266=13.338891165575667, 13.338891165575667=14.469488434339311, 14.469488434339311=15.60925896874543, 15.60925896874543=16.758391133634724, 16.758391133634724=18.496423772762505, 18.496423772762505=20.249092583883247, 20.249092583883247=22.01670964263814, 22.01670964263814=23.799597809321142, 27.396584686806747=29.21102941699786, 32.87253838179949=34.719974142044656, 34.719974142044656=36.58447643446241, 36.58447643446241=39.09376778774635, 39.09376778774635=41.62690061217586, 41.62690061217586=44.1844494098216, 49.349572905470694=51.95776828227999, 51.95776828227999=54.59224298221351, 54.59224298221351=57.253669122298426, 57.253669122298426=60.61501615989428, 60.61501615989428=64.01183956514812, 70.87834136505766=74.34901235389043, 81.36726768627595=85.62566886969026, 85.62566886969026=89.93287760752416, 98.64775617715893=103.05691656413268, 103.05691656413268=107.51936066179604, 107.51936066179604=112.78962256769499, 112.78962256769499=118.12597033803169, 118.12597033803169=123.53051539885188, 123.53051539885188=129.78761691116193, 129.78761691116193=142.64006703548475, 142.64006703548475=149.15523815193353, 149.15523815193353=155.76249839563621, 155.76249839563621=162.4651723973356, 162.4651723973356=170.11698217147463, 185.65160519222627=193.5388781392923, 209.56283041183175=217.70455866576557, 217.70455866576557=225.9814231848851, 242.81692625615182=251.3817173860065, 251.3817173860065=261.068856023535, 261.068856023535=270.93456569147185, 270.93456569147185=280.9873099671583, 301.4851161435059=311.94003591865106, 311.94003591865106=322.61164756567075, 322.61164756567075=344.8932193608911, 367.2023241983205=427.8612414486687, 427.8612414486687=490.00881334377436, 490.00881334377436=556.191063030574, 692.0621597498972=764.4574861379227, 764.4574861379227=838.9363084670053, 838.9363084670053=915.6553033450027, 915.6553033450027=994.7908903933677, 994.7908903933677=1170.0251104081046, 1170.0251104081046=1260.8579702588206, 1260.8579702588206=1355.2188636122064, 1558.5003942683086=1664.609765790022, 1664.609765790022=1775.713645468239, 1775.713645468239=1892.4445041065144, 1892.4445041065144=2015.5735226057282, 2285.237680350982=2428.9150451855453, 2737.1794241986145=2909.2803925235226, 2909.2803925235226=3097.4045690344024, 3514.375520487125=3757.1635463812977, 3757.1635463812977=4038.8940938626183, 4038.8940938626183=4390.528536318742, 4390.528536318742=4851.300005805907];
