1.1000569090011079
455.7326296134046
501.3318278634686
[2; 10; 0.03214993336563641]
[2; 10; 0.03258587295842231]
[1; 30; 0.09911069231906569]
[1; 40; 0.13401543881322708]
[2; 20; 0.0679753607719538]
[1; 40; 0.13795741946800133]
[2; 30; 0.10502988349865156]
[2; 30; 0.10665200663650608]
[2; 30; 0.10833824793331469]
[1; 60; 0.22018552206797576]
[1; 70; 0.2611468504948325]
[1; 80; 0.3035337557668055]
[1; 90; 0.3474403002984736]
[1; 90; 0.3536726203364694]
[1; 100; 0.40021351107294323]
[2; 60; 0.24468046706662736]
[1; 120; 0.4989098152233121]
[2; 60; 0.254469285557547]
[1; 130; 0.5627775702667673]
[2; 70; 0.30951639432905487]
[2; 70; 0.31635687985827743]
[1; 140; 0.6471765667609246]
[2; 70; 0.3312476194240549]
[1; 160; 0.7757186266669853]
[2; 80; 0.3977417391388804]
[2; 80; 0.4082787043625499]
[2; 80; 0.4195424459962171]
[2; 90; 0.4855687163879279]
[1; 190; 1.0559221345077605]
[1; 200; 1.1465083249182355]
[2; 100; 0.5922068359909702]
[2; 100; 0.6128078868777156]
[2; 100; 0.6352993484890767]
[2; 100; 0.6599749712689547]
[2; 100; 0.6871951592812106]
[2; 100; 0.7174074912634384]
[2; 110; 0.8262930021275388]
[2; 110; 0.8681415257909897]
[2; 120; 0.9989731801795599]
[2; 130; 1.1468544627622963]
[2; 140; 1.3160976562087554]
[2; 150; 1.512712281159408]
[2; 170; 1.8544523418757615]
[2; 170; 2.027108406708244]
[2; 170; 2.2465090258988223]
[2; 180; 2.686081890803991]
[2; 190; 3.2900842569441773]
[2; 190; 3.9856532369640627]
[2; 200; 5.497561274249684]
[2; 200; 8.726834550003582]


Jobs: [[2; 10; 0.03214993336563641], [2; 10; 0.03258587295842231], [1; 30; 0.09911069231906569], [2; 20; 0.0679753607719538], [1; 40; 0.13795741946800133], [2; 30; 0.10502988349865156], [2; 30; 0.10665200663650608], [2; 30; 0.10833824793331469], [1; 60; 0.22018552206797576], [1; 80; 0.3035337557668055], [1; 90; 0.3536726203364694], [2; 60; 0.24468046706662736], [1; 120; 0.4989098152233121], [2; 60; 0.254469285557547], [1; 130; 0.5627775702667673], [2; 70; 0.30951639432905487], [2; 70; 0.31635687985827743], [1; 140; 0.6471765667609246], [2; 70; 0.3312476194240549], [1; 160; 0.7757186266669853], [2; 80; 0.3977417391388804], [2; 80; 0.4082787043625499], [2; 80; 0.4195424459962171], [2; 90; 0.4855687163879279], [1; 190; 1.0559221345077605], [2; 100; 0.5922068359909702], [2; 100; 0.6128078868777156], [2; 100; 0.6352993484890767], [2; 100; 0.6599749712689547], [2; 100; 0.6871951592812106], [2; 100; 0.7174074912634384], [2; 110; 0.8262930021275388], [2; 110; 0.8681415257909897], [2; 120; 0.9989731801795599], [2; 130; 1.1468544627622963], [2; 140; 1.3160976562087554], [2; 150; 1.512712281159408], [2; 170; 1.8544523418757615], [2; 170; 2.027108406708244], [2; 170; 2.2465090258988223], [2; 180; 2.686081890803991], [2; 190; 3.2900842569441773], [2; 190; 3.9856532369640627], [2; 200; 5.497561274249684], [2; 200; 8.726834550003582]];
Intervals[4.9E-324=0.03214993336563641, 0.03214993336563641=0.06473580632405872, 0.06473580632405872=0.1638464986431244, 0.19875124513728581=0.26672660590923963, 0.26672660590923963=0.40468402537724096, 0.40468402537724096=0.5097139088758925, 0.5097139088758925=0.6163659155123986, 0.6163659155123986=0.7247041634457133, 0.7247041634457133=0.944889685513689, 0.944889685513689=1.2484234412804947, 1.2484234412804947=1.602096061616964, 1.7335048253119627=1.97818529237859, 1.97818529237859=2.4770951076019023, 2.4770951076019023=2.7315643931594495, 2.7315643931594495=3.2943419634262168, 3.2943419634262168=3.6038583577552714, 3.6038583577552714=3.920215237613549, 3.920215237613549=4.5673918043744735, 4.5673918043744735=4.898639423798528, 4.898639423798528=5.674358050465513, 5.674358050465513=6.072099789604394, 6.072099789604394=6.480378493966944, 6.480378493966944=6.8999209399631605, 6.8999209399631605=7.385489656351089, 7.385489656351089=8.441411790858849, 8.531997981269324=9.124204817260294, 9.124204817260294=9.73701270413801, 9.73701270413801=10.372312052627088, 10.372312052627088=11.032287023896043, 11.032287023896043=11.719482183177254, 11.719482183177254=12.436889674440692, 12.436889674440692=13.263182676568231, 13.263182676568231=14.13132420235922, 14.13132420235922=15.13029738253878, 15.13029738253878=16.277151845301077, 16.277151845301077=17.59324950150983, 17.59324950150983=19.10596178266924, 19.10596178266924=20.960414124545, 20.960414124545=22.987522531253244, 22.987522531253244=25.234031557152065, 25.234031557152065=27.920113447956055, 27.920113447956055=31.21019770490023, 31.21019770490023=35.19585094186429, 35.19585094186429=40.69341221611398, 40.69341221611398=49.42024676611756];

Jobs: [[2; 10; 0.03214993336563641], [2; 10; 0.03258587295842231], [1; 40; 0.13401543881322708], [2; 20; 0.0679753607719538], [2; 30; 0.10502988349865156], [2; 30; 0.10665200663650608], [2; 30; 0.10833824793331469], [1; 70; 0.2611468504948325], [1; 90; 0.3474403002984736], [1; 100; 0.40021351107294323], [2; 60; 0.24468046706662736], [2; 60; 0.254469285557547], [2; 70; 0.30951639432905487], [2; 70; 0.31635687985827743], [2; 70; 0.3312476194240549], [2; 80; 0.3977417391388804], [2; 80; 0.4082787043625499], [2; 80; 0.4195424459962171], [2; 90; 0.4855687163879279], [1; 200; 1.1465083249182355], [2; 100; 0.5922068359909702], [2; 100; 0.6128078868777156], [2; 100; 0.6352993484890767], [2; 100; 0.6599749712689547], [2; 100; 0.6871951592812106], [2; 100; 0.7174074912634384], [2; 110; 0.8262930021275388], [2; 110; 0.8681415257909897], [2; 120; 0.9989731801795599], [2; 130; 1.1468544627622963], [2; 140; 1.3160976562087554], [2; 150; 1.512712281159408], [2; 170; 1.8544523418757615], [2; 170; 2.027108406708244], [2; 170; 2.2465090258988223], [2; 180; 2.686081890803991], [2; 190; 3.2900842569441773], [2; 190; 3.9856532369640627], [2; 200; 5.497561274249684], [2; 200; 8.726834550003582]];
Intervals[4.9E-324=0.03214993336563641, 0.03214993336563641=0.06473580632405872, 0.06473580632405872=0.19875124513728581, 0.19875124513728581=0.26672660590923963, 0.40468402537724096=0.5097139088758925, 0.5097139088758925=0.6163659155123986, 0.6163659155123986=0.7247041634457133, 0.7247041634457133=0.9858510139405459, 0.9858510139405459=1.3332913142390195, 1.3332913142390195=1.7335048253119627, 1.7335048253119627=1.97818529237859, 2.4770951076019023=2.7315643931594495, 3.2943419634262168=3.6038583577552714, 3.6038583577552714=3.920215237613549, 4.5673918043744735=4.898639423798528, 5.674358050465513=6.072099789604394, 6.072099789604394=6.480378493966944, 6.480378493966944=6.8999209399631605, 6.8999209399631605=7.385489656351089, 7.385489656351089=8.531997981269324, 8.531997981269324=9.124204817260294, 9.124204817260294=9.73701270413801, 9.73701270413801=10.372312052627088, 10.372312052627088=11.032287023896043, 11.032287023896043=11.719482183177254, 11.719482183177254=12.436889674440692, 12.436889674440692=13.263182676568231, 13.263182676568231=14.13132420235922, 14.13132420235922=15.13029738253878, 15.13029738253878=16.277151845301077, 16.277151845301077=17.59324950150983, 17.59324950150983=19.10596178266924, 19.10596178266924=20.960414124545, 20.960414124545=22.987522531253244, 22.987522531253244=25.234031557152065, 25.234031557152065=27.920113447956055, 27.920113447956055=31.21019770490023, 31.21019770490023=35.19585094186429, 35.19585094186429=40.69341221611398, 40.69341221611398=49.42024676611756];
