1.1841746326051819
732172.4725566508
867020.0686933995
[2; 10; 2.778192033166547]
[2; 20; 5.593738084061715]
[1; 40; 11.263452600947438]
[1; 40; 11.340732241728022]
[2; 20; 5.709675614170046]
[1; 40; 11.499347091030574]
[2; 20; 5.790379410711045]
[1; 60; 17.495440418570663]
[2; 30; 8.81099520178705]
[2; 30; 8.875426968536505]
[2; 30; 8.941049721394107]
[2; 40; 12.010532105447455]
[2; 40; 12.10134952222529]
[2; 50; 15.242379283071033]
[2; 50; 15.360309449115274]
[2; 50; 15.480547469538898]
[1; 100; 31.206332931031348]
[1; 100; 31.456485564115425]
[2; 60; 19.027027405341506]
[1; 120; 38.36661596994282]
[2; 60; 19.342837678166738]
[1; 140; 45.513360504505144]
[2; 70; 22.950768541827614]
[1; 140; 46.29809770938503]
[2; 80; 26.687620525782553]
[1; 160; 53.84863951263064]
[1; 160; 54.33267628303583]
[2; 80; 27.413869549420383]
[2; 80; 27.667117698399696]
[2; 80; 27.926296803123577]
[2; 90; 31.71558630674557]
[1; 180; 64.04256329804969]
[1; 180; 64.66890264554188]
[1; 180; 65.310784164411]
[1; 200; 73.2987047263165]
[2; 100; 37.02428586577559]
[2; 520; 194.5265819842871]
[2; 520; 196.57965667860972]
[2; 520; 198.68777463107546]
[1; 1040; 401.7066712234177]
[2; 520; 203.07888564199135]
[2; 520; 205.36712853068627]
[1; 1040; 415.4418770671144]
[2; 540; 218.22581173990125]
[1; 1080; 441.6321337586178]
[1; 1080; 446.9691586751882]
[1; 1080; 452.47040382665375]
[2; 540; 229.0720531271078]
[1; 1080; 463.99908198709267]
[2; 540; 235.02238942614196]
[2; 540; 238.14566762498535]
[1; 1080; 482.74964570352387]
[1; 1120; 507.5585242745195]
[1; 1120; 514.7326446000321]
[1; 1120; 522.1657672822647]
[2; 560; 264.9365923575651]
[1; 1160; 557.0811538926436]
[2; 580; 282.8424679857589]
[1; 1160; 574.6288023843528]
[1; 1160; 583.934784168626]
[1; 1160; 593.6269236485255]
[1; 1160; 603.7315141008563]
[1; 1160; 614.2773750087523]
[1; 1200; 646.8581061595404]
[1; 1200; 658.782176090515]
[1; 1200; 671.2714008948818]
[1; 1200; 684.3698939277484]
[2; 600; 349.0633229713837]
[1; 1200; 712.5962327945435]
[1; 1200; 727.8396518367455]
[1; 1240; 768.7228259784175]
[2; 620; 393.1472894870655]
[2; 620; 402.45308750098343]
[1; 1240; 824.65969798467]
[2; 620; 422.8357695669683]
[2; 620; 434.0375252813592]
[1; 1240; 892.0238213011703]
[1; 1240; 917.6957548876828]
[1; 1240; 945.2981897015883]
[1; 1240; 975.0743905958826]
[2; 620; 503.6559326787202]
[2; 640; 537.9887179526387]
[1; 1280; 1115.4682873002484]
[2; 640; 579.3970610966788]
[2; 640; 603.2938717688716]
[2; 640; 629.8175084542488]
[1; 1280; 1318.925325351042]
[1; 1320; 1429.0276257337305]
[1; 1320; 1507.3543621408921]
[2; 660; 798.6890684668691]
[2; 660; 851.0848578393365]
[2; 660; 913.0148840471899]
[1; 1320; 1975.1929863019918]
[2; 660; 1079.545215854399]
[2; 660; 1196.3879500756532]
[2; 680; 1391.9527864861973]
[1; 1360; 3230.436255335263]
[1; 1360; 3913.3948289341674]
[2; 680; 2563.998955017704]
[2; 680; 4070.0946384404674]


Jobs: [[2; 10; 2.778192033166547], [2; 20; 5.593738084061715], [1; 40; 11.263452600947438], [2; 20; 5.709675614170046], [1; 40; 11.499347091030574], [2; 20; 5.790379410711045], [1; 60; 17.495440418570663], [2; 30; 8.81099520178705], [2; 30; 8.875426968536505], [2; 30; 8.941049721394107], [2; 40; 12.010532105447455], [2; 40; 12.10134952222529], [2; 50; 15.242379283071033], [2; 50; 15.360309449115274], [2; 50; 15.480547469538898], [1; 100; 31.206332931031348], [2; 60; 19.027027405341506], [1; 120; 38.36661596994282], [2; 60; 19.342837678166738], [1; 140; 45.513360504505144], [2; 70; 22.950768541827614], [1; 140; 46.29809770938503], [2; 80; 26.687620525782553], [1; 160; 53.84863951263064], [2; 80; 27.413869549420383], [2; 80; 27.667117698399696], [2; 80; 27.926296803123577], [2; 90; 31.71558630674557], [1; 180; 64.04256329804969], [1; 180; 65.310784164411], [2; 100; 37.02428586577559], [2; 520; 194.5265819842871], [2; 520; 196.57965667860972], [2; 520; 198.68777463107546], [1; 1040; 401.7066712234177], [2; 520; 203.07888564199135], [2; 520; 205.36712853068627], [1; 1040; 415.4418770671144], [2; 540; 218.22581173990125], [1; 1080; 441.6321337586178], [1; 1080; 452.47040382665375], [2; 540; 229.0720531271078], [1; 1080; 463.99908198709267], [2; 540; 235.02238942614196], [2; 540; 238.14566762498535], [1; 1080; 482.74964570352387], [1; 1120; 514.7326446000321], [2; 560; 264.9365923575651], [1; 1160; 557.0811538926436], [2; 580; 282.8424679857589], [1; 1160; 574.6288023843528], [1; 1160; 593.6269236485255], [1; 1160; 614.2773750087523], [1; 1200; 658.782176090515], [1; 1200; 684.3698939277484], [2; 600; 349.0633229713837], [1; 1200; 712.5962327945435], [1; 1240; 768.7228259784175], [2; 620; 393.1472894870655], [2; 620; 402.45308750098343], [1; 1240; 824.65969798467], [2; 620; 422.8357695669683], [2; 620; 434.0375252813592], [1; 1240; 892.0238213011703], [1; 1240; 945.2981897015883], [2; 620; 503.6559326787202], [2; 640; 537.9887179526387], [1; 1280; 1115.4682873002484], [2; 640; 579.3970610966788], [2; 640; 603.2938717688716], [2; 640; 629.8175084542488], [1; 1280; 1318.925325351042], [1; 1320; 1507.3543621408921], [2; 660; 798.6890684668691], [2; 660; 851.0848578393365], [2; 660; 913.0148840471899], [1; 1320; 1975.1929863019918], [2; 660; 1079.545215854399], [2; 660; 1196.3879500756532], [2; 680; 1391.9527864861973], [1; 1360; 3230.436255335263], [2; 680; 2563.998955017704], [2; 680; 4070.0946384404674]];
Intervals[4.9E-324=2.778192033166547, 2.778192033166547=8.371930117228262, 8.371930117228262=19.6353827181757, 19.712662358956283=25.42233797312633, 25.42233797312633=36.921685064156904, 36.921685064156904=42.71206447486795, 42.71206447486795=60.20750489343861, 60.20750489343861=69.01850009522566, 69.01850009522566=77.89392706376216, 77.89392706376216=86.83497678515627, 86.83497678515627=98.84550889060372, 98.84550889060372=110.94685841282902, 110.94685841282902=126.18923769590005, 126.18923769590005=141.5495471450153, 141.5495471450153=157.0300946145542, 157.0300946145542=188.23642754558554, 188.4865801786696=207.5136075840111, 207.5136075840111=245.88022355395393, 245.88022355395393=265.22306123212064, 265.22306123212064=310.7364217366258, 310.7364217366258=333.6871902784534, 333.6871902784534=379.98528798783843, 379.98528798783843=406.672908513621, 406.672908513621=460.52154802625165, 461.0055847966568=488.4194543460772, 488.4194543460772=516.086572044477, 516.086572044477=544.0128688476005, 544.0128688476005=575.7284551543461, 575.7284551543461=639.7710184523958, 639.7710184523958=705.0818026168067, 713.6960625262044=750.72034839198, 750.72034839198=945.2469303762671, 945.2469303762671=1141.8265870548769, 1141.8265870548769=1340.5143616859523, 1340.5143616859523=1742.22103290937, 1742.22103290937=1945.2999185513613, 1945.2999185513613=2150.6670470820477, 2150.6670470820477=2566.1089241491622, 2566.1089241491622=2784.3347358890633, 2784.3347358890633=3225.966869647681, 3225.966869647681=3678.4372734743347, 3678.4372734743347=3907.5093266014424, 3907.5093266014424=4371.508408588535, 4371.508408588535=4606.530798014676, 4606.530798014676=4844.676465639662, 4844.676465639662=5327.426111343186, 5327.426111343186=5842.158755943218, 5874.400757196446=6139.337349554011, 6139.337349554011=6696.4185034466545, 6696.4185034466545=6979.2609714324135, 6979.2609714324135=7553.889773816766, 7553.889773816766=8147.516697465291, 8147.516697465291=8761.794072474044, 8761.794072474044=9420.57624856456, 9420.57624856456=10104.946142492308, 10104.946142492308=10454.009465463692, 10454.009465463692=11166.605698258236, 11166.605698258236=11935.328524236653, 11935.328524236653=12328.475813723719, 12328.475813723719=12730.928901224703, 12730.928901224703=13555.588599209372, 13555.588599209372=13978.42436877634, 13978.42436877634=14412.461894057698, 14412.461894057698=15304.48571535887, 15304.48571535887=16249.783905060458, 16305.232039541264=16808.887972219985, 16808.887972219985=17346.876690172623, 17346.876690172623=18462.344977472872, 18462.344977472872=19041.74203856955, 19041.74203856955=19645.03591033842, 19645.03591033842=20274.85341879267, 20274.85341879267=21593.778744143714, 21593.778744143714=23101.133106284607, 23101.133106284607=23899.822174751476, 23899.822174751476=24750.907032590814, 24750.907032590814=25663.921916638003, 25663.921916638003=27639.114902939993, 27639.114902939993=28718.660118794392, 28718.660118794392=29915.048068870045, 29915.048068870045=31307.00085535624, 31307.00085535624=34537.437110691506, 35220.39568429041=37784.39463930811, 37784.39463930811=41854.48927774858];

Jobs: [[2; 10; 2.778192033166547], [2; 20; 5.593738084061715], [1; 40; 11.340732241728022], [2; 20; 5.709675614170046], [2; 20; 5.790379410711045], [2; 30; 8.81099520178705], [2; 30; 8.875426968536505], [2; 30; 8.941049721394107], [2; 40; 12.010532105447455], [2; 40; 12.10134952222529], [2; 50; 15.242379283071033], [2; 50; 15.360309449115274], [2; 50; 15.480547469538898], [1; 100; 31.456485564115425], [2; 60; 19.027027405341506], [2; 60; 19.342837678166738], [2; 70; 22.950768541827614], [2; 80; 26.687620525782553], [1; 160; 54.33267628303583], [2; 80; 27.413869549420383], [2; 80; 27.667117698399696], [2; 80; 27.926296803123577], [2; 90; 31.71558630674557], [1; 180; 64.66890264554188], [1; 200; 73.2987047263165], [2; 100; 37.02428586577559], [2; 520; 194.5265819842871], [2; 520; 196.57965667860972], [2; 520; 198.68777463107546], [2; 520; 203.07888564199135], [2; 520; 205.36712853068627], [2; 540; 218.22581173990125], [1; 1080; 446.9691586751882], [2; 540; 229.0720531271078], [2; 540; 235.02238942614196], [2; 540; 238.14566762498535], [1; 1120; 507.5585242745195], [1; 1120; 522.1657672822647], [2; 560; 264.9365923575651], [2; 580; 282.8424679857589], [1; 1160; 583.934784168626], [1; 1160; 603.7315141008563], [1; 1200; 646.8581061595404], [1; 1200; 671.2714008948818], [2; 600; 349.0633229713837], [1; 1200; 727.8396518367455], [2; 620; 393.1472894870655], [2; 620; 402.45308750098343], [2; 620; 422.8357695669683], [2; 620; 434.0375252813592], [1; 1240; 917.6957548876828], [1; 1240; 975.0743905958826], [2; 620; 503.6559326787202], [2; 640; 537.9887179526387], [2; 640; 579.3970610966788], [2; 640; 603.2938717688716], [2; 640; 629.8175084542488], [1; 1320; 1429.0276257337305], [2; 660; 798.6890684668691], [2; 660; 851.0848578393365], [2; 660; 913.0148840471899], [2; 660; 1079.545215854399], [2; 660; 1196.3879500756532], [2; 680; 1391.9527864861973], [1; 1360; 3913.3948289341674], [2; 680; 2563.998955017704], [2; 680; 4070.0946384404674]];
Intervals[4.9E-324=2.778192033166547, 2.778192033166547=8.371930117228262, 8.371930117228262=19.712662358956283, 19.712662358956283=25.42233797312633, 36.921685064156904=42.71206447486795, 60.20750489343861=69.01850009522566, 69.01850009522566=77.89392706376216, 77.89392706376216=86.83497678515627, 86.83497678515627=98.84550889060372, 98.84550889060372=110.94685841282902, 110.94685841282902=126.18923769590005, 126.18923769590005=141.5495471450153, 141.5495471450153=157.0300946145542, 157.0300946145542=188.4865801786696, 188.4865801786696=207.5136075840111, 245.88022355395393=265.22306123212064, 310.7364217366258=333.6871902784534, 379.98528798783843=406.672908513621, 406.672908513621=461.0055847966568, 461.0055847966568=488.4194543460772, 488.4194543460772=516.086572044477, 516.086572044477=544.0128688476005, 544.0128688476005=575.7284551543461, 575.7284551543461=640.3973577998879, 640.3973577998879=713.6960625262044, 713.6960625262044=750.72034839198, 750.72034839198=945.2469303762671, 945.2469303762671=1141.8265870548769, 1141.8265870548769=1340.5143616859523, 1742.22103290937=1945.2999185513613, 1945.2999185513613=2150.6670470820477, 2566.1089241491622=2784.3347358890633, 2784.3347358890633=3231.3038945642516, 3678.4372734743347=3907.5093266014424, 4371.508408588535=4606.530798014676, 4606.530798014676=4844.676465639662, 4844.676465639662=5352.234989914181, 5352.234989914181=5874.400757196446, 5874.400757196446=6139.337349554011, 6696.4185034466545=6979.2609714324135, 6979.2609714324135=7563.195755601039, 7563.195755601039=8166.927269701896, 8166.927269701896=8813.785375861436, 8813.785375861436=9485.056776756319, 10104.946142492308=10454.009465463692, 10454.009465463692=11181.849117300439, 11935.328524236653=12328.475813723719, 12328.475813723719=12730.928901224703, 13555.588599209372=13978.42436877634, 13978.42436877634=14412.461894057698, 14412.461894057698=15330.157648945382, 15330.157648945382=16305.232039541264, 16305.232039541264=16808.887972219985, 16808.887972219985=17346.876690172623, 18462.344977472872=19041.74203856955, 19041.74203856955=19645.03591033842, 19645.03591033842=20274.85341879267, 20274.85341879267=21703.881044526403, 23101.133106284607=23899.822174751476, 23899.822174751476=24750.907032590814, 24750.907032590814=25663.921916638003, 27639.114902939993=28718.660118794392, 28718.660118794392=29915.048068870045, 29915.048068870045=31307.00085535624, 31307.00085535624=35220.39568429041, 35220.39568429041=37784.39463930811, 37784.39463930811=41854.48927774858];
