1.0364810361302546
10515.780321768842
10899.40688362511
[1; 20; 0.3283051253221602]
[2; 10; 0.165256114478708]
[2; 10; 0.16637840246321545]
[2; 10; 0.16751994082019517]
[1; 30; 0.5060437900838061]
[1; 30; 0.5095887733965575]
[1; 30; 0.5131965002963451]
[1; 40; 0.6891583555797223]
[2; 20; 0.34707162660729807]
[2; 20; 0.3496096416190847]
[2; 20; 0.35219457045574065]
[2; 20; 0.3548278161652526]
[2; 20; 0.35751084014638274]
[1; 40; 0.7204903305453465]
[2; 20; 0.36303237922190396]
[1; 50; 0.9146853450677113]
[2; 30; 0.5531582547997929]
[2; 30; 0.5575924186682673]
[2; 40; 0.7494887013142556]
[2; 40; 0.7556447090905716]
[1; 80; 1.5238574037131825]
[2; 40; 0.7683449907545611]
[1; 90; 1.7435207006085152]
[1; 100; 1.953981812271916]
[1; 100; 1.9710846336099117]
[1; 110; 2.1874233478358565]
[2; 60; 1.20386495177715]
[2; 60; 1.214834202946943]
[2; 60; 1.226056789114811]
[2; 60; 1.2375422031144703]
[1; 130; 2.7068176066856977]
[1; 130; 2.7329076662154295]
[1; 130; 2.7596356345581006]
[1; 140; 3.001413518577333]
[1; 140; 3.0316547790233197]
[2; 70; 1.5313347432810054]
[1; 140; 3.0944897852283053]
[2; 70; 1.5635748424983422]
[2; 80; 1.8061058296327122]
[2; 80; 1.8257911490682412]
[2; 80; 1.8460217792179623]
[2; 80; 1.8668222981656495]
[2; 80; 1.8882188333874401]
[2; 80; 1.9102391882387009]
[2; 90; 2.174527103853254]
[1; 180; 4.4016115487507435]
[1; 180; 4.455786078964351]
[2; 90; 2.2558294570678465]
[1; 180; 4.5693168717448325]
[1; 180; 4.628852991017459]
[2; 90; 2.3451835558632688]
[1; 190; 5.018075770803037]
[1; 190; 5.087531483233052]
[2; 100; 2.7154955481227225]
[1; 200; 5.5094186518473895]
[1; 200; 5.590740316389308]
[2; 100; 2.8375654186920136]
[2; 100; 2.8813899033768435]
[2; 100; 2.926946651913615]
[2; 110; 3.271782670487455]
[2; 120; 3.6284592685557535]
[2; 120; 3.690222125699052]
[2; 120; 3.754682185092873]
[2; 120; 3.822032981757387]
[2; 130; 4.216861646429476]
[2; 130; 4.29680511633892]
[2; 140; 4.717621471603878]
[2; 140; 4.812451985426036]
[2; 140; 4.912196340376259]
[2; 140; 5.017275014368513]
[2; 140; 5.128159600001902]
[2; 150; 5.620051054622604]
[2; 150; 5.753077686983363]
[2; 150; 5.8942662575777245]
[2; 150; 6.044448674153158]
[2; 150; 6.204578072726458]
[2; 150; 6.3757522329516965]
[2; 160; 6.996525570940613]
[2; 160; 7.20696692905646]
[2; 160; 7.4339811108839555]
[2; 160; 7.679760079905554]
[2; 160; 7.946915267230245]
[2; 160; 8.238585370518772]
[2; 170; 9.093490991128569]
[2; 170; 9.468545417799243]
[2; 170; 9.884827217354662]
[2; 170; 10.350100448688455]
[2; 170; 10.874292741774312]
[2; 180; 12.145050962011343]
[2; 180; 12.870390245269778]
[2; 180; 13.714716633418643]
[2; 180; 14.712681469377735]
[2; 180; 15.914518895459855]
[2; 180; 17.39621683082603]
[2; 180; 19.2790666733042]
[2; 190; 22.980242034186432]
[2; 190; 26.666208704899688]
[2; 200; 34.00401190907571]
[2; 200; 44.5578607896435]
[2; 200; 70.73119509093269]


Jobs: [[1; 20; 0.3283051253221602], [2; 10; 0.165256114478708], [2; 10; 0.16637840246321545], [2; 10; 0.16751994082019517], [1; 30; 0.5060437900838061], [1; 30; 0.5131965002963451], [2; 20; 0.34707162660729807], [2; 20; 0.3496096416190847], [2; 20; 0.35219457045574065], [2; 20; 0.3548278161652526], [2; 20; 0.35751084014638274], [1; 40; 0.7204903305453465], [2; 20; 0.36303237922190396], [1; 50; 0.9146853450677113], [2; 30; 0.5531582547997929], [2; 30; 0.5575924186682673], [2; 40; 0.7494887013142556], [2; 40; 0.7556447090905716], [1; 80; 1.5238574037131825], [2; 40; 0.7683449907545611], [1; 90; 1.7435207006085152], [1; 100; 1.9710846336099117], [2; 60; 1.20386495177715], [2; 60; 1.214834202946943], [2; 60; 1.226056789114811], [2; 60; 1.2375422031144703], [1; 130; 2.7068176066856977], [1; 130; 2.7596356345581006], [1; 140; 3.0316547790233197], [2; 70; 1.5313347432810054], [1; 140; 3.0944897852283053], [2; 70; 1.5635748424983422], [2; 80; 1.8061058296327122], [2; 80; 1.8257911490682412], [2; 80; 1.8460217792179623], [2; 80; 1.8668222981656495], [2; 80; 1.8882188333874401], [2; 80; 1.9102391882387009], [2; 90; 2.174527103853254], [1; 180; 4.4016115487507435], [2; 90; 2.2558294570678465], [1; 180; 4.5693168717448325], [2; 90; 2.3451835558632688], [1; 190; 5.018075770803037], [2; 100; 2.7154955481227225], [1; 200; 5.5094186518473895], [2; 100; 2.8375654186920136], [2; 100; 2.8813899033768435], [2; 100; 2.926946651913615], [2; 110; 3.271782670487455], [2; 120; 3.6284592685557535], [2; 120; 3.690222125699052], [2; 120; 3.754682185092873], [2; 120; 3.822032981757387], [2; 130; 4.216861646429476], [2; 130; 4.29680511633892], [2; 140; 4.717621471603878], [2; 140; 4.812451985426036], [2; 140; 4.912196340376259], [2; 140; 5.017275014368513], [2; 140; 5.128159600001902], [2; 150; 5.620051054622604], [2; 150; 5.753077686983363], [2; 150; 5.8942662575777245], [2; 150; 6.044448674153158], [2; 150; 6.204578072726458], [2; 150; 6.3757522329516965], [2; 160; 6.996525570940613], [2; 160; 7.20696692905646], [2; 160; 7.4339811108839555], [2; 160; 7.679760079905554], [2; 160; 7.946915267230245], [2; 160; 8.238585370518772], [2; 170; 9.093490991128569], [2; 170; 9.468545417799243], [2; 170; 9.884827217354662], [2; 170; 10.350100448688455], [2; 170; 10.874292741774312], [2; 180; 12.145050962011343], [2; 180; 12.870390245269778], [2; 180; 13.714716633418643], [2; 180; 14.712681469377735], [2; 180; 15.914518895459855], [2; 180; 17.39621683082603], [2; 180; 19.2790666733042], [2; 190; 22.980242034186432], [2; 190; 26.666208704899688], [2; 200; 34.00401190907571], [2; 200; 44.5578607896435], [2; 200; 70.73119509093269]];
Intervals[0.0=0.3283051253221602, 0.3283051253221602=0.4935612398008682, 0.4935612398008682=0.6599396422640836, 0.6599396422640836=0.8274595830842788, 0.8274595830842788=1.3335033731680848, 1.3335033731680848=1.8466998734644298, 2.0262067120605582=2.3732783386678564, 2.3732783386678564=2.722887980286941, 2.722887980286941=3.0750825507426818, 3.0750825507426818=3.4299103669079343, 3.4299103669079343=3.787421207054317, 3.787421207054317=4.5079115375996635, 4.5079115375996635=4.870943916821568, 4.870943916821568=5.785629261889278, 5.785629261889278=6.338787516689071, 6.338787516689071=6.896379935357338, 6.896379935357338=7.645868636671594, 7.645868636671594=8.401513345762165, 8.401513345762165=9.925370749475348, 9.925370749475348=10.69371574022991, 10.69371574022991=12.437236440838426, 12.437236440838426=14.408321074448338, 14.835120900337683=16.038985852114834, 16.038985852114834=17.253820055061777, 17.253820055061777=18.479876844176587, 18.479876844176587=19.717419047291056, 19.717419047291056=22.424236653976752, 22.424236653976752=25.183872288534854, 25.183872288534854=28.215527067558174, 28.215527067558174=29.746861810839178, 29.746861810839178=32.84135159606748, 32.84135159606748=34.40492643856582, 34.40492643856582=36.21103226819854, 36.21103226819854=38.03682341726678, 38.03682341726678=39.882845196484745, 39.882845196484745=41.749667494650396, 41.749667494650396=43.63788632803784, 43.63788632803784=45.548125516276535, 45.548125516276535=47.722652620129786, 47.722652620129786=52.12426416888053, 52.17843869909414=54.434268156161984, 54.434268156161984=59.003585027906816, 59.063121147179444=61.40830470304272, 61.40830470304272=66.42638047384575, 66.49583618627577=69.21133173439848, 69.21133173439848=74.72075038624587, 74.80207205078779=77.6396374694798, 77.6396374694798=80.52102737285664, 80.52102737285664=83.44797402477025, 83.44797402477025=86.7197566952577, 86.7197566952577=90.34821596381346, 90.34821596381346=94.03843808951251, 94.03843808951251=97.79312027460539, 97.79312027460539=101.61515325636277, 101.61515325636277=105.83201490279225, 105.83201490279225=110.12882001913117, 110.12882001913117=114.84644149073505, 114.84644149073505=119.65889347616108, 119.65889347616108=124.57108981653734, 124.57108981653734=129.58836483090585, 129.58836483090585=134.71652443090775, 134.71652443090775=140.33657548553035, 140.33657548553035=146.08965317251372, 146.08965317251372=151.98391943009145, 151.98391943009145=158.0283681042446, 158.0283681042446=164.23294617697107, 164.23294617697107=170.60869840992277, 170.60869840992277=177.60522398086337, 177.60522398086337=184.81219090991982, 184.81219090991982=192.24617202080378, 192.24617202080378=199.92593210070933, 199.92593210070933=207.87284736793958, 207.87284736793958=216.11143273845835, 216.11143273845835=225.2049237295869, 225.2049237295869=234.67346914738616, 234.67346914738616=244.5582963647408, 244.5582963647408=254.90839681342928, 254.90839681342928=265.7826895552036, 265.7826895552036=277.92774051721494, 277.92774051721494=290.79813076248473, 290.79813076248473=304.51284739590335, 304.51284739590335=319.2255288652811, 319.2255288652811=335.14004776074097, 335.14004776074097=352.536264591567, 352.536264591567=371.8153312648712, 371.8153312648712=394.79557329905765, 394.79557329905765=421.46178200395735, 421.46178200395735=455.46579391303305, 455.46579391303305=500.02365470267654, 500.02365470267654=570.7548497936092];

Jobs: [[2; 10; 0.165256114478708], [2; 10; 0.16637840246321545], [2; 10; 0.16751994082019517], [1; 30; 0.5095887733965575], [1; 40; 0.6891583555797223], [2; 20; 0.34707162660729807], [2; 20; 0.3496096416190847], [2; 20; 0.35219457045574065], [2; 20; 0.3548278161652526], [2; 20; 0.35751084014638274], [2; 20; 0.36303237922190396], [2; 30; 0.5531582547997929], [2; 30; 0.5575924186682673], [2; 40; 0.7494887013142556], [2; 40; 0.7556447090905716], [2; 40; 0.7683449907545611], [1; 100; 1.953981812271916], [1; 110; 2.1874233478358565], [2; 60; 1.20386495177715], [2; 60; 1.214834202946943], [2; 60; 1.226056789114811], [2; 60; 1.2375422031144703], [1; 130; 2.7329076662154295], [1; 140; 3.001413518577333], [2; 70; 1.5313347432810054], [2; 70; 1.5635748424983422], [2; 80; 1.8061058296327122], [2; 80; 1.8257911490682412], [2; 80; 1.8460217792179623], [2; 80; 1.8668222981656495], [2; 80; 1.8882188333874401], [2; 80; 1.9102391882387009], [2; 90; 2.174527103853254], [1; 180; 4.455786078964351], [2; 90; 2.2558294570678465], [1; 180; 4.628852991017459], [2; 90; 2.3451835558632688], [1; 190; 5.087531483233052], [2; 100; 2.7154955481227225], [1; 200; 5.590740316389308], [2; 100; 2.8375654186920136], [2; 100; 2.8813899033768435], [2; 100; 2.926946651913615], [2; 110; 3.271782670487455], [2; 120; 3.6284592685557535], [2; 120; 3.690222125699052], [2; 120; 3.754682185092873], [2; 120; 3.822032981757387], [2; 130; 4.216861646429476], [2; 130; 4.29680511633892], [2; 140; 4.717621471603878], [2; 140; 4.812451985426036], [2; 140; 4.912196340376259], [2; 140; 5.017275014368513], [2; 140; 5.128159600001902], [2; 150; 5.620051054622604], [2; 150; 5.753077686983363], [2; 150; 5.8942662575777245], [2; 150; 6.044448674153158], [2; 150; 6.204578072726458], [2; 150; 6.3757522329516965], [2; 160; 6.996525570940613], [2; 160; 7.20696692905646], [2; 160; 7.4339811108839555], [2; 160; 7.679760079905554], [2; 160; 7.946915267230245], [2; 160; 8.238585370518772], [2; 170; 9.093490991128569], [2; 170; 9.468545417799243], [2; 170; 9.884827217354662], [2; 170; 10.350100448688455], [2; 170; 10.874292741774312], [2; 180; 12.145050962011343], [2; 180; 12.870390245269778], [2; 180; 13.714716633418643], [2; 180; 14.712681469377735], [2; 180; 15.914518895459855], [2; 180; 17.39621683082603], [2; 180; 19.2790666733042], [2; 190; 22.980242034186432], [2; 190; 26.666208704899688], [2; 200; 34.00401190907571], [2; 200; 44.5578607896435], [2; 200; 70.73119509093269]];
Intervals[0.3283051253221602=0.4935612398008682, 0.4935612398008682=0.6599396422640836, 0.6599396422640836=0.8274595830842788, 0.8274595830842788=1.3370483564808362, 1.3370483564808362=2.0262067120605582, 2.0262067120605582=2.3732783386678564, 2.3732783386678564=2.722887980286941, 2.722887980286941=3.0750825507426818, 3.0750825507426818=3.4299103669079343, 3.4299103669079343=3.787421207054317, 4.5079115375996635=4.870943916821568, 5.785629261889278=6.338787516689071, 6.338787516689071=6.896379935357338, 6.896379935357338=7.645868636671594, 7.645868636671594=8.401513345762165, 9.925370749475348=10.69371574022991, 10.69371574022991=12.647697552501826, 12.647697552501826=14.835120900337683, 14.835120900337683=16.038985852114834, 16.038985852114834=17.253820055061777, 17.253820055061777=18.479876844176587, 18.479876844176587=19.717419047291056, 19.717419047291056=22.450326713506485, 22.450326713506485=25.451740232083818, 28.215527067558174=29.746861810839178, 32.84135159606748=34.40492643856582, 34.40492643856582=36.21103226819854, 36.21103226819854=38.03682341726678, 38.03682341726678=39.882845196484745, 39.882845196484745=41.749667494650396, 41.749667494650396=43.63788632803784, 43.63788632803784=45.548125516276535, 45.548125516276535=47.722652620129786, 47.722652620129786=52.17843869909414, 52.17843869909414=54.434268156161984, 54.434268156161984=59.063121147179444, 59.063121147179444=61.40830470304272, 61.40830470304272=66.49583618627577, 66.49583618627577=69.21133173439848, 69.21133173439848=74.80207205078779, 74.80207205078779=77.6396374694798, 77.6396374694798=80.52102737285664, 80.52102737285664=83.44797402477025, 83.44797402477025=86.7197566952577, 86.7197566952577=90.34821596381346, 90.34821596381346=94.03843808951251, 94.03843808951251=97.79312027460539, 97.79312027460539=101.61515325636277, 101.61515325636277=105.83201490279225, 105.83201490279225=110.12882001913117, 110.12882001913117=114.84644149073505, 114.84644149073505=119.65889347616108, 119.65889347616108=124.57108981653734, 124.57108981653734=129.58836483090585, 129.58836483090585=134.71652443090775, 134.71652443090775=140.33657548553035, 140.33657548553035=146.08965317251372, 146.08965317251372=151.98391943009145, 151.98391943009145=158.0283681042446, 158.0283681042446=164.23294617697107, 164.23294617697107=170.60869840992277, 170.60869840992277=177.60522398086337, 177.60522398086337=184.81219090991982, 184.81219090991982=192.24617202080378, 192.24617202080378=199.92593210070933, 199.92593210070933=207.87284736793958, 207.87284736793958=216.11143273845835, 216.11143273845835=225.2049237295869, 225.2049237295869=234.67346914738616, 234.67346914738616=244.5582963647408, 244.5582963647408=254.90839681342928, 254.90839681342928=265.7826895552036, 265.7826895552036=277.92774051721494, 277.92774051721494=290.79813076248473, 290.79813076248473=304.51284739590335, 304.51284739590335=319.2255288652811, 319.2255288652811=335.14004776074097, 335.14004776074097=352.536264591567, 352.536264591567=371.8153312648712, 371.8153312648712=394.79557329905765, 394.79557329905765=421.46178200395735, 421.46178200395735=455.46579391303305, 455.46579391303305=500.02365470267654, 500.02365470267654=570.7548497936092];
