1.1233818031873246
253.22770835638266
284.4713996303871
[1; 10; 0.0217293871312779]
[2; 10; 0.02202402849397576]
[1; 20; 0.04465773075913224]
[1; 20; 0.045288948478090466]
[1; 30; 0.06891443192760224]
[2; 20; 0.04662109468718886]
[1; 40; 0.09464965180237224]
[1; 40; 0.09611145852884044]
[2; 30; 0.07322328490371235]
[1; 60; 0.14881823844871506]
[1; 60; 0.1512883210046831]
[1; 80; 0.20515135790351005]
[2; 40; 0.10436745032279114]
[2; 40; 0.1062395744010932]
[1; 90; 0.2434454465747174]
[2; 50; 0.13781149849482727]
[1; 100; 0.2810012179312199]
[1; 100; 0.2866497189908037]
[1; 100; 0.29259090892973444]
[1; 100; 0.2988498331669057]
[1; 100; 0.30545458172512086]
[1; 110; 0.3436804540964912]
[1; 110; 0.351815371906369]
[2; 60; 0.19660877075650465]
[1; 120; 0.40323649180192]
[2; 70; 0.24145276393570358]
[2; 70; 0.248114050749457]
[1; 140; 0.5105092614424444]
[1; 150; 0.5634260881481605]
[2; 80; 0.3099592519592538]
[2; 80; 0.3202069865511154]
[2; 80; 0.3313460008672749]
[2; 80; 0.3435071626573995]
[1; 170; 0.7583047692122185]
[1; 170; 0.7895804982733665]
[1; 180; 0.8727820638461339]
[2; 90; 0.4569317111967983]
[1; 180; 0.9601470469175011]
[1; 190; 1.0690390854554008]
[1; 190; 1.1328853423747756]
[1; 190; 1.2072051548346683]
[1; 190; 1.2950486244822978]
[1; 200; 1.4745657806737849]
[2; 130; 1.0477044919342837]
[2; 160; 1.4290473842922318]
[2; 180; 1.8154598520561966]
[2; 190; 2.2236909078659814]
[2; 200; 2.835589151422366]
[2; 200; 3.715672933051136]
[2; 200; 5.8982631226951385]


Jobs: [[1; 10; 0.0217293871312779], [2; 10; 0.02202402849397576], [1; 20; 0.04465773075913224], [1; 30; 0.06891443192760224], [2; 20; 0.04662109468718886], [1; 40; 0.09464965180237224], [2; 30; 0.07322328490371235], [1; 60; 0.14881823844871506], [1; 80; 0.20515135790351005], [2; 40; 0.10436745032279114], [2; 40; 0.1062395744010932], [1; 90; 0.2434454465747174], [2; 50; 0.13781149849482727], [1; 100; 0.2810012179312199], [1; 100; 0.29259090892973444], [1; 100; 0.30545458172512086], [1; 110; 0.351815371906369], [2; 60; 0.19660877075650465], [1; 120; 0.40323649180192], [2; 70; 0.24145276393570358], [2; 70; 0.248114050749457], [1; 140; 0.5105092614424444], [2; 80; 0.3099592519592538], [2; 80; 0.3202069865511154], [2; 80; 0.3313460008672749], [2; 80; 0.3435071626573995], [1; 170; 0.7583047692122185], [1; 180; 0.8727820638461339], [2; 90; 0.4569317111967983], [1; 180; 0.9601470469175011], [1; 190; 1.1328853423747756], [1; 190; 1.2950486244822978], [2; 130; 1.0477044919342837], [2; 160; 1.4290473842922318], [2; 180; 1.8154598520561966], [2; 190; 2.2236909078659814], [2; 200; 2.835589151422366], [2; 200; 3.715672933051136], [2; 200; 5.8982631226951385]];
Intervals[0.0=0.0217293871312779, 0.0217293871312779=0.04375341562525366, 0.04375341562525366=0.08841114638438591, 0.08841114638438591=0.15732557831198815, 0.15732557831198815=0.20394667299917701, 0.20394667299917701=0.29859632480154924, 0.30005813152801747=0.37328141643172985, 0.37328141643172985=0.5220996548804449, 0.5220996548804449=0.7272510127839549, 0.7272510127839549=0.831618463106746, 0.831618463106746=0.9378580375078392, 0.9378580375078392=1.1813034840825567, 1.1813034840825567=1.319114982577384, 1.319114982577384=1.6001162005086038, 1.6001162005086038=1.8927071094383383, 1.8927071094383383=2.198161691163459, 2.198161691163459=2.549977063069828, 2.549977063069828=2.746585833826333, 2.746585833826333=3.1498223256282527, 3.1498223256282527=3.3912750895639565, 3.3912750895639565=3.6393891403134133, 3.6393891403134133=4.149898401755857, 4.202815228461574=4.512774480420828, 4.512774480420828=4.832981466971943, 4.832981466971943=5.164327467839218, 5.164327467839218=5.5078346304966175, 5.5078346304966175=6.266139399708836, 6.266139399708836=7.138921463554969, 7.138921463554969=7.595853174751768, 7.595853174751768=8.556000221669269, 8.556000221669269=9.688885564044044, 9.688885564044044=10.983934188526343, 11.346663195715621=12.394367687649904, 12.394367687649904=13.823415071942136, 13.823415071942136=15.638874923998333, 15.638874923998333=17.862565831864316, 17.862565831864316=20.69815498328668, 20.69815498328668=24.413827916337816, 24.413827916337816=30.312091039032953];

Jobs: [[2; 10; 0.02202402849397576], [1; 20; 0.045288948478090466], [2; 20; 0.04662109468718886], [1; 40; 0.09611145852884044], [2; 30; 0.07322328490371235], [1; 60; 0.1512883210046831], [2; 40; 0.10436745032279114], [2; 40; 0.1062395744010932], [2; 50; 0.13781149849482727], [1; 100; 0.2866497189908037], [1; 100; 0.2988498331669057], [1; 110; 0.3436804540964912], [2; 60; 0.19660877075650465], [2; 70; 0.24145276393570358], [2; 70; 0.248114050749457], [1; 150; 0.5634260881481605], [2; 80; 0.3099592519592538], [2; 80; 0.3202069865511154], [2; 80; 0.3313460008672749], [2; 80; 0.3435071626573995], [1; 170; 0.7895804982733665], [2; 90; 0.4569317111967983], [1; 190; 1.0690390854554008], [1; 190; 1.2072051548346683], [1; 200; 1.4745657806737849], [2; 130; 1.0477044919342837], [2; 160; 1.4290473842922318], [2; 180; 1.8154598520561966], [2; 190; 2.2236909078659814], [2; 200; 2.835589151422366], [2; 200; 3.715672933051136], [2; 200; 5.8982631226951385]];
Intervals[0.0217293871312779=0.04375341562525366, 0.04375341562525366=0.08904236410334412, 0.15732557831198815=0.20394667299917701, 0.20394667299917701=0.30005813152801747, 0.30005813152801747=0.37328141643172985, 0.37328141643172985=0.5245697374364129, 0.7272510127839549=0.831618463106746, 0.831618463106746=0.9378580375078392, 1.1813034840825567=1.319114982577384, 1.319114982577384=1.6057647015681877, 1.6057647015681877=1.9046145347350936, 1.9046145347350936=2.2482949888315846, 2.549977063069828=2.746585833826333, 3.1498223256282527=3.3912750895639565, 3.3912750895639565=3.6393891403134133, 3.6393891403134133=4.202815228461574, 4.202815228461574=4.512774480420828, 4.512774480420828=4.832981466971943, 4.832981466971943=5.164327467839218, 5.164327467839218=5.5078346304966175, 5.5078346304966175=6.297415128769984, 7.138921463554969=7.595853174751768, 7.595853174751768=8.664892260207168, 8.664892260207168=9.872097415041836, 9.872097415041836=11.346663195715621, 11.346663195715621=12.394367687649904, 12.394367687649904=13.823415071942136, 13.823415071942136=15.638874923998333, 15.638874923998333=17.862565831864316, 17.862565831864316=20.69815498328668, 20.69815498328668=24.413827916337816, 24.413827916337816=30.312091039032953];
