1.164721224993459
1740014.522718808
2026631.8464074591
[1; 40; 19.790126509916398]
[1; 40; 19.92317000145296]
[1; 40; 20.058472313119076]
[1; 60; 30.29414315581136]
[1; 60; 30.50415559455209]
[1; 80; 40.957128052366635]
[1; 80; 41.24709152944187]
[1; 100; 51.927802790564854]
[1; 120; 62.7640953684856]
[1; 120; 63.22306753455858]
[1; 120; 63.69052355108913]
[2; 70; 37.43058500061442]
[2; 70; 37.71361567805603]
[1; 140; 76.00411616838545]
[2; 70; 38.296079702252655]
[1; 160; 88.21909765992773]
[2; 80; 44.45893366930249]
[1; 180; 100.83447063691429]
[1; 180; 101.65260580372059]
[2; 100; 56.937522581992056]
[1; 1040; 597.0745964573791]
[2; 520; 301.0513150226325]
[1; 1040; 607.2378724584263]
[2; 520; 306.2420142998895]
[2; 520; 308.9224908651597]
[1; 1040; 623.3248045426535]
[1; 1080; 653.1173007375667]
[2; 540; 329.5341534368607]
[1; 1080; 665.1567515737958]
[1; 1080; 671.3877848622368]
[1; 1080; 677.7668258928165]
[1; 1080; 684.299581107333]
[2; 540; 345.4960319519476]
[1; 1080; 697.8506159646315]
[2; 560; 365.49433428668084]
[2; 560; 369.233447316101]
[2; 560; 373.0696818894806]
[1; 1120; 754.0142764545785]
[2; 560; 381.0501583939389]
[1; 1120; 770.4066894996795]
[2; 560; 389.4715801414104]
[1; 1120; 787.7201000497492]
[1; 1160; 825.2038382585333]
[1; 1160; 834.8273421775552]
[1; 1160; 844.7364166190827]
[2; 580; 427.4724330237405]
[1; 1160; 865.4674294231162]
[2; 600; 453.26889425765273]
[1; 1200; 918.1231318171963]
[1; 1200; 930.0858583728518]
[1; 1200; 942.446029212751]
[1; 1200; 955.2252015216069]
[1; 1200; 968.4465736038723]
[1; 1240; 1014.8729855092018]
[1; 1240; 1029.5285071422531]
[1; 1240; 1044.724842215844]
[1; 1240; 1060.4946452725637]
[1; 1240; 1076.8733447851603]
[1; 1240; 1093.899450178545]
[2; 620; 555.8074505591309]
[1; 1280; 1166.5191907937622]
[1; 1280; 1186.375430812846]
[2; 640; 603.5493993550658]
[2; 640; 614.3757571848557]
[2; 640; 625.7010531389593]
[2; 660; 657.4869720291916]
[1; 1320; 1340.6329800633252]
[2; 660; 683.790749794932]
[1; 1320; 1395.9264129378928]
[2; 660; 712.893604838471]
[1; 1320; 1457.297904923595]
[1; 1320; 1490.609363828039]
[1; 1320; 1525.8920938082867]
[1; 1320; 1563.3396193463946]
[2; 660; 801.5862939056256]
[1; 1320; 1645.6438000151306]
[1; 1320; 1691.0444206851637]
[2; 660; 869.8558542560075]
[1; 1360; 1846.3429266909204]
[2; 680; 952.2506885591799]
[2; 680; 983.7335762600276]
[1; 1360; 2035.9092718333889]
[1; 1360; 2110.6318336870877]
[1; 1360; 2192.610754457475]
[1; 1360; 2283.0433914092546]
[2; 680; 1191.7083595216682]
[1; 1360; 2495.602797170967]
[1; 1360; 2621.9953630562864]
[1; 1360; 2765.7101072393893]
[2; 680; 1465.443352061606]
[2; 680; 1561.5797138116068]
[1; 1360; 3350.419193112453]
[1; 1360; 3624.105481212097]
[1; 1400; 4078.0378733335024]
[1; 1400; 4519.417343484738]
[2; 700; 2551.7607298613543]
[1; 1400; 5922.112054888028]
[1; 1400; 7174.127845330997]
[1; 1400; 9400.766905802813]
[2; 700; 7461.39363778961]


Jobs: [[1; 40; 19.790126509916398], [1; 40; 20.058472313119076], [1; 60; 30.50415559455209], [1; 80; 41.24709152944187], [1; 120; 62.7640953684856], [1; 120; 63.69052355108913], [2; 70; 37.43058500061442], [2; 70; 37.71361567805603], [1; 140; 76.00411616838545], [2; 70; 38.296079702252655], [1; 160; 88.21909765992773], [2; 80; 44.45893366930249], [1; 180; 100.83447063691429], [2; 100; 56.937522581992056], [1; 1040; 597.0745964573791], [2; 520; 301.0513150226325], [1; 1040; 607.2378724584263], [2; 520; 306.2420142998895], [2; 520; 308.9224908651597], [1; 1040; 623.3248045426535], [2; 540; 329.5341534368607], [1; 1080; 665.1567515737958], [1; 1080; 677.7668258928165], [2; 540; 345.4960319519476], [1; 1080; 697.8506159646315], [2; 560; 365.49433428668084], [2; 560; 369.233447316101], [2; 560; 373.0696818894806], [1; 1120; 754.0142764545785], [2; 560; 381.0501583939389], [1; 1120; 770.4066894996795], [2; 560; 389.4715801414104], [1; 1120; 787.7201000497492], [1; 1160; 834.8273421775552], [2; 580; 427.4724330237405], [1; 1160; 865.4674294231162], [2; 600; 453.26889425765273], [1; 1200; 918.1231318171963], [1; 1200; 942.446029212751], [1; 1200; 968.4465736038723], [1; 1240; 1029.5285071422531], [1; 1240; 1060.4946452725637], [1; 1240; 1093.899450178545], [2; 620; 555.8074505591309], [1; 1280; 1166.5191907937622], [2; 640; 603.5493993550658], [2; 640; 614.3757571848557], [2; 640; 625.7010531389593], [2; 660; 657.4869720291916], [1; 1320; 1340.6329800633252], [2; 660; 683.790749794932], [1; 1320; 1395.9264129378928], [2; 660; 712.893604838471], [1; 1320; 1457.297904923595], [1; 1320; 1525.8920938082867], [2; 660; 801.5862939056256], [1; 1320; 1645.6438000151306], [2; 660; 869.8558542560075], [1; 1360; 1846.3429266909204], [2; 680; 952.2506885591799], [2; 680; 983.7335762600276], [1; 1360; 2035.9092718333889], [1; 1360; 2192.610754457475], [2; 680; 1191.7083595216682], [1; 1360; 2495.602797170967], [1; 1360; 2765.7101072393893], [2; 680; 1465.443352061606], [2; 680; 1561.5797138116068], [1; 1360; 3350.419193112453], [1; 1400; 4078.0378733335024], [2; 700; 2551.7607298613543], [1; 1400; 5922.112054888028], [1; 1400; 9400.766905802813], [2; 700; 7461.39363778961]];
Intervals[0.0=19.790126509916398, 19.790126509916398=39.84859882303547, 39.84859882303547=70.35275441758756, 70.35275441758756=111.59984594702942, 111.59984594702942=174.36394131551504, 174.36394131551504=238.05446486660418, 238.05446486660418=275.4850498672186, 275.4850498672186=313.19866554527465, 313.19866554527465=389.2027817136601, 389.2027817136601=427.49886141591276, 427.49886141591276=515.7179590758404, 515.7179590758404=560.1768927451429, 560.1768927451429=661.0113633820572, 661.8294985488635=718.7670211308556, 718.7670211308556=1315.8416175882348, 1315.8416175882348=1616.8929326108673, 1616.8929326108673=2224.1308050692937, 2224.1308050692937=2530.372819369183, 2530.372819369183=2839.2953102343427, 2839.2953102343427=3462.620114776996, 3492.412610971909=3821.94676440877, 3821.94676440877=4487.103515982566, 4487.103515982566=5164.870341875383, 5177.63413037834=5523.130162330288, 5523.130162330288=6220.980778294919, 6220.980778294919=6586.4751125816, 6586.4751125816=6955.708559897701, 6955.708559897701=7328.778241787181, 7328.778241787181=8082.79251824176, 8082.79251824176=8463.842676635699, 8463.842676635699=9234.249366135378, 9234.249366135378=9623.72094627679, 9623.72094627679=10411.44104632654, 10411.44104632654=11246.268388504095, 11293.661201154406=11721.133634178146, 11721.133634178146=12586.601063601262, 12586.601063601262=13039.869957858915, 13039.869957858915=13957.99308967611, 13957.99308967611=14900.439118888862, 14900.439118888862=15868.885692492735, 15868.885692492735=16898.414199634986, 16898.414199634986=17958.90884490755, 17958.90884490755=19052.808295086095, 19052.808295086095=19608.615745645227, 19608.615745645227=20775.13493643899, 20794.991176458072=21398.54057581314, 21398.54057581314=22012.916332997993, 22012.916332997993=22638.617386136953, 22638.617386136953=23296.104358166143, 23296.104358166143=24636.737338229468, 24636.737338229468=25320.5280880244, 25320.5280880244=26716.454500962293, 26716.454500962293=27429.348105800764, 27429.348105800764=28886.64601072436, 28886.64601072436=30412.538104532647, 30483.2970889752=31284.883382880824, 31284.883382880824=32930.52718289595, 32975.92780356599=33845.783657821994, 33845.783657821994=35692.12658451292, 35692.12658451292=36644.377273072096, 36644.377273072096=37628.11084933212, 37628.11084933212=39664.020121165515, 39664.020121165515=41856.63087562299, 42021.78607442847=43213.49443395014, 43213.49443395014=45709.09723112111, 45709.09723112111=48474.8073383605, 48474.8073383605=49940.25069042211, 49940.25069042211=51501.83040423371, 51501.83040423371=54852.24959734616, 54852.24959734616=58930.287470679665, 59645.35322893055=62197.1139587919, 62197.1139587919=68119.22601367993, 68119.22601367993=77519.99291948274, 77519.99291948274=84981.38655727234];

Jobs: [[1; 40; 19.92317000145296], [1; 60; 30.29414315581136], [1; 80; 40.957128052366635], [1; 100; 51.927802790564854], [1; 120; 63.22306753455858], [2; 70; 37.43058500061442], [2; 70; 37.71361567805603], [2; 70; 38.296079702252655], [2; 80; 44.45893366930249], [1; 180; 101.65260580372059], [2; 100; 56.937522581992056], [2; 520; 301.0513150226325], [2; 520; 306.2420142998895], [2; 520; 308.9224908651597], [1; 1080; 653.1173007375667], [2; 540; 329.5341534368607], [1; 1080; 671.3877848622368], [1; 1080; 684.299581107333], [2; 540; 345.4960319519476], [2; 560; 365.49433428668084], [2; 560; 369.233447316101], [2; 560; 373.0696818894806], [2; 560; 381.0501583939389], [2; 560; 389.4715801414104], [1; 1160; 825.2038382585333], [1; 1160; 844.7364166190827], [2; 580; 427.4724330237405], [2; 600; 453.26889425765273], [1; 1200; 930.0858583728518], [1; 1200; 955.2252015216069], [1; 1240; 1014.8729855092018], [1; 1240; 1044.724842215844], [1; 1240; 1076.8733447851603], [2; 620; 555.8074505591309], [1; 1280; 1186.375430812846], [2; 640; 603.5493993550658], [2; 640; 614.3757571848557], [2; 640; 625.7010531389593], [2; 660; 657.4869720291916], [2; 660; 683.790749794932], [2; 660; 712.893604838471], [1; 1320; 1490.609363828039], [1; 1320; 1563.3396193463946], [2; 660; 801.5862939056256], [1; 1320; 1691.0444206851637], [2; 660; 869.8558542560075], [2; 680; 952.2506885591799], [2; 680; 983.7335762600276], [1; 1360; 2110.6318336870877], [1; 1360; 2283.0433914092546], [2; 680; 1191.7083595216682], [1; 1360; 2621.9953630562864], [2; 680; 1465.443352061606], [2; 680; 1561.5797138116068], [1; 1360; 3624.105481212097], [1; 1400; 4519.417343484738], [2; 700; 2551.7607298613543], [1; 1400; 7174.127845330997], [2; 700; 7461.39363778961]];
Intervals[0.0=19.92317000145296, 19.92317000145296=50.217313157264314, 50.217313157264314=91.17444120963094, 91.17444120963094=143.1022440001958, 143.1022440001958=206.3253115347544, 238.05446486660418=275.4850498672186, 275.4850498672186=313.19866554527465, 389.2027817136601=427.49886141591276, 515.7179590758404=560.1768927451429, 560.1768927451429=661.8294985488635, 661.8294985488635=718.7670211308556, 1315.8416175882348=1616.8929326108673, 2224.1308050692937=2530.372819369183, 2530.372819369183=2839.2953102343427, 2839.2953102343427=3492.412610971909, 3492.412610971909=3821.94676440877, 3821.94676440877=4493.334549271007, 4493.334549271007=5177.63413037834, 5177.63413037834=5523.130162330288, 6220.980778294919=6586.4751125816, 6586.4751125816=6955.708559897701, 6955.708559897701=7328.778241787181, 8082.79251824176=8463.842676635699, 9234.249366135378=9623.72094627679, 9623.72094627679=10448.924784535324, 10448.924784535324=11293.661201154406, 11293.661201154406=11721.133634178146, 12586.601063601262=13039.869957858915, 13039.869957858915=13969.955816231766, 13969.955816231766=14925.181017753373, 14925.181017753373=15940.054003262576, 15940.054003262576=16984.77884547842, 16984.77884547842=18061.65219026358, 19052.808295086095=19608.615745645227, 19608.615745645227=20794.991176458072, 20794.991176458072=21398.54057581314, 21398.54057581314=22012.916332997993, 22012.916332997993=22638.617386136953, 22638.617386136953=23296.104358166143, 24636.737338229468=25320.5280880244, 26716.454500962293=27429.348105800764, 27429.348105800764=28919.957469628804, 28919.957469628804=30483.2970889752, 30483.2970889752=31284.883382880824, 31284.883382880824=32975.92780356599, 32975.92780356599=33845.783657821994, 35692.12658451292=36644.377273072096, 36644.377273072096=37628.11084933212, 37628.11084933212=39738.74268301921, 39738.74268301921=42021.78607442847, 42021.78607442847=43213.49443395014, 43213.49443395014=45835.48979700643, 48474.8073383605=49940.25069042211, 49940.25069042211=51501.83040423371, 51501.83040423371=55125.93588544581, 55125.93588544581=59645.35322893055, 59645.35322893055=62197.1139587919, 62197.1139587919=69371.2418041229, 77519.99291948274=84981.38655727234];
