1.1249216340188166
134.10648796569987
150.85928957489986
[2; 10; 0.014223501416143286]
[2; 10; 0.014416366121174706]
[2; 10; 0.014615904554895464]
[2; 10; 0.014822494047393704]
[2; 10; 0.015036541898966343]
[2; 20; 0.030516976953798857]
[1; 40; 0.06195524283842688]
[1; 40; 0.06291210415800454]
[2; 20; 0.03195339381426803]
[2; 30; 0.04870630755794271]
[2; 30; 0.04951473401103467]
[1; 60; 0.1007151264334585]
[2; 30; 0.051237199023276676]
[2; 30; 0.05215628245110364]
[2; 30; 0.05311772229913923]
[2; 40; 0.07216630757820099]
[1; 80; 0.1471489719258416]
[2; 40; 0.07505343173041427]
[2; 40; 0.0766090121616418]
[2; 40; 0.07824778489302356]
[2; 40; 0.07997710472893958]
[2; 50; 0.10225656401312759]
[2; 50; 0.10467697731813842]
[2; 50; 0.10724589670456093]
[1; 100; 0.21995691738928944]
[1; 120; 0.2709408133278843]
[1; 120; 0.27841562719089424]
[1; 140; 0.3341663139973631]
[2; 70; 0.17210868089916212]
[2; 70; 0.1775299783415313]
[1; 140; 0.36679879066619603]
[2; 70; 0.18977929513539124]
[2; 80; 0.22485100868215543]
[2; 80; 0.23358443283112001]
[2; 80; 0.24321845299126954]
[2; 80; 0.2539114803601791]
[2; 80; 0.26586295025866286]
[1; 160; 0.5586557472823047]
[1; 160; 0.5892763459829488]
[2; 90; 0.35126421571567173]
[2; 90; 0.3743079339626891]
[1; 180; 0.8030896373658697]
[2; 90; 0.43434588165347177]
[2; 90; 0.4747850177849668]
[2; 100; 0.5846361821958186]
[1; 200; 1.3203929069609242]
[1; 200; 1.5321802432328355]
[2; 100; 0.9280520906363142]
[1; 200; 2.4321845299126954]
[1; 200; 3.8608522813641932]


Jobs: [[2; 10; 0.014223501416143286], [2; 10; 0.014416366121174706], [2; 10; 0.014615904554895464], [2; 10; 0.014822494047393704], [2; 10; 0.015036541898966343], [2; 20; 0.030516976953798857], [1; 40; 0.06195524283842688], [2; 20; 0.03195339381426803], [2; 30; 0.04870630755794271], [2; 30; 0.04951473401103467], [1; 60; 0.1007151264334585], [2; 30; 0.051237199023276676], [2; 30; 0.05215628245110364], [2; 30; 0.05311772229913923], [2; 40; 0.07216630757820099], [1; 80; 0.1471489719258416], [2; 40; 0.07505343173041427], [2; 40; 0.0766090121616418], [2; 40; 0.07824778489302356], [2; 40; 0.07997710472893958], [2; 50; 0.10225656401312759], [2; 50; 0.10467697731813842], [2; 50; 0.10724589670456093], [1; 100; 0.21995691738928944], [1; 120; 0.27841562719089424], [2; 70; 0.17210868089916212], [2; 70; 0.1775299783415313], [1; 140; 0.36679879066619603], [2; 70; 0.18977929513539124], [2; 80; 0.22485100868215543], [2; 80; 0.23358443283112001], [2; 80; 0.24321845299126954], [2; 80; 0.2539114803601791], [2; 80; 0.26586295025866286], [1; 160; 0.5586557472823047], [2; 90; 0.35126421571567173], [2; 90; 0.3743079339626891], [1; 180; 0.8030896373658697], [2; 90; 0.43434588165347177], [2; 90; 0.4747850177849668], [2; 100; 0.5846361821958186], [1; 200; 1.3203929069609242], [2; 100; 0.9280520906363142], [1; 200; 2.4321845299126954]];
Intervals[4.9E-324=0.014223501416143286, 0.014223501416143286=0.02863986753731799, 0.02863986753731799=0.04325577209221346, 0.04325577209221346=0.05807826613960716, 0.05807826613960716=0.07311480803857351, 0.07311480803857351=0.10363178499237237, 0.10363178499237237=0.16558702783079926, 0.1665438891503769=0.19849728296464494, 0.19849728296464494=0.24720359052258767, 0.24720359052258767=0.29671832453362235, 0.29671832453362235=0.3974334509670808, 0.3974334509670808=0.4486706499903575, 0.4486706499903575=0.5008269324414611, 0.5008269324414611=0.5539446547406004, 0.5539446547406004=0.6261109623188014, 0.6261109623188014=0.7732599342446429, 0.7732599342446429=0.8483133659750571, 0.8483133659750571=0.924922378136699, 0.924922378136699=1.0031701630297225, 1.0031701630297225=1.083147267758662, 1.083147267758662=1.1854038317717897, 1.1854038317717897=1.290080809089928, 1.290080809089928=1.397326705794489, 1.397326705794489=1.6172836231837784, 1.6172836231837784=1.8956992503746726, 2.002433833119736=2.1745425140188983, 2.1745425140188983=2.3520724923604295, 2.3520724923604295=2.7188712830266253, 2.7188712830266253=2.9086505781620167, 2.9086505781620167=3.1335015868441722, 3.1335015868441722=3.367086019675292, 3.367086019675292=3.6103044726665616, 3.6103044726665616=3.864215953026741, 3.864215953026741=4.130078903285404, 4.130078903285404=4.688734650567708, 4.719355249268353=5.070619464984024, 5.070619464984024=5.444927398946714, 5.444927398946714=6.248017036312583, 6.248017036312583=6.682362917966055, 6.682362917966055=7.157147935751022, 7.157147935751022=7.741784117946841, 7.741784117946841=9.062177024907765, 9.273964361179676=10.20201645181599, 10.20201645181599=12.634200981728686];

Jobs: [[2; 10; 0.014223501416143286], [2; 10; 0.014416366121174706], [2; 10; 0.014615904554895464], [2; 10; 0.014822494047393704], [2; 10; 0.015036541898966343], [2; 20; 0.030516976953798857], [1; 40; 0.06291210415800454], [2; 20; 0.03195339381426803], [2; 30; 0.04870630755794271], [2; 30; 0.04951473401103467], [2; 30; 0.051237199023276676], [2; 30; 0.05215628245110364], [2; 30; 0.05311772229913923], [2; 40; 0.07216630757820099], [2; 40; 0.07505343173041427], [2; 40; 0.0766090121616418], [2; 40; 0.07824778489302356], [2; 40; 0.07997710472893958], [2; 50; 0.10225656401312759], [2; 50; 0.10467697731813842], [2; 50; 0.10724589670456093], [1; 120; 0.2709408133278843], [1; 140; 0.3341663139973631], [2; 70; 0.17210868089916212], [2; 70; 0.1775299783415313], [2; 70; 0.18977929513539124], [2; 80; 0.22485100868215543], [2; 80; 0.23358443283112001], [2; 80; 0.24321845299126954], [2; 80; 0.2539114803601791], [2; 80; 0.26586295025866286], [1; 160; 0.5892763459829488], [2; 90; 0.35126421571567173], [2; 90; 0.3743079339626891], [2; 90; 0.43434588165347177], [2; 90; 0.4747850177849668], [2; 100; 0.5846361821958186], [1; 200; 1.5321802432328355], [2; 100; 0.9280520906363142], [1; 200; 3.8608522813641932]];
Intervals[4.9E-324=0.014223501416143286, 0.014223501416143286=0.02863986753731799, 0.02863986753731799=0.04325577209221346, 0.04325577209221346=0.05807826613960716, 0.05807826613960716=0.07311480803857351, 0.07311480803857351=0.10363178499237237, 0.10363178499237237=0.1665438891503769, 0.1665438891503769=0.19849728296464494, 0.19849728296464494=0.24720359052258767, 0.24720359052258767=0.29671832453362235, 0.3974334509670808=0.4486706499903575, 0.4486706499903575=0.5008269324414611, 0.5008269324414611=0.5539446547406004, 0.5539446547406004=0.6261109623188014, 0.7732599342446429=0.8483133659750571, 0.8483133659750571=0.924922378136699, 0.924922378136699=1.0031701630297225, 1.0031701630297225=1.083147267758662, 1.083147267758662=1.1854038317717897, 1.1854038317717897=1.290080809089928, 1.290080809089928=1.397326705794489, 1.397326705794489=1.6682675191223733, 1.6682675191223733=2.002433833119736, 2.002433833119736=2.1745425140188983, 2.1745425140188983=2.3520724923604295, 2.7188712830266253=2.9086505781620167, 2.9086505781620167=3.1335015868441722, 3.1335015868441722=3.367086019675292, 3.367086019675292=3.6103044726665616, 3.6103044726665616=3.864215953026741, 3.864215953026741=4.130078903285404, 4.130078903285404=4.719355249268353, 4.719355249268353=5.070619464984024, 5.070619464984024=5.444927398946714, 6.248017036312583=6.682362917966055, 6.682362917966055=7.157147935751022, 7.157147935751022=7.741784117946841, 7.741784117946841=9.273964361179676, 9.273964361179676=10.20201645181599, 10.20201645181599=14.062868733180183];
