1.2050762458968294
33064.24790553392
39844.93973940292
[1; 20; 1.1185165699409736]
[1; 20; 1.133683184828752]
[1; 20; 1.1493746125529711]
[1; 20; 1.165620525832293]
[1; 20; 1.1824529542013396]
[1; 40; 2.399813055074467]
[1; 40; 2.436037501667698]
[1; 60; 3.7104909451505272]
[1; 80; 5.0255417989474545]
[2; 40; 2.5534646484148285]
[1; 120; 7.787541031873334]
[1; 120; 7.920098888707323]
[1; 120; 8.058445586380513]
[1; 140; 9.5701625801995]
[2; 80; 5.569472739595908]
[1; 160; 11.35011815389712]
[2; 90; 6.509020822301993]
[1; 200; 14.755246363972438]
[1; 200; 15.061068122851918]
[2; 100; 7.691622600807824]
[1; 200; 15.723223529491428]
[2; 520; 41.814840172991374]
[1; 1040; 85.60919523538617]
[1; 1080; 91.08363245703264]
[1; 1080; 93.40438951738423]
[1; 1080; 95.87885650748083]
[1; 1120; 102.17303426803915]
[1; 1120; 105.11351555051823]
[1; 1120; 108.27511779787604]
[1; 1120; 111.68570473703086]
[2; 560; 57.68910385579248]
[2; 580; 61.82792750506979]
[1; 1160; 128.19430984326993]
[2; 580; 66.58674855945507]
[1; 1160; 138.66614121548312]
[2; 580; 72.38127855603294]
[1; 1200; 156.80322297092647]
[2; 600; 82.37234787685733]
[2; 600; 86.88727611421513]
[1; 1200; 184.15289560106694]
[2; 600; 98.11686872977253]
[1; 1280; 224.5470701258417]
[1; 1280; 242.88968655208703]
[1; 1280; 265.50357450245633]
[1; 1320; 303.43489771398436]
[1; 1320; 342.65180540242665]
[2; 680; 204.83052647078605]
[2; 680; 248.1345117938094]
[1; 1400; 669.4227506954358]
[1; 1400; 1062.6423786653804]


Jobs: [[1; 20; 1.1185165699409736], [1; 20; 1.1493746125529711], [1; 20; 1.1824529542013396], [1; 40; 2.436037501667698], [1; 80; 5.0255417989474545], [2; 40; 2.5534646484148285], [1; 120; 7.787541031873334], [1; 120; 8.058445586380513], [2; 80; 5.569472739595908], [1; 160; 11.35011815389712], [2; 90; 6.509020822301993], [1; 200; 14.755246363972438], [2; 100; 7.691622600807824], [1; 200; 15.723223529491428], [2; 520; 41.814840172991374], [1; 1040; 85.60919523538617], [1; 1080; 93.40438951738423], [1; 1120; 102.17303426803915], [1; 1120; 108.27511779787604], [2; 560; 57.68910385579248], [2; 580; 61.82792750506979], [1; 1160; 128.19430984326993], [2; 580; 66.58674855945507], [1; 1160; 138.66614121548312], [2; 580; 72.38127855603294], [1; 1200; 156.80322297092647], [2; 600; 82.37234787685733], [2; 600; 86.88727611421513], [1; 1200; 184.15289560106694], [2; 600; 98.11686872977253], [1; 1280; 224.5470701258417], [1; 1280; 265.50357450245633], [1; 1320; 342.65180540242665], [2; 680; 204.83052647078605], [2; 680; 248.1345117938094], [1; 1400; 669.4227506954358]];
Intervals[0.0=1.1185165699409736, 1.1185165699409736=2.267891182493945, 2.267891182493945=3.4503441366952847, 3.4503441366952847=5.886381638362982, 5.886381638362982=10.911923437310437, 10.911923437310437=13.465388085725266, 13.465388085725266=21.2529291175986, 21.2529291175986=29.311374703979112, 30.95564955463209=36.525122294228, 36.525122294228=47.87524044812512, 47.87524044812512=54.38426127042711, 54.38426127042711=69.13950763439955, 69.44532939327902=77.13695199408684, 77.13695199408684=92.86017552357828, 92.86017552357828=134.67501569656966, 134.67501569656966=220.28421093195584, 220.28421093195584=313.6886004493401, 313.6886004493401=415.8616347173792, 415.8616347173792=524.1367525152552, 538.4367249486322=596.1258288044247, 596.1258288044247=657.9537563094945, 657.9537563094945=786.1480661527644, 786.1480661527644=852.7348147122194, 852.7348147122194=991.4009559277025, 991.4009559277025=1063.7822344837355, 1063.7822344837355=1220.585457454662, 1220.585457454662=1302.9578053315192, 1302.9578053315192=1389.8450814457344, 1389.8450814457344=1573.9979770468015, 1573.9979770468015=1672.114845776574, 1672.114845776574=1896.6619159024156, 1896.6619159024156=2162.165490404872, 2162.165490404872=2504.8172958072987, 2504.8172958072987=2709.6478222780847, 2709.6478222780847=2957.782334071894, 2957.782334071894=3627.20508476733];

Jobs: [[1; 20; 1.133683184828752], [1; 20; 1.165620525832293], [1; 40; 2.399813055074467], [1; 60; 3.7104909451505272], [2; 40; 2.5534646484148285], [1; 120; 7.920098888707323], [1; 140; 9.5701625801995], [2; 80; 5.569472739595908], [2; 90; 6.509020822301993], [1; 200; 15.061068122851918], [2; 100; 7.691622600807824], [2; 520; 41.814840172991374], [1; 1080; 91.08363245703264], [1; 1080; 95.87885650748083], [1; 1120; 105.11351555051823], [1; 1120; 111.68570473703086], [2; 560; 57.68910385579248], [2; 580; 61.82792750506979], [2; 580; 66.58674855945507], [2; 580; 72.38127855603294], [2; 600; 82.37234787685733], [2; 600; 86.88727611421513], [2; 600; 98.11686872977253], [1; 1280; 242.88968655208703], [1; 1320; 303.43489771398436], [2; 680; 204.83052647078605], [2; 680; 248.1345117938094], [1; 1400; 1062.6423786653804]];
Intervals[0.0=1.133683184828752, 1.133683184828752=2.2993037106610448, 2.2993037106610448=4.699116765735512, 4.699116765735512=8.40960771088604, 10.911923437310437=13.465388085725266, 13.465388085725266=21.385486974432588, 21.385486974432588=30.95564955463209, 30.95564955463209=36.525122294228, 47.87524044812512=54.38426127042711, 54.38426127042711=69.44532939327902, 69.44532939327902=77.13695199408684, 92.86017552357828=134.67501569656966, 134.67501569656966=225.75864815360228, 225.75864815360228=321.6375046610831, 321.6375046610831=426.7510202116013, 426.7510202116013=538.4367249486322, 538.4367249486322=596.1258288044247, 596.1258288044247=657.9537563094945, 786.1480661527644=852.7348147122194, 991.4009559277025=1063.7822344837355, 1220.585457454662=1302.9578053315192, 1302.9578053315192=1389.8450814457344, 1573.9979770468015=1672.114845776574, 1672.114845776574=1915.0045323286608, 1915.0045323286608=2218.439430042645, 2504.8172958072987=2709.6478222780847, 2709.6478222780847=2957.782334071894, 2957.782334071894=4020.4247127372746];
