1.1836538379167532
26028.830478171538
30809.1250919723
[2; 10; 0.30036991643512934]
[2; 10; 0.3023892194656102]
[1; 20; 0.6088856126805412]
[1; 20; 0.613063235927294]
[2; 10; 0.3086566311158126]
[2; 10; 0.31081886021162747]
[2; 20; 0.6260387183317163]
[2; 20; 0.630518446743481]
[2; 20; 0.6350791836023876]
[2; 20; 0.6397232984711603]
[2; 20; 0.6444532572733277]
[2; 30; 0.9739074410047509]
[2; 30; 0.9812716241397051]
[2; 30; 0.9887766151953681]
[2; 30; 0.9964267719225505]
[1; 60; 2.0084532793777687]
[2; 30; 1.012180961881564]
[1; 80; 2.720785842717095]
[1; 80; 2.742861335008722]
[2; 40; 1.3826950639375972]
[2; 40; 1.3941936500784995]
[2; 40; 1.4059343145485754]
[1; 80; 2.835850632037898]
[2; 40; 1.4301753055897521]
[2; 40; 1.4426933508345416]
[1; 100; 3.638722404143616]
[2; 50; 1.8357151476574673]
[1; 100; 3.7048832511487633]
[1; 100; 3.739108803431576]
[2; 50; 1.8870679512423916]
[2; 50; 1.9049975057560136]
[2; 50; 1.9233591043382028]
[1; 100; 3.8843392976636735]
[2; 50; 1.9614469637868581]
[2; 50; 1.9812098615401086]
[2; 50; 2.001478212954524]
[2; 50; 2.0222730244056892]
[2; 50; 2.0436165216751476]
[2; 60; 2.478638689789408]
[1; 120; 5.011308315721343]
[1; 120; 5.066835983906896]
[2; 60; 2.5619639222004698]
[2; 60; 2.591327805068262]
[2; 60; 2.6215477969434478]
[2; 60; 2.6526645452331925]
[1; 120; 5.369442798192872]
[2; 60; 2.7177646422221824]
[1; 120; 5.503687500839114]
[2; 70; 3.2515136233891426]
[2; 70; 3.29387936608817]
[2; 70; 3.3376526493010705]
[2; 70; 3.3829098173408743]
[1; 140; 6.859466053022819]
[2; 70; 3.4782108201840645]
[1; 140; 7.056877548934746]
[2; 80; 4.092023114160051]
[2; 80; 4.153790955802431]
[1; 160; 8.435887498448714]
[1; 160; 8.56926465958922]
[2; 80; 4.354020968595745]
[2; 90; 4.979575050259488]
[2; 90; 5.064336311086849]
[2; 90; 5.152799121260125]
[2; 90; 5.245229081709759]
[1; 180; 10.68383744638351]
[1; 180; 10.886382160682011]
[2; 90; 5.549403858581459]
[2; 90; 5.660954313081369]
[2; 100; 6.420316652617007]
[2; 100; 6.557656106034643]
[1; 200; 13.405167951673555]
[2; 100; 6.855794139599674]
[2; 100; 7.0180708160365235]
[2; 100; 7.190304086775784]
[1; 200; 14.747017560733878]
[2; 100; 7.568847609435668]
[1; 200; 15.555319469297965]
[2; 100; 8.001496317706989]
[1; 200; 16.484330332241928]
[1; 200; 17.003574669032304]
[1; 200; 17.565739273636684]
[2; 520; 47.25967275275501]
[1; 1040; 97.988423297246]
[2; 540; 52.85477713745157]
[2; 540; 55.034734004999194]
[2; 540; 57.454319812401884]
[2; 560; 62.38676077851672]
[2; 560; 65.5464073300469]
[2; 560; 69.13908536994201]
[2; 560; 73.26828126909798]
[1; 1160; 161.72646340910597]
[2; 600; 89.73861128235781]
[2; 620; 100.30474201052219]
[1; 1240; 219.2869357392772]
[2; 660; 129.34993128557315]
[2; 660; 146.06753480761157]
[2; 680; 174.63261295118255]
[2; 680; 211.55234478245234]
[1; 1400; 570.7305748666583]
[1; 1400; 905.9783149337487]


Jobs: [[2; 10; 0.30036991643512934], [2; 10; 0.3023892194656102], [1; 20; 0.6088856126805412], [2; 10; 0.3086566311158126], [2; 10; 0.31081886021162747], [2; 20; 0.6260387183317163], [2; 20; 0.630518446743481], [2; 20; 0.6350791836023876], [2; 20; 0.6397232984711603], [2; 20; 0.6444532572733277], [2; 30; 0.9739074410047509], [2; 30; 0.9812716241397051], [2; 30; 0.9887766151953681], [2; 30; 0.9964267719225505], [1; 60; 2.0084532793777687], [2; 30; 1.012180961881564], [1; 80; 2.720785842717095], [2; 40; 1.3826950639375972], [2; 40; 1.3941936500784995], [2; 40; 1.4059343145485754], [1; 80; 2.835850632037898], [2; 40; 1.4301753055897521], [2; 40; 1.4426933508345416], [1; 100; 3.638722404143616], [2; 50; 1.8357151476574673], [1; 100; 3.7048832511487633], [2; 50; 1.8870679512423916], [2; 50; 1.9049975057560136], [2; 50; 1.9233591043382028], [1; 100; 3.8843392976636735], [2; 50; 1.9614469637868581], [2; 50; 1.9812098615401086], [2; 50; 2.001478212954524], [2; 50; 2.0222730244056892], [2; 50; 2.0436165216751476], [2; 60; 2.478638689789408], [1; 120; 5.011308315721343], [2; 60; 2.5619639222004698], [2; 60; 2.591327805068262], [2; 60; 2.6215477969434478], [2; 60; 2.6526645452331925], [1; 120; 5.369442798192872], [2; 60; 2.7177646422221824], [1; 120; 5.503687500839114], [2; 70; 3.2515136233891426], [2; 70; 3.29387936608817], [2; 70; 3.3376526493010705], [2; 70; 3.3829098173408743], [1; 140; 6.859466053022819], [2; 70; 3.4782108201840645], [1; 140; 7.056877548934746], [2; 80; 4.092023114160051], [2; 80; 4.153790955802431], [1; 160; 8.435887498448714], [2; 80; 4.354020968595745], [2; 90; 4.979575050259488], [2; 90; 5.064336311086849], [2; 90; 5.152799121260125], [2; 90; 5.245229081709759], [1; 180; 10.68383744638351], [2; 90; 5.549403858581459], [2; 90; 5.660954313081369], [2; 100; 6.420316652617007], [2; 100; 6.557656106034643], [1; 200; 13.405167951673555], [2; 100; 6.855794139599674], [2; 100; 7.0180708160365235], [2; 100; 7.190304086775784], [1; 200; 14.747017560733878], [2; 100; 7.568847609435668], [1; 200; 15.555319469297965], [2; 100; 8.001496317706989], [1; 200; 16.484330332241928], [1; 200; 17.565739273636684], [2; 520; 47.25967275275501], [1; 1040; 97.988423297246], [2; 540; 52.85477713745157], [2; 540; 55.034734004999194], [2; 540; 57.454319812401884], [2; 560; 62.38676077851672], [2; 560; 65.5464073300469], [2; 560; 69.13908536994201], [2; 560; 73.26828126909798], [1; 1160; 161.72646340910597], [2; 600; 89.73861128235781], [2; 620; 100.30474201052219], [1; 1240; 219.2869357392772], [2; 660; 129.34993128557315], [2; 660; 146.06753480761157], [2; 680; 174.63261295118255], [2; 680; 211.55234478245234], [1; 1400; 570.7305748666583]];
Intervals[4.9E-324=0.30036991643512934, 0.30036991643512934=0.6027591359007396, 0.6027591359007396=1.2116447485812807, 1.2158223718280334=1.524479002943846, 1.524479002943846=1.8352978631554735, 1.8352978631554735=2.4613365814871897, 2.4613365814871897=3.091855028230671, 3.091855028230671=3.7269342118330586, 3.7269342118330586=4.3666575103042184, 4.3666575103042184=5.011110767577546, 5.011110767577546=5.9850182085822965, 5.9850182085822965=6.966289832722001, 6.966289832722001=7.955066447917369, 7.955066447917369=8.95149321983992, 8.95149321983992=10.959946499217688, 10.959946499217688=11.972127461099252, 11.972127461099252=14.692913303816347, 14.714988796107974=16.09768386004557, 16.09768386004557=17.49187751012407, 17.49187751012407=18.897811824672644, 18.897811824672644=21.73366245671054, 21.73366245671054=23.163837762300293, 23.163837762300293=24.606531113134835, 24.606531113134835=28.24525351727845, 28.24525351727845=30.080968664935916, 30.080968664935916=33.78585191608468, 33.820077468367494=35.70714541960989, 35.70714541960989=37.6121429253659, 37.6121429253659=39.535502029704105, 39.535502029704105=43.41984132736778, 43.41984132736778=45.38128829115463, 45.38128829115463=47.36249815269474, 47.36249815269474=49.363976365649265, 49.363976365649265=51.38624939005496, 51.38624939005496=53.429865911730104, 53.429865911730104=55.90850460151951, 55.90850460151951=60.919812917240854, 60.97534058542641=63.53730450762688, 63.53730450762688=66.12863231269515, 66.12863231269515=68.75018010963859, 68.75018010963859=71.40284465487179, 71.40284465487179=76.77228745306466, 76.77228745306466=79.49005209528684, 79.49005209528684=84.99373959612596, 84.99373959612596=88.2452532195151, 88.2452532195151=91.53913258560328, 91.53913258560328=94.87678523490436, 94.87678523490436=98.25969505224523, 98.25969505224523=105.11916110526805, 105.11916110526805=108.59737192545211, 108.59737192545211=115.65424947438686, 115.65424947438686=119.74627258854692, 119.74627258854692=123.90006354434935, 123.90006354434935=132.33595104279806, 132.46932820393857=136.8233491725343, 136.8233491725343=141.8029242227938, 141.8029242227938=146.86726053388065, 146.86726053388065=152.02005965514078, 152.02005965514078=157.26528873685055, 157.26528873685055=167.94912618323406, 168.15167089753257=173.70107475611402, 173.70107475611402=179.3620290691954, 179.3620290691954=185.7823457218124, 185.7823457218124=192.34000182784703, 192.34000182784703=205.74516977952058, 205.74516977952058=212.60096391912026, 212.60096391912026=219.6190347351568, 219.6190347351568=226.80933882193258, 226.80933882193258=241.55635638266645, 241.55635638266645=249.12520399210212, 249.12520399210212=264.68052346140007, 264.68052346140007=272.68201977910707, 272.68201977910707=289.166350111349, 289.166350111349=306.73208938498567, 306.73208938498567=353.9917621377407, 353.9917621377407=451.9801854349867, 451.9801854349867=504.83496257243826, 504.83496257243826=559.8696965774375, 559.8696965774375=617.3240163898394, 617.3240163898394=679.7107771683561, 679.7107771683561=745.257184498403, 745.257184498403=814.396269868345, 814.396269868345=887.664551137443, 887.664551137443=1049.391014546549, 1049.391014546549=1139.129625828907, 1139.129625828907=1239.4343678394291, 1239.4343678394291=1458.7213035787063, 1458.7213035787063=1588.0712348642794, 1588.0712348642794=1734.138769671891, 1734.138769671891=1908.7713826230736, 1908.7713826230736=2120.323727405526, 2120.323727405526=2691.054302272184];

Jobs: [[2; 10; 0.30036991643512934], [2; 10; 0.3023892194656102], [1; 20; 0.613063235927294], [2; 10; 0.3086566311158126], [2; 10; 0.31081886021162747], [2; 20; 0.6260387183317163], [2; 20; 0.630518446743481], [2; 20; 0.6350791836023876], [2; 20; 0.6397232984711603], [2; 20; 0.6444532572733277], [2; 30; 0.9739074410047509], [2; 30; 0.9812716241397051], [2; 30; 0.9887766151953681], [2; 30; 0.9964267719225505], [2; 30; 1.012180961881564], [1; 80; 2.742861335008722], [2; 40; 1.3826950639375972], [2; 40; 1.3941936500784995], [2; 40; 1.4059343145485754], [2; 40; 1.4301753055897521], [2; 40; 1.4426933508345416], [2; 50; 1.8357151476574673], [1; 100; 3.739108803431576], [2; 50; 1.8870679512423916], [2; 50; 1.9049975057560136], [2; 50; 1.9233591043382028], [2; 50; 1.9614469637868581], [2; 50; 1.9812098615401086], [2; 50; 2.001478212954524], [2; 50; 2.0222730244056892], [2; 50; 2.0436165216751476], [2; 60; 2.478638689789408], [1; 120; 5.066835983906896], [2; 60; 2.5619639222004698], [2; 60; 2.591327805068262], [2; 60; 2.6215477969434478], [2; 60; 2.6526645452331925], [2; 60; 2.7177646422221824], [2; 70; 3.2515136233891426], [2; 70; 3.29387936608817], [2; 70; 3.3376526493010705], [2; 70; 3.3829098173408743], [2; 70; 3.4782108201840645], [2; 80; 4.092023114160051], [2; 80; 4.153790955802431], [1; 160; 8.56926465958922], [2; 80; 4.354020968595745], [2; 90; 4.979575050259488], [2; 90; 5.064336311086849], [2; 90; 5.152799121260125], [2; 90; 5.245229081709759], [1; 180; 10.886382160682011], [2; 90; 5.549403858581459], [2; 90; 5.660954313081369], [2; 100; 6.420316652617007], [2; 100; 6.557656106034643], [2; 100; 6.855794139599674], [2; 100; 7.0180708160365235], [2; 100; 7.190304086775784], [2; 100; 7.568847609435668], [2; 100; 8.001496317706989], [1; 200; 17.003574669032304], [2; 520; 47.25967275275501], [2; 540; 52.85477713745157], [2; 540; 55.034734004999194], [2; 540; 57.454319812401884], [2; 560; 62.38676077851672], [2; 560; 65.5464073300469], [2; 560; 69.13908536994201], [2; 560; 73.26828126909798], [2; 600; 89.73861128235781], [2; 620; 100.30474201052219], [2; 660; 129.34993128557315], [2; 660; 146.06753480761157], [2; 680; 174.63261295118255], [2; 680; 211.55234478245234], [1; 1400; 905.9783149337487]];
Intervals[4.9E-324=0.30036991643512934, 0.30036991643512934=0.6027591359007396, 0.6027591359007396=1.2158223718280334, 1.2158223718280334=1.524479002943846, 1.524479002943846=1.8352978631554735, 1.8352978631554735=2.4613365814871897, 2.4613365814871897=3.091855028230671, 3.091855028230671=3.7269342118330586, 3.7269342118330586=4.3666575103042184, 4.3666575103042184=5.011110767577546, 5.011110767577546=5.9850182085822965, 5.9850182085822965=6.966289832722001, 6.966289832722001=7.955066447917369, 7.955066447917369=8.95149321983992, 10.959946499217688=11.972127461099252, 11.972127461099252=14.714988796107974, 14.714988796107974=16.09768386004557, 16.09768386004557=17.49187751012407, 17.49187751012407=18.897811824672644, 21.73366245671054=23.163837762300293, 23.163837762300293=24.606531113134835, 28.24525351727845=30.080968664935916, 30.080968664935916=33.820077468367494, 33.820077468367494=35.70714541960989, 35.70714541960989=37.6121429253659, 37.6121429253659=39.535502029704105, 43.41984132736778=45.38128829115463, 45.38128829115463=47.36249815269474, 47.36249815269474=49.363976365649265, 49.363976365649265=51.38624939005496, 51.38624939005496=53.429865911730104, 53.429865911730104=55.90850460151951, 55.90850460151951=60.97534058542641, 60.97534058542641=63.53730450762688, 63.53730450762688=66.12863231269515, 66.12863231269515=68.75018010963859, 68.75018010963859=71.40284465487179, 76.77228745306466=79.49005209528684, 84.99373959612596=88.2452532195151, 88.2452532195151=91.53913258560328, 91.53913258560328=94.87678523490436, 94.87678523490436=98.25969505224523, 105.11916110526805=108.59737192545211, 115.65424947438686=119.74627258854692, 119.74627258854692=123.90006354434935, 123.90006354434935=132.46932820393857, 132.46932820393857=136.8233491725343, 136.8233491725343=141.8029242227938, 141.8029242227938=146.86726053388065, 146.86726053388065=152.02005965514078, 152.02005965514078=157.26528873685055, 157.26528873685055=168.15167089753257, 168.15167089753257=173.70107475611402, 173.70107475611402=179.3620290691954, 179.3620290691954=185.7823457218124, 185.7823457218124=192.34000182784703, 205.74516977952058=212.60096391912026, 212.60096391912026=219.6190347351568, 219.6190347351568=226.80933882193258, 241.55635638266645=249.12520399210212, 264.68052346140007=272.68201977910707, 272.68201977910707=289.68559444813934, 306.73208938498567=353.9917621377407, 451.9801854349867=504.83496257243826, 504.83496257243826=559.8696965774375, 559.8696965774375=617.3240163898394, 617.3240163898394=679.7107771683561, 679.7107771683561=745.257184498403, 745.257184498403=814.396269868345, 814.396269868345=887.664551137443, 1049.391014546549=1139.129625828907, 1139.129625828907=1239.4343678394291, 1458.7213035787063=1588.0712348642794, 1588.0712348642794=1734.138769671891, 1734.138769671891=1908.7713826230736, 1908.7713826230736=2120.323727405526, 2120.323727405526=3026.3020423392745];
