1.153213927541054
67995.72138949038
78413.61291956146
[1; 20; 1.1394739033278327]
[1; 20; 1.147134268032301]
[1; 20; 1.1549246908538133]
[2; 10; 0.5814243705891693]
[2; 10; 0.5854550622440774]
[2; 10; 0.5895563445178456]
[2; 10; 0.5937302164594911]
[1; 20; 1.1959575115874856]
[2; 10; 0.6023041229046928]
[2; 20; 1.213417130134135]
[1; 40; 2.444777683773698]
[2; 20; 1.231528250734318]
[2; 20; 1.240840428865867]
[2; 30; 1.8754959927541173]
[1; 60; 3.780013380361787]
[1; 60; 3.8096027143224833]
[2; 30; 1.919888990877678]
[2; 30; 1.935278985189365]
[2; 40; 2.601308204215895]
[2; 40; 2.622674334893605]
[2; 40; 2.6444846729398166]
[1; 80; 5.333508362736434]
[2; 40; 2.689498525096806]
[1; 80; 5.425468226793559]
[1; 80; 5.472956290999202]
[1; 80; 5.521497319284862]
[2; 50; 3.4819557323262043]
[2; 50; 3.513682253588911]
[2; 50; 3.5461414992717835]
[1; 100; 7.158721851265738]
[2; 50; 3.6133694237358704]
[2; 50; 3.648197416259391]
[1; 100; 7.367753924708404]
[1; 100; 7.4408837426947585]
[1; 120; 9.019026782843325]
[2; 60; 4.555647021129268]
[2; 60; 4.602978948216599]
[2; 60; 4.651559761700726]
[2; 60; 4.701443034498584]
[2; 70; 5.544799809605802]
[2; 70; 5.6062388160658925]
[2; 70; 5.669408534880498]
[2; 70; 5.734388313364228]
[1; 140; 11.602525176718997]
[2; 70; 5.870121309125592]
[2; 70; 5.941060403668964]
[2; 70; 6.014182293861836]
[2; 70; 6.089596465467096]
[2; 80; 7.048480114384977]
[2; 80; 7.140318602403978]
[2; 80; 7.235208291331647]
[1; 160; 14.666629353643131]
[1; 160; 14.869631706981696]
[2; 80; 7.539903761544824]
[2; 80; 7.648785586429544]
[2; 80; 7.761685334101491]
[2; 80; 7.878845608425397]
[2; 80; 8.000529621920228]
[2; 90; 9.142901411344173]
[2; 90; 9.290968604698094]
[2; 90; 9.445179941411505]
[2; 90; 9.605953773012581]
[2; 90; 9.773748645421621]
[2; 90; 9.949068346322372]
[2; 100; 11.258297492744234]
[2; 100; 11.471732848776096]
[2; 100; 11.69558033072495]
[1; 200; 23.861354338024764]
[1; 200; 24.35591208195502]
[1; 200; 24.87691872910539]
[1; 200; 25.426712554879856]
[2; 520; 67.62060716192619]
[2; 520; 69.22118722098845]
[2; 520; 70.91997194289277]
[1; 1040; 145.45394172857138]
[2; 520; 74.6536521436478]
[1; 1040; 153.42644859127583]
[1; 1080; 163.9128188633957]
[2; 560; 87.54821464976652]
[1; 1120; 180.61183862909323]
[2; 560; 93.29157335571456]
[2; 580; 99.98464612467473]
[2; 580; 103.65431304344821]
[1; 1160; 215.3606876363079]
[2; 600; 115.98780138162113]
[2; 600; 121.08717077312794]
[2; 620; 131.01289799252413]
[2; 620; 137.64819122112536]
[2; 640; 149.87649593448378]
[1; 1280; 317.65514978966195]
[2; 640; 169.24701906814826]
[2; 660; 187.23627116155018]
[2; 680; 208.66837898581915]
[2; 680; 228.09614229745154]
[1; 1360; 505.5674780373777]
[1; 1360; 570.9086542364286]
[2; 680; 331.2404043145882]
[2; 700; 413.07120774574264]
[2; 700; 541.2764064475651]
[1; 1400; 1718.4454740008634]


Jobs: [[1; 20; 1.1394739033278327], [1; 20; 1.1549246908538133], [2; 10; 0.5814243705891693], [2; 10; 0.5854550622440774], [2; 10; 0.5895563445178456], [2; 10; 0.5937302164594911], [1; 20; 1.1959575115874856], [2; 10; 0.6023041229046928], [2; 20; 1.213417130134135], [1; 40; 2.444777683773698], [2; 20; 1.231528250734318], [2; 20; 1.240840428865867], [2; 30; 1.8754959927541173], [1; 60; 3.780013380361787], [2; 30; 1.919888990877678], [2; 30; 1.935278985189365], [2; 40; 2.601308204215895], [2; 40; 2.622674334893605], [2; 40; 2.6444846729398166], [1; 80; 5.333508362736434], [2; 40; 2.689498525096806], [1; 80; 5.425468226793559], [1; 80; 5.521497319284862], [2; 50; 3.4819557323262043], [2; 50; 3.513682253588911], [2; 50; 3.5461414992717835], [1; 100; 7.158721851265738], [2; 50; 3.6133694237358704], [2; 50; 3.648197416259391], [1; 100; 7.367753924708404], [1; 120; 9.019026782843325], [2; 60; 4.555647021129268], [2; 60; 4.602978948216599], [2; 60; 4.651559761700726], [2; 60; 4.701443034498584], [2; 70; 5.544799809605802], [2; 70; 5.6062388160658925], [2; 70; 5.669408534880498], [2; 70; 5.734388313364228], [1; 140; 11.602525176718997], [2; 70; 5.870121309125592], [2; 70; 5.941060403668964], [2; 70; 6.014182293861836], [2; 70; 6.089596465467096], [2; 80; 7.048480114384977], [2; 80; 7.140318602403978], [2; 80; 7.235208291331647], [1; 160; 14.666629353643131], [2; 80; 7.539903761544824], [2; 80; 7.648785586429544], [2; 80; 7.761685334101491], [2; 80; 7.878845608425397], [2; 80; 8.000529621920228], [2; 90; 9.142901411344173], [2; 90; 9.290968604698094], [2; 90; 9.445179941411505], [2; 90; 9.605953773012581], [2; 90; 9.773748645421621], [2; 90; 9.949068346322372], [2; 100; 11.258297492744234], [2; 100; 11.471732848776096], [2; 100; 11.69558033072495], [1; 200; 23.861354338024764], [1; 200; 24.87691872910539], [2; 520; 67.62060716192619], [2; 520; 69.22118722098845], [2; 520; 70.91997194289277], [1; 1040; 145.45394172857138], [2; 520; 74.6536521436478], [1; 1040; 153.42644859127583], [2; 560; 87.54821464976652], [1; 1120; 180.61183862909323], [2; 560; 93.29157335571456], [2; 580; 99.98464612467473], [2; 580; 103.65431304344821], [1; 1160; 215.3606876363079], [2; 600; 115.98780138162113], [2; 600; 121.08717077312794], [2; 620; 131.01289799252413], [2; 620; 137.64819122112536], [2; 640; 149.87649593448378], [1; 1280; 317.65514978966195], [2; 640; 169.24701906814826], [2; 660; 187.23627116155018], [2; 680; 208.66837898581915], [2; 680; 228.09614229745154], [1; 1360; 505.5674780373777], [2; 680; 331.2404043145882], [2; 700; 413.07120774574264], [2; 700; 541.2764064475651], [1; 1400; 1718.4454740008634]];
Intervals[0.0=1.1394739033278327, 1.1394739033278327=2.2943985941816463, 2.2943985941816463=2.8758229647708156, 2.8758229647708156=3.461278027014893, 3.461278027014893=4.050834371532739, 4.050834371532739=4.64456458799223, 4.64456458799223=5.840522099579715, 5.840522099579715=6.442826222484408, 6.442826222484408=7.656243352618543, 7.656243352618543=10.101021036392241, 10.101021036392241=11.33254928712656, 11.33254928712656=12.573389715992427, 12.573389715992427=14.448885708746545, 14.448885708746545=18.22889908910833, 18.25848842306903=20.178377413946706, 20.178377413946706=22.11365639913607, 22.11365639913607=24.714964603351962, 24.714964603351962=27.33763893824557, 27.33763893824557=29.982123611185386, 29.982123611185386=35.31563197392182, 35.31563197392182=38.00513049901863, 38.00513049901863=43.43059872581219, 43.43059872581219=48.95209604509705, 48.95209604509705=52.43405177742326, 52.43405177742326=55.94773403101217, 55.94773403101217=59.49387553028395, 59.49387553028395=66.65259738154968, 66.65259738154968=70.26596680528556, 70.26596680528556=73.91416422154495, 73.91416422154495=81.28191814625336, 81.28191814625336=90.30094492909669, 90.30094492909669=94.85659195022595, 94.85659195022595=99.45957089844255, 99.45957089844255=104.11113066014327, 104.11113066014327=108.81257369464186, 108.81257369464186=114.35737350424766, 114.35737350424766=119.96361232031356, 119.96361232031356=125.63302085519406, 125.63302085519406=131.36740916855828, 131.36740916855828=142.96993434527727, 142.96993434527727=148.84005565440285, 148.84005565440285=154.7811160580718, 154.7811160580718=160.79529835193364, 160.79529835193364=166.88489481740072, 166.88489481740072=173.9333749317857, 173.9333749317857=181.07369353418966, 181.07369353418966=188.3089018255213, 188.3089018255213=202.97553117916442, 203.178533532503=210.71843729404782, 210.71843729404782=218.36722288047736, 218.36722288047736=226.12890821457884, 226.12890821457884=234.00775382300424, 234.00775382300424=242.00828344492447, 242.00828344492447=251.15118485626866, 251.15118485626866=260.4421534609668, 260.4421534609668=269.88733340237826, 269.88733340237826=279.49328717539083, 279.49328717539083=289.26703582081245, 289.26703582081245=299.2161041671348, 299.2161041671348=310.47440165987905, 310.47440165987905=321.9461345086551, 321.9461345086551=333.6417148393801, 333.6417148393801=357.5030691774048, 357.5030691774048=382.3799879065102, 383.424339476215=451.04494663814114, 451.04494663814114=520.2661338591296, 520.2661338591296=591.1861058020223, 591.1861058020223=736.6400475305937, 736.6400475305937=811.2936996742416, 811.2936996742416=964.7201482655174, 975.2065185376373=1062.7547331874039, 1062.7547331874039=1243.366571816497, 1243.366571816497=1336.6581451722116, 1336.6581451722116=1436.6427912968863, 1436.6427912968863=1540.2971043403345, 1540.2971043403345=1755.6577919766423, 1755.6577919766423=1871.6455933582633, 1871.6455933582633=1992.7327641313914, 1992.7327641313914=2123.7456621239153, 2123.7456621239153=2261.3938533450405, 2261.3938533450405=2411.2703492795245, 2411.2703492795245=2728.9254990691866, 2728.9254990691866=2898.172518137335, 2898.172518137335=3085.408789298885, 3085.408789298885=3294.0771682847044, 3294.0771682847044=3522.173310582156, 3522.173310582156=4027.7407886195338, 4093.0819648185843=4424.322369133172, 4424.322369133172=4837.393576878915, 4837.393576878915=5378.66998332648, 5378.66998332648=7097.115457327343];

Jobs: [[1; 20; 1.147134268032301], [2; 10; 0.5814243705891693], [2; 10; 0.5854550622440774], [2; 10; 0.5895563445178456], [2; 10; 0.5937302164594911], [2; 10; 0.6023041229046928], [2; 20; 1.213417130134135], [2; 20; 1.231528250734318], [2; 20; 1.240840428865867], [2; 30; 1.8754959927541173], [1; 60; 3.8096027143224833], [2; 30; 1.919888990877678], [2; 30; 1.935278985189365], [2; 40; 2.601308204215895], [2; 40; 2.622674334893605], [2; 40; 2.6444846729398166], [2; 40; 2.689498525096806], [1; 80; 5.472956290999202], [2; 50; 3.4819557323262043], [2; 50; 3.513682253588911], [2; 50; 3.5461414992717835], [2; 50; 3.6133694237358704], [2; 50; 3.648197416259391], [1; 100; 7.4408837426947585], [2; 60; 4.555647021129268], [2; 60; 4.602978948216599], [2; 60; 4.651559761700726], [2; 60; 4.701443034498584], [2; 70; 5.544799809605802], [2; 70; 5.6062388160658925], [2; 70; 5.669408534880498], [2; 70; 5.734388313364228], [2; 70; 5.870121309125592], [2; 70; 5.941060403668964], [2; 70; 6.014182293861836], [2; 70; 6.089596465467096], [2; 80; 7.048480114384977], [2; 80; 7.140318602403978], [2; 80; 7.235208291331647], [1; 160; 14.869631706981696], [2; 80; 7.539903761544824], [2; 80; 7.648785586429544], [2; 80; 7.761685334101491], [2; 80; 7.878845608425397], [2; 80; 8.000529621920228], [2; 90; 9.142901411344173], [2; 90; 9.290968604698094], [2; 90; 9.445179941411505], [2; 90; 9.605953773012581], [2; 90; 9.773748645421621], [2; 90; 9.949068346322372], [2; 100; 11.258297492744234], [2; 100; 11.471732848776096], [2; 100; 11.69558033072495], [1; 200; 24.35591208195502], [1; 200; 25.426712554879856], [2; 520; 67.62060716192619], [2; 520; 69.22118722098845], [2; 520; 70.91997194289277], [2; 520; 74.6536521436478], [1; 1080; 163.9128188633957], [2; 560; 87.54821464976652], [2; 560; 93.29157335571456], [2; 580; 99.98464612467473], [2; 580; 103.65431304344821], [2; 600; 115.98780138162113], [2; 600; 121.08717077312794], [2; 620; 131.01289799252413], [2; 620; 137.64819122112536], [2; 640; 149.87649593448378], [2; 640; 169.24701906814826], [2; 660; 187.23627116155018], [2; 680; 208.66837898581915], [2; 680; 228.09614229745154], [1; 1360; 570.9086542364286], [2; 680; 331.2404043145882], [2; 700; 413.07120774574264], [2; 700; 541.2764064475651]];
Intervals[0.0=1.147134268032301, 2.2943985941816463=2.8758229647708156, 2.8758229647708156=3.461278027014893, 3.461278027014893=4.050834371532739, 4.050834371532739=4.64456458799223, 5.840522099579715=6.442826222484408, 6.442826222484408=7.656243352618543, 10.101021036392241=11.33254928712656, 11.33254928712656=12.573389715992427, 12.573389715992427=14.448885708746545, 14.448885708746545=18.25848842306903, 18.25848842306903=20.178377413946706, 20.178377413946706=22.11365639913607, 22.11365639913607=24.714964603351962, 24.714964603351962=27.33763893824557, 27.33763893824557=29.982123611185386, 35.31563197392182=38.00513049901863, 38.00513049901863=43.47808679001783, 48.95209604509705=52.43405177742326, 52.43405177742326=55.94773403101217, 55.94773403101217=59.49387553028395, 66.65259738154968=70.26596680528556, 70.26596680528556=73.91416422154495, 73.91416422154495=81.3550479642397, 90.30094492909669=94.85659195022595, 94.85659195022595=99.45957089844255, 99.45957089844255=104.11113066014327, 104.11113066014327=108.81257369464186, 108.81257369464186=114.35737350424766, 114.35737350424766=119.96361232031356, 119.96361232031356=125.63302085519406, 125.63302085519406=131.36740916855828, 142.96993434527727=148.84005565440285, 148.84005565440285=154.7811160580718, 154.7811160580718=160.79529835193364, 160.79529835193364=166.88489481740072, 166.88489481740072=173.9333749317857, 173.9333749317857=181.07369353418966, 181.07369353418966=188.3089018255213, 188.3089018255213=203.178533532503, 203.178533532503=210.71843729404782, 210.71843729404782=218.36722288047736, 218.36722288047736=226.12890821457884, 226.12890821457884=234.00775382300424, 234.00775382300424=242.00828344492447, 242.00828344492447=251.15118485626866, 251.15118485626866=260.4421534609668, 260.4421534609668=269.88733340237826, 269.88733340237826=279.49328717539083, 279.49328717539083=289.26703582081245, 289.26703582081245=299.2161041671348, 299.2161041671348=310.47440165987905, 310.47440165987905=321.9461345086551, 321.9461345086551=333.6417148393801, 333.6417148393801=357.9976269213351, 357.9976269213351=383.424339476215, 383.424339476215=451.04494663814114, 451.04494663814114=520.2661338591296, 520.2661338591296=591.1861058020223, 736.6400475305937=811.2936996742416, 811.2936996742416=975.2065185376373, 975.2065185376373=1062.7547331874039, 1243.366571816497=1336.6581451722116, 1336.6581451722116=1436.6427912968863, 1436.6427912968863=1540.2971043403345, 1755.6577919766423=1871.6455933582633, 1871.6455933582633=1992.7327641313914, 1992.7327641313914=2123.7456621239153, 2123.7456621239153=2261.3938533450405, 2261.3938533450405=2411.2703492795245, 2728.9254990691866=2898.172518137335, 2898.172518137335=3085.408789298885, 3085.408789298885=3294.0771682847044, 3294.0771682847044=3522.173310582156, 3522.173310582156=4093.0819648185843, 4093.0819648185843=4424.322369133172, 4424.322369133172=4837.393576878915, 4837.393576878915=5378.66998332648];
