1.1368050207370919
143.66598320810564
163.32021102010523
[2; 10; 0.014891643373456874]
[2; 10; 0.015093567802795709]
[2; 10; 0.015302479455934447]
[2; 20; 0.0310375467757117]
[2; 20; 0.0314857520631744]
[2; 20; 0.03195049688090085]
[2; 20; 0.03243277989267213]
[2; 30; 0.04940052689477683]
[2; 30; 0.050181583071412926]
[2; 30; 0.05099426231065545]
[2; 30; 0.05184066419728588]
[2; 30; 0.05272308488883883]
[2; 40; 0.0715253882041992]
[1; 80; 0.14561679485673337]
[2; 40; 0.07415053477538465]
[2; 40; 0.07555628425037739]
[1; 80; 0.15406122223908922]
[1; 80; 0.15715805926871115]
[1; 80; 0.16041536537679457]
[2; 50; 0.10240429494977935]
[2; 50; 0.10466748717664887]
[1; 100; 0.21412003125338178]
[1; 100; 0.21918825330364042]
[2; 50; 0.11228371975822261]
[2; 60; 0.1381735709985695]
[1; 120; 0.2836681242787285]
[2; 60; 0.1457470319164326]
[2; 60; 0.14994154784127883]
[2; 70; 0.18019340121958283]
[2; 70; 0.18586936143297775]
[2; 70; 0.19201449139017077]
[2; 70; 0.19869408383611437]
[1; 140; 0.4119732291725755]
[1; 140; 0.42797465593721434]
[2; 70; 0.22281307978211343]
[2; 70; 0.23260899095151258]
[1; 140; 0.4871155294225794]
[1; 160; 0.5848983252195518]
[2; 80; 0.3084786557138505]
[2; 90; 0.3677646788404632]
[1; 180; 0.7837817287523037]
[2; 90; 0.4204071883101102]
[2; 90; 0.45474906502080165]
[1; 180; 0.9941756192170058]
[2; 90; 0.5508892604136402]
[2; 100; 0.6912088559638115]
[2; 100; 0.8020768268839727]
[2; 100; 0.9716468794428841]
[2; 100; 1.273217598754934]
[1; 200; 4.042213911296014]


Jobs: [[2; 10; 0.014891643373456874], [2; 10; 0.015093567802795709], [2; 10; 0.015302479455934447], [2; 20; 0.0310375467757117], [2; 20; 0.0314857520631744], [2; 20; 0.03195049688090085], [2; 20; 0.03243277989267213], [2; 30; 0.04940052689477683], [2; 30; 0.050181583071412926], [2; 30; 0.05099426231065545], [2; 30; 0.05184066419728588], [2; 30; 0.05272308488883883], [2; 40; 0.0715253882041992], [1; 80; 0.14561679485673337], [2; 40; 0.07415053477538465], [2; 40; 0.07555628425037739], [1; 80; 0.15406122223908922], [1; 80; 0.16041536537679457], [2; 50; 0.10240429494977935], [2; 50; 0.10466748717664887], [1; 100; 0.21412003125338178], [2; 50; 0.11228371975822261], [2; 60; 0.1381735709985695], [1; 120; 0.2836681242787285], [2; 60; 0.1457470319164326], [2; 60; 0.14994154784127883], [2; 70; 0.18019340121958283], [2; 70; 0.18586936143297775], [2; 70; 0.19201449139017077], [2; 70; 0.19869408383611437], [1; 140; 0.4119732291725755], [2; 70; 0.22281307978211343], [2; 70; 0.23260899095151258], [1; 140; 0.4871155294225794], [2; 80; 0.3084786557138505], [2; 90; 0.3677646788404632], [1; 180; 0.7837817287523037], [2; 90; 0.4204071883101102], [2; 90; 0.45474906502080165], [1; 180; 0.9941756192170058], [2; 90; 0.5508892604136402], [2; 100; 0.6912088559638115], [2; 100; 0.8020768268839727], [2; 100; 0.9716468794428841], [2; 100; 1.273217598754934], [1; 200; 4.042213911296014]];
Intervals[4.9E-324=0.014891643373456874, 0.014891643373456874=0.029985211176252583, 0.029985211176252583=0.04528769063218703, 0.04528769063218703=0.07632523740789873, 0.07632523740789873=0.10781098947107313, 0.10781098947107313=0.139761486351974, 0.139761486351974=0.17219426624464612, 0.17219426624464612=0.22159479313942296, 0.22159479313942296=0.2717763762108359, 0.2717763762108359=0.32277063852149135, 0.32277063852149135=0.37461130271877724, 0.37461130271877724=0.42733438760761605, 0.42733438760761605=0.49885977581181523, 0.49885977581181523=0.6444765706685486, 0.6444765706685486=0.7186271054439333, 0.7186271054439333=0.7941833896943107, 0.7941833896943107=0.9482446119333999, 0.9482446119333999=1.1086599773101944, 1.1086599773101944=1.2110642722599738, 1.2110642722599738=1.3157317594366227, 1.3157317594366227=1.5298517906900044, 1.5349200127402631=1.6472037324984858, 1.6472037324984858=1.7853773034970553, 1.7853773034970553=2.0690454277757837, 2.0690454277757837=2.2147924596922164, 2.2147924596922164=2.364734007533495, 2.364734007533495=2.544927408753078, 2.544927408753078=2.7307967701860556, 2.7307967701860556=2.9228112615762263, 2.9228112615762263=3.1215053454123405, 3.1215053454123405=3.533478574584916, 3.5494800013495547=3.772293081131668, 3.772293081131668=4.004902072083181, 4.004902072083181=4.4920176015057605, 4.589800397302732=4.898279053016583, 4.898279053016583=5.266043731857046, 5.266043731857046=6.04982546060935, 6.04982546060935=6.470232648919461, 6.470232648919461=6.924981713940262, 6.924981713940262=7.919157333157268, 7.919157333157268=8.470046593570908, 8.470046593570908=9.16125544953472, 9.16125544953472=9.963332276418692, 9.963332276418692=10.934979155861576, 10.934979155861576=12.20819675461651, 12.20819675461651=16.250410665912526];

Jobs: [[2; 10; 0.014891643373456874], [2; 10; 0.015093567802795709], [2; 10; 0.015302479455934447], [2; 20; 0.0310375467757117], [2; 20; 0.0314857520631744], [2; 20; 0.03195049688090085], [2; 20; 0.03243277989267213], [2; 30; 0.04940052689477683], [2; 30; 0.050181583071412926], [2; 30; 0.05099426231065545], [2; 30; 0.05184066419728588], [2; 30; 0.05272308488883883], [2; 40; 0.0715253882041992], [2; 40; 0.07415053477538465], [2; 40; 0.07555628425037739], [1; 80; 0.15715805926871115], [2; 50; 0.10240429494977935], [2; 50; 0.10466748717664887], [1; 100; 0.21918825330364042], [2; 50; 0.11228371975822261], [2; 60; 0.1381735709985695], [2; 60; 0.1457470319164326], [2; 60; 0.14994154784127883], [2; 70; 0.18019340121958283], [2; 70; 0.18586936143297775], [2; 70; 0.19201449139017077], [2; 70; 0.19869408383611437], [1; 140; 0.42797465593721434], [2; 70; 0.22281307978211343], [2; 70; 0.23260899095151258], [1; 160; 0.5848983252195518], [2; 80; 0.3084786557138505], [2; 90; 0.3677646788404632], [2; 90; 0.4204071883101102], [2; 90; 0.45474906502080165], [2; 90; 0.5508892604136402], [2; 100; 0.6912088559638115], [2; 100; 0.8020768268839727], [2; 100; 0.9716468794428841], [2; 100; 1.273217598754934]];
Intervals[4.9E-324=0.014891643373456874, 0.014891643373456874=0.029985211176252583, 0.029985211176252583=0.04528769063218703, 0.04528769063218703=0.07632523740789873, 0.07632523740789873=0.10781098947107313, 0.10781098947107313=0.139761486351974, 0.139761486351974=0.17219426624464612, 0.17219426624464612=0.22159479313942296, 0.22159479313942296=0.2717763762108359, 0.2717763762108359=0.32277063852149135, 0.32277063852149135=0.37461130271877724, 0.37461130271877724=0.42733438760761605, 0.42733438760761605=0.49885977581181523, 0.6444765706685486=0.7186271054439333, 0.7186271054439333=0.7941833896943107, 0.7941833896943107=0.9513414489630219, 1.1086599773101944=1.2110642722599738, 1.2110642722599738=1.3157317594366227, 1.3157317594366227=1.5349200127402631, 1.5349200127402631=1.6472037324984858, 1.6472037324984858=1.7853773034970553, 2.0690454277757837=2.2147924596922164, 2.2147924596922164=2.364734007533495, 2.364734007533495=2.544927408753078, 2.544927408753078=2.7307967701860556, 2.7307967701860556=2.9228112615762263, 2.9228112615762263=3.1215053454123405, 3.1215053454123405=3.5494800013495547, 3.5494800013495547=3.772293081131668, 3.772293081131668=4.004902072083181, 4.004902072083181=4.589800397302732, 4.589800397302732=4.898279053016583, 4.898279053016583=5.266043731857046, 6.04982546060935=6.470232648919461, 6.470232648919461=6.924981713940262, 7.919157333157268=8.470046593570908, 8.470046593570908=9.16125544953472, 9.16125544953472=9.963332276418692, 9.963332276418692=10.934979155861576, 10.934979155861576=12.20819675461651];
