1.151901981876695
146.06344857339914
168.25077589144317
[1; 10; 0.015056858220848325]
[1; 10; 0.015261022894124059]
[1; 10; 0.015472252310724226]
[1; 20; 0.031381891817112186]
[2; 10; 0.015917534851694136]
[1; 30; 0.048457455925803555]
[1; 40; 0.06558520860395609]
[2; 20; 0.033299066276578144]
[1; 40; 0.06765109465807205]
[2; 20; 0.034373344317249886]
[1; 50; 0.08735968123397546]
[1; 50; 0.08884669903210712]
[1; 60; 0.1084783864050896]
[1; 60; 0.11042425169677024]
[1; 60; 0.11245979316524661]
[1; 60; 0.11459181143967605]
[2; 40; 0.07788522469988793]
[1; 80; 0.1589016441859203]
[2; 40; 0.08109754418471846]
[2; 40; 0.08283233282435695]
[1; 80; 0.16932594747040877]
[1; 90; 0.19484602100497694]
[1; 100; 0.22162003016744222]
[1; 100; 0.22705889558468076]
[1; 100; 0.23284422189226267]
[1; 110; 0.26291399837021734]
[1; 120; 0.2947280351323325]
[1; 130; 0.32847765038815674]
[2; 70; 0.18219255098007894]
[2; 70; 0.1879314829472917]
[1; 140; 0.38828957969317374]
[2; 70; 0.20089848881112737]
[1; 140; 0.41654385260749]
[1; 140; 0.43272280667483587]
[1; 140; 0.4505701443280087]
[2; 70; 0.23518966374753408]
[1; 150; 0.5276998035375329]
[2; 80; 0.29569373022119566]
[1; 170; 0.6627897567692455]
[1; 170; 0.7023735714959003]
[1; 190; 0.8365038898708177]
[1; 190; 0.8973729176128792]
[1; 190; 0.9706767786245104]
[2; 110; 0.6142922303898539]
[2; 120; 0.7426681109147628]
[2; 120; 0.8386529398461643]
[2; 140; 1.1353656185860583]
[2; 180; 1.7683682107939946]
[2; 190; 2.4459522120663326]
[2; 200; 4.087060120524253]


Jobs: [[1; 10; 0.015056858220848325], [1; 10; 0.015472252310724226], [2; 10; 0.015917534851694136], [1; 30; 0.048457455925803555], [2; 20; 0.033299066276578144], [1; 40; 0.06765109465807205], [2; 20; 0.034373344317249886], [1; 50; 0.08735968123397546], [1; 60; 0.1084783864050896], [1; 60; 0.11245979316524661], [2; 40; 0.07788522469988793], [1; 80; 0.1589016441859203], [2; 40; 0.08109754418471846], [2; 40; 0.08283233282435695], [1; 80; 0.16932594747040877], [1; 100; 0.22162003016744222], [1; 100; 0.23284422189226267], [1; 120; 0.2947280351323325], [2; 70; 0.18219255098007894], [2; 70; 0.1879314829472917], [1; 140; 0.38828957969317374], [2; 70; 0.20089848881112737], [1; 140; 0.41654385260749], [1; 140; 0.4505701443280087], [2; 70; 0.23518966374753408], [1; 150; 0.5276998035375329], [2; 80; 0.29569373022119566], [1; 170; 0.6627897567692455], [1; 190; 0.8365038898708177], [1; 190; 0.9706767786245104], [2; 110; 0.6142922303898539], [2; 120; 0.7426681109147628], [2; 120; 0.8386529398461643], [2; 140; 1.1353656185860583], [2; 180; 1.7683682107939946], [2; 190; 2.4459522120663326], [2; 200; 4.087060120524253]];
Intervals[0.0=0.015056858220848325, 0.015056858220848325=0.03052911053157255, 0.046642914711236244=0.06256044956293039, 0.06256044956293039=0.11101790548873394, 0.12814565816688647=0.1614447244434646, 0.1614447244434646=0.22909581910153665, 0.22909581910153665=0.2634691634187865, 0.2634691634187865=0.350828844652762, 0.350828844652762=0.4593072310578516, 0.4593072310578516=0.5717670242230982, 0.5773319255873399=0.6552171502872278, 0.6552171502872278=0.814118794473148, 0.814118794473148=0.8952163386578665, 0.8952163386578665=0.9780486714822235, 0.9780486714822235=1.1473746189526324, 1.1473746189526324=1.3689946491200746, 1.3689946491200746=1.6018388710123372, 1.6018388710123372=1.8965669061446697, 1.9913452368302553=2.1735377878103344, 2.1735377878103344=2.361469270757626, 2.361469270757626=2.7497588504508, 2.7497588504508=2.9506573392619275, 2.9506573392619275=3.3672011918694174, 3.3672011918694174=3.817771336197426, 3.817771336197426=4.05296099994496, 4.05296099994496=4.580660803482493, 4.580660803482493=4.876354533703688, 4.876354533703688=5.539144290472934, 5.539144290472934=6.3756481803437515, 6.3756481803437515=7.346324958968262, 7.346324958968262=7.960617189358116, 7.960617189358116=8.703285300272878, 8.703285300272878=9.541938240119043, 9.541938240119043=10.677303858705102, 10.677303858705102=12.445672069499096, 12.445672069499096=14.891624281565429, 14.891624281565429=18.978684402089684];

Jobs: [[1; 10; 0.015261022894124059], [1; 20; 0.031381891817112186], [2; 10; 0.015917534851694136], [1; 40; 0.06558520860395609], [2; 20; 0.033299066276578144], [2; 20; 0.034373344317249886], [1; 50; 0.08884669903210712], [1; 60; 0.11042425169677024], [1; 60; 0.11459181143967605], [2; 40; 0.07788522469988793], [2; 40; 0.08109754418471846], [2; 40; 0.08283233282435695], [1; 90; 0.19484602100497694], [1; 100; 0.22705889558468076], [1; 110; 0.26291399837021734], [1; 130; 0.32847765038815674], [2; 70; 0.18219255098007894], [2; 70; 0.1879314829472917], [2; 70; 0.20089848881112737], [1; 140; 0.43272280667483587], [2; 70; 0.23518966374753408], [2; 80; 0.29569373022119566], [1; 170; 0.7023735714959003], [1; 190; 0.8973729176128792], [2; 110; 0.6142922303898539], [2; 120; 0.7426681109147628], [2; 120; 0.8386529398461643], [2; 140; 1.1353656185860583], [2; 180; 1.7683682107939946], [2; 190; 2.4459522120663326], [2; 200; 4.087060120524253]];
Intervals[0.0=0.015261022894124059, 0.015261022894124059=0.046642914711236244, 0.046642914711236244=0.06256044956293039, 0.06256044956293039=0.12814565816688647, 0.12814565816688647=0.1614447244434646, 0.22909581910153665=0.2634691634187865, 0.2634691634187865=0.35231586245089364, 0.35231586245089364=0.46274011414766386, 0.46274011414766386=0.5773319255873399, 0.5773319255873399=0.6552171502872278, 0.814118794473148=0.8952163386578665, 0.8952163386578665=0.9780486714822235, 0.9780486714822235=1.1728946924872004, 1.1728946924872004=1.3999535880718812, 1.3999535880718812=1.6628675864420985, 1.6628675864420985=1.9913452368302553, 1.9913452368302553=2.1735377878103344, 2.1735377878103344=2.361469270757626, 2.7497588504508=2.9506573392619275, 2.9506573392619275=3.3833801459367634, 3.817771336197426=4.05296099994496, 4.580660803482493=4.876354533703688, 4.876354533703688=5.5787281051995885, 5.5787281051995885=6.476101022812467, 7.346324958968262=7.960617189358116, 7.960617189358116=8.703285300272878, 8.703285300272878=9.541938240119043, 9.541938240119043=10.677303858705102, 10.677303858705102=12.445672069499096, 12.445672069499096=14.891624281565429, 14.891624281565429=18.978684402089684];
