1.2738857537882164
21436.54217189581
27307.705683258384
[1; 20; 0.8378632557730508]
[2; 10; 0.4246121648005207]
[2; 10; 0.4304892662552785]
[1; 40; 1.7462961837414346]
[2; 30; 1.3286355007568813]
[1; 60; 2.696493597333307]
[1; 60; 2.737196346282457]
[1; 60; 2.779470691242695]
[2; 40; 1.882277351470921]
[1; 80; 3.8255208037465915]
[1; 120; 5.833525098135961]
[2; 60; 2.9664110569622735]
[2; 70; 3.521265684871751]
[1; 140; 7.168858998795633]
[1; 140; 7.301008499919536]
[2; 70; 3.71971068856988]
[2; 70; 3.792293260199714]
[1; 140; 7.7370468738184925]
[1; 140; 7.8974072788647645]
[2; 80; 4.609339282174793]
[2; 90; 5.3001092923129915]
[1; 180; 10.842522333617103]
[2; 90; 5.549582441679448]
[2; 100; 6.31752994935537]
[1; 200; 12.956993748699993]
[1; 1040; 69.16130070822135]
[2; 520; 35.53467393396166]
[2; 520; 36.557341454118664]
[1; 1040; 75.31382489855959]
[2; 520; 38.84307762167113]
[1; 1080; 83.34129489717526]
[2; 540; 43.12024086156382]
[1; 1080; 89.40570613612228]
[2; 560; 48.15912248490351]
[2; 560; 50.145410489164966]
[2; 600; 56.089327107760475]
[1; 1240; 121.37413474804102]
[2; 620; 63.76063107179843]
[1; 1240; 134.5108571005884]
[1; 1280; 147.14245522673508]
[1; 1280; 156.79532941293976]
[2; 640; 84.10234783552015]
[2; 660; 93.81531974792725]
[2; 660; 102.5498574671842]
[1; 1320; 227.29833258278708]
[1; 1320; 256.67510431798223]
[1; 1360; 306.870682835888]
[1; 1400; 382.68110390420253]
[1; 1400; 501.4541048916497]
[1; 1400; 796.0087736187764]


Jobs: [[1; 20; 0.8378632557730508], [2; 10; 0.4246121648005207], [2; 10; 0.4304892662552785], [1; 40; 1.7462961837414346], [2; 30; 1.3286355007568813], [1; 60; 2.696493597333307], [1; 60; 2.779470691242695], [2; 40; 1.882277351470921], [1; 80; 3.8255208037465915], [2; 60; 2.9664110569622735], [2; 70; 3.521265684871751], [1; 140; 7.168858998795633], [2; 70; 3.71971068856988], [2; 70; 3.792293260199714], [1; 140; 7.7370468738184925], [2; 80; 4.609339282174793], [2; 90; 5.3001092923129915], [1; 180; 10.842522333617103], [2; 90; 5.549582441679448], [2; 100; 6.31752994935537], [1; 200; 12.956993748699993], [2; 520; 35.53467393396166], [2; 520; 36.557341454118664], [1; 1040; 75.31382489855959], [2; 520; 38.84307762167113], [1; 1080; 83.34129489717526], [2; 540; 43.12024086156382], [1; 1080; 89.40570613612228], [2; 560; 48.15912248490351], [2; 560; 50.145410489164966], [2; 600; 56.089327107760475], [1; 1240; 121.37413474804102], [2; 620; 63.76063107179843], [1; 1240; 134.5108571005884], [1; 1280; 156.79532941293976], [2; 640; 84.10234783552015], [2; 660; 93.81531974792725], [2; 660; 102.5498574671842], [1; 1320; 227.29833258278708], [1; 1360; 306.870682835888], [1; 1400; 501.4541048916497]];
Intervals[0.0=0.8378632557730508, 0.8378632557730508=1.2624754205735715, 1.2624754205735715=1.6929646868288502, 1.6929646868288502=3.4392608705702847, 3.4392608705702847=4.767896371327166, 4.767896371327166=7.464389968660473, 7.464389968660473=10.243860659903168, 10.243860659903168=12.126138011374088, 12.126138011374088=15.95165881512068, 17.95966310951005=20.926074166472322, 20.926074166472322=24.447339851344072, 24.447339851344072=31.616198850139703, 31.74834835126361=35.46805903983349, 35.46805903983349=39.260352300033205, 39.260352300033205=46.9973991738517, 47.157759578897966=51.76709886107276, 51.76709886107276=57.06720815338575, 57.06720815338575=67.90973048700285, 67.90973048700285=73.4593129286823, 73.4593129286823=79.77684287803767, 79.77684287803767=92.73383662673766, 148.938143586259=184.47281752022067, 184.47281752022067=221.03015897433934, 221.03015897433934=296.34398387289895, 296.34398387289895=335.18706149457006, 335.18706149457006=418.5283563917453, 418.5283563917453=461.64859725330916, 461.64859725330916=551.0543033894314, 551.0543033894314=599.2134258743349, 599.2134258743349=649.3588363634999, 649.3588363634999=705.4481634712604, 705.4481634712604=826.8222982193014, 826.8222982193014=890.5829292910998, 890.5829292910998=1025.0937863916884, 1025.0937863916884=1181.889115804628, 1181.889115804628=1265.9914636401481, 1265.9914636401481=1359.8067833880755, 1359.8067833880755=1462.3566408552597, 1462.3566408552597=1689.6549734380467, 1689.6549734380467=1996.5256562739346, 1996.5256562739346=2497.9797611655845];

Jobs: [[2; 10; 0.4246121648005207], [2; 10; 0.4304892662552785], [2; 30; 1.3286355007568813], [1; 60; 2.737196346282457], [2; 40; 1.882277351470921], [1; 120; 5.833525098135961], [2; 60; 2.9664110569622735], [2; 70; 3.521265684871751], [1; 140; 7.301008499919536], [2; 70; 3.71971068856988], [2; 70; 3.792293260199714], [1; 140; 7.8974072788647645], [2; 80; 4.609339282174793], [2; 90; 5.3001092923129915], [2; 90; 5.549582441679448], [2; 100; 6.31752994935537], [1; 1040; 69.16130070822135], [2; 520; 35.53467393396166], [2; 520; 36.557341454118664], [2; 520; 38.84307762167113], [2; 540; 43.12024086156382], [2; 560; 48.15912248490351], [2; 560; 50.145410489164966], [2; 600; 56.089327107760475], [2; 620; 63.76063107179843], [1; 1280; 147.14245522673508], [2; 640; 84.10234783552015], [2; 660; 93.81531974792725], [2; 660; 102.5498574671842], [1; 1320; 256.67510431798223], [1; 1400; 382.68110390420253], [1; 1400; 796.0087736187764]];
Intervals[0.8378632557730508=1.2624754205735715, 1.2624754205735715=1.6929646868288502, 3.4392608705702847=4.767896371327166, 4.767896371327166=7.505092717609623, 10.243860659903168=12.126138011374088, 12.126138011374088=17.95966310951005, 17.95966310951005=20.926074166472322, 20.926074166472322=24.447339851344072, 24.447339851344072=31.74834835126361, 31.74834835126361=35.46805903983349, 35.46805903983349=39.260352300033205, 39.260352300033205=47.157759578897966, 47.157759578897966=51.76709886107276, 51.76709886107276=57.06720815338575, 67.90973048700285=73.4593129286823, 73.4593129286823=79.77684287803767, 79.77684287803767=148.938143586259, 148.938143586259=184.47281752022067, 184.47281752022067=221.03015897433934, 296.34398387289895=335.18706149457006, 418.5283563917453=461.64859725330916, 551.0543033894314=599.2134258743349, 599.2134258743349=649.3588363634999, 649.3588363634999=705.4481634712604, 826.8222982193014=890.5829292910998, 890.5829292910998=1037.725384517835, 1181.889115804628=1265.9914636401481, 1265.9914636401481=1359.8067833880755, 1359.8067833880755=1462.3566408552597, 1462.3566408552597=1719.031745173242, 1719.031745173242=2101.7128490774444, 2101.7128490774444=2897.721622696221];
