1.107756170230516
524.4086725100999
580.9169426954572
[1; 10; 0.035303674025437444]
[2; 20; 0.07156475403386492]
[2; 20; 0.07255528929146735]
[2; 20; 0.07358082694029981]
[1; 60; 0.2239301666192173]
[2; 30; 0.1136177416971245]
[1; 70; 0.2691097893793791]
[1; 70; 0.2732660275987717]
[1; 70; 0.27758655072143906]
[2; 40; 0.16118971503099425]
[2; 40; 0.16386513914197595]
[1; 80; 0.33330883294339064]
[2; 50; 0.2119568779598828]
[2; 50; 0.21575892135141111]
[1; 100; 0.43947236763472847]
[1; 110; 0.49258429696774914]
[1; 110; 0.502196075412846]
[2; 60; 0.2794313942937084]
[1; 120; 0.57044595004485]
[2; 60; 0.29132428896241025]
[1; 130; 0.6451525573614082]
[2; 70; 0.3553306050433422]
[2; 70; 0.3637412819756713]
[2; 70; 0.3726680016312222]
[2; 70; 0.3821633618032133]
[2; 80; 0.44832871429057436]
[2; 80; 0.46069737018852924]
[2; 80; 0.4739559760783463]
[1; 170; 1.0374496809782914]
[2; 90; 0.5665386633781323]
[2; 100; 0.6502992356372199]
[2; 100; 0.6729211420908264]
[2; 100; 0.6976188986943233]
[2; 110; 0.7971865784046531]
[2; 120; 0.9055265011921937]
[2; 140; 1.102893990407433]
[2; 140; 1.1548065873048843]
[2; 150; 1.299956834035981]
[2; 150; 1.3712090438929767]
[2; 150; 1.4531018073079525]
[2; 150; 1.5484285361169585]
[2; 150; 1.6611014604903982]
[2; 170; 2.0363644374848926]
[2; 170; 2.2259571611163462]
[2; 180; 2.6119904144928245]
[2; 180; 2.9495725045555665]
[2; 190; 3.612824350284049]
[2; 190; 4.376625016791027]
[2; 200; 6.036843341281291]
[2; 200; 9.58289147051714]


Jobs: [[1; 10; 0.035303674025437444], [2; 20; 0.07156475403386492], [2; 20; 0.07255528929146735], [2; 20; 0.07358082694029981], [1; 60; 0.2239301666192173], [2; 30; 0.1136177416971245], [1; 70; 0.2691097893793791], [1; 70; 0.27758655072143906], [2; 40; 0.16118971503099425], [2; 40; 0.16386513914197595], [1; 80; 0.33330883294339064], [2; 50; 0.2119568779598828], [2; 50; 0.21575892135141111], [1; 100; 0.43947236763472847], [1; 110; 0.502196075412846], [2; 60; 0.2794313942937084], [1; 120; 0.57044595004485], [2; 60; 0.29132428896241025], [1; 130; 0.6451525573614082], [2; 70; 0.3553306050433422], [2; 70; 0.3637412819756713], [2; 70; 0.3726680016312222], [2; 70; 0.3821633618032133], [2; 80; 0.44832871429057436], [2; 80; 0.46069737018852924], [2; 80; 0.4739559760783463], [1; 170; 1.0374496809782914], [2; 90; 0.5665386633781323], [2; 100; 0.6502992356372199], [2; 100; 0.6729211420908264], [2; 100; 0.6976188986943233], [2; 110; 0.7971865784046531], [2; 120; 0.9055265011921937], [2; 140; 1.102893990407433], [2; 140; 1.1548065873048843], [2; 150; 1.299956834035981], [2; 150; 1.3712090438929767], [2; 150; 1.4531018073079525], [2; 150; 1.5484285361169585], [2; 150; 1.6611014604903982], [2; 170; 2.0363644374848926], [2; 170; 2.2259571611163462], [2; 180; 2.6119904144928245], [2; 180; 2.9495725045555665], [2; 190; 3.612824350284049], [2; 190; 4.376625016791027], [2; 200; 6.036843341281291], [2; 200; 9.58289147051714]];
Intervals[0.0=0.035303674025437444, 0.035303674025437444=0.10686842805930236, 0.10686842805930236=0.1794237173507697, 0.1794237173507697=0.2530045442910695, 0.2530045442910695=0.47693471091028683, 0.47693471091028683=0.5905524526074113, 0.5905524526074113=0.8596622419867904, 0.8596622419867904=1.1372487927082295, 1.1372487927082295=1.2984385077392238, 1.2984385077392238=1.4623036468811996, 1.4623036468811996=1.7956124798245903, 1.7956124798245903=2.007569357784473, 2.007569357784473=2.223328279135884, 2.223328279135884=2.6628006467706125, 2.6628006467706125=3.1649967221834583, 3.1649967221834583=3.444428116477167, 3.444428116477167=4.014874066522017, 4.014874066522017=4.306198355484427, 4.306198355484427=4.951350912845835, 4.951350912845835=5.306681517889177, 5.306681517889177=5.670422799864848, 5.670422799864848=6.043090801496071, 6.043090801496071=6.425254163299284, 6.425254163299284=6.873582877589858, 6.873582877589858=7.334280247778388, 7.334280247778388=7.808236223856734, 7.808236223856734=8.845685904835026, 8.845685904835026=9.412224568213158, 9.412224568213158=10.062523803850379, 10.062523803850379=10.735444945941206, 10.735444945941206=11.433063844635528, 11.433063844635528=12.230250423040182, 12.230250423040182=13.135776924232376, 13.135776924232376=14.238670914639808, 14.238670914639808=15.393477501944693, 15.393477501944693=16.693434335980673, 16.693434335980673=18.06464337987365, 18.06464337987365=19.517745187181603, 19.517745187181603=21.06617372329856, 21.06617372329856=22.72727518378896, 22.72727518378896=24.763639621273853, 24.763639621273853=26.9895967823902, 26.9895967823902=29.601587196883024, 29.601587196883024=32.55115970143859, 32.55115970143859=36.16398405172264, 36.16398405172264=40.54060906851367, 40.54060906851367=46.57745240979496, 46.57745240979496=56.1603438803121];

Jobs: [[2; 20; 0.07156475403386492], [2; 20; 0.07255528929146735], [2; 20; 0.07358082694029981], [2; 30; 0.1136177416971245], [1; 70; 0.2732660275987717], [2; 40; 0.16118971503099425], [2; 40; 0.16386513914197595], [2; 50; 0.2119568779598828], [2; 50; 0.21575892135141111], [1; 110; 0.49258429696774914], [2; 60; 0.2794313942937084], [2; 60; 0.29132428896241025], [2; 70; 0.3553306050433422], [2; 70; 0.3637412819756713], [2; 70; 0.3726680016312222], [2; 70; 0.3821633618032133], [2; 80; 0.44832871429057436], [2; 80; 0.46069737018852924], [2; 80; 0.4739559760783463], [2; 90; 0.5665386633781323], [2; 100; 0.6502992356372199], [2; 100; 0.6729211420908264], [2; 100; 0.6976188986943233], [2; 110; 0.7971865784046531], [2; 120; 0.9055265011921937], [2; 140; 1.102893990407433], [2; 140; 1.1548065873048843], [2; 150; 1.299956834035981], [2; 150; 1.3712090438929767], [2; 150; 1.4531018073079525], [2; 150; 1.5484285361169585], [2; 150; 1.6611014604903982], [2; 170; 2.0363644374848926], [2; 170; 2.2259571611163462], [2; 180; 2.6119904144928245], [2; 180; 2.9495725045555665], [2; 190; 3.612824350284049], [2; 190; 4.376625016791027], [2; 200; 6.036843341281291], [2; 200; 9.58289147051714]];
Intervals[0.035303674025437444=0.10686842805930236, 0.10686842805930236=0.1794237173507697, 0.1794237173507697=0.2530045442910695, 0.47693471091028683=0.5905524526074113, 0.5905524526074113=0.863818480206183, 1.1372487927082295=1.2984385077392238, 1.2984385077392238=1.4623036468811996, 1.7956124798245903=2.007569357784473, 2.007569357784473=2.223328279135884, 2.223328279135884=2.715912576103633, 3.1649967221834583=3.444428116477167, 4.014874066522017=4.306198355484427, 4.951350912845835=5.306681517889177, 5.306681517889177=5.670422799864848, 5.670422799864848=6.043090801496071, 6.043090801496071=6.425254163299284, 6.425254163299284=6.873582877589858, 6.873582877589858=7.334280247778388, 7.334280247778388=7.808236223856734, 8.845685904835026=9.412224568213158, 9.412224568213158=10.062523803850379, 10.062523803850379=10.735444945941206, 10.735444945941206=11.433063844635528, 11.433063844635528=12.230250423040182, 12.230250423040182=13.135776924232376, 13.135776924232376=14.238670914639808, 14.238670914639808=15.393477501944693, 15.393477501944693=16.693434335980673, 16.693434335980673=18.06464337987365, 18.06464337987365=19.517745187181603, 19.517745187181603=21.06617372329856, 21.06617372329856=22.72727518378896, 22.72727518378896=24.763639621273853, 24.763639621273853=26.9895967823902, 26.9895967823902=29.601587196883024, 29.601587196883024=32.55115970143859, 32.55115970143859=36.16398405172264, 36.16398405172264=40.54060906851367, 40.54060906851367=46.57745240979496, 46.57745240979496=56.1603438803121];
