1.078846818245687
6208.715264498305
6698.252708497425
[1; 10; 0.11552815189098091]
[2; 10; 0.11630481537974845]
[2; 10; 0.11709466510635486]
[2; 10; 0.11789806296111041]
[2; 10; 0.11871538463275903]
[2; 10; 0.11954702028512088]
[1; 20; 0.24078675054890705]
[1; 20; 0.24250974182089238]
[1; 30; 0.36639583579200924]
[1; 40; 0.49210021610094873]
[1; 40; 0.49573868566155055]
[2; 20; 0.24972258231338312]
[2; 20; 0.25161085500918695]
[2; 30; 0.3803028490411788]
[1; 60; 0.7664904982571354]
[1; 60; 0.7724904620266976]
[1; 60; 0.7786092381902495]
[1; 60; 0.7848506364188508]
[1; 60; 0.7912186363923587]
[2; 30; 0.39885869878714514]
[1; 70; 0.9384098146239215]
[1; 70; 0.9463122711932116]
[1; 70; 0.9543832256594976]
[1; 70; 0.9626285009421923]
[1; 90; 1.2484982575059693]
[1; 90; 1.2595715031176442]
[1; 90; 1.2708935890232773]
[1; 90; 1.2824735847424784]
[2; 50; 0.7190672336739151]
[2; 50; 0.7258032877830378]
[2; 50; 0.7326993455566353]
[2; 50; 0.739761575939559]
[2; 50; 0.7469964797115615]
[2; 50; 0.7544109125436023]
[1; 120; 1.8288290640691816]
[2; 60; 0.9237692578682881]
[1; 120; 1.8667339358190136]
[1; 130; 2.043638827367001]
[1; 130; 2.065554786389007]
[1; 130; 2.0880679221723746]
[1; 130; 2.1112047031138994]
[2; 70; 1.1496117435192503]
[2; 70; 1.16278798862076]
[1; 140; 2.352696778785775]
[1; 140; 2.3806223705117486]
[1; 140; 2.4093916559354187]
[2; 70; 1.2195230860770638]
[1; 160; 2.822434652593909]
[1; 170; 3.037161259443982]
[1; 170; 3.0767340883958534]
[1; 170; 3.117621667342645]
[1; 170; 3.1598953076847596]
[1; 170; 3.203631749664468]
[1; 170; 3.248913699531386]
[1; 180; 3.4897028110380184]
[1; 180; 3.54121250004215]
[2; 90; 1.7973330116769066]
[2; 90; 1.8250917348855091]
[1; 180; 3.707895371326082]
[2; 90; 1.8839719436191118]
[1; 190; 4.043288830187803]
[1; 190; 4.112112827351587]
[1; 190; 4.1839423888403715]
[1; 190; 4.25899317588318]
[2; 100; 2.282896166339672]
[1; 200; 4.652350847652057]
[2; 100; 2.371565995421349]
[1; 200; 4.83847530028906]
[1; 200; 4.938759022439733]
[2; 100; 2.522202954470661]
[2; 110; 2.8357395563904113]
[2; 110; 2.900559948554056]
[2; 120; 3.23914496167661]
[2; 120; 3.318638108122691]
[2; 120; 3.4031950434624276]
[2; 120; 3.4933524101495768]
[2; 120; 3.589728289084306]
[2; 120; 3.6930386088654212]
[2; 130; 4.1211275639055795]
[2; 130; 4.250940064966862]
[2; 130; 4.3914827500983185]
[2; 130; 4.544248902234428]
[2; 130; 4.711033308776293]
[2; 140; 5.270476898321403]
[2; 140; 5.487853887346787]
[2; 150; 6.1383490294390555]
[2; 150; 6.427277649553679]
[2; 150; 6.752794240056525]
[2; 150; 7.12292307796554]
[2; 160; 8.051547360293982]
[2; 160; 8.579746876561567]
[2; 160; 9.204060591026114]
[2; 170; 10.578158969641077]
[2; 170; 11.563022942485636]
[2; 170; 12.814526998657872]
[2; 180; 15.321936619659043]
[2; 180; 17.779532480783033]
[2; 190; 22.73494583086727]
[2; 190; 29.791206817025415]
[2; 200; 49.779571621840354]


Jobs: [[1; 10; 0.11552815189098091], [2; 10; 0.11630481537974845], [2; 10; 0.11709466510635486], [2; 10; 0.11789806296111041], [2; 10; 0.11871538463275903], [2; 10; 0.11954702028512088], [1; 20; 0.24078675054890705], [1; 30; 0.36639583579200924], [1; 40; 0.49573868566155055], [2; 20; 0.24972258231338312], [2; 20; 0.25161085500918695], [2; 30; 0.3803028490411788], [1; 60; 0.7664904982571354], [1; 60; 0.7786092381902495], [1; 60; 0.7912186363923587], [2; 30; 0.39885869878714514], [1; 70; 0.9384098146239215], [1; 70; 0.9543832256594976], [1; 90; 1.2484982575059693], [1; 90; 1.2708935890232773], [2; 50; 0.7190672336739151], [2; 50; 0.7258032877830378], [2; 50; 0.7326993455566353], [2; 50; 0.739761575939559], [2; 50; 0.7469964797115615], [2; 50; 0.7544109125436023], [1; 120; 1.8288290640691816], [2; 60; 0.9237692578682881], [1; 120; 1.8667339358190136], [1; 130; 2.065554786389007], [1; 130; 2.1112047031138994], [2; 70; 1.1496117435192503], [2; 70; 1.16278798862076], [1; 140; 2.352696778785775], [1; 140; 2.4093916559354187], [2; 70; 1.2195230860770638], [1; 160; 2.822434652593909], [1; 170; 3.0767340883958534], [1; 170; 3.1598953076847596], [1; 170; 3.248913699531386], [1; 180; 3.54121250004215], [2; 90; 1.7973330116769066], [2; 90; 1.8250917348855091], [1; 180; 3.707895371326082], [2; 90; 1.8839719436191118], [1; 190; 4.043288830187803], [1; 190; 4.1839423888403715], [2; 100; 2.282896166339672], [1; 200; 4.652350847652057], [2; 100; 2.371565995421349], [1; 200; 4.83847530028906], [2; 100; 2.522202954470661], [2; 110; 2.8357395563904113], [2; 110; 2.900559948554056], [2; 120; 3.23914496167661], [2; 120; 3.318638108122691], [2; 120; 3.4031950434624276], [2; 120; 3.4933524101495768], [2; 120; 3.589728289084306], [2; 120; 3.6930386088654212], [2; 130; 4.1211275639055795], [2; 130; 4.250940064966862], [2; 130; 4.3914827500983185], [2; 130; 4.544248902234428], [2; 130; 4.711033308776293], [2; 140; 5.270476898321403], [2; 140; 5.487853887346787], [2; 150; 6.1383490294390555], [2; 150; 6.427277649553679], [2; 150; 6.752794240056525], [2; 150; 7.12292307796554], [2; 160; 8.051547360293982], [2; 160; 8.579746876561567], [2; 160; 9.204060591026114], [2; 170; 10.578158969641077], [2; 170; 11.563022942485636], [2; 170; 12.814526998657872], [2; 180; 15.321936619659043], [2; 180; 17.779532480783033], [2; 190; 22.73494583086727], [2; 190; 29.791206817025415], [2; 200; 49.779571621840354]];
Intervals[0.0=0.11552815189098091, 0.11552815189098091=0.23183296727072936, 0.23183296727072936=0.34892763237708424, 0.34892763237708424=0.4668256953381946, 0.4668256953381946=0.5855410799709536, 0.5855410799709536=0.7050881002560745, 0.7050881002560745=0.9458748508049816, 0.9458748508049816=1.3122706865969909, 1.3122706865969909=1.8080093722585415, 1.8080093722585415=2.0577319545719246, 2.0577319545719246=2.3093428095811115, 2.3093428095811115=2.68964565862229, 2.68964565862229=3.4561361568794258, 3.4561361568794258=4.234745395069675, 4.234745395069675=5.025964031462034, 5.025964031462034=5.424822730249179, 5.424822730249179=6.3632325448731, 6.3632325448731=7.317615770532598, 7.317615770532598=8.566114028038568, 8.566114028038568=9.837007617061845, 9.875808590244706=10.59487582391862, 10.59487582391862=11.320679111701658, 11.320679111701658=12.053378457258294, 12.053378457258294=12.793140033197853, 12.793140033197853=13.540136512909415, 13.540136512909415=14.294547425453016, 14.294547425453016=16.123376489522197, 16.123376489522197=17.047145747390484, 17.047145747390484=18.913879683209498, 18.913879683209498=20.979434469598505, 20.979434469598505=23.090639172712404, 23.090639172712404=24.240250916231656, 24.240250916231656=25.403038904852416, 25.403038904852416=27.75573568363819, 27.75573568363819=30.16512733957361, 30.16512733957361=31.384650425650673, 31.384650425650673=34.20708507824458, 34.20708507824458=37.283819166640434, 37.283819166640434=40.44371447432519, 40.44371447432519=43.692628173856576, 43.692628173856576=47.233840673898726, 47.233840673898726=49.03117368557563, 49.03117368557563=50.85626542046114, 50.85626542046114=54.564160791787224, 54.564160791787224=56.44813273540633, 56.44813273540633=60.49142156559414, 60.49142156559414=64.67536395443452, 64.8192387386411=67.10213490498077, 67.10213490498077=71.75448575263283, 71.75448575263283=74.12605174805418, 74.12605174805418=78.96452704834324, 79.06481077049392=81.58701372496458, 81.58701372496458=84.42275328135499, 84.42275328135499=87.32331322990905, 87.32331322990905=90.56245819158566, 90.56245819158566=93.88109629970836, 93.88109629970836=97.28429134317079, 97.28429134317079=100.77764375332038, 100.77764375332038=104.36737204240468, 104.36737204240468=108.0604106512701, 108.0604106512701=112.18153821517568, 112.18153821517568=116.43247828014253, 116.43247828014253=120.82396103024085, 120.82396103024085=125.36820993247528, 125.36820993247528=130.07924324125156, 130.07924324125156=135.34972013957295, 135.34972013957295=140.83757402691973, 140.83757402691973=146.9759230563588, 146.9759230563588=153.40320070591247, 153.40320070591247=160.15599494596898, 160.15599494596898=167.27891802393452, 167.27891802393452=175.33046538422852, 175.33046538422852=183.91021226079008, 183.91021226079008=193.1142728518162, 193.1142728518162=203.69243182145726, 203.69243182145726=215.2554547639429, 215.2554547639429=228.06998176260078, 228.06998176260078=243.39191838225983, 243.39191838225983=261.1714508630429, 261.1714508630429=283.90639669391015, 283.90639669391015=313.69760351093555, 313.69760351093555=363.4771751327759];

Jobs: [[2; 10; 0.11630481537974845], [2; 10; 0.11709466510635486], [2; 10; 0.11789806296111041], [2; 10; 0.11871538463275903], [2; 10; 0.11954702028512088], [1; 20; 0.24250974182089238], [1; 40; 0.49210021610094873], [2; 20; 0.24972258231338312], [2; 20; 0.25161085500918695], [2; 30; 0.3803028490411788], [1; 60; 0.7724904620266976], [1; 60; 0.7848506364188508], [2; 30; 0.39885869878714514], [1; 70; 0.9463122711932116], [1; 70; 0.9626285009421923], [1; 90; 1.2595715031176442], [1; 90; 1.2824735847424784], [2; 50; 0.7190672336739151], [2; 50; 0.7258032877830378], [2; 50; 0.7326993455566353], [2; 50; 0.739761575939559], [2; 50; 0.7469964797115615], [2; 50; 0.7544109125436023], [2; 60; 0.9237692578682881], [1; 130; 2.043638827367001], [1; 130; 2.0880679221723746], [2; 70; 1.1496117435192503], [2; 70; 1.16278798862076], [1; 140; 2.3806223705117486], [2; 70; 1.2195230860770638], [1; 170; 3.037161259443982], [1; 170; 3.117621667342645], [1; 170; 3.203631749664468], [1; 180; 3.4897028110380184], [2; 90; 1.7973330116769066], [2; 90; 1.8250917348855091], [2; 90; 1.8839719436191118], [1; 190; 4.112112827351587], [1; 190; 4.25899317588318], [2; 100; 2.282896166339672], [2; 100; 2.371565995421349], [1; 200; 4.938759022439733], [2; 100; 2.522202954470661], [2; 110; 2.8357395563904113], [2; 110; 2.900559948554056], [2; 120; 3.23914496167661], [2; 120; 3.318638108122691], [2; 120; 3.4031950434624276], [2; 120; 3.4933524101495768], [2; 120; 3.589728289084306], [2; 120; 3.6930386088654212], [2; 130; 4.1211275639055795], [2; 130; 4.250940064966862], [2; 130; 4.3914827500983185], [2; 130; 4.544248902234428], [2; 130; 4.711033308776293], [2; 140; 5.270476898321403], [2; 140; 5.487853887346787], [2; 150; 6.1383490294390555], [2; 150; 6.427277649553679], [2; 150; 6.752794240056525], [2; 150; 7.12292307796554], [2; 160; 8.051547360293982], [2; 160; 8.579746876561567], [2; 160; 9.204060591026114], [2; 170; 10.578158969641077], [2; 170; 11.563022942485636], [2; 170; 12.814526998657872], [2; 180; 15.321936619659043], [2; 180; 17.779532480783033], [2; 190; 22.73494583086727], [2; 190; 29.791206817025415], [2; 200; 49.779571621840354]];
Intervals[0.11552815189098091=0.23183296727072936, 0.23183296727072936=0.34892763237708424, 0.34892763237708424=0.4668256953381946, 0.4668256953381946=0.5855410799709536, 0.5855410799709536=0.7050881002560745, 0.7050881002560745=0.9475978420769668, 0.9475978420769668=1.4396980581779155, 1.8080093722585415=2.0577319545719246, 2.0577319545719246=2.3093428095811115, 2.3093428095811115=2.68964565862229, 2.68964565862229=3.462136120648988, 3.462136120648988=4.246986757067838, 5.025964031462034=5.424822730249179, 5.424822730249179=6.371135001442391, 6.371135001442391=7.333763502384583, 7.333763502384583=8.593335005502228, 8.593335005502228=9.875808590244706, 9.875808590244706=10.59487582391862, 10.59487582391862=11.320679111701658, 11.320679111701658=12.053378457258294, 12.053378457258294=12.793140033197853, 12.793140033197853=13.540136512909415, 13.540136512909415=14.294547425453016, 16.123376489522197=17.047145747390484, 17.047145747390484=19.090784574757485, 19.090784574757485=21.17885249692986, 23.090639172712404=24.240250916231656, 24.240250916231656=25.403038904852416, 25.403038904852416=27.783661275364164, 30.16512733957361=31.384650425650673, 31.384650425650673=34.42181168509465, 34.42181168509465=37.5394333524373, 37.5394333524373=40.74306510210177, 40.74306510210177=44.23276791313978, 47.233840673898726=49.03117368557563, 49.03117368557563=50.85626542046114, 54.564160791787224=56.44813273540633, 56.44813273540633=60.56024556275792, 60.56024556275792=64.8192387386411, 64.8192387386411=67.10213490498077, 71.75448575263283=74.12605174805418, 74.12605174805418=79.06481077049392, 79.06481077049392=81.58701372496458, 81.58701372496458=84.42275328135499, 84.42275328135499=87.32331322990905, 87.32331322990905=90.56245819158566, 90.56245819158566=93.88109629970836, 93.88109629970836=97.28429134317079, 97.28429134317079=100.77764375332038, 100.77764375332038=104.36737204240468, 104.36737204240468=108.0604106512701, 108.0604106512701=112.18153821517568, 112.18153821517568=116.43247828014253, 116.43247828014253=120.82396103024085, 120.82396103024085=125.36820993247528, 125.36820993247528=130.07924324125156, 130.07924324125156=135.34972013957295, 135.34972013957295=140.83757402691973, 140.83757402691973=146.9759230563588, 146.9759230563588=153.40320070591247, 153.40320070591247=160.15599494596898, 160.15599494596898=167.27891802393452, 167.27891802393452=175.33046538422852, 175.33046538422852=183.91021226079008, 183.91021226079008=193.1142728518162, 193.1142728518162=203.69243182145726, 203.69243182145726=215.2554547639429, 215.2554547639429=228.06998176260078, 228.06998176260078=243.39191838225983, 243.39191838225983=261.1714508630429, 261.1714508630429=283.90639669391015, 283.90639669391015=313.69760351093555, 313.69760351093555=363.4771751327759];
