1.0904394837830995
115104.0204262966
125513.9686150102
[1; 60; 7.707583530649796]
[1; 80; 10.416126834636367]
[2; 40; 5.280148768666445]
[2; 60; 8.03217208339296]
[2; 70; 9.506189734313278]
[2; 90; 12.40265013300593]
[2; 90; 12.5898643563837]
[2; 90; 12.784307210118769]
[1; 180; 25.972871732380998]
[2; 520; 76.24787860059561]
[2; 520; 77.513439575004]
[2; 520; 78.83285675480946]
[2; 520; 80.20989327334611]
[2; 520; 81.64868354800204]
[1; 1040; 166.3075623865251]
[2; 520; 84.73021465541059]
[1; 1080; 179.41199277281677]
[1; 1080; 183.01841426358533]
[2; 540; 93.4058550079707]
[2; 540; 95.40393544027658]
[1; 1120; 202.2479735201901]
[1; 1120; 206.87103311264735]
[2; 560; 105.88383567304513]
[2; 580; 112.35674351707496]
[1; 1160; 230.4390537196545]
[1; 1160; 236.54383995726758]
[1; 1160; 243.06969758796154]
[1; 1160; 250.0651039710215]
[1; 1200; 266.46885231280555]
[1; 1240; 284.02450693980404]
[2; 620; 146.70739927746462]
[1; 1240; 303.6217952131819]
[2; 640; 162.4595689123919]
[1; 1280; 337.53930200092486]
[1; 1280; 351.46086518433606]
[2; 640; 183.45636909964932]
[2; 660; 198.0944178720019]
[1; 1320; 416.25425784625816]
[1; 1320; 439.069658294477]
[2; 680; 239.69599733759367]
[2; 680; 255.42059090694332]
[1; 1360; 548.0130425118913]
[1; 1360; 592.7786813142229]
[2; 680; 323.98423541962103]
[1; 1400; 739.2208276133023]
[1; 1400; 834.7601185000431]
[2; 700; 484.32665559688496]
[2; 700; 586.7199596950794]
[2; 700; 768.8206425907351]
[1; 1400; 2440.8533936468]


Jobs: [[1; 60; 7.707583530649796], [2; 40; 5.280148768666445], [2; 60; 8.03217208339296], [2; 70; 9.506189734313278], [2; 90; 12.40265013300593], [2; 90; 12.5898643563837], [2; 90; 12.784307210118769], [1; 180; 25.972871732380998], [2; 520; 76.24787860059561], [2; 520; 77.513439575004], [2; 520; 78.83285675480946], [2; 520; 80.20989327334611], [2; 520; 81.64868354800204], [1; 1040; 166.3075623865251], [2; 520; 84.73021465541059], [1; 1080; 179.41199277281677], [2; 540; 93.4058550079707], [2; 540; 95.40393544027658], [1; 1120; 202.2479735201901], [2; 560; 105.88383567304513], [2; 580; 112.35674351707496], [1; 1160; 230.4390537196545], [1; 1160; 243.06969758796154], [1; 1200; 266.46885231280555], [2; 620; 146.70739927746462], [1; 1240; 303.6217952131819], [2; 640; 162.4595689123919], [1; 1280; 337.53930200092486], [2; 640; 183.45636909964932], [2; 660; 198.0944178720019], [1; 1320; 416.25425784625816], [2; 680; 239.69599733759367], [2; 680; 255.42059090694332], [1; 1360; 548.0130425118913], [2; 680; 323.98423541962103], [1; 1400; 739.2208276133023], [2; 700; 484.32665559688496], [2; 700; 586.7199596950794], [2; 700; 768.8206425907351], [1; 1400; 2440.8533936468]];
Intervals[0.0=7.707583530649796, 10.416126834636367=15.696275603302812, 15.696275603302812=23.728447686695773, 23.728447686695773=33.234637421009054, 33.234637421009054=45.63728755401498, 45.63728755401498=58.22715191039868, 58.22715191039868=71.01145912051746, 71.01145912051746=96.98433085289845, 96.98433085289845=173.23220945349408, 173.23220945349408=250.74564902849806, 250.74564902849806=329.5785057833075, 329.5785057833075=409.7883990566536, 409.7883990566536=491.43708260465564, 491.43708260465564=657.7446449911807, 657.7446449911807=742.4748596465913, 742.4748596465913=921.8868524194081, 925.4932739101766=1018.8991289181473, 1018.8991289181473=1114.3030643584239, 1114.3030643584239=1316.551037878614, 1321.1740974710713=1427.0579331441163, 1427.0579331441163=1539.4146766611912, 1539.4146766611912=1769.8537303808457, 1769.8537303808457=2012.9234279688073, 2012.9234279688073=2279.392280281613, 2310.048127529284=2456.7555268067485, 2456.7555268067485=2760.3773220199305, 2760.3773220199305=2922.8368909323226, 2922.8368909323226=3260.3761929332477, 3274.2977561166585=3457.754125216308, 3457.754125216308=3655.8485430883097, 3655.8485430883097=4072.1028009345678, 4094.9182013827867=4334.61419872038, 4334.61419872038=4590.034789627323, 4590.034789627323=5138.047832139215, 5182.813470941546=5506.797706361167, 5506.797706361167=6246.018533974469, 6341.55782486121=6825.884480458095, 6825.884480458095=7412.604440153174, 7412.604440153174=8181.42508274391, 8181.42508274391=10622.278476390711];

Jobs: [[1; 80; 10.416126834636367], [2; 40; 5.280148768666445], [2; 60; 8.03217208339296], [2; 70; 9.506189734313278], [2; 90; 12.40265013300593], [2; 90; 12.5898643563837], [2; 90; 12.784307210118769], [2; 520; 76.24787860059561], [2; 520; 77.513439575004], [2; 520; 78.83285675480946], [2; 520; 80.20989327334611], [2; 520; 81.64868354800204], [2; 520; 84.73021465541059], [1; 1080; 183.01841426358533], [2; 540; 93.4058550079707], [2; 540; 95.40393544027658], [1; 1120; 206.87103311264735], [2; 560; 105.88383567304513], [2; 580; 112.35674351707496], [1; 1160; 236.54383995726758], [1; 1160; 250.0651039710215], [1; 1240; 284.02450693980404], [2; 620; 146.70739927746462], [2; 640; 162.4595689123919], [1; 1280; 351.46086518433606], [2; 640; 183.45636909964932], [2; 660; 198.0944178720019], [1; 1320; 439.069658294477], [2; 680; 239.69599733759367], [2; 680; 255.42059090694332], [1; 1360; 592.7786813142229], [2; 680; 323.98423541962103], [1; 1400; 834.7601185000431], [2; 700; 484.32665559688496], [2; 700; 586.7199596950794], [2; 700; 768.8206425907351]];
Intervals[0.0=10.416126834636367, 10.416126834636367=15.696275603302812, 15.696275603302812=23.728447686695773, 23.728447686695773=33.234637421009054, 33.234637421009054=45.63728755401498, 45.63728755401498=58.22715191039868, 58.22715191039868=71.01145912051746, 96.98433085289845=173.23220945349408, 173.23220945349408=250.74564902849806, 250.74564902849806=329.5785057833075, 329.5785057833075=409.7883990566536, 409.7883990566536=491.43708260465564, 657.7446449911807=742.4748596465913, 742.4748596465913=925.4932739101766, 925.4932739101766=1018.8991289181473, 1018.8991289181473=1114.3030643584239, 1114.3030643584239=1321.1740974710713, 1321.1740974710713=1427.0579331441163, 1427.0579331441163=1539.4146766611912, 1539.4146766611912=1775.9585166184588, 1775.9585166184588=2026.0236205894803, 2026.0236205894803=2310.048127529284, 2310.048127529284=2456.7555268067485, 2760.3773220199305=2922.8368909323226, 2922.8368909323226=3274.2977561166585, 3274.2977561166585=3457.754125216308, 3457.754125216308=3655.8485430883097, 3655.8485430883097=4094.9182013827867, 4094.9182013827867=4334.61419872038, 4334.61419872038=4590.034789627323, 4590.034789627323=5182.813470941546, 5182.813470941546=5506.797706361167, 5506.797706361167=6341.55782486121, 6341.55782486121=6825.884480458095, 6825.884480458095=7412.604440153174, 7412.604440153174=8181.42508274391];
