1.0000000000000002
699640.0295422722
699640.0295422723
[2; 10; 2.6952750851373404]
[2; 10; 2.713394666525488]
[2; 20; 5.463643766438499]
[2; 20; 5.501130356259805]
[2; 30; 8.308899948259743]
[2; 30; 8.367106198867075]
[2; 30; 8.426342657130927]
[2; 30; 8.486638810552563]
[2; 40; 11.397367093002838]
[2; 40; 11.48071210469293]
[2; 40; 11.56559770352061]
[2; 40; 11.652069963701473]
[2; 40; 11.740176875612397]
[2; 40; 11.829968448379638]
[2; 40; 11.921496819213779]
[2; 50; 15.018520462524414]
[2; 50; 15.137479814820905]
[2; 50; 15.258823147352265]
[2; 50; 15.382627831822504]
[2; 50; 15.508974735233885]
[2; 60; 18.765538108032313]
[2; 60; 18.923564854542324]
[2; 70; 22.265787928646585]
[2; 70; 22.458150436622276]
[2; 70; 22.654722243016316]
[2; 70; 22.855652682568806]
[2; 70; 23.061098473030764]
[2; 80; 26.595684784086533]
[2; 80; 26.841374577359428]
[2; 80; 27.092818313145496]
[2; 80; 27.35023467303512]
[2; 80; 27.613853931683785]
[2; 90; 31.369408594307252]
[2; 90; 31.680770668052425]
[2; 90; 31.999975746250463]
[2; 90; 32.32734477780455]
[2; 90; 32.6632170521167]
[2; 100; 36.675501726789214]
[2; 520; 192.75780878046214]
[2; 520; 194.85873718525426]
[2; 520; 197.01786422749478]
[2; 520; 199.23781301901604]
[2; 540; 209.27219403276254]
[2; 540; 211.71272046519738]
[2; 540; 214.22566775539497]
[2; 540; 216.81453672389347]
[2; 540; 219.48306517998398]
[2; 540; 222.23524872434126]
[2; 540; 225.07536381151192]
[2; 560; 236.45273386178877]
[2; 560; 239.5950203074787]
[2; 560; 242.8438281478711]
[2; 560; 246.20505501323262]
[2; 560; 249.6850570325841]
[2; 580; 262.3367914399564]
[2; 580; 266.20900843753924]
[2; 580; 270.2273522782778]
[2; 580; 274.4008505819047]
[2; 580; 278.7393160334514]
[2; 580; 283.253435386336]
[2; 580; 287.9548710232517]
[2; 580; 292.8563772126281]
[2; 580; 297.9719336279236]
[2; 580; 303.3168992266591]
[2; 580; 308.9081902427031]
[2; 580; 314.76448686375977]
[2; 600; 331.9722146814908]
[2; 600; 338.645301083699]
[2; 600; 345.66416739463784]
[2; 620; 364.8270154395735]
[2; 620; 372.8898966488017]
[2; 620; 381.4135529486783]
[2; 620; 390.4416133688379]
[2; 640; 412.9275834736729]
[2; 640; 423.44873396920804]
[2; 640; 434.6667283227815]
[2; 640; 446.65847237473577]
[2; 640; 459.5130468433092]
[2; 660; 488.1259671774117]
[2; 660; 503.5015777717623]
[2; 660; 520.148122448115]
[2; 660; 538.2424727459595]
[2; 660; 557.997211829116]
[2; 660; 579.6703470905725]
[2; 660; 603.5784292449558]
[2; 660; 630.1145764156289]
[2; 680; 679.7668562900337]
[2; 680; 714.1944011171557]
[2; 680; 753.3402619755499]
[2; 680; 798.332027541643]
[2; 680; 850.7043942307981]
[2; 680; 912.6067356302206]
[2; 680; 987.1550042417491]
[2; 700; 1110.7997587316777]
[2; 700; 1231.025275066163]
[2; 700; 1390.1269635605252]
[2; 700; 1613.099447841643]
[2; 700; 1954.1308166394688]
[2; 700; 2560.6357604331456]
[2; 700; 4064.7558998189666]


Jobs: [[2; 10; 2.6952750851373404], [2; 10; 2.713394666525488], [2; 20; 5.463643766438499], [2; 20; 5.501130356259805], [2; 30; 8.308899948259743], [2; 30; 8.367106198867075], [2; 30; 8.426342657130927], [2; 30; 8.486638810552563], [2; 40; 11.397367093002838], [2; 40; 11.48071210469293], [2; 40; 11.56559770352061], [2; 40; 11.652069963701473], [2; 40; 11.740176875612397], [2; 40; 11.829968448379638], [2; 40; 11.921496819213779], [2; 50; 15.018520462524414], [2; 50; 15.137479814820905], [2; 50; 15.258823147352265], [2; 50; 15.382627831822504], [2; 50; 15.508974735233885], [2; 60; 18.765538108032313], [2; 60; 18.923564854542324], [2; 70; 22.265787928646585], [2; 70; 22.458150436622276], [2; 70; 22.654722243016316], [2; 70; 22.855652682568806], [2; 70; 23.061098473030764], [2; 80; 26.595684784086533], [2; 80; 26.841374577359428], [2; 80; 27.092818313145496], [2; 80; 27.35023467303512], [2; 80; 27.613853931683785], [2; 90; 31.369408594307252], [2; 90; 31.680770668052425], [2; 90; 31.999975746250463], [2; 90; 32.32734477780455], [2; 90; 32.6632170521167], [2; 100; 36.675501726789214], [2; 520; 192.75780878046214], [2; 520; 194.85873718525426], [2; 520; 197.01786422749478], [2; 520; 199.23781301901604], [2; 540; 209.27219403276254], [2; 540; 211.71272046519738], [2; 540; 214.22566775539497], [2; 540; 216.81453672389347], [2; 540; 219.48306517998398], [2; 540; 222.23524872434126], [2; 540; 225.07536381151192], [2; 560; 236.45273386178877], [2; 560; 239.5950203074787], [2; 560; 242.8438281478711], [2; 560; 246.20505501323262], [2; 560; 249.6850570325841], [2; 580; 262.3367914399564], [2; 580; 266.20900843753924], [2; 580; 270.2273522782778], [2; 580; 274.4008505819047], [2; 580; 278.7393160334514], [2; 580; 283.253435386336], [2; 580; 287.9548710232517], [2; 580; 292.8563772126281], [2; 580; 297.9719336279236], [2; 580; 303.3168992266591], [2; 580; 308.9081902427031], [2; 580; 314.76448686375977], [2; 600; 331.9722146814908], [2; 600; 338.645301083699], [2; 600; 345.66416739463784], [2; 620; 364.8270154395735], [2; 620; 372.8898966488017], [2; 620; 381.4135529486783], [2; 620; 390.4416133688379], [2; 640; 412.9275834736729], [2; 640; 423.44873396920804], [2; 640; 434.6667283227815], [2; 640; 446.65847237473577], [2; 640; 459.5130468433092], [2; 660; 488.1259671774117], [2; 660; 503.5015777717623], [2; 660; 520.148122448115], [2; 660; 538.2424727459595], [2; 660; 557.997211829116], [2; 660; 579.6703470905725], [2; 660; 603.5784292449558], [2; 660; 630.1145764156289], [2; 680; 679.7668562900337], [2; 680; 714.1944011171557], [2; 680; 753.3402619755499], [2; 680; 798.332027541643], [2; 680; 850.7043942307981], [2; 680; 912.6067356302206], [2; 680; 987.1550042417491], [2; 700; 1110.7997587316777], [2; 700; 1231.025275066163], [2; 700; 1390.1269635605252], [2; 700; 1613.099447841643], [2; 700; 1954.1308166394688], [2; 700; 2560.6357604331456], [2; 700; 4064.7558998189666]];
Intervals[4.9E-324=2.6952750851373404, 2.6952750851373404=5.408669751662829, 5.408669751662829=10.872313518101327, 10.872313518101327=16.373443874361133, 16.373443874361133=24.682343822620876, 24.682343822620876=33.04945002148795, 33.04945002148795=41.47579267861887, 41.47579267861887=49.962431489171436, 49.962431489171436=61.35979858217428, 61.35979858217428=72.8405106868672, 72.8405106868672=84.40610839038781, 84.40610839038781=96.05817835408929, 96.05817835408929=107.79835522970168, 107.79835522970168=119.62832367808133, 119.62832367808133=131.54982049729512, 131.54982049729512=146.56834095981952, 146.56834095981952=161.70582077464042, 161.70582077464042=176.9646439219927, 176.9646439219927=192.3472717538152, 192.3472717538152=207.85624648904908, 207.85624648904908=226.6217845970814, 226.6217845970814=245.5453494516237, 245.5453494516237=267.8111373802703, 267.8111373802703=290.26928781689253, 290.26928781689253=312.9240100599088, 312.9240100599088=335.7796627424776, 335.7796627424776=358.8407612155084, 358.8407612155084=385.4364459995949, 385.4364459995949=412.27782057695435, 412.27782057695435=439.3706388900998, 439.3706388900998=466.72087356313494, 466.72087356313494=494.3347274948187, 494.3347274948187=525.704136089126, 525.704136089126=557.3849067571784, 557.3849067571784=589.3848825034289, 589.3848825034289=621.7122272812335, 621.7122272812335=654.3754443333502, 654.3754443333502=691.0509460601394, 691.0509460601394=883.8087548406015, 883.8087548406015=1078.6674920258558, 1078.6674920258558=1275.6853562533506, 1275.6853562533506=1474.9231692723667, 1474.9231692723667=1684.1953633051294, 1684.1953633051294=1895.9080837703268, 1895.9080837703268=2110.133751525722, 2110.133751525722=2326.9482882496154, 2326.9482882496154=2546.4313534295993, 2546.4313534295993=2768.6666021539404, 2768.6666021539404=2993.7419659654524, 2993.7419659654524=3230.194699827241, 3230.194699827241=3469.7897201347196, 3469.7897201347196=3712.6335482825907, 3712.6335482825907=3958.8386032958233, 3958.8386032958233=4208.5236603284075, 4208.5236603284075=4470.860451768363, 4470.860451768363=4737.069460205903, 4737.069460205903=5007.296812484181, 5007.296812484181=5281.697663066086, 5281.697663066086=5560.436979099537, 5560.436979099537=5843.690414485873, 5843.690414485873=6131.645285509125, 6131.645285509125=6424.501662721753, 6424.501662721753=6722.473596349677, 6722.473596349677=7025.790495576336, 7025.790495576336=7334.698685819039, 7334.698685819039=7649.463172682799, 7649.463172682799=7981.43538736429, 7981.43538736429=8320.08068844799, 8320.08068844799=8665.744855842628, 8665.744855842628=9030.571871282202, 9030.571871282202=9403.461767931003, 9403.461767931003=9784.87532087968, 9784.87532087968=10175.316934248518, 10175.316934248518=10588.24451772219, 10588.24451772219=11011.693251691398, 11011.693251691398=11446.35998001418, 11446.35998001418=11893.018452388917, 11893.018452388917=12352.531499232226, 12352.531499232226=12840.657466409637, 12840.657466409637=13344.159044181399, 13344.159044181399=13864.307166629515, 13864.307166629515=14402.549639375475, 14402.549639375475=14960.54685120459, 14960.54685120459=15540.217198295162, 15540.217198295162=16143.795627540117, 16143.795627540117=16773.910203955747, 16773.910203955747=17453.67706024578, 17453.67706024578=18167.871461362934, 18167.871461362934=18921.211723338485, 18921.211723338485=19719.54375088013, 19719.54375088013=20570.248145110927, 20570.248145110927=21482.854880741146, 21482.854880741146=22470.009884982894, 22470.009884982894=23580.809643714572, 23580.809643714572=24811.834918780736, 24811.834918780736=26201.96188234126, 26201.96188234126=27815.061330182903, 27815.061330182903=29769.192146822374, 29769.192146822374=32329.82790725552, 32329.82790725552=36394.58380707449];

Jobs: [[2; 10; 2.6952750851373404], [2; 10; 2.713394666525488], [2; 20; 5.463643766438499], [2; 20; 5.501130356259805], [2; 30; 8.308899948259743], [2; 30; 8.367106198867075], [2; 30; 8.426342657130927], [2; 30; 8.486638810552563], [2; 40; 11.397367093002838], [2; 40; 11.48071210469293], [2; 40; 11.56559770352061], [2; 40; 11.652069963701473], [2; 40; 11.740176875612397], [2; 40; 11.829968448379638], [2; 40; 11.921496819213779], [2; 50; 15.018520462524414], [2; 50; 15.137479814820905], [2; 50; 15.258823147352265], [2; 50; 15.382627831822504], [2; 50; 15.508974735233885], [2; 60; 18.765538108032313], [2; 60; 18.923564854542324], [2; 70; 22.265787928646585], [2; 70; 22.458150436622276], [2; 70; 22.654722243016316], [2; 70; 22.855652682568806], [2; 70; 23.061098473030764], [2; 80; 26.595684784086533], [2; 80; 26.841374577359428], [2; 80; 27.092818313145496], [2; 80; 27.35023467303512], [2; 80; 27.613853931683785], [2; 90; 31.369408594307252], [2; 90; 31.680770668052425], [2; 90; 31.999975746250463], [2; 90; 32.32734477780455], [2; 90; 32.6632170521167], [2; 100; 36.675501726789214], [2; 520; 192.75780878046214], [2; 520; 194.85873718525426], [2; 520; 197.01786422749478], [2; 520; 199.23781301901604], [2; 540; 209.27219403276254], [2; 540; 211.71272046519738], [2; 540; 214.22566775539497], [2; 540; 216.81453672389347], [2; 540; 219.48306517998398], [2; 540; 222.23524872434126], [2; 540; 225.07536381151192], [2; 560; 236.45273386178877], [2; 560; 239.5950203074787], [2; 560; 242.8438281478711], [2; 560; 246.20505501323262], [2; 560; 249.6850570325841], [2; 580; 262.3367914399564], [2; 580; 266.20900843753924], [2; 580; 270.2273522782778], [2; 580; 274.4008505819047], [2; 580; 278.7393160334514], [2; 580; 283.253435386336], [2; 580; 287.9548710232517], [2; 580; 292.8563772126281], [2; 580; 297.9719336279236], [2; 580; 303.3168992266591], [2; 580; 308.9081902427031], [2; 580; 314.76448686375977], [2; 600; 331.9722146814908], [2; 600; 338.645301083699], [2; 600; 345.66416739463784], [2; 620; 364.8270154395735], [2; 620; 372.8898966488017], [2; 620; 381.4135529486783], [2; 620; 390.4416133688379], [2; 640; 412.9275834736729], [2; 640; 423.44873396920804], [2; 640; 434.6667283227815], [2; 640; 446.65847237473577], [2; 640; 459.5130468433092], [2; 660; 488.1259671774117], [2; 660; 503.5015777717623], [2; 660; 520.148122448115], [2; 660; 538.2424727459595], [2; 660; 557.997211829116], [2; 660; 579.6703470905725], [2; 660; 603.5784292449558], [2; 660; 630.1145764156289], [2; 680; 679.7668562900337], [2; 680; 714.1944011171557], [2; 680; 753.3402619755499], [2; 680; 798.332027541643], [2; 680; 850.7043942307981], [2; 680; 912.6067356302206], [2; 680; 987.1550042417491], [2; 700; 1110.7997587316777], [2; 700; 1231.025275066163], [2; 700; 1390.1269635605252], [2; 700; 1613.099447841643], [2; 700; 1954.1308166394688], [2; 700; 2560.6357604331456], [2; 700; 4064.7558998189666]];
Intervals[4.9E-324=2.6952750851373404, 2.6952750851373404=5.408669751662829, 5.408669751662829=10.872313518101327, 10.872313518101327=16.373443874361133, 16.373443874361133=24.682343822620876, 24.682343822620876=33.04945002148795, 33.04945002148795=41.47579267861887, 41.47579267861887=49.962431489171436, 49.962431489171436=61.35979858217428, 61.35979858217428=72.8405106868672, 72.8405106868672=84.40610839038781, 84.40610839038781=96.05817835408929, 96.05817835408929=107.79835522970168, 107.79835522970168=119.62832367808133, 119.62832367808133=131.54982049729512, 131.54982049729512=146.56834095981952, 146.56834095981952=161.70582077464042, 161.70582077464042=176.9646439219927, 176.9646439219927=192.3472717538152, 192.3472717538152=207.85624648904908, 207.85624648904908=226.6217845970814, 226.6217845970814=245.5453494516237, 245.5453494516237=267.8111373802703, 267.8111373802703=290.26928781689253, 290.26928781689253=312.9240100599088, 312.9240100599088=335.7796627424776, 335.7796627424776=358.8407612155084, 358.8407612155084=385.4364459995949, 385.4364459995949=412.27782057695435, 412.27782057695435=439.3706388900998, 439.3706388900998=466.72087356313494, 466.72087356313494=494.3347274948187, 494.3347274948187=525.704136089126, 525.704136089126=557.3849067571784, 557.3849067571784=589.3848825034289, 589.3848825034289=621.7122272812335, 621.7122272812335=654.3754443333502, 654.3754443333502=691.0509460601394, 691.0509460601394=883.8087548406015, 883.8087548406015=1078.6674920258558, 1078.6674920258558=1275.6853562533506, 1275.6853562533506=1474.9231692723667, 1474.9231692723667=1684.1953633051294, 1684.1953633051294=1895.9080837703268, 1895.9080837703268=2110.133751525722, 2110.133751525722=2326.9482882496154, 2326.9482882496154=2546.4313534295993, 2546.4313534295993=2768.6666021539404, 2768.6666021539404=2993.7419659654524, 2993.7419659654524=3230.194699827241, 3230.194699827241=3469.7897201347196, 3469.7897201347196=3712.6335482825907, 3712.6335482825907=3958.8386032958233, 3958.8386032958233=4208.5236603284075, 4208.5236603284075=4470.860451768363, 4470.860451768363=4737.069460205903, 4737.069460205903=5007.296812484181, 5007.296812484181=5281.697663066086, 5281.697663066086=5560.436979099537, 5560.436979099537=5843.690414485873, 5843.690414485873=6131.645285509125, 6131.645285509125=6424.501662721753, 6424.501662721753=6722.473596349677, 6722.473596349677=7025.790495576336, 7025.790495576336=7334.698685819039, 7334.698685819039=7649.463172682799, 7649.463172682799=7981.43538736429, 7981.43538736429=8320.08068844799, 8320.08068844799=8665.744855842628, 8665.744855842628=9030.571871282202, 9030.571871282202=9403.461767931003, 9403.461767931003=9784.87532087968, 9784.87532087968=10175.316934248518, 10175.316934248518=10588.24451772219, 10588.24451772219=11011.693251691398, 11011.693251691398=11446.35998001418, 11446.35998001418=11893.018452388917, 11893.018452388917=12352.531499232226, 12352.531499232226=12840.657466409637, 12840.657466409637=13344.159044181399, 13344.159044181399=13864.307166629515, 13864.307166629515=14402.549639375475, 14402.549639375475=14960.54685120459, 14960.54685120459=15540.217198295162, 15540.217198295162=16143.795627540117, 16143.795627540117=16773.910203955747, 16773.910203955747=17453.67706024578, 17453.67706024578=18167.871461362934, 18167.871461362934=18921.211723338485, 18921.211723338485=19719.54375088013, 19719.54375088013=20570.248145110927, 20570.248145110927=21482.854880741146, 21482.854880741146=22470.009884982894, 22470.009884982894=23580.809643714572, 23580.809643714572=24811.834918780736, 24811.834918780736=26201.96188234126, 26201.96188234126=27815.061330182903, 27815.061330182903=29769.192146822374, 29769.192146822374=32329.82790725552, 32329.82790725552=36394.58380707449];
