1.0624893626092142
4389.935244280603
4664.259499591423
[1; 10; 0.09169072494681058]
[1; 10; 0.09230713607396175]
[1; 10; 0.09293401266504515]
[2; 10; 0.09357164193996649]
[2; 10; 0.09422032206997429]
[1; 20; 0.18976072542937536]
[2; 10; 0.0955520855914415]
[2; 10; 0.09623582507926107]
[2; 10; 0.09693192885997225]
[2; 10; 0.09764075859916152]
[2; 10; 0.09836269066993356]
[1; 30; 0.2972943507679952]
[1; 30; 0.29954233651270235]
[2; 20; 0.20122220346101577]
[1; 40; 0.4055581160648425]
[1; 40; 0.40873275946665105]
[1; 40; 0.41197026774516876]
[2; 30; 0.311454492477812]
[1; 70; 0.7326235557068891]
[1; 70; 0.738641039757196]
[2; 40; 0.4255906450589765]
[2; 40; 0.42917459264399044]
[2; 40; 0.4328349579385764]
[2; 40; 0.4365743817719228]
[1; 90; 0.9908901722376555]
[1; 90; 0.9996786268353423]
[1; 90; 1.0086645774249199]
[1; 90; 1.0178552221725004]
[1; 100; 1.1413979166441783]
[2; 50; 0.5760451330374022]
[1; 100; 1.163036594327903]
[1; 100; 1.174246693562637]
[1; 100; 1.1857308826700907]
[1; 100; 1.197500043871263]
[1; 100; 1.2095656624495243]
[1; 110; 1.3441338569320365]
[1; 110; 1.358099040234616]
[1; 120; 1.4971993143086326]
[2; 60; 0.7566276311731985]
[2; 60; 0.7648743553512725]
[1; 120; 1.5466990505067604]
[1; 120; 1.5641268746357175]
[2; 60; 0.791027037066313]
[1; 130; 1.7338792728669912]
[1; 130; 1.7544597425275148]
[1; 130; 1.7756619935532674]
[1; 130; 1.7975166377565266]
[1; 130; 1.82005639820267]
[1; 130; 1.8433162980867277]
[1; 140; 2.0109749374930614]
[1; 140; 2.037699345308115]
[2; 70; 1.0326648462768306]
[1; 140; 2.093916137189236]
[2; 70; 1.0617563682992677]
[1; 150; 2.308047687624399]
[1; 150; 2.3421155796581266]
[1; 150; 2.3774691004463806]
[2; 80; 1.2875667601511442]
[2; 80; 1.3079240727966033]
[1; 160; 2.6582112069161106]
[1; 160; 2.7023321506977758]
[1; 170; 2.920101337131307]
[1; 170; 2.971109081168342]
[1; 170; 3.0244042879872683]
[1; 170; 3.080155631111977]
[1; 170; 3.1385493726331624]
[1; 180; 3.3880148109030306]
[2; 90; 1.7280592244972879]
[2; 90; 1.763875509664444]
[1; 190; 3.8033930759630508]
[1; 190; 3.8874501914333566]
[1; 190; 3.976310977452119]
[1; 190; 4.070430275196664]
[1; 190; 4.170324325568922]
[1; 190; 4.276581721782075]
[2; 100; 2.3104614888121513]
[1; 200; 4.7484066841534025]
[1; 200; 4.885063103103654]
[2; 100; 2.5159979673803154]
[2; 100; 2.595250061314825]
[2; 100; 2.68105306174071]
[1; 200; 5.548637271716348]
[2; 110; 3.163756775269539]
[2; 120; 3.585425516607541]
[2; 120; 3.73330378610971]
[2; 130; 4.2222238317694085]
[2; 130; 4.42096152160711]
[2; 140; 5.002163396620408]
[2; 140; 5.276338035918559]
[2; 140; 5.59145694823711]
[2; 150; 6.383859675884648]
[2; 150; 6.848387499865071]
[2; 170; 8.395521339632172]
[2; 170; 9.17717403783623]
[2; 180; 10.768711562687498]
[2; 190; 12.836077715814433]
[2; 190; 14.894948748277525]
[2; 200; 18.99362673661361]
[2; 200; 24.888691907398062]
[2; 200; 39.5083357159161]


Jobs: [[1; 10; 0.09169072494681058], [1; 10; 0.09293401266504515], [2; 10; 0.09357164193996649], [2; 10; 0.09422032206997429], [1; 20; 0.18976072542937536], [2; 10; 0.0955520855914415], [2; 10; 0.09623582507926107], [2; 10; 0.09693192885997225], [2; 10; 0.09764075859916152], [2; 10; 0.09836269066993356], [1; 30; 0.2972943507679952], [2; 20; 0.20122220346101577], [1; 40; 0.4055581160648425], [1; 40; 0.41197026774516876], [2; 30; 0.311454492477812], [1; 70; 0.7326235557068891], [2; 40; 0.4255906450589765], [2; 40; 0.42917459264399044], [2; 40; 0.4328349579385764], [2; 40; 0.4365743817719228], [1; 90; 0.9908901722376555], [1; 90; 1.0086645774249199], [1; 100; 1.1413979166441783], [2; 50; 0.5760451330374022], [1; 100; 1.163036594327903], [1; 100; 1.1857308826700907], [1; 100; 1.2095656624495243], [1; 110; 1.358099040234616], [2; 60; 0.7566276311731985], [2; 60; 0.7648743553512725], [1; 120; 1.5466990505067604], [2; 60; 0.791027037066313], [1; 130; 1.7338792728669912], [1; 130; 1.7756619935532674], [1; 130; 1.82005639820267], [1; 140; 2.0109749374930614], [2; 70; 1.0326648462768306], [1; 140; 2.093916137189236], [2; 70; 1.0617563682992677], [1; 150; 2.308047687624399], [1; 150; 2.3774691004463806], [2; 80; 1.2875667601511442], [2; 80; 1.3079240727966033], [1; 160; 2.6582112069161106], [1; 170; 2.920101337131307], [1; 170; 3.0244042879872683], [1; 170; 3.1385493726331624], [2; 90; 1.7280592244972879], [2; 90; 1.763875509664444], [1; 190; 3.8033930759630508], [1; 190; 3.976310977452119], [1; 190; 4.170324325568922], [2; 100; 2.3104614888121513], [1; 200; 4.7484066841534025], [2; 100; 2.5159979673803154], [2; 100; 2.595250061314825], [2; 100; 2.68105306174071], [1; 200; 5.548637271716348], [2; 110; 3.163756775269539], [2; 120; 3.585425516607541], [2; 120; 3.73330378610971], [2; 130; 4.2222238317694085], [2; 130; 4.42096152160711], [2; 140; 5.002163396620408], [2; 140; 5.276338035918559], [2; 140; 5.59145694823711], [2; 150; 6.383859675884648], [2; 150; 6.848387499865071], [2; 170; 8.395521339632172], [2; 170; 9.17717403783623], [2; 180; 10.768711562687498], [2; 190; 12.836077715814433], [2; 190; 14.894948748277525], [2; 200; 18.99362673661361], [2; 200; 24.888691907398062], [2; 200; 39.5083357159161]];
Intervals[0.0=0.09169072494681058, 0.09169072494681058=0.18462473761185572, 0.18462473761185572=0.2781963795518222, 0.2781963795518222=0.37241670162179646, 0.37241670162179646=0.5621774270511718, 0.5621774270511718=0.6577295126426133, 0.6577295126426133=0.7539653377218744, 0.7539653377218744=0.8508972665818466, 0.8508972665818466=0.9485380251810082, 0.9485380251810082=1.0469007158509418, 1.0469007158509418=1.344195066618937, 1.3464430523636441=1.54766525582466, 1.54766525582466=1.9532233718895025, 1.9532233718895025=2.365193639634671, 2.365193639634671=2.676648132112483, 2.676648132112483=3.409271687819372, 3.415289171869679=3.8408798169286555, 3.8408798169286555=4.270054409572646, 4.270054409572646=4.702889367511222, 4.702889367511222=5.139463749283145, 5.139463749283145=6.1303539215208005, 6.1303539215208005=7.13901849894572, 7.13901849894572=8.2804164155899, 8.2804164155899=8.856461548627301, 8.856461548627301=10.019498142955204, 10.019498142955204=11.205229025625295, 11.205229025625295=12.414794688074819, 12.414794688074819=13.772893728309436, 14.06954145730187=14.82616908847507, 14.82616908847507=15.591043443826342, 15.591043443826342=17.137742494333104, 17.15517031846206=17.946197355528373, 17.946197355528373=19.680076628395362, 19.680076628395362=21.45573862194863, 21.45573862194863=23.2757950201513, 23.2757950201513=25.28676995764436, 25.379189379207258=26.41185422548409, 26.41185422548409=28.505770362673324, 28.505770362673324=29.56752673097259, 29.56752673097259=31.87557441859699, 31.87557441859699=34.25304351904337, 34.25304351904337=35.54061027919452, 35.54061027919452=36.84853435199112, 36.84853435199112=39.50674555890723, 39.50674555890723=42.42684689603853, 42.42684689603853=45.4512511840258, 45.4512511840258=48.589800556658965, 48.99014602587225=50.718205250369536, 50.718205250369536=52.48208076003398, 52.48208076003398=56.28547383599703, 56.28547383599703=60.261784813449154, 60.261784813449154=64.43210913901808, 64.71654294844608=67.02700443725823, 67.02700443725823=71.77541112141164, 71.91206754036187=74.42806550774219, 74.42806550774219=77.02331556905702, 77.02331556905702=79.70436863079773, 79.70436863079773=85.25300590251408, 85.25300590251408=88.41676267778361, 88.41676267778361=92.00218819439115, 92.00218819439115=95.73549198050087, 95.73549198050087=99.95771581227028, 99.95771581227028=104.37867733387739, 104.37867733387739=109.3808407304978, 109.3808407304978=114.65717876641635, 114.65717876641635=120.24863571465346, 120.24863571465346=126.63249539053811, 126.63249539053811=133.4808828904032, 133.4808828904032=141.87640423003538, 141.87640423003538=151.05357826787161, 151.05357826787161=161.8222898305591, 161.8222898305591=174.65836754637354, 174.65836754637354=189.55331629465107, 189.55331629465107=208.54694303126468, 208.54694303126468=233.43563493866273, 233.43563493866273=272.94397065457883];

Jobs: [[1; 10; 0.09230713607396175], [2; 10; 0.09357164193996649], [2; 10; 0.09422032206997429], [2; 10; 0.0955520855914415], [2; 10; 0.09623582507926107], [2; 10; 0.09693192885997225], [2; 10; 0.09764075859916152], [2; 10; 0.09836269066993356], [1; 30; 0.29954233651270235], [2; 20; 0.20122220346101577], [1; 40; 0.40873275946665105], [2; 30; 0.311454492477812], [1; 70; 0.738641039757196], [2; 40; 0.4255906450589765], [2; 40; 0.42917459264399044], [2; 40; 0.4328349579385764], [2; 40; 0.4365743817719228], [1; 90; 0.9996786268353423], [1; 90; 1.0178552221725004], [2; 50; 0.5760451330374022], [1; 100; 1.174246693562637], [1; 100; 1.197500043871263], [1; 110; 1.3441338569320365], [1; 120; 1.4971993143086326], [2; 60; 0.7566276311731985], [2; 60; 0.7648743553512725], [1; 120; 1.5641268746357175], [2; 60; 0.791027037066313], [1; 130; 1.7544597425275148], [1; 130; 1.7975166377565266], [1; 130; 1.8433162980867277], [1; 140; 2.037699345308115], [2; 70; 1.0326648462768306], [2; 70; 1.0617563682992677], [1; 150; 2.3421155796581266], [2; 80; 1.2875667601511442], [2; 80; 1.3079240727966033], [1; 160; 2.7023321506977758], [1; 170; 2.971109081168342], [1; 170; 3.080155631111977], [1; 180; 3.3880148109030306], [2; 90; 1.7280592244972879], [2; 90; 1.763875509664444], [1; 190; 3.8874501914333566], [1; 190; 4.070430275196664], [1; 190; 4.276581721782075], [2; 100; 2.3104614888121513], [1; 200; 4.885063103103654], [2; 100; 2.5159979673803154], [2; 100; 2.595250061314825], [2; 100; 2.68105306174071], [2; 110; 3.163756775269539], [2; 120; 3.585425516607541], [2; 120; 3.73330378610971], [2; 130; 4.2222238317694085], [2; 130; 4.42096152160711], [2; 140; 5.002163396620408], [2; 140; 5.276338035918559], [2; 140; 5.59145694823711], [2; 150; 6.383859675884648], [2; 150; 6.848387499865071], [2; 170; 8.395521339632172], [2; 170; 9.17717403783623], [2; 180; 10.768711562687498], [2; 190; 12.836077715814433], [2; 190; 14.894948748277525], [2; 200; 18.99362673661361], [2; 200; 24.888691907398062], [2; 200; 39.5083357159161]];
Intervals[0.0=0.09230713607396175, 0.18462473761185572=0.2781963795518222, 0.2781963795518222=0.37241670162179646, 0.5621774270511718=0.6577295126426133, 0.6577295126426133=0.7539653377218744, 0.7539653377218744=0.8508972665818466, 0.8508972665818466=0.9485380251810082, 0.9485380251810082=1.0469007158509418, 1.0469007158509418=1.3464430523636441, 1.3464430523636441=1.54766525582466, 1.54766525582466=1.956398015291311, 2.365193639634671=2.676648132112483, 2.676648132112483=3.415289171869679, 3.415289171869679=3.8408798169286555, 3.8408798169286555=4.270054409572646, 4.270054409572646=4.702889367511222, 4.702889367511222=5.139463749283145, 5.139463749283145=6.139142376118487, 6.139142376118487=7.156997598290987, 8.2804164155899=8.856461548627301, 8.856461548627301=10.030708242189938, 10.030708242189938=11.228208286061202, 11.228208286061202=12.572342142993238, 12.572342142993238=14.06954145730187, 14.06954145730187=14.82616908847507, 14.82616908847507=15.591043443826342, 15.591043443826342=17.15517031846206, 17.15517031846206=17.946197355528373, 17.946197355528373=19.70065709805589, 19.70065709805589=21.498173735812415, 21.498173735812415=23.34149003389914, 23.34149003389914=25.379189379207258, 25.379189379207258=26.41185422548409, 28.505770362673324=29.56752673097259, 29.56752673097259=31.90964231063072, 34.25304351904337=35.54061027919452, 35.54061027919452=36.84853435199112, 36.84853435199112=39.5508665026889, 39.5508665026889=42.52197558385724, 42.52197558385724=45.60213121496922, 45.60213121496922=48.99014602587225, 48.99014602587225=50.718205250369536, 50.718205250369536=52.48208076003398, 52.48208076003398=56.36953095146734, 56.36953095146734=60.439961226664, 60.439961226664=64.71654294844608, 64.71654294844608=67.02700443725823, 67.02700443725823=71.91206754036187, 71.91206754036187=74.42806550774219, 74.42806550774219=77.02331556905702, 77.02331556905702=79.70436863079773, 85.25300590251408=88.41676267778361, 88.41676267778361=92.00218819439115, 92.00218819439115=95.73549198050087, 95.73549198050087=99.95771581227028, 99.95771581227028=104.37867733387739, 104.37867733387739=109.3808407304978, 109.3808407304978=114.65717876641635, 114.65717876641635=120.24863571465346, 120.24863571465346=126.63249539053811, 126.63249539053811=133.4808828904032, 133.4808828904032=141.87640423003538, 141.87640423003538=151.05357826787161, 151.05357826787161=161.8222898305591, 161.8222898305591=174.65836754637354, 174.65836754637354=189.55331629465107, 189.55331629465107=208.54694303126468, 208.54694303126468=233.43563493866273, 233.43563493866273=272.94397065457883];
