1.0752816429709553
225.54993313349678
242.5297026717755
[2; 10; 0.02011569904081902]
[1; 20; 0.04077691894158678]
[1; 20; 0.0413413165483881]
[1; 20; 0.04192565818614736]
[1; 20; 0.042531095910178125]
[2; 30; 0.06473831295944137]
[1; 80; 0.1752413814961437]
[1; 80; 0.17794787882971577]
[2; 40; 0.09038067835688662]
[1; 80; 0.18368874546612773]
[1; 80; 0.1867376080963617]
[1; 80; 0.18991621569768877]
[1; 80; 0.19323363403369304]
[2; 50; 0.12293738958017553]
[1; 100; 0.2504071921162271]
[1; 100; 0.2551544239456143]
[2; 50; 0.1300666212042307]
[2; 60; 0.1592173615164979]
[2; 60; 0.16251734935418094]
[1; 120; 0.3319876404833094]
[1; 120; 0.3393247531281165]
[2; 60; 0.17354058243085405]
[1; 120; 0.35529657750985927]
[1; 140; 0.42468539436182545]
[1; 140; 0.43550612692163354]
[1; 140; 0.4470435454586054]
[1; 140; 0.45937674565063114]
[1; 140; 0.47259734472423987]
[2; 80; 0.2781783533353391]
[1; 160; 0.5738815356052852]
[1; 160; 0.5928549510683798]
[2; 80; 0.30673927394072237]
[2; 80; 0.3179973121485615]
[2; 80; 0.3303486261208723]
[1; 160; 0.6879472302077605]
[2; 90; 0.40398335255581636]
[2; 90; 0.42299862067488875]
[1; 180; 0.8888437080179966]
[1; 180; 0.9375623090942656]
[1; 180; 0.9935563741184221]
[1; 180; 1.0587358946143142]
[1; 180; 1.1357758526122945]
[1; 200; 1.3650601961630102]
[2; 100; 0.7460760616004618]
[1; 200; 1.653652661935524]
[1; 200; 1.8673760809636166]
[2; 100; 1.0834489956945392]
[1; 200; 2.625009975146464]
[1; 200; 3.4397361510388023]
[1; 200; 5.46024078465204]


Jobs: [[2; 10; 0.02011569904081902], [1; 20; 0.04077691894158678], [1; 20; 0.04192565818614736], [2; 30; 0.06473831295944137], [1; 80; 0.1752413814961437], [2; 40; 0.09038067835688662], [1; 80; 0.18368874546612773], [1; 80; 0.18991621569768877], [2; 50; 0.12293738958017553], [1; 100; 0.2504071921162271], [2; 50; 0.1300666212042307], [2; 60; 0.1592173615164979], [2; 60; 0.16251734935418094], [1; 120; 0.3319876404833094], [2; 60; 0.17354058243085405], [1; 120; 0.35529657750985927], [1; 140; 0.43550612692163354], [1; 140; 0.45937674565063114], [2; 80; 0.2781783533353391], [1; 160; 0.5738815356052852], [2; 80; 0.30673927394072237], [2; 80; 0.3179973121485615], [2; 80; 0.3303486261208723], [1; 160; 0.6879472302077605], [2; 90; 0.40398335255581636], [2; 90; 0.42299862067488875], [1; 180; 0.8888437080179966], [1; 180; 0.9935563741184221], [1; 180; 1.1357758526122945], [2; 100; 0.7460760616004618], [1; 200; 1.653652661935524], [2; 100; 1.0834489956945392], [1; 200; 2.625009975146464], [1; 200; 5.46024078465204]];
Intervals[4.9E-324=0.02011569904081902, 0.02011569904081902=0.060892617982405806, 0.060892617982405806=0.10281827616855316, 0.10398811149938525=0.16872642445882663, 0.16872642445882663=0.34396780595497034, 0.34667430328854243=0.43705498164542905, 0.43705498164542905=0.6207437271115568, 0.6207437271115568=0.8106599428092456, 0.8170262237754837=0.9399636133556593, 0.9399636133556593=1.1903708054718862, 1.1951180373012735=1.3251846585055043, 1.3251846585055043=1.484402020022002, 1.484402020022002=1.646919369376183, 1.646919369376183=1.9789070098594923, 1.9862441225042995=2.1597847049351535, 2.1597847049351535=2.5150812824450126, 2.5150812824450126=2.950587409366646, 2.950587409366646=3.4099641550172772, 3.504110989479824=3.7822893428151634, 3.7822893428151634=4.356170878420449, 4.375144293883543=4.681883567824265, 4.681883567824265=4.999880879972826, 4.999880879972826=5.330229506093699, 5.330229506093699=6.018176736301459, 6.018176736301459=6.422160088857276, 6.422160088857276=6.845158709532165, 6.845158709532165=7.734002417550162, 7.734002417550162=8.727558791668583, 8.727558791668583=9.863334644280878, 10.206517109403755=10.952593171004217, 10.952593171004217=12.606245832939742, 12.819969251967834=13.903418247662373, 13.903418247662373=16.528428222808838, 16.528428222808838=21.988669007460878];

Jobs: [[2; 10; 0.02011569904081902], [1; 20; 0.0413413165483881], [1; 20; 0.042531095910178125], [2; 30; 0.06473831295944137], [1; 80; 0.17794787882971577], [2; 40; 0.09038067835688662], [1; 80; 0.1867376080963617], [1; 80; 0.19323363403369304], [2; 50; 0.12293738958017553], [1; 100; 0.2551544239456143], [2; 50; 0.1300666212042307], [2; 60; 0.1592173615164979], [2; 60; 0.16251734935418094], [1; 120; 0.3393247531281165], [2; 60; 0.17354058243085405], [1; 140; 0.42468539436182545], [1; 140; 0.4470435454586054], [1; 140; 0.47259734472423987], [2; 80; 0.2781783533353391], [1; 160; 0.5928549510683798], [2; 80; 0.30673927394072237], [2; 80; 0.3179973121485615], [2; 80; 0.3303486261208723], [2; 90; 0.40398335255581636], [2; 90; 0.42299862067488875], [1; 180; 0.9375623090942656], [1; 180; 1.0587358946143142], [1; 200; 1.3650601961630102], [2; 100; 0.7460760616004618], [1; 200; 1.8673760809636166], [2; 100; 1.0834489956945392], [1; 200; 3.4397361510388023]];
Intervals[4.9E-324=0.02011569904081902, 0.02011569904081902=0.06145701558920712, 0.06145701558920712=0.10398811149938525, 0.10398811149938525=0.16872642445882663, 0.16872642445882663=0.34667430328854243, 0.34667430328854243=0.43705498164542905, 0.43705498164542905=0.6237925897417907, 0.6237925897417907=0.8170262237754837, 0.8170262237754837=0.9399636133556593, 0.9399636133556593=1.1951180373012735, 1.1951180373012735=1.3251846585055043, 1.3251846585055043=1.484402020022002, 1.484402020022002=1.646919369376183, 1.646919369376183=1.9862441225042995, 1.9862441225042995=2.1597847049351535, 2.1597847049351535=2.584470099296979, 2.584470099296979=3.0315136447555844, 3.0315136447555844=3.504110989479824, 3.504110989479824=3.7822893428151634, 3.7822893428151634=4.375144293883543, 4.375144293883543=4.681883567824265, 4.681883567824265=4.999880879972826, 4.999880879972826=5.330229506093699, 6.018176736301459=6.422160088857276, 6.422160088857276=6.845158709532165, 6.845158709532165=7.782721018626431, 7.782721018626431=8.841456913240744, 8.841456913240744=10.206517109403755, 10.206517109403755=10.952593171004217, 10.952593171004217=12.819969251967834, 12.819969251967834=13.903418247662373, 13.903418247662373=17.343154398701174];
