1.0595198620956738
191.22386012575183
202.60547790983898
[1; 10; 0.018019167184577318]
[1; 20; 0.03652699904633756]
[2; 10; 0.01851628653332665]
[1; 20; 0.037556012477947306]
[1; 30; 0.05714752389616102]
[1; 30; 0.05799104878714503]
[1; 30; 0.05886640599267127]
[2; 20; 0.03985037472805373]
[2; 20; 0.040480436455713156]
[1; 50; 0.10284001962108359]
[1; 50; 0.10454695649366987]
[1; 50; 0.10632653241302568]
[1; 60; 0.12982058752734663]
[1; 60; 0.1321492852872093]
[1; 60; 0.13458530224995316]
[1; 70; 0.1599929065125515]
[1; 90; 0.2097190825007519]
[1; 90; 0.21393471711060044]
[1; 90; 0.21836879363214856]
[1; 90; 0.22304000416328068]
[1; 100; 0.2532992367500977]
[1; 110; 0.2849981696686686]
[1; 110; 0.2917440775566084]
[1; 120; 0.3260769656145701]
[1; 130; 0.36225064823676345]
[1; 130; 0.37184738427705555]
[1; 130; 0.3821060453801152]
[1; 140; 0.4233415179006711]
[1; 150; 0.46722297399176743]
[2; 80; 0.25703474965572365]
[1; 160; 0.5310654358980004]
[1; 160; 0.5495395658881059]
[1; 160; 0.5697089343227565]
[1; 160; 0.5918369638746653]
[1; 180; 0.6932777054573985]
[1; 180; 0.7237574547837249]
[2; 90; 0.3789121545972427]
[1; 180; 0.7962051601207392]
[1; 180; 0.8398461300920356]
[1; 190; 0.9394489711964401]
[1; 190; 1.001078925035018]
[1; 200; 1.130445702074532]
[1; 200; 1.2227886210546377]
[1; 200; 1.3366345618026667]
[2; 120; 0.8887817535996793]
[2; 130; 1.0872883475341664]
[2; 140; 1.358739160377813]
[2; 150; 1.7635663632928398]
[2; 200; 3.081234246477327]
[2; 200; 4.89115448421855]


Jobs: [[1; 10; 0.018019167184577318], [2; 10; 0.01851628653332665], [1; 20; 0.037556012477947306], [1; 30; 0.05799104878714503], [2; 20; 0.03985037472805373], [2; 20; 0.040480436455713156], [1; 50; 0.10284001962108359], [1; 50; 0.10632653241302568], [1; 60; 0.1321492852872093], [1; 70; 0.1599929065125515], [1; 90; 0.21393471711060044], [1; 90; 0.22304000416328068], [1; 110; 0.2849981696686686], [1; 120; 0.3260769656145701], [1; 130; 0.37184738427705555], [1; 140; 0.4233415179006711], [2; 80; 0.25703474965572365], [1; 160; 0.5310654358980004], [1; 160; 0.5697089343227565], [1; 180; 0.6932777054573985], [2; 90; 0.3789121545972427], [1; 180; 0.7962051601207392], [1; 190; 0.9394489711964401], [1; 200; 1.130445702074532], [1; 200; 1.3366345618026667], [2; 120; 0.8887817535996793], [2; 130; 1.0872883475341664], [2; 140; 1.358739160377813], [2; 150; 1.7635663632928398], [2; 200; 3.081234246477327], [2; 200; 4.89115448421855]];
Intervals[0.0=0.018019167184577318, 0.03652699904633756=0.05504328557966422, 0.05504328557966422=0.09259929805761152, 0.09259929805761152=0.15059034684475656, 0.1710572154684965=0.21090759019655023, 0.21090759019655023=0.2513880266522634, 0.2513880266522634=0.354228046273347, 0.354228046273347=0.4605545786863727, 0.4605545786863727=0.592703863973582, 0.592703863973582=0.7526967704861335, 0.7526967704861335=0.9666314875967339, 0.9666314875967339=1.1896714917600146, 1.1896714917600146=1.4746696614286832, 1.4746696614286832=1.8007466270432533, 1.8007466270432533=2.172594011320309, 2.172594011320309=2.59593552922098, 2.8050517309714853=3.062086480627209, 3.062086480627209=3.5931519165252093, 3.5931519165252093=4.162860850847966, 4.162860850847966=4.856138556305364, 4.927220465173706=5.306132619770949, 5.306132619770949=6.1023377798916885, 6.1023377798916885=7.041786751088129, 7.041786751088129=8.17223245316266, 8.17223245316266=9.508867014965327, 9.508867014965327=10.397648768565006, 10.397648768565006=11.484937116099172, 11.484937116099172=12.843676276476984, 12.843676276476984=14.607242639769824, 14.607242639769824=17.68847688624715, 17.68847688624715=22.5796313704657];

Jobs: [[1; 20; 0.03652699904633756], [2; 10; 0.01851628653332665], [1; 30; 0.05714752389616102], [1; 30; 0.05886640599267127], [2; 20; 0.03985037472805373], [2; 20; 0.040480436455713156], [1; 50; 0.10454695649366987], [1; 60; 0.12982058752734663], [1; 60; 0.13458530224995316], [1; 90; 0.2097190825007519], [1; 90; 0.21836879363214856], [1; 100; 0.2532992367500977], [1; 110; 0.2917440775566084], [1; 130; 0.36225064823676345], [1; 130; 0.3821060453801152], [1; 150; 0.46722297399176743], [2; 80; 0.25703474965572365], [1; 160; 0.5495395658881059], [1; 160; 0.5918369638746653], [1; 180; 0.7237574547837249], [2; 90; 0.3789121545972427], [1; 180; 0.8398461300920356], [1; 190; 1.001078925035018], [1; 200; 1.2227886210546377], [2; 120; 0.8887817535996793], [2; 130; 1.0872883475341664], [2; 140; 1.358739160377813], [2; 150; 1.7635663632928398], [2; 200; 3.081234246477327], [2; 200; 4.89115448421855]];
Intervals[0.0=0.03652699904633756, 0.03652699904633756=0.05504328557966422, 0.05504328557966422=0.11219080947582524, 0.11219080947582524=0.1710572154684965, 0.1710572154684965=0.21090759019655023, 0.21090759019655023=0.2513880266522634, 0.2513880266522634=0.35593498314593325, 0.35593498314593325=0.4857555706732799, 0.4857555706732799=0.620340872923233, 0.620340872923233=0.8300599554239849, 0.8300599554239849=1.0484287490561335, 1.0484287490561335=1.3017279858062312, 1.3017279858062312=1.5934720633628396, 1.5934720633628396=1.955722711599603, 1.955722711599603=2.337828756979718, 2.337828756979718=2.8050517309714853, 2.8050517309714853=3.062086480627209, 3.062086480627209=3.611626046515315, 3.611626046515315=4.203463010389981, 4.203463010389981=4.927220465173706, 4.927220465173706=5.306132619770949, 5.306132619770949=6.1459787498629845, 6.1459787498629845=7.147057674898003, 7.147057674898003=8.369846295952641, 9.508867014965327=10.397648768565006, 10.397648768565006=11.484937116099172, 11.484937116099172=12.843676276476984, 12.843676276476984=14.607242639769824, 14.607242639769824=17.68847688624715, 17.68847688624715=22.5796313704657];
