0.9999999999999998
636843.8111163902
636843.81111639
[2; 10; 2.531484575550675]
[2; 10; 2.548503039102863]
[2; 10; 2.565810443118067]
[2; 10; 2.5834147174360997]
[2; 10; 2.601324094251841]
[2; 10; 2.619547122942014]
[2; 10; 2.6380926857842018]
[2; 20; 5.313940029263918]
[2; 20; 5.352377417230368]
[2; 20; 5.391517505881432]
[2; 20; 5.431381077749033]
[2; 20; 5.47198976998753]
[2; 30; 8.270049179414764]
[2; 30; 8.33330041749659]
[2; 30; 8.397775095870681]
[2; 30; 8.463511522394851]
[2; 30; 8.53054967381398]
[2; 30; 8.598931289407046]
[2; 40; 11.558266628123686]
[2; 50; 14.56650215087382]
[2; 50; 14.687638172923743]
[2; 50; 14.81132445684597]
[2; 50; 14.937648006603876]
[2; 60; 18.08003995241567]
[2; 60; 18.238291012455203]
[2; 70; 21.46672617912694]
[2; 70; 21.659687132364763]
[2; 70; 21.85704361164702]
[2; 70; 22.05895804137869]
[2; 80; 25.446401388164748]
[2; 80; 25.68817468549843]
[2; 90; 29.177745676377008]
[2; 90; 29.46310543162577]
[2; 90; 29.75554618895099]
[2; 100; 33.39483703922024]
[2; 100; 33.736475906297095]
[2; 100; 34.086988667793825]
[2; 100; 34.446749956588604]
[2; 100; 34.81615650258897]
[2; 520; 183.01726985712043]
[2; 520; 185.04518783633765]
[2; 520; 187.13023145776157]
[2; 520; 189.27501973910046]
[2; 520; 191.4823396881644]
[2; 520; 193.75516026116898]
[2; 520; 196.09664775490543]
[2; 540; 206.1451898403909]
[2; 540; 208.73012457675378]
[2; 540; 211.39764730035546]
[2; 540; 214.15206243436663]
[2; 560; 225.03495158314303]
[2; 560; 228.08633100717032]
[2; 560; 231.24329780863337]
[2; 560; 234.51182185779348]
[2; 560; 237.89834719398496]
[2; 560; 241.40984102085162]
[2; 580; 253.80577216648032]
[2; 580; 257.72564907996434]
[2; 580; 261.80046817086634]
[2; 580; 266.04026676398087]
[2; 580; 270.4559985248782]
[2; 580; 275.0596426515186]
[2; 580; 279.8643292796443]
[2; 580; 284.8844840106626]
[2; 580; 290.1359950874287]
[2; 580; 295.6364075120473]
[2; 600; 311.7984303760848]
[2; 600; 318.06599667818875]
[2; 600; 324.65833001810404]
[2; 620; 342.656661437735]
[2; 620; 350.2295654163353]
[2; 620; 358.2352434153709]
[2; 620; 366.71467315031725]
[2; 620; 375.71436398279417]
[2; 620; 385.287343664955]
[2; 640; 408.2522501402218]
[2; 640; 419.51526194516595]
[2; 640; 431.5886703968316]
[2; 660; 458.46279797166136]
[2; 660; 472.9040404533314]
[2; 660; 488.53898299288096]
[2; 660; 505.5337487354173]
[2; 660; 524.088002272952]
[2; 660; 544.4440720191334]
[2; 660; 566.8992720610751]
[2; 680; 609.7568561115065]
[2; 680; 638.4577667630191]
[2; 680; 670.793167028665]
[2; 680; 707.5601536365007]
[2; 680; 749.8177922669387]
[2; 680; 799.0075166070516]
[2; 680; 857.1480838935721]
[2; 680; 927.166091763992]
[2; 680; 1013.4885305968838]
[2; 680; 1123.1817322133622]
[2; 700; 1305.6496480511362]
[2; 700; 1515.072206751152]
[2; 700; 1835.3792710101009]
[2; 700; 2405.02721480456]
[2; 700; 3817.742730792908]


Jobs: [[2; 10; 2.531484575550675], [2; 10; 2.548503039102863], [2; 10; 2.565810443118067], [2; 10; 2.5834147174360997], [2; 10; 2.601324094251841], [2; 10; 2.619547122942014], [2; 10; 2.6380926857842018], [2; 20; 5.313940029263918], [2; 20; 5.352377417230368], [2; 20; 5.391517505881432], [2; 20; 5.431381077749033], [2; 20; 5.47198976998753], [2; 30; 8.270049179414764], [2; 30; 8.33330041749659], [2; 30; 8.397775095870681], [2; 30; 8.463511522394851], [2; 30; 8.53054967381398], [2; 30; 8.598931289407046], [2; 40; 11.558266628123686], [2; 50; 14.56650215087382], [2; 50; 14.687638172923743], [2; 50; 14.81132445684597], [2; 50; 14.937648006603876], [2; 60; 18.08003995241567], [2; 60; 18.238291012455203], [2; 70; 21.46672617912694], [2; 70; 21.659687132364763], [2; 70; 21.85704361164702], [2; 70; 22.05895804137869], [2; 80; 25.446401388164748], [2; 80; 25.68817468549843], [2; 90; 29.177745676377008], [2; 90; 29.46310543162577], [2; 90; 29.75554618895099], [2; 100; 33.39483703922024], [2; 100; 33.736475906297095], [2; 100; 34.086988667793825], [2; 100; 34.446749956588604], [2; 100; 34.81615650258897], [2; 520; 183.01726985712043], [2; 520; 185.04518783633765], [2; 520; 187.13023145776157], [2; 520; 189.27501973910046], [2; 520; 191.4823396881644], [2; 520; 193.75516026116898], [2; 520; 196.09664775490543], [2; 540; 206.1451898403909], [2; 540; 208.73012457675378], [2; 540; 211.39764730035546], [2; 540; 214.15206243436663], [2; 560; 225.03495158314303], [2; 560; 228.08633100717032], [2; 560; 231.24329780863337], [2; 560; 234.51182185779348], [2; 560; 237.89834719398496], [2; 560; 241.40984102085162], [2; 580; 253.80577216648032], [2; 580; 257.72564907996434], [2; 580; 261.80046817086634], [2; 580; 266.04026676398087], [2; 580; 270.4559985248782], [2; 580; 275.0596426515186], [2; 580; 279.8643292796443], [2; 580; 284.8844840106626], [2; 580; 290.1359950874287], [2; 580; 295.6364075120473], [2; 600; 311.7984303760848], [2; 600; 318.06599667818875], [2; 600; 324.65833001810404], [2; 620; 342.656661437735], [2; 620; 350.2295654163353], [2; 620; 358.2352434153709], [2; 620; 366.71467315031725], [2; 620; 375.71436398279417], [2; 620; 385.287343664955], [2; 640; 408.2522501402218], [2; 640; 419.51526194516595], [2; 640; 431.5886703968316], [2; 660; 458.46279797166136], [2; 660; 472.9040404533314], [2; 660; 488.53898299288096], [2; 660; 505.5337487354173], [2; 660; 524.088002272952], [2; 660; 544.4440720191334], [2; 660; 566.8992720610751], [2; 680; 609.7568561115065], [2; 680; 638.4577667630191], [2; 680; 670.793167028665], [2; 680; 707.5601536365007], [2; 680; 749.8177922669387], [2; 680; 799.0075166070516], [2; 680; 857.1480838935721], [2; 680; 927.166091763992], [2; 680; 1013.4885305968838], [2; 680; 1123.1817322133622], [2; 700; 1305.6496480511362], [2; 700; 1515.072206751152], [2; 700; 1835.3792710101009], [2; 700; 2405.02721480456], [2; 700; 3817.742730792908]];
Intervals[4.9E-324=2.531484575550675, 2.531484575550675=5.079987614653538, 5.079987614653538=7.645798057771605, 7.645798057771605=10.229212775207705, 10.229212775207705=12.830536869459547, 12.830536869459547=15.450083992401561, 15.450083992401561=18.088176678185764, 18.088176678185764=23.402116707449682, 23.402116707449682=28.75449412468005, 28.75449412468005=34.14601163056148, 34.14601163056148=39.57739270831051, 39.57739270831051=45.04938247829804, 45.04938247829804=53.319431657712805, 53.319431657712805=61.65273207520939, 61.65273207520939=70.05050717108007, 70.05050717108007=78.51401869347492, 78.51401869347492=87.0445683672889, 87.0445683672889=95.64349965669595, 95.64349965669595=107.20176628481964, 107.20176628481964=121.76826843569346, 121.76826843569346=136.4559066086172, 136.4559066086172=151.26723106546316, 151.26723106546316=166.20487907206703, 166.20487907206703=184.2849190244827, 184.2849190244827=202.52321003693788, 202.52321003693788=223.98993621606482, 223.98993621606482=245.64962334842957, 245.64962334842957=267.5066669600766, 267.5066669600766=289.56562500145526, 289.56562500145526=315.01202638962, 315.01202638962=340.70020107511846, 340.70020107511846=369.8779467514955, 369.8779467514955=399.34105218312123, 399.34105218312123=429.0965983720722, 429.0965983720722=462.49143541129246, 462.49143541129246=496.22791131758953, 496.22791131758953=530.3148999853834, 530.3148999853834=564.761649941972, 564.761649941972=599.577806444561, 599.577806444561=782.5950763016815, 782.5950763016815=967.6402641380191, 967.6402641380191=1154.7704955957806, 1154.7704955957806=1344.0455153348812, 1344.0455153348812=1535.5278550230455, 1535.5278550230455=1729.2830152842146, 1729.2830152842146=1925.37966303912, 1925.37966303912=2131.524852879511, 2131.524852879511=2340.254977456265, 2340.254977456265=2551.6526247566203, 2551.6526247566203=2765.804687190987, 2765.804687190987=2990.83963877413, 2990.83963877413=3218.9259697813004, 3218.9259697813004=3450.169267589934, 3450.169267589934=3684.6810894477276, 3684.6810894477276=3922.5794366417126, 3922.5794366417126=4163.989277662564, 4163.989277662564=4417.795049829044, 4417.795049829044=4675.520698909008, 4675.520698909008=4937.321167079875, 4937.321167079875=5203.361433843856, 5203.361433843856=5473.8174323687335, 5473.8174323687335=5748.877075020252, 5748.877075020252=6028.741404299896, 6028.741404299896=6313.625888310558, 6313.625888310558=6603.761883397987, 6603.761883397987=6899.398290910034, 6899.398290910034=7211.196721286119, 7211.196721286119=7529.262717964308, 7529.262717964308=7853.921047982411, 7853.921047982411=8196.577709420146, 8196.577709420146=8546.807274836481, 8546.807274836481=8905.042518251852, 8905.042518251852=9271.75719140217, 9271.75719140217=9647.471555384964, 9647.471555384964=10032.758899049919, 10032.758899049919=10441.01114919014, 10441.01114919014=10860.526411135306, 10860.526411135306=11292.115081532138, 11292.115081532138=11750.577879503799, 11750.577879503799=12223.48191995713, 12223.48191995713=12712.020902950011, 12712.020902950011=13217.554651685428, 13217.554651685428=13741.64265395838, 13741.64265395838=14286.086725977515, 14286.086725977515=14852.98599803859, 14852.98599803859=15462.742854150096, 15462.742854150096=16101.200620913114, 16101.200620913114=16771.993787941778, 16771.993787941778=17479.553941578277, 17479.553941578277=18229.371733845215, 18229.371733845215=19028.379250452268, 19028.379250452268=19885.52733434584, 19885.52733434584=20812.693426109832, 20812.693426109832=21826.181956706718, 21826.181956706718=22949.36368892008, 22949.36368892008=24255.013336971217, 24255.013336971217=25770.08554372237, 25770.08554372237=27605.46481473247, 27605.46481473247=30010.49202953703, 30010.49202953703=33828.234760329935];

Jobs: [[2; 10; 2.531484575550675], [2; 10; 2.548503039102863], [2; 10; 2.565810443118067], [2; 10; 2.5834147174360997], [2; 10; 2.601324094251841], [2; 10; 2.619547122942014], [2; 10; 2.6380926857842018], [2; 20; 5.313940029263918], [2; 20; 5.352377417230368], [2; 20; 5.391517505881432], [2; 20; 5.431381077749033], [2; 20; 5.47198976998753], [2; 30; 8.270049179414764], [2; 30; 8.33330041749659], [2; 30; 8.397775095870681], [2; 30; 8.463511522394851], [2; 30; 8.53054967381398], [2; 30; 8.598931289407046], [2; 40; 11.558266628123686], [2; 50; 14.56650215087382], [2; 50; 14.687638172923743], [2; 50; 14.81132445684597], [2; 50; 14.937648006603876], [2; 60; 18.08003995241567], [2; 60; 18.238291012455203], [2; 70; 21.46672617912694], [2; 70; 21.659687132364763], [2; 70; 21.85704361164702], [2; 70; 22.05895804137869], [2; 80; 25.446401388164748], [2; 80; 25.68817468549843], [2; 90; 29.177745676377008], [2; 90; 29.46310543162577], [2; 90; 29.75554618895099], [2; 100; 33.39483703922024], [2; 100; 33.736475906297095], [2; 100; 34.086988667793825], [2; 100; 34.446749956588604], [2; 100; 34.81615650258897], [2; 520; 183.01726985712043], [2; 520; 185.04518783633765], [2; 520; 187.13023145776157], [2; 520; 189.27501973910046], [2; 520; 191.4823396881644], [2; 520; 193.75516026116898], [2; 520; 196.09664775490543], [2; 540; 206.1451898403909], [2; 540; 208.73012457675378], [2; 540; 211.39764730035546], [2; 540; 214.15206243436663], [2; 560; 225.03495158314303], [2; 560; 228.08633100717032], [2; 560; 231.24329780863337], [2; 560; 234.51182185779348], [2; 560; 237.89834719398496], [2; 560; 241.40984102085162], [2; 580; 253.80577216648032], [2; 580; 257.72564907996434], [2; 580; 261.80046817086634], [2; 580; 266.04026676398087], [2; 580; 270.4559985248782], [2; 580; 275.0596426515186], [2; 580; 279.8643292796443], [2; 580; 284.8844840106626], [2; 580; 290.1359950874287], [2; 580; 295.6364075120473], [2; 600; 311.7984303760848], [2; 600; 318.06599667818875], [2; 600; 324.65833001810404], [2; 620; 342.656661437735], [2; 620; 350.2295654163353], [2; 620; 358.2352434153709], [2; 620; 366.71467315031725], [2; 620; 375.71436398279417], [2; 620; 385.287343664955], [2; 640; 408.2522501402218], [2; 640; 419.51526194516595], [2; 640; 431.5886703968316], [2; 660; 458.46279797166136], [2; 660; 472.9040404533314], [2; 660; 488.53898299288096], [2; 660; 505.5337487354173], [2; 660; 524.088002272952], [2; 660; 544.4440720191334], [2; 660; 566.8992720610751], [2; 680; 609.7568561115065], [2; 680; 638.4577667630191], [2; 680; 670.793167028665], [2; 680; 707.5601536365007], [2; 680; 749.8177922669387], [2; 680; 799.0075166070516], [2; 680; 857.1480838935721], [2; 680; 927.166091763992], [2; 680; 1013.4885305968838], [2; 680; 1123.1817322133622], [2; 700; 1305.6496480511362], [2; 700; 1515.072206751152], [2; 700; 1835.3792710101009], [2; 700; 2405.02721480456], [2; 700; 3817.742730792908]];
Intervals[4.9E-324=2.531484575550675, 2.531484575550675=5.079987614653538, 5.079987614653538=7.645798057771605, 7.645798057771605=10.229212775207705, 10.229212775207705=12.830536869459547, 12.830536869459547=15.450083992401561, 15.450083992401561=18.088176678185764, 18.088176678185764=23.402116707449682, 23.402116707449682=28.75449412468005, 28.75449412468005=34.14601163056148, 34.14601163056148=39.57739270831051, 39.57739270831051=45.04938247829804, 45.04938247829804=53.319431657712805, 53.319431657712805=61.65273207520939, 61.65273207520939=70.05050717108007, 70.05050717108007=78.51401869347492, 78.51401869347492=87.0445683672889, 87.0445683672889=95.64349965669595, 95.64349965669595=107.20176628481964, 107.20176628481964=121.76826843569346, 121.76826843569346=136.4559066086172, 136.4559066086172=151.26723106546316, 151.26723106546316=166.20487907206703, 166.20487907206703=184.2849190244827, 184.2849190244827=202.52321003693788, 202.52321003693788=223.98993621606482, 223.98993621606482=245.64962334842957, 245.64962334842957=267.5066669600766, 267.5066669600766=289.56562500145526, 289.56562500145526=315.01202638962, 315.01202638962=340.70020107511846, 340.70020107511846=369.8779467514955, 369.8779467514955=399.34105218312123, 399.34105218312123=429.0965983720722, 429.0965983720722=462.49143541129246, 462.49143541129246=496.22791131758953, 496.22791131758953=530.3148999853834, 530.3148999853834=564.761649941972, 564.761649941972=599.577806444561, 599.577806444561=782.5950763016815, 782.5950763016815=967.6402641380191, 967.6402641380191=1154.7704955957806, 1154.7704955957806=1344.0455153348812, 1344.0455153348812=1535.5278550230455, 1535.5278550230455=1729.2830152842146, 1729.2830152842146=1925.37966303912, 1925.37966303912=2131.524852879511, 2131.524852879511=2340.254977456265, 2340.254977456265=2551.6526247566203, 2551.6526247566203=2765.804687190987, 2765.804687190987=2990.83963877413, 2990.83963877413=3218.9259697813004, 3218.9259697813004=3450.169267589934, 3450.169267589934=3684.6810894477276, 3684.6810894477276=3922.5794366417126, 3922.5794366417126=4163.989277662564, 4163.989277662564=4417.795049829044, 4417.795049829044=4675.520698909008, 4675.520698909008=4937.321167079875, 4937.321167079875=5203.361433843856, 5203.361433843856=5473.8174323687335, 5473.8174323687335=5748.877075020252, 5748.877075020252=6028.741404299896, 6028.741404299896=6313.625888310558, 6313.625888310558=6603.761883397987, 6603.761883397987=6899.398290910034, 6899.398290910034=7211.196721286119, 7211.196721286119=7529.262717964308, 7529.262717964308=7853.921047982411, 7853.921047982411=8196.577709420146, 8196.577709420146=8546.807274836481, 8546.807274836481=8905.042518251852, 8905.042518251852=9271.75719140217, 9271.75719140217=9647.471555384964, 9647.471555384964=10032.758899049919, 10032.758899049919=10441.01114919014, 10441.01114919014=10860.526411135306, 10860.526411135306=11292.115081532138, 11292.115081532138=11750.577879503799, 11750.577879503799=12223.48191995713, 12223.48191995713=12712.020902950011, 12712.020902950011=13217.554651685428, 13217.554651685428=13741.64265395838, 13741.64265395838=14286.086725977515, 14286.086725977515=14852.98599803859, 14852.98599803859=15462.742854150096, 15462.742854150096=16101.200620913114, 16101.200620913114=16771.993787941778, 16771.993787941778=17479.553941578277, 17479.553941578277=18229.371733845215, 18229.371733845215=19028.379250452268, 19028.379250452268=19885.52733434584, 19885.52733434584=20812.693426109832, 20812.693426109832=21826.181956706718, 21826.181956706718=22949.36368892008, 22949.36368892008=24255.013336971217, 24255.013336971217=25770.08554372237, 25770.08554372237=27605.46481473247, 27605.46481473247=30010.49202953703, 30010.49202953703=33828.234760329935];
