1.0768002848136036
9257.554205219245
9968.537004857457
[1; 20; 0.3015649304331947]
[2; 10; 0.15179613360446007]
[2; 10; 0.15282701211310926]
[1; 30; 0.4616267191994867]
[1; 30; 0.4648269203931081]
[1; 40; 0.6241108901282899]
[1; 40; 0.6285293972938982]
[2; 20; 0.3165134740950476]
[2; 20; 0.3188029149117302]
[2; 20; 0.32113421059198133]
[2; 20; 0.3235085990028719]
[1; 50; 0.814818422288077]
[1; 50; 0.8209796567450943]
[2; 30; 0.49635521878196925]
[2; 30; 0.5001955151215896]
[2; 30; 0.5041109647915479]
[1; 60; 1.016207897842326]
[1; 60; 1.0243539072426588]
[2; 30; 0.5163325759470931]
[1; 60; 1.0411470605530406]
[2; 30; 0.5249026551404741]
[1; 70; 1.2350868145963045]
[2; 40; 0.7117832477359092]
[1; 80; 1.4358652213115093]
[2; 40; 0.7242165346389007]
[1; 80; 1.4612795871097324]
[2; 40; 0.737207397290126]
[2; 40; 0.7439246068020129]
[1; 90; 1.6892931382981247]
[2; 50; 0.9472878013101979]
[2; 50; 0.9562882447030804]
[1; 110; 2.124112253050397]
[1; 110; 2.144886172988362]
[1; 110; 2.166175583171574]
[1; 110; 2.188001259499399]
[2; 60; 1.2056646255721943]
[2; 60; 1.2181911514168617]
[2; 60; 1.2310481985119668]
[2; 60; 1.2442499450786348]
[1; 130; 2.7252580751222775]
[2; 70; 1.4837066593813681]
[2; 80; 1.714771086576945]
[1; 170; 3.68565289293164]
[2; 90; 1.9739831681428155]
[2; 90; 1.9974135772480424]
[1; 180; 4.043103741345607]
[1; 180; 4.092865798575406]
[2; 90; 2.07209391757826]
[2; 90; 2.0985747986766863]
[1; 190; 4.488049687887477]
[1; 190; 4.547692634160516]
[2; 100; 2.4259775979750646]
[1; 200; 4.919111616101055]
[2; 100; 2.494320566143181]
[2; 100; 2.530340412507044]
[2; 100; 2.5676894518895854]
[2; 100; 2.606447941523308]
[2; 100; 2.6467029563126228]
[1; 200; 5.377098286844337]
[2; 110; 3.0052985388208415]
[2; 110; 3.055180432153261]
[2; 110; 3.1071850596306407]
[2; 120; 3.448866266815665]
[2; 120; 3.510731393931253]
[2; 120; 3.575447606422806]
[2; 120; 3.643231117503583]
[2; 120; 3.714321346204114]
[2; 120; 3.7889841829495547]
[2; 120; 3.8675158305149577]
[2; 130; 4.279434622079932]
[2; 130; 4.374012522126384]
[2; 130; 4.473995331328306]
[2; 130; 4.579894819845377]
[2; 140; 5.053237368840316]
[2; 140; 5.181990866971837]
[2; 140; 5.31927205268011]
[2; 140; 5.466022067903462]
[2; 150; 6.024997548976994]
[2; 150; 6.20621730641167]
[2; 150; 6.401708607804827]
[2; 160; 7.05424964647672]
[2; 170; 7.7558730817244985]
[2; 170; 8.040531496564718]
[2; 170; 8.352833284109161]
[2; 170; 8.697339821972736]
[2; 180; 9.613816724693768]
[2; 180; 10.06633364528251]
[2; 180; 10.57615425452661]
[2; 180; 11.155846089434592]
[2; 180; 11.822107057129356]
[2; 190; 13.29753393022534]
[2; 190; 14.26514205673972]
[2; 190; 15.430421251280249]
[2; 190; 16.86704798565013]
[2; 200; 19.67644646440422]
[2; 200; 22.219494052023716]
[2; 200; 25.78343887009971]
[2; 200; 31.234411816591212]
[2; 200; 40.92865798575405]
[2; 200; 64.97019474223262]


Jobs: [[1; 20; 0.3015649304331947], [2; 10; 0.15179613360446007], [2; 10; 0.15282701211310926], [1; 30; 0.4616267191994867], [1; 40; 0.6241108901282899], [2; 20; 0.3165134740950476], [2; 20; 0.3188029149117302], [2; 20; 0.32113421059198133], [2; 20; 0.3235085990028719], [1; 50; 0.814818422288077], [2; 30; 0.49635521878196925], [2; 30; 0.5001955151215896], [2; 30; 0.5041109647915479], [1; 60; 1.016207897842326], [2; 30; 0.5163325759470931], [1; 60; 1.0411470605530406], [2; 30; 0.5249026551404741], [1; 70; 1.2350868145963045], [2; 40; 0.7117832477359092], [1; 80; 1.4358652213115093], [2; 40; 0.7242165346389007], [1; 80; 1.4612795871097324], [2; 40; 0.737207397290126], [2; 40; 0.7439246068020129], [1; 90; 1.6892931382981247], [2; 50; 0.9472878013101979], [2; 50; 0.9562882447030804], [1; 110; 2.124112253050397], [1; 110; 2.166175583171574], [2; 60; 1.2056646255721943], [2; 60; 1.2181911514168617], [2; 60; 1.2310481985119668], [2; 60; 1.2442499450786348], [1; 130; 2.7252580751222775], [2; 70; 1.4837066593813681], [2; 80; 1.714771086576945], [1; 170; 3.68565289293164], [2; 90; 1.9739831681428155], [2; 90; 1.9974135772480424], [1; 180; 4.043103741345607], [2; 90; 2.07209391757826], [2; 90; 2.0985747986766863], [1; 190; 4.488049687887477], [2; 100; 2.4259775979750646], [1; 200; 4.919111616101055], [2; 100; 2.494320566143181], [2; 100; 2.530340412507044], [2; 100; 2.5676894518895854], [2; 100; 2.606447941523308], [2; 100; 2.6467029563126228], [1; 200; 5.377098286844337], [2; 110; 3.0052985388208415], [2; 110; 3.055180432153261], [2; 110; 3.1071850596306407], [2; 120; 3.448866266815665], [2; 120; 3.510731393931253], [2; 120; 3.575447606422806], [2; 120; 3.643231117503583], [2; 120; 3.714321346204114], [2; 120; 3.7889841829495547], [2; 120; 3.8675158305149577], [2; 130; 4.279434622079932], [2; 130; 4.374012522126384], [2; 130; 4.473995331328306], [2; 130; 4.579894819845377], [2; 140; 5.053237368840316], [2; 140; 5.181990866971837], [2; 140; 5.31927205268011], [2; 140; 5.466022067903462], [2; 150; 6.024997548976994], [2; 150; 6.20621730641167], [2; 150; 6.401708607804827], [2; 160; 7.05424964647672], [2; 170; 7.7558730817244985], [2; 170; 8.040531496564718], [2; 170; 8.352833284109161], [2; 170; 8.697339821972736], [2; 180; 9.613816724693768], [2; 180; 10.06633364528251], [2; 180; 10.57615425452661], [2; 180; 11.155846089434592], [2; 180; 11.822107057129356], [2; 190; 13.29753393022534], [2; 190; 14.26514205673972], [2; 190; 15.430421251280249], [2; 190; 16.86704798565013], [2; 200; 19.67644646440422], [2; 200; 22.219494052023716], [2; 200; 25.78343887009971], [2; 200; 31.234411816591212], [2; 200; 40.92865798575405], [2; 200; 64.97019474223262]];
Intervals[0.0=0.3015649304331947, 0.3015649304331947=0.45336106403765475, 0.45336106403765475=0.606188076150764, 0.606188076150764=1.0678147953502508, 1.0678147953502508=1.6919256854785407, 1.6995443938377703=2.016057867932818, 2.016057867932818=2.3348607828445482, 2.3348607828445482=2.6559949934365297, 2.6559949934365297=2.9795035924394018, 2.9795035924394018=3.794322014727479, 3.800483249184496=4.296838467966465, 4.296838467966465=4.797033983088054, 4.797033983088054=5.301144947879602, 5.301144947879602=6.317352845721928, 6.325498855122261=6.8418314310693535, 6.8418314310693535=7.882978491622394, 7.882978491622394=8.407881146762868, 8.407881146762868=9.642967961359172, 9.642967961359172=10.354751209095081, 10.354751209095081=11.79061643040659, 11.79061643040659=12.51483296504549, 12.51483296504549=13.976112552155223, 13.976112552155223=14.71331994944535, 14.71331994944535=15.457244556247362, 15.457244556247362=17.146537694545486, 17.146537694545486=18.093825495855683, 18.093825495855683=19.050113740558764, 19.050113740558764=21.174225993609163, 21.174225993609163=23.340401576780735, 23.383001173046523=24.588665798618717, 24.588665798618717=25.806856950035577, 25.806856950035577=27.037905148547544, 27.037905148547544=28.28215509362618, 28.28215509362618=31.007413168748457, 31.007413168748457=32.491119828129825, 32.491119828129825=34.20589091470677, 34.20589091470677=37.89154380763841, 37.89154380763841=39.86552697578123, 39.86552697578123=41.86294055302927, 41.86294055302927=45.90604429437487, 45.95580635160467=48.02790026918293, 48.02790026918293=50.126475067859616, 50.126475067859616=54.61452475574709, 54.67416770202013=57.10014529999519, 57.10014529999519=62.019256916096246, 62.019256916096246=64.51357748223943, 64.51357748223943=67.04391789474647, 67.04391789474647=69.61160734663606, 69.61160734663606=72.21805528815938, 72.21805528815938=74.864758244472, 74.864758244472=80.24185653131633, 80.24185653131633=83.24715507013717, 83.24715507013717=86.30233550229043, 86.30233550229043=89.40952056192107, 89.40952056192107=92.85838682873674, 92.85838682873674=96.36911822266799, 96.36911822266799=99.9445658290908, 99.9445658290908=103.5877969465944, 103.5877969465944=107.30211829279851, 107.30211829279851=111.09110247574806, 111.09110247574806=114.95861830626302, 114.95861830626302=119.23805292834295, 119.23805292834295=123.61206545046933, 123.61206545046933=128.08606078179764, 128.08606078179764=132.66595560164302, 132.66595560164302=137.71919297048333, 137.71919297048333=142.90118383745516, 142.90118383745516=148.22045589013527, 148.22045589013527=153.68647795803872, 153.68647795803872=159.7114755070157, 159.7114755070157=165.91769281342738, 165.91769281342738=172.31940142123221, 172.31940142123221=179.37365106770892, 179.37365106770892=187.12952414943342, 187.12952414943342=195.17005564599813, 195.17005564599813=203.52288893010729, 203.52288893010729=212.22022875208003, 212.22022875208003=221.8340454767738, 221.8340454767738=231.9003791220563, 231.9003791220563=242.47653337658292, 242.47653337658292=253.6323794660175, 253.6323794660175=265.45448652314684, 265.45448652314684=278.75202045337215, 278.75202045337215=293.01716251011186, 293.01716251011186=308.4475837613921, 308.4475837613921=325.3146317470422, 325.3146317470422=344.9910782114464, 344.9910782114464=367.2105722634701, 367.2105722634701=392.9940111335698, 392.9940111335698=424.228422950161, 424.228422950161=465.1570809359151, 465.1570809359151=530.1272756781477];

Jobs: [[2; 10; 0.15179613360446007], [2; 10; 0.15282701211310926], [1; 30; 0.4648269203931081], [1; 40; 0.6285293972938982], [2; 20; 0.3165134740950476], [2; 20; 0.3188029149117302], [2; 20; 0.32113421059198133], [2; 20; 0.3235085990028719], [1; 50; 0.8209796567450943], [2; 30; 0.49635521878196925], [2; 30; 0.5001955151215896], [2; 30; 0.5041109647915479], [1; 60; 1.0243539072426588], [2; 30; 0.5163325759470931], [2; 30; 0.5249026551404741], [2; 40; 0.7117832477359092], [2; 40; 0.7242165346389007], [2; 40; 0.737207397290126], [2; 40; 0.7439246068020129], [2; 50; 0.9472878013101979], [2; 50; 0.9562882447030804], [1; 110; 2.144886172988362], [1; 110; 2.188001259499399], [2; 60; 1.2056646255721943], [2; 60; 1.2181911514168617], [2; 60; 1.2310481985119668], [2; 60; 1.2442499450786348], [2; 70; 1.4837066593813681], [2; 80; 1.714771086576945], [2; 90; 1.9739831681428155], [2; 90; 1.9974135772480424], [1; 180; 4.092865798575406], [2; 90; 2.07209391757826], [2; 90; 2.0985747986766863], [1; 190; 4.547692634160516], [2; 100; 2.4259775979750646], [2; 100; 2.494320566143181], [2; 100; 2.530340412507044], [2; 100; 2.5676894518895854], [2; 100; 2.606447941523308], [2; 100; 2.6467029563126228], [2; 110; 3.0052985388208415], [2; 110; 3.055180432153261], [2; 110; 3.1071850596306407], [2; 120; 3.448866266815665], [2; 120; 3.510731393931253], [2; 120; 3.575447606422806], [2; 120; 3.643231117503583], [2; 120; 3.714321346204114], [2; 120; 3.7889841829495547], [2; 120; 3.8675158305149577], [2; 130; 4.279434622079932], [2; 130; 4.374012522126384], [2; 130; 4.473995331328306], [2; 130; 4.579894819845377], [2; 140; 5.053237368840316], [2; 140; 5.181990866971837], [2; 140; 5.31927205268011], [2; 140; 5.466022067903462], [2; 150; 6.024997548976994], [2; 150; 6.20621730641167], [2; 150; 6.401708607804827], [2; 160; 7.05424964647672], [2; 170; 7.7558730817244985], [2; 170; 8.040531496564718], [2; 170; 8.352833284109161], [2; 170; 8.697339821972736], [2; 180; 9.613816724693768], [2; 180; 10.06633364528251], [2; 180; 10.57615425452661], [2; 180; 11.155846089434592], [2; 180; 11.822107057129356], [2; 190; 13.29753393022534], [2; 190; 14.26514205673972], [2; 190; 15.430421251280249], [2; 190; 16.86704798565013], [2; 200; 19.67644646440422], [2; 200; 22.219494052023716], [2; 200; 25.78343887009971], [2; 200; 31.234411816591212], [2; 200; 40.92865798575405], [2; 200; 64.97019474223262]];
Intervals[0.3015649304331947=0.45336106403765475, 0.45336106403765475=0.606188076150764, 0.606188076150764=1.071014996543872, 1.071014996543872=1.6995443938377703, 1.6995443938377703=2.016057867932818, 2.016057867932818=2.3348607828445482, 2.3348607828445482=2.6559949934365297, 2.6559949934365297=2.9795035924394018, 2.9795035924394018=3.800483249184496, 3.800483249184496=4.296838467966465, 4.296838467966465=4.797033983088054, 4.797033983088054=5.301144947879602, 5.301144947879602=6.325498855122261, 6.325498855122261=6.8418314310693535, 7.882978491622394=8.407881146762868, 9.642967961359172=10.354751209095081, 11.79061643040659=12.51483296504549, 13.976112552155223=14.71331994944535, 14.71331994944535=15.457244556247362, 17.146537694545486=18.093825495855683, 18.093825495855683=19.050113740558764, 19.050113740558764=21.194999913547125, 21.194999913547125=23.383001173046523, 23.383001173046523=24.588665798618717, 24.588665798618717=25.806856950035577, 25.806856950035577=27.037905148547544, 27.037905148547544=28.28215509362618, 31.007413168748457=32.491119828129825, 32.491119828129825=34.20589091470677, 37.89154380763841=39.86552697578123, 39.86552697578123=41.86294055302927, 41.86294055302927=45.95580635160467, 45.95580635160467=48.02790026918293, 48.02790026918293=50.126475067859616, 50.126475067859616=54.67416770202013, 54.67416770202013=57.10014529999519, 62.019256916096246=64.51357748223943, 64.51357748223943=67.04391789474647, 67.04391789474647=69.61160734663606, 69.61160734663606=72.21805528815938, 72.21805528815938=74.864758244472, 80.24185653131633=83.24715507013717, 83.24715507013717=86.30233550229043, 86.30233550229043=89.40952056192107, 89.40952056192107=92.85838682873674, 92.85838682873674=96.36911822266799, 96.36911822266799=99.9445658290908, 99.9445658290908=103.5877969465944, 103.5877969465944=107.30211829279851, 107.30211829279851=111.09110247574806, 111.09110247574806=114.95861830626302, 114.95861830626302=119.23805292834295, 119.23805292834295=123.61206545046933, 123.61206545046933=128.08606078179764, 128.08606078179764=132.66595560164302, 132.66595560164302=137.71919297048333, 137.71919297048333=142.90118383745516, 142.90118383745516=148.22045589013527, 148.22045589013527=153.68647795803872, 153.68647795803872=159.7114755070157, 159.7114755070157=165.91769281342738, 165.91769281342738=172.31940142123221, 172.31940142123221=179.37365106770892, 179.37365106770892=187.12952414943342, 187.12952414943342=195.17005564599813, 195.17005564599813=203.52288893010729, 203.52288893010729=212.22022875208003, 212.22022875208003=221.8340454767738, 221.8340454767738=231.9003791220563, 231.9003791220563=242.47653337658292, 242.47653337658292=253.6323794660175, 253.6323794660175=265.45448652314684, 265.45448652314684=278.75202045337215, 278.75202045337215=293.01716251011186, 293.01716251011186=308.4475837613921, 308.4475837613921=325.3146317470422, 325.3146317470422=344.9910782114464, 344.9910782114464=367.2105722634701, 367.2105722634701=392.9940111335698, 392.9940111335698=424.228422950161, 424.228422950161=465.1570809359151, 465.1570809359151=530.1272756781477];
