1.0000000000000002
1897.1967321621305
1897.196732162131
[2; 10; 0.052411699505440695]
[2; 10; 0.05276404871837144]
[2; 10; 0.05312238013671193]
[2; 10; 0.053486857939373376]
[2; 10; 0.05385765256520757]
[2; 10; 0.054234941019979464]
[2; 10; 0.05461890720181272]
[2; 10; 0.05500974224643029]
[2; 10; 0.055407644893621696]
[2; 20; 0.11162564375297895]
[2; 20; 0.11245097667031806]
[2; 20; 0.11329173651356145]
[2; 20; 0.11414838988762556]
[2; 20; 0.115021423025495]
[2; 20; 0.11591134285127357]
[2; 20; 0.11681867811396802]
[2; 20; 0.1177439805976079]
[2; 20; 0.11868782641382052]
[2; 20; 0.11965081738355143]
[2; 20; 0.12063358251525266]
[2; 20; 0.12163677958756094]
[2; 20; 0.12266109684526594]
[2; 30; 0.1855608822273455]
[2; 30; 0.18716401241082806]
[2; 30; 0.18880222247248823]
[2; 30; 0.1904767569533327]
[2; 30; 0.19218892192365325]
[2; 30; 0.193940088907558]
[2; 40; 0.2609755988208997]
[2; 40; 0.26342035735319497]
[2; 40; 0.2659231870229227]
[2; 40; 0.2684863267640814]
[2; 40; 0.27111213594559974]
[2; 40; 0.2738031027393066]
[2; 40; 0.2765618532045818]
[2; 40; 0.2793911611630103]
[2; 40; 0.2822939589451209]
[2; 40; 0.28527334910125496]
[2; 40; 0.28833261717996356]
[2; 50; 0.3643440571128619]
[2; 50; 0.3683811617239018]
[2; 50; 0.37253198996475556]
[2; 50; 0.37680175567965885]
[2; 50; 0.38119600714137036]
[2; 50; 0.3857206548388502]
[2; 50; 0.3903820021194264]
[2; 50; 0.3951867790367966]
[2; 50; 0.4001421798068776]
[2; 50; 0.40525590433260533]
[2; 60; 0.49264344519345593]
[2; 60; 0.4991903215822662]
[2; 60; 0.5059591326724266]
[2; 60; 0.5129621660312897]
[2; 60; 0.5202126644970659]
[2; 60; 0.527724922747293]
[2; 60; 0.5355143959839429]
[2; 60; 0.5435978225642789]
[2; 60; 0.551993362731475]
[2; 60; 0.5607207559906981]
[2; 60; 0.5698015001505133]
[2; 60; 0.5792590556259548]
[2; 60; 0.5891190793036709]
[2; 70; 0.6993113086557776]
[2; 70; 0.7118554259558963]
[2; 70; 0.7249776451860722]
[2; 70; 0.7387218069401166]
[2; 70; 0.7531364571524334]
[2; 70; 0.7682755092446488]
[2; 70; 0.784199022939067]
[2; 70; 0.800974124699382]
[2; 80; 0.9356298298332627]
[2; 80; 0.9570168053589678]
[2; 80; 0.9796693972112858]
[2; 80; 1.0037118540270966]
[2; 80; 1.0292858381662429]
[2; 80; 1.0565536554827109]
[2; 80; 1.0857022426372738]
[2; 80; 1.1169481300251862]
[2; 80; 1.150543673848212]
[2; 80; 1.1867849572267175]
[2; 80; 1.2260219123503284]
[2; 80; 1.2686714365867884]
[2; 90; 1.47963892708517]
[2; 90; 1.5371094913191974]
[2; 90; 1.600506455099026]
[2; 90; 1.670872248146417]
[2; 90; 1.749519260678528]
[2; 90; 1.838125600066197]
[2; 90; 1.938875492347472]
[2; 90; 2.05467101797726]
[2; 90; 2.189462032576097]
[2; 90; 2.348780389388097]
[2; 100; 2.8229395894512086]
[2; 100; 3.085765238710801]
[2; 100; 3.4197477735419315]
[2; 100; 3.8617270375063644]
[2; 100; 4.481137273937525]
[2; 100; 5.428511213186369]
[2; 100; 7.113362022662337]
[2; 100; 11.291758357804833]


Jobs: [[2; 10; 0.052411699505440695], [2; 10; 0.05276404871837144], [2; 10; 0.05312238013671193], [2; 10; 0.053486857939373376], [2; 10; 0.05385765256520757], [2; 10; 0.054234941019979464], [2; 10; 0.05461890720181272], [2; 10; 0.05500974224643029], [2; 10; 0.055407644893621696], [2; 20; 0.11162564375297895], [2; 20; 0.11245097667031806], [2; 20; 0.11329173651356145], [2; 20; 0.11414838988762556], [2; 20; 0.115021423025495], [2; 20; 0.11591134285127357], [2; 20; 0.11681867811396802], [2; 20; 0.1177439805976079], [2; 20; 0.11868782641382052], [2; 20; 0.11965081738355143], [2; 20; 0.12063358251525266], [2; 20; 0.12163677958756094], [2; 20; 0.12266109684526594], [2; 30; 0.1855608822273455], [2; 30; 0.18716401241082806], [2; 30; 0.18880222247248823], [2; 30; 0.1904767569533327], [2; 30; 0.19218892192365325], [2; 30; 0.193940088907558], [2; 40; 0.2609755988208997], [2; 40; 0.26342035735319497], [2; 40; 0.2659231870229227], [2; 40; 0.2684863267640814], [2; 40; 0.27111213594559974], [2; 40; 0.2738031027393066], [2; 40; 0.2765618532045818], [2; 40; 0.2793911611630103], [2; 40; 0.2822939589451209], [2; 40; 0.28527334910125496], [2; 40; 0.28833261717996356], [2; 50; 0.3643440571128619], [2; 50; 0.3683811617239018], [2; 50; 0.37253198996475556], [2; 50; 0.37680175567965885], [2; 50; 0.38119600714137036], [2; 50; 0.3857206548388502], [2; 50; 0.3903820021194264], [2; 50; 0.3951867790367966], [2; 50; 0.4001421798068776], [2; 50; 0.40525590433260533], [2; 60; 0.49264344519345593], [2; 60; 0.4991903215822662], [2; 60; 0.5059591326724266], [2; 60; 0.5129621660312897], [2; 60; 0.5202126644970659], [2; 60; 0.527724922747293], [2; 60; 0.5355143959839429], [2; 60; 0.5435978225642789], [2; 60; 0.551993362731475], [2; 60; 0.5607207559906981], [2; 60; 0.5698015001505133], [2; 60; 0.5792590556259548], [2; 60; 0.5891190793036709], [2; 70; 0.6993113086557776], [2; 70; 0.7118554259558963], [2; 70; 0.7249776451860722], [2; 70; 0.7387218069401166], [2; 70; 0.7531364571524334], [2; 70; 0.7682755092446488], [2; 70; 0.784199022939067], [2; 70; 0.800974124699382], [2; 80; 0.9356298298332627], [2; 80; 0.9570168053589678], [2; 80; 0.9796693972112858], [2; 80; 1.0037118540270966], [2; 80; 1.0292858381662429], [2; 80; 1.0565536554827109], [2; 80; 1.0857022426372738], [2; 80; 1.1169481300251862], [2; 80; 1.150543673848212], [2; 80; 1.1867849572267175], [2; 80; 1.2260219123503284], [2; 80; 1.2686714365867884], [2; 90; 1.47963892708517], [2; 90; 1.5371094913191974], [2; 90; 1.600506455099026], [2; 90; 1.670872248146417], [2; 90; 1.749519260678528], [2; 90; 1.838125600066197], [2; 90; 1.938875492347472], [2; 90; 2.05467101797726], [2; 90; 2.189462032576097], [2; 90; 2.348780389388097], [2; 100; 2.8229395894512086], [2; 100; 3.085765238710801], [2; 100; 3.4197477735419315], [2; 100; 3.8617270375063644], [2; 100; 4.481137273937525], [2; 100; 5.428511213186369], [2; 100; 7.113362022662337], [2; 100; 11.291758357804833]];
Intervals[4.9E-324=0.052411699505440695, 0.052411699505440695=0.10517574822381213, 0.10517574822381213=0.15829812836052407, 0.15829812836052407=0.21178498629989745, 0.21178498629989745=0.26564263886510503, 0.26564263886510503=0.3198775798850845, 0.3198775798850845=0.3744964870868972, 0.3744964870868972=0.4295062293333275, 0.4295062293333275=0.4849138742269492, 0.4849138742269492=0.5965395179799282, 0.5965395179799282=0.7089904946502463, 0.7089904946502463=0.8222822311638078, 0.8222822311638078=0.9364306210514334, 0.9364306210514334=1.0514520440769284, 1.0514520440769284=1.1673633869282019, 1.1673633869282019=1.2841820650421698, 1.2841820650421698=1.4019260456397777, 1.4019260456397777=1.5206138720535982, 1.5206138720535982=1.6402646894371498, 1.6402646894371498=1.7608982719524024, 1.7608982719524024=1.8825350515399635, 1.8825350515399635=2.005196148385229, 2.005196148385229=2.1907570306125748, 2.1907570306125748=2.377921043023403, 2.377921043023403=2.566723265495891, 2.566723265495891=2.757200022449224, 2.757200022449224=2.949388944372877, 2.949388944372877=3.1433290332804353, 3.1433290332804353=3.404304632101335, 3.404304632101335=3.66772498945453, 3.66772498945453=3.933648176477453, 3.933648176477453=4.202134503241535, 4.202134503241535=4.473246639187135, 4.473246639187135=4.747049741926442, 4.747049741926442=5.023611595131023, 5.023611595131023=5.303002756294034, 5.303002756294034=5.585296715239155, 5.585296715239155=5.870570064340409, 5.870570064340409=6.158902681520373, 6.158902681520373=6.523246738633235, 6.523246738633235=6.891627900357137, 6.891627900357137=7.264159890321893, 7.264159890321893=7.640961646001552, 7.640961646001552=8.022157653142923, 8.022157653142923=8.407878307981774, 8.407878307981774=8.7982603101012, 8.7982603101012=9.193447089137997, 9.193447089137997=9.593589268944875, 9.593589268944875=9.99884517327748, 9.99884517327748=10.491488618470937, 10.491488618470937=10.990678940053204, 10.990678940053204=11.49663807272563, 11.49663807272563=12.00960023875692, 12.00960023875692=12.529812903253987, 12.529812903253987=13.05753782600128, 13.05753782600128=13.593052221985223, 13.593052221985223=14.136650044549501, 14.136650044549501=14.688643407280976, 14.688643407280976=15.249364163271673, 15.249364163271673=15.819165663422186, 15.819165663422186=16.39842471904814, 16.39842471904814=16.987543798351812, 16.987543798351812=17.686855107007588, 17.686855107007588=18.398710532963484, 18.398710532963484=19.123688178149557, 19.123688178149557=19.862409985089673, 19.862409985089673=20.615546442242106, 20.615546442242106=21.383821951486755, 21.383821951486755=22.168020974425822, 22.168020974425822=22.968995099125205, 22.968995099125205=23.90462492895847, 23.90462492895847=24.861641734317438, 24.861641734317438=25.841311131528723, 25.841311131528723=26.84502298555582, 26.84502298555582=27.87430882372206, 27.87430882372206=28.93086247920477, 28.93086247920477=30.016564721842045, 30.016564721842045=31.13351285186723, 31.13351285186723=32.28405652571544, 32.28405652571544=33.47084148294216, 33.47084148294216=34.69686339529249, 34.69686339529249=35.965534831879275, 35.965534831879275=37.445173758964444, 37.445173758964444=38.98228325028364, 38.98228325028364=40.582789705382666, 40.582789705382666=42.25366195352908, 42.25366195352908=44.00318121420761, 44.00318121420761=45.84130681427381, 45.84130681427381=47.78018230662128, 47.78018230662128=49.83485332459854, 49.83485332459854=52.024315357174636, 52.024315357174636=54.37309574656273, 54.37309574656273=57.19603533601394, 57.19603533601394=60.28180057472474, 60.28180057472474=63.70154834826667, 63.70154834826667=67.56327538577304, 67.56327538577304=72.04441265971056, 72.04441265971056=77.47292387289693, 77.47292387289693=84.58628589555927, 84.58628589555927=95.87804425336411];

Jobs: [[2; 10; 0.052411699505440695], [2; 10; 0.05276404871837144], [2; 10; 0.05312238013671193], [2; 10; 0.053486857939373376], [2; 10; 0.05385765256520757], [2; 10; 0.054234941019979464], [2; 10; 0.05461890720181272], [2; 10; 0.05500974224643029], [2; 10; 0.055407644893621696], [2; 20; 0.11162564375297895], [2; 20; 0.11245097667031806], [2; 20; 0.11329173651356145], [2; 20; 0.11414838988762556], [2; 20; 0.115021423025495], [2; 20; 0.11591134285127357], [2; 20; 0.11681867811396802], [2; 20; 0.1177439805976079], [2; 20; 0.11868782641382052], [2; 20; 0.11965081738355143], [2; 20; 0.12063358251525266], [2; 20; 0.12163677958756094], [2; 20; 0.12266109684526594], [2; 30; 0.1855608822273455], [2; 30; 0.18716401241082806], [2; 30; 0.18880222247248823], [2; 30; 0.1904767569533327], [2; 30; 0.19218892192365325], [2; 30; 0.193940088907558], [2; 40; 0.2609755988208997], [2; 40; 0.26342035735319497], [2; 40; 0.2659231870229227], [2; 40; 0.2684863267640814], [2; 40; 0.27111213594559974], [2; 40; 0.2738031027393066], [2; 40; 0.2765618532045818], [2; 40; 0.2793911611630103], [2; 40; 0.2822939589451209], [2; 40; 0.28527334910125496], [2; 40; 0.28833261717996356], [2; 50; 0.3643440571128619], [2; 50; 0.3683811617239018], [2; 50; 0.37253198996475556], [2; 50; 0.37680175567965885], [2; 50; 0.38119600714137036], [2; 50; 0.3857206548388502], [2; 50; 0.3903820021194264], [2; 50; 0.3951867790367966], [2; 50; 0.4001421798068776], [2; 50; 0.40525590433260533], [2; 60; 0.49264344519345593], [2; 60; 0.4991903215822662], [2; 60; 0.5059591326724266], [2; 60; 0.5129621660312897], [2; 60; 0.5202126644970659], [2; 60; 0.527724922747293], [2; 60; 0.5355143959839429], [2; 60; 0.5435978225642789], [2; 60; 0.551993362731475], [2; 60; 0.5607207559906981], [2; 60; 0.5698015001505133], [2; 60; 0.5792590556259548], [2; 60; 0.5891190793036709], [2; 70; 0.6993113086557776], [2; 70; 0.7118554259558963], [2; 70; 0.7249776451860722], [2; 70; 0.7387218069401166], [2; 70; 0.7531364571524334], [2; 70; 0.7682755092446488], [2; 70; 0.784199022939067], [2; 70; 0.800974124699382], [2; 80; 0.9356298298332627], [2; 80; 0.9570168053589678], [2; 80; 0.9796693972112858], [2; 80; 1.0037118540270966], [2; 80; 1.0292858381662429], [2; 80; 1.0565536554827109], [2; 80; 1.0857022426372738], [2; 80; 1.1169481300251862], [2; 80; 1.150543673848212], [2; 80; 1.1867849572267175], [2; 80; 1.2260219123503284], [2; 80; 1.2686714365867884], [2; 90; 1.47963892708517], [2; 90; 1.5371094913191974], [2; 90; 1.600506455099026], [2; 90; 1.670872248146417], [2; 90; 1.749519260678528], [2; 90; 1.838125600066197], [2; 90; 1.938875492347472], [2; 90; 2.05467101797726], [2; 90; 2.189462032576097], [2; 90; 2.348780389388097], [2; 100; 2.8229395894512086], [2; 100; 3.085765238710801], [2; 100; 3.4197477735419315], [2; 100; 3.8617270375063644], [2; 100; 4.481137273937525], [2; 100; 5.428511213186369], [2; 100; 7.113362022662337], [2; 100; 11.291758357804833]];
Intervals[4.9E-324=0.052411699505440695, 0.052411699505440695=0.10517574822381213, 0.10517574822381213=0.15829812836052407, 0.15829812836052407=0.21178498629989745, 0.21178498629989745=0.26564263886510503, 0.26564263886510503=0.3198775798850845, 0.3198775798850845=0.3744964870868972, 0.3744964870868972=0.4295062293333275, 0.4295062293333275=0.4849138742269492, 0.4849138742269492=0.5965395179799282, 0.5965395179799282=0.7089904946502463, 0.7089904946502463=0.8222822311638078, 0.8222822311638078=0.9364306210514334, 0.9364306210514334=1.0514520440769284, 1.0514520440769284=1.1673633869282019, 1.1673633869282019=1.2841820650421698, 1.2841820650421698=1.4019260456397777, 1.4019260456397777=1.5206138720535982, 1.5206138720535982=1.6402646894371498, 1.6402646894371498=1.7608982719524024, 1.7608982719524024=1.8825350515399635, 1.8825350515399635=2.005196148385229, 2.005196148385229=2.1907570306125748, 2.1907570306125748=2.377921043023403, 2.377921043023403=2.566723265495891, 2.566723265495891=2.757200022449224, 2.757200022449224=2.949388944372877, 2.949388944372877=3.1433290332804353, 3.1433290332804353=3.404304632101335, 3.404304632101335=3.66772498945453, 3.66772498945453=3.933648176477453, 3.933648176477453=4.202134503241535, 4.202134503241535=4.473246639187135, 4.473246639187135=4.747049741926442, 4.747049741926442=5.023611595131023, 5.023611595131023=5.303002756294034, 5.303002756294034=5.585296715239155, 5.585296715239155=5.870570064340409, 5.870570064340409=6.158902681520373, 6.158902681520373=6.523246738633235, 6.523246738633235=6.891627900357137, 6.891627900357137=7.264159890321893, 7.264159890321893=7.640961646001552, 7.640961646001552=8.022157653142923, 8.022157653142923=8.407878307981774, 8.407878307981774=8.7982603101012, 8.7982603101012=9.193447089137997, 9.193447089137997=9.593589268944875, 9.593589268944875=9.99884517327748, 9.99884517327748=10.491488618470937, 10.491488618470937=10.990678940053204, 10.990678940053204=11.49663807272563, 11.49663807272563=12.00960023875692, 12.00960023875692=12.529812903253987, 12.529812903253987=13.05753782600128, 13.05753782600128=13.593052221985223, 13.593052221985223=14.136650044549501, 14.136650044549501=14.688643407280976, 14.688643407280976=15.249364163271673, 15.249364163271673=15.819165663422186, 15.819165663422186=16.39842471904814, 16.39842471904814=16.987543798351812, 16.987543798351812=17.686855107007588, 17.686855107007588=18.398710532963484, 18.398710532963484=19.123688178149557, 19.123688178149557=19.862409985089673, 19.862409985089673=20.615546442242106, 20.615546442242106=21.383821951486755, 21.383821951486755=22.168020974425822, 22.168020974425822=22.968995099125205, 22.968995099125205=23.90462492895847, 23.90462492895847=24.861641734317438, 24.861641734317438=25.841311131528723, 25.841311131528723=26.84502298555582, 26.84502298555582=27.87430882372206, 27.87430882372206=28.93086247920477, 28.93086247920477=30.016564721842045, 30.016564721842045=31.13351285186723, 31.13351285186723=32.28405652571544, 32.28405652571544=33.47084148294216, 33.47084148294216=34.69686339529249, 34.69686339529249=35.965534831879275, 35.965534831879275=37.445173758964444, 37.445173758964444=38.98228325028364, 38.98228325028364=40.582789705382666, 40.582789705382666=42.25366195352908, 42.25366195352908=44.00318121420761, 44.00318121420761=45.84130681427381, 45.84130681427381=47.78018230662128, 47.78018230662128=49.83485332459854, 49.83485332459854=52.024315357174636, 52.024315357174636=54.37309574656273, 54.37309574656273=57.19603533601394, 57.19603533601394=60.28180057472474, 60.28180057472474=63.70154834826667, 63.70154834826667=67.56327538577304, 67.56327538577304=72.04441265971056, 72.04441265971056=77.47292387289693, 77.47292387289693=84.58628589555927, 84.58628589555927=95.87804425336411];
