1.0739954323552872
60742.79919165396
65237.48888031079
[2; 10; 0.8388864802288695]
[1; 40; 3.4010457142028203]
[1; 40; 3.4481199442217116]
[1; 60; 5.245286443541438]
[1; 60; 5.321032285673893]
[1; 80; 7.199431036001368]
[1; 80; 7.30810425307293]
[2; 60; 5.56573013319361]
[2; 70; 6.596016163241104]
[1; 140; 13.405674267189651]
[1; 140; 13.628181417546667]
[2; 80; 7.920089945754834]
[1; 160; 16.116872974428652]
[1; 160; 16.40597446985701]
[1; 200; 20.88549919066827]
[1; 200; 21.281447508656523]
[1; 1040; 112.82290019283336]
[1; 1040; 115.09079168446567]
[1; 1040; 117.47619871024847]
[1; 1040; 119.9891770870814]
[2; 540; 63.67898339145347]
[1; 1080; 130.2691626765597]
[1; 1120; 138.29162076701527]
[1; 1160; 146.74568659431023]
[1; 1160; 150.4846798585561]
[1; 1160; 154.47131661887605]
[1; 1160; 158.73292757633214]
[1; 1160; 163.3011701248195]
[1; 1160; 168.212939498708]
[1; 1200; 179.4946799370544]
[1; 1200; 185.42905301680327]
[1; 1200; 191.87955835534416]
[2; 600; 99.46099015844338]
[2; 600; 103.32414833781164]
[1; 1240; 222.3437339934647]
[1; 1280; 239.60672053062814]
[2; 640; 125.44243673368416]
[2; 640; 131.7956077862453]
[1; 1280; 278.0389696183853]
[1; 1280; 294.6443002647307]
[2; 660; 161.8926506033873]
[1; 1320; 347.3458568960859]
[1; 1320; 375.71955964232876]
[1; 1320; 410.7003780670406]
[1; 1360; 468.94431241415276]
[1; 1360; 529.5521922246704]
[1; 1360; 614.4908855612995]
[1; 1360; 744.4026948407301]
[1; 1400; 1004.1329922285503]
[1; 1400; 1593.9617681795764]


Jobs: [[2; 10; 0.8388864802288695], [1; 40; 3.4010457142028203], [1; 60; 5.245286443541438], [1; 80; 7.199431036001368], [2; 60; 5.56573013319361], [2; 70; 6.596016163241104], [1; 140; 13.405674267189651], [2; 80; 7.920089945754834], [1; 160; 16.116872974428652], [1; 200; 20.88549919066827], [1; 1040; 112.82290019283336], [1; 1040; 117.47619871024847], [2; 540; 63.67898339145347], [1; 1080; 130.2691626765597], [1; 1160; 146.74568659431023], [1; 1160; 154.47131661887605], [1; 1160; 163.3011701248195], [1; 1200; 179.4946799370544], [1; 1200; 191.87955835534416], [2; 600; 99.46099015844338], [2; 600; 103.32414833781164], [1; 1240; 222.3437339934647], [2; 640; 125.44243673368416], [2; 640; 131.7956077862453], [1; 1280; 278.0389696183853], [2; 660; 161.8926506033873], [1; 1320; 347.3458568960859], [1; 1320; 410.7003780670406], [1; 1360; 529.5521922246704], [1; 1360; 744.4026948407301], [1; 1400; 1593.9617681795764]];
Intervals[4.9E-324=0.8388864802288695, 0.8388864802288695=4.23993219443169, 4.23993219443169=9.485218637973128, 9.485218637973128=16.684649673974498, 16.916142963197405=22.481873096391016, 22.481873096391016=29.07788925963212, 29.07788925963212=42.48356352682177, 42.706070677178786=50.62616062293362, 50.62616062293362=66.74303359736227, 66.74303359736227=87.62853278803054, 87.62853278803054=200.4514329808639, 200.4514329808639=317.92763169111237, 323.39355137299424=387.0725347644477, 387.0725347644477=517.3416974410075, 517.3416974410075=664.0873840353177, 664.0873840353177=818.5587006541937, 818.5587006541937=981.8598707790131, 981.8598707790131=1161.3545507160675, 1161.3545507160675=1353.2341090714117, 1353.2341090714117=1452.695099229855, 1452.695099229855=1556.0192475676668, 1556.0192475676668=1778.3629815611314, 1795.6259680982948=1921.068404831979, 1921.068404831979=2052.8640126182245, 2052.8640126182245=2330.9029822366097, 2347.508312882955=2509.4009634863423, 2509.4009634863423=2856.7468203824283, 2856.7468203824283=3267.447198449469, 3267.447198449469=3796.9993906741392, 3796.9993906741392=4541.402085514869, 4541.402085514869=6135.363853694445];

Jobs: [[2; 10; 0.8388864802288695], [1; 40; 3.4481199442217116], [1; 60; 5.321032285673893], [1; 80; 7.30810425307293], [2; 60; 5.56573013319361], [2; 70; 6.596016163241104], [1; 140; 13.628181417546667], [2; 80; 7.920089945754834], [1; 160; 16.40597446985701], [1; 200; 21.281447508656523], [1; 1040; 115.09079168446567], [1; 1040; 119.9891770870814], [2; 540; 63.67898339145347], [1; 1120; 138.29162076701527], [1; 1160; 150.4846798585561], [1; 1160; 158.73292757633214], [1; 1160; 168.212939498708], [1; 1200; 185.42905301680327], [2; 600; 99.46099015844338], [2; 600; 103.32414833781164], [1; 1280; 239.60672053062814], [2; 640; 125.44243673368416], [2; 640; 131.7956077862453], [1; 1280; 294.6443002647307], [2; 660; 161.8926506033873], [1; 1320; 375.71955964232876], [1; 1360; 468.94431241415276], [1; 1360; 614.4908855612995], [1; 1400; 1004.1329922285503]];
Intervals[4.9E-324=0.8388864802288695, 0.8388864802288695=4.287006424450581, 4.287006424450581=9.608038710124475, 9.608038710124475=16.916142963197405, 16.916142963197405=22.481873096391016, 22.481873096391016=29.07788925963212, 29.07788925963212=42.706070677178786, 42.706070677178786=50.62616062293362, 50.62616062293362=67.03213509279063, 67.03213509279063=88.31358260144715, 88.31358260144715=203.4043742859128, 203.4043742859128=323.39355137299424, 323.39355137299424=387.0725347644477, 387.0725347644477=525.364155531463, 525.364155531463=675.8488353900191, 675.8488353900191=834.5817629663512, 834.5817629663512=1002.7947024650592, 1002.7947024650592=1188.2237554818626, 1353.2341090714117=1452.695099229855, 1452.695099229855=1556.0192475676668, 1556.0192475676668=1795.6259680982948, 1795.6259680982948=1921.068404831979, 1921.068404831979=2052.8640126182245, 2052.8640126182245=2347.508312882955, 2347.508312882955=2509.4009634863423, 2509.4009634863423=2885.1205231286713, 2885.1205231286713=3354.064835542824, 3354.064835542824=3968.555721104123, 3968.555721104123=4972.688713332674];
