1.137458917667247
443156.17937365035
504071.9481479047
[1; 20; 3.9757695126957415]
[1; 20; 4.002497500374274]
[1; 20; 4.029679277380595]
[1; 20; 4.057327297756757]
[1; 20; 4.085454490402169]
[1; 40; 8.228148564718936]
[1; 40; 8.286401247003372]
[1; 40; 8.345696025442003]
[1; 40; 8.406063051455357]
[2; 20; 4.233766844576946]
[1; 60; 12.795210867154786]
[2; 30; 6.445438275058505]
[1; 60; 12.988350675160364]
[1; 80; 17.450251424271112]
[2; 40; 8.792631939666045]
[1; 100; 22.153648104404574]
[1; 100; 22.32912368710797]
[1; 100; 22.508115851843726]
[2; 60; 13.61444323723756]
[2; 60; 13.726266962253934]
[1; 120; 27.68083106272001]
[2; 60; 13.956967256345246]
[1; 120; 28.152008245098873]
[1; 120; 28.395224022053803]
[1; 140; 33.41772218689313]
[1; 140; 33.71411238474361]
[1; 140; 34.01716312517989]
[1; 140; 34.32711716599908]
[1; 160; 39.59340525647102]
[1; 160; 39.9643070410084]
[1; 160; 40.34401897518604]
[1; 160; 40.73288073451974]
[2; 80; 20.565625133038235]
[1; 160; 41.539505058004586]
[1; 160; 41.958043517793996]
[1; 160; 42.3872864703901]
[2; 90; 24.090569318595552]
[1; 180; 48.68965256608777]
[2; 90; 24.605899917030587]
[1; 200; 55.27574980661801]
[1; 200; 55.88823127864009]
[2; 100; 28.25898305495708]
[2; 100; 28.58287265433754]
[1; 200; 57.83241062033046]
[2; 100; 29.25942937160712]
[1; 200; 59.22604597740336]
[1; 1040; 311.7659654714877]
[1; 1040; 315.6753202053378]
[1; 1040; 319.70957779817667]
[1; 1040; 323.87524809215324]
[2; 540; 170.4007990845805]
[1; 1080; 345.42272469645417]
[1; 1080; 350.2037568149608]
[1; 1080; 355.15373552614136]
[1; 1080; 360.28241993136356]
[1; 1080; 365.600361432176]
[1; 1120; 384.8641351348535]
[1; 1120; 390.80812933666203]
[1; 1120; 396.9870736209642]
[1; 1120; 403.41618831270847]
[1; 1120; 410.11208325094697]
[1; 1160; 431.98909919844453]
[1; 1160; 439.5349980748001]
[1; 1160; 447.4192958190422]
[1; 1160; 455.6669453746587]
[1; 1160; 464.30550167330597]
[1; 1160; 473.36547707324377]
[1; 1200; 499.5318181400527]
[2; 600; 254.9426338590094]
[1; 1200; 520.7924188389146]
[1; 1200; 532.3022227461319]
[2; 600; 272.2348927186109]
[2; 600; 278.67869378687027]
[1; 1200; 571.0357171815242]
[1; 1200; 585.58536937054]
[2; 600; 300.54934191453873]
[1; 1240; 638.2714137448078]
[2; 620; 328.3202493434361]
[1; 1240; 676.390918654101]
[2; 620; 348.8483686927601]
[2; 620; 360.3818379232164]
[1; 1280; 769.896075388445]
[1; 1280; 798.1530355143384]
[2; 640; 414.57702414979076]
[1; 1320; 890.331651394537]
[2; 660; 464.7374095937213]
[1; 1320; 973.2246736924834]
[1; 1320; 1022.5147144915798]
[2; 660; 539.2799927330864]
[1; 1360; 1177.6104612145398]
[2; 680; 627.4321707549867]
[1; 1360; 1346.1757787200147]
[1; 1360; 1456.1410788128867]
[2; 680; 795.8564789077136]
[1; 1400; 1815.8713316331302]
[2; 700; 1025.2802081273674]
[1; 1400; 2379.4645826840874]
[1; 1400; 2882.5160620733254]
[1; 1400; 3777.1645816737932]
[2; 700; 2997.937515203001]


Jobs: [[1; 20; 3.9757695126957415], [1; 20; 4.029679277380595], [1; 20; 4.085454490402169], [1; 40; 8.286401247003372], [1; 40; 8.406063051455357], [2; 20; 4.233766844576946], [1; 60; 12.795210867154786], [2; 30; 6.445438275058505], [1; 60; 12.988350675160364], [2; 40; 8.792631939666045], [1; 100; 22.153648104404574], [1; 100; 22.508115851843726], [2; 60; 13.61444323723756], [2; 60; 13.726266962253934], [1; 120; 27.68083106272001], [2; 60; 13.956967256345246], [1; 120; 28.152008245098873], [1; 140; 33.41772218689313], [1; 140; 34.01716312517989], [1; 160; 39.59340525647102], [1; 160; 40.34401897518604], [2; 80; 20.565625133038235], [1; 160; 41.539505058004586], [1; 160; 42.3872864703901], [2; 90; 24.090569318595552], [1; 180; 48.68965256608777], [2; 90; 24.605899917030587], [1; 200; 55.27574980661801], [2; 100; 28.25898305495708], [2; 100; 28.58287265433754], [1; 200; 57.83241062033046], [2; 100; 29.25942937160712], [1; 200; 59.22604597740336], [1; 1040; 315.6753202053378], [1; 1040; 323.87524809215324], [2; 540; 170.4007990845805], [1; 1080; 345.42272469645417], [1; 1080; 355.15373552614136], [1; 1080; 365.600361432176], [1; 1120; 390.80812933666203], [1; 1120; 403.41618831270847], [1; 1160; 431.98909919844453], [1; 1160; 447.4192958190422], [1; 1160; 464.30550167330597], [1; 1200; 499.5318181400527], [2; 600; 254.9426338590094], [1; 1200; 520.7924188389146], [2; 600; 272.2348927186109], [2; 600; 278.67869378687027], [1; 1200; 571.0357171815242], [2; 600; 300.54934191453873], [1; 1240; 638.2714137448078], [2; 620; 328.3202493434361], [1; 1240; 676.390918654101], [2; 620; 348.8483686927601], [2; 620; 360.3818379232164], [1; 1280; 769.896075388445], [2; 640; 414.57702414979076], [1; 1320; 890.331651394537], [2; 660; 464.7374095937213], [1; 1320; 973.2246736924834], [2; 660; 539.2799927330864], [1; 1360; 1177.6104612145398], [2; 680; 627.4321707549867], [1; 1360; 1346.1757787200147], [2; 680; 795.8564789077136], [1; 1400; 1815.8713316331302], [2; 700; 1025.2802081273674], [1; 1400; 2379.4645826840874], [1; 1400; 3777.1645816737932], [2; 700; 2997.937515203001]];
Intervals[0.0=3.9757695126957415, 3.9757695126957415=8.005448790076336, 8.005448790076336=12.090903280478505, 12.090903280478505=20.377304527481876, 20.377304527481876=28.78336757893723, 28.78336757893723=33.01713442351418, 33.01713442351418=45.812345290668965, 45.812345290668965=52.25778356572747, 52.25778356572747=65.24613424088784, 69.70803498999858=78.50066692966462, 78.50066692966462=100.65431503406919, 100.65431503406919=123.16243088591291, 123.16243088591291=136.77687412315046, 136.77687412315046=150.5031410854044, 150.5031410854044=178.1839721481244, 178.1839721481244=192.14093940446966, 192.14093940446966=220.29294764956853, 220.29294764956853=253.71066983646165, 253.71066983646165=287.7278329616415, 287.7278329616415=327.32123821811257, 327.32123821811257=367.6652571932986, 369.27458075279424=389.84020588583246, 389.84020588583246=431.37971094383704, 431.37971094383704=473.76699741422715, 473.76699741422715=497.8575667328227, 497.8575667328227=546.5472192989105, 546.5472192989105=571.153119215941, 571.153119215941=626.4288690225591, 627.0413504945811=655.3003335495382, 655.3003335495382=683.8832062038757, 683.8832062038757=741.7156168242062, 741.7156168242062=770.9750461958133, 770.9750461958133=830.2010921732167, 830.2010921732167=1145.8764123785545, 1145.8764123785545=1469.7516604707077, 1469.7516604707077=1640.1524595552883, 1640.1524595552883=1985.5751842517425, 1985.5751842517425=2340.7289197778837, 2340.7289197778837=2706.32928121006, 2706.32928121006=3097.137410546722, 3097.137410546722=3500.5535988594306, 3500.5535988594306=3932.542698057875, 3932.542698057875=4379.961993876917, 4379.961993876917=4844.267495550223, 4844.267495550223=5343.799313690276, 5343.799313690276=5598.741947549285, 5598.741947549285=6119.5343663881995, 6131.044170295417=6403.279063014028, 6403.279063014028=6681.957756800898, 6681.957756800898=7252.993473982422, 7267.543126171438=7568.092468085977, 7568.092468085977=8206.363881830785, 8206.363881830785=8534.684131174221, 8534.684131174221=9211.075049828321, 9211.075049828321=9559.92341852108, 9559.92341852108=9920.305256444297, 9920.305256444297=10690.201331832743, 10718.458291958636=11133.035316108426, 11133.035316108426=12023.366967502963, 12023.366967502963=12488.104377096684, 12488.104377096684=13461.329050789167, 13510.619091588263=14049.89908432135, 14049.89908432135=15227.50954553589, 15227.50954553589=15854.941716290876, 15854.941716290876=17201.11749501089, 17311.08279510376=18106.939274011474, 18106.939274011474=19922.810605644605, 19922.810605644605=20948.09081377197, 20948.09081377197=23327.555396456057, 23327.555396456057=27104.71997812985, 27104.71997812985=30102.657493332852];

Jobs: [[1; 20; 4.002497500374274], [1; 20; 4.057327297756757], [1; 40; 8.228148564718936], [1; 40; 8.345696025442003], [2; 20; 4.233766844576946], [2; 30; 6.445438275058505], [1; 80; 17.450251424271112], [2; 40; 8.792631939666045], [1; 100; 22.32912368710797], [2; 60; 13.61444323723756], [2; 60; 13.726266962253934], [2; 60; 13.956967256345246], [1; 120; 28.395224022053803], [1; 140; 33.71411238474361], [1; 140; 34.32711716599908], [1; 160; 39.9643070410084], [1; 160; 40.73288073451974], [2; 80; 20.565625133038235], [1; 160; 41.958043517793996], [2; 90; 24.090569318595552], [2; 90; 24.605899917030587], [1; 200; 55.88823127864009], [2; 100; 28.25898305495708], [2; 100; 28.58287265433754], [2; 100; 29.25942937160712], [1; 1040; 311.7659654714877], [1; 1040; 319.70957779817667], [2; 540; 170.4007990845805], [1; 1080; 350.2037568149608], [1; 1080; 360.28241993136356], [1; 1120; 384.8641351348535], [1; 1120; 396.9870736209642], [1; 1120; 410.11208325094697], [1; 1160; 439.5349980748001], [1; 1160; 455.6669453746587], [1; 1160; 473.36547707324377], [2; 600; 254.9426338590094], [1; 1200; 532.3022227461319], [2; 600; 272.2348927186109], [2; 600; 278.67869378687027], [1; 1200; 585.58536937054], [2; 600; 300.54934191453873], [2; 620; 328.3202493434361], [2; 620; 348.8483686927601], [2; 620; 360.3818379232164], [1; 1280; 798.1530355143384], [2; 640; 414.57702414979076], [2; 660; 464.7374095937213], [1; 1320; 1022.5147144915798], [2; 660; 539.2799927330864], [2; 680; 627.4321707549867], [1; 1360; 1456.1410788128867], [2; 680; 795.8564789077136], [2; 700; 1025.2802081273674], [1; 1400; 2882.5160620733254], [2; 700; 2997.937515203001]];
Intervals[0.0=4.002497500374274, 4.002497500374274=8.059824798131032, 8.059824798131032=16.287973362849968, 16.287973362849968=24.63366938829197, 28.78336757893723=33.01713442351418, 45.812345290668965=52.25778356572747, 52.25778356572747=69.70803498999858, 69.70803498999858=78.50066692966462, 78.50066692966462=100.82979061677258, 123.16243088591291=136.77687412315046, 136.77687412315046=150.5031410854044, 178.1839721481244=192.14093940446966, 192.14093940446966=220.53616342652347, 220.53616342652347=254.25027581126707, 254.25027581126707=288.57739297726613, 288.57739297726613=328.5417000182745, 328.5417000182745=369.27458075279424, 369.27458075279424=389.84020588583246, 389.84020588583246=431.79824940362647, 473.76699741422715=497.8575667328227, 546.5472192989105=571.153119215941, 571.153119215941=627.0413504945811, 627.0413504945811=655.3003335495382, 655.3003335495382=683.8832062038757, 741.7156168242062=770.9750461958133, 770.9750461958133=1082.7410116673009, 1082.7410116673009=1402.4505894654776, 1469.7516604707077=1640.1524595552883, 1640.1524595552883=1990.356216370249, 1990.356216370249=2350.6386363016127, 2350.6386363016127=2735.502771436466, 2735.502771436466=3132.48984505743, 3132.48984505743=3542.601928308377, 3542.601928308377=3982.136926383177, 3982.136926383177=4437.803871757836, 4437.803871757836=4911.169348831079, 5343.799313690276=5598.741947549285, 5598.741947549285=6131.044170295417, 6131.044170295417=6403.279063014028, 6403.279063014028=6681.957756800898, 6681.957756800898=7267.543126171438, 7267.543126171438=7568.092468085977, 8206.363881830785=8534.684131174221, 9211.075049828321=9559.92341852108, 9559.92341852108=9920.305256444297, 9920.305256444297=10718.458291958636, 10718.458291958636=11133.035316108426, 12023.366967502963=12488.104377096684, 12488.104377096684=13510.619091588263, 13510.619091588263=14049.89908432135, 15227.50954553589=15854.941716290876, 15854.941716290876=17311.08279510376, 17311.08279510376=18106.939274011474, 19922.810605644605=20948.09081377197, 20948.09081377197=23830.606875845297, 27104.71997812985=30102.657493332852];
