1.060297648588227
183.3598401817349
194.4160073902066
[1; 10; 0.0175216960388814]
[1; 20; 0.035518565755371274]
[1; 20; 0.03601018194486473]
[1; 20; 0.03651917029962703]
[1; 20; 0.03704653431265053]
[1; 20; 0.037593358946281116]
[2; 10; 0.019080409620480607]
[2; 20; 0.03875019005418354]
[2; 20; 0.03936285710836516]
[2; 20; 0.040000329559637074]
[2; 20; 0.04066425434001459]
[1; 40; 0.08271286514967795]
[1; 40; 0.08415767687606455]
[1; 40; 0.08566728176500606]
[1; 50; 0.10905807193940971]
[1; 50; 0.11112560021600194]
[2; 30; 0.0679763938679031]
[1; 70; 0.16179989112488966]
[2; 40; 0.09437337443590085]
[1; 80; 0.19278430289397638]
[1; 80; 0.1970449438757446]
[1; 100; 0.25193633834562]
[1; 100; 0.25789967254555624]
[1; 110; 0.2906517802256498]
[1; 110; 0.29805741560564675]
[1; 120; 0.33376750469264843]
[1; 130; 0.3715569045554895]
[2; 70; 0.20582697638887099]
[1; 140; 0.42403567224949096]
[1; 140; 0.4373924854760494]
[1; 150; 0.4841286008763118]
[1; 160; 0.5343679392170587]
[1; 160; 0.553980473991176]
[1; 190; 0.6834033945211223]
[1; 190; 0.7115898708223545]
[1; 200; 0.7819733779834294]
[1; 200; 0.8187804230021403]
[2; 100; 0.43012423189029675]
[2; 100; 0.45369986242879384]
[2; 110; 0.5288758138721237]
[2; 110; 0.5635712502338966]
[2; 110; 0.6045800661886115]
[2; 110; 0.653966505507712]
[2; 110; 0.7148530976425105]
[2; 140; 1.0082850944562127]
[2; 140; 1.1385991215204083]
[2; 160; 1.5099739909744132]
[2; 180; 2.057853625230403]
[2; 200; 2.996167877146756]
[2; 200; 4.756120040056087]


Jobs: [[1; 10; 0.0175216960388814], [1; 20; 0.03601018194486473], [1; 20; 0.03704653431265053], [2; 10; 0.019080409620480607], [2; 20; 0.03875019005418354], [2; 20; 0.03936285710836516], [2; 20; 0.040000329559637074], [2; 20; 0.04066425434001459], [1; 40; 0.08271286514967795], [1; 40; 0.08566728176500606], [1; 50; 0.11112560021600194], [2; 30; 0.0679763938679031], [1; 70; 0.16179989112488966], [2; 40; 0.09437337443590085], [1; 80; 0.19278430289397638], [1; 100; 0.25193633834562], [1; 110; 0.2906517802256498], [1; 120; 0.33376750469264843], [2; 70; 0.20582697638887099], [1; 140; 0.42403567224949096], [1; 150; 0.4841286008763118], [1; 160; 0.553980473991176], [1; 190; 0.7115898708223545], [1; 200; 0.8187804230021403], [2; 100; 0.43012423189029675], [2; 100; 0.45369986242879384], [2; 110; 0.5288758138721237], [2; 110; 0.5635712502338966], [2; 110; 0.6045800661886115], [2; 110; 0.653966505507712], [2; 110; 0.7148530976425105], [2; 140; 1.0082850944562127], [2; 140; 1.1385991215204083], [2; 160; 1.5099739909744132], [2; 180; 2.057853625230403], [2; 200; 2.996167877146756], [2; 200; 4.756120040056087]];
Intervals[0.0=0.0175216960388814, 0.0175216960388814=0.05353187798374613, 0.05353187798374613=0.09057841229639665, 0.10963109500127942=0.12871150462176004, 0.12871150462176004=0.16746169467594357, 0.16746169467594357=0.20682455178430872, 0.20682455178430872=0.2468248813439458, 0.2468248813439458=0.2874891356839604, 0.2874891356839604=0.37020200083363836, 0.37020200083363836=0.4558692825986444, 0.4558692825986444=0.5669948828146464, 0.5669948828146464=0.6349712766825495, 0.6349712766825495=0.7967711678074392, 0.7967711678074392=0.89114454224334, 0.89114454224334=1.0839288451373164, 1.0839288451373164=1.3358651834829365, 1.3358651834829365=1.6265169637085863, 1.6265169637085863=1.9602844684012348, 2.015703478825777=2.221530455214648, 2.221530455214648=2.6455661274641393, 2.6455661274641393=3.1296947283404513, 3.1296947283404513=3.683675202331627, 3.683675202331627=4.395265073153982, 4.395265073153982=5.214045496156122, 5.214045496156122=5.6441697280464185, 5.6441697280464185=6.097869590475212, 6.097869590475212=6.626745404347336, 6.626745404347336=7.190316654581232, 7.190316654581232=7.794896720769843, 7.794896720769843=8.448863226277556, 8.448863226277556=9.163716323920067, 9.163716323920067=10.17200141837628, 10.17200141837628=11.310600539896688, 11.310600539896688=12.820574530871102, 12.820574530871102=14.878428156101506, 14.878428156101506=17.874596033248263, 17.874596033248263=22.63071607330435];

Jobs: [[1; 20; 0.035518565755371274], [1; 20; 0.03651917029962703], [1; 20; 0.037593358946281116], [2; 10; 0.019080409620480607], [2; 20; 0.03875019005418354], [2; 20; 0.03936285710836516], [2; 20; 0.040000329559637074], [2; 20; 0.04066425434001459], [1; 40; 0.08415767687606455], [1; 50; 0.10905807193940971], [2; 30; 0.0679763938679031], [2; 40; 0.09437337443590085], [1; 80; 0.1970449438757446], [1; 100; 0.25789967254555624], [1; 110; 0.29805741560564675], [1; 130; 0.3715569045554895], [2; 70; 0.20582697638887099], [1; 140; 0.4373924854760494], [1; 160; 0.5343679392170587], [1; 190; 0.6834033945211223], [1; 200; 0.7819733779834294], [2; 100; 0.43012423189029675], [2; 100; 0.45369986242879384], [2; 110; 0.5288758138721237], [2; 110; 0.5635712502338966], [2; 110; 0.6045800661886115], [2; 110; 0.653966505507712], [2; 110; 0.7148530976425105], [2; 140; 1.0082850944562127], [2; 140; 1.1385991215204083], [2; 160; 1.5099739909744132], [2; 180; 2.057853625230403], [2; 200; 2.996167877146756], [2; 200; 4.756120040056087]];
Intervals[0.0=0.035518565755371274, 0.035518565755371274=0.0720377360549983, 0.0720377360549983=0.10963109500127942, 0.10963109500127942=0.12871150462176004, 0.12871150462176004=0.16746169467594357, 0.16746169467594357=0.20682455178430872, 0.20682455178430872=0.2468248813439458, 0.2468248813439458=0.2874891356839604, 0.2874891356839604=0.37164681256002496, 0.37164681256002496=0.48070488449943466, 0.5669948828146464=0.6349712766825495, 0.7967711678074392=0.89114454224334, 0.89114454224334=1.0881894861190846, 1.0881894861190846=1.3460891586646409, 1.3460891586646409=1.6441465742702877, 1.6441465742702877=2.015703478825777, 2.015703478825777=2.221530455214648, 2.221530455214648=2.658922940690698, 2.658922940690698=3.1932908799077566, 3.1932908799077566=3.876694274428879, 3.876694274428879=4.6586676524123085, 5.214045496156122=5.6441697280464185, 5.6441697280464185=6.097869590475212, 6.097869590475212=6.626745404347336, 6.626745404347336=7.190316654581232, 7.190316654581232=7.794896720769843, 7.794896720769843=8.448863226277556, 8.448863226277556=9.163716323920067, 9.163716323920067=10.17200141837628, 10.17200141837628=11.310600539896688, 11.310600539896688=12.820574530871102, 12.820574530871102=14.878428156101506, 14.878428156101506=17.874596033248263, 17.874596033248263=22.63071607330435];
