1.109198669868595
616052.6755475565
683324.8082863387
[1; 20; 4.95216635028355]
[2; 10; 2.492729190557125]
[1; 20; 5.019315645978766]
[1; 20; 5.0537536574685085]
[1; 20; 5.0887885196509774]
[1; 20; 5.124436957074341]
[1; 20; 5.160716345517453]
[2; 20; 5.197644744610211]
[1; 40; 10.470481864919115]
[1; 40; 10.54704888485553]
[2; 30; 7.9687734033332855]
[1; 60; 16.056706726407796]
[1; 60; 16.17811921788186]
[1; 80; 21.735804259102753]
[2; 40; 10.951987001006716]
[2; 40; 11.037717385610534]
[1; 80; 22.250290838341712]
[1; 80; 22.428651072221125]
[1; 100; 28.263286500051223]
[2; 50; 14.247715054159192]
[2; 50; 14.366200021043168]
[1; 100; 28.974358874917865]
[1; 120; 35.06577216790301]
[2; 60; 17.684359274568838]
[1; 120; 35.678294037763365]
[1; 120; 35.99473381692246]
[1; 120; 36.318284697056605]
[1; 120; 36.64920585753225]
[1; 120; 36.98776964650228]
[1; 120; 37.33426244445891]
[1; 140; 43.97048319711813]
[1; 140; 44.39429916511331]
[1; 160; 51.23254576562349]
[1; 180; 58.208695401265466]
[1; 180; 58.79518716821304]
[1; 180; 59.396678982954626]
[1; 180; 60.013794239209474]
[1; 200; 67.38576946475835]
[1; 200; 68.10841367296156]
[1; 1040; 358.0238939872035]
[1; 1040; 361.9909681992318]
[1; 1040; 366.0697933126113]
[1; 1040; 370.2654927286421]
[1; 1040; 374.5835184759197]
[1; 1080; 393.6077430742964]
[2; 540; 199.18220202033118]
[1; 1080; 403.267427445545]
[1; 1080; 408.3241546098062]
[1; 1080; 413.5424428814475]
[1; 1080; 418.9307127026826]
[2; 560; 220.1100740709255]
[2; 560; 223.0946742244398]
[1; 1120; 452.3651019629088]
[2; 560; 229.37954356194885]
[1; 1120; 465.38390995562355]
[1; 1120; 472.2531999116387]
[2; 560; 239.69085900977106]
[1; 1120; 486.78547922312305]
[2; 560; 247.24094558367418]
[1; 1120; 502.48991208931113]
[1; 1160; 529.0741678075963]
[1; 1160; 538.079955064929]
[1; 1160; 547.4790277171043]
[1; 1160; 557.2996055599526]
[1; 1160; 567.5727696525465]
[1; 1160; 578.3328420562872]
[1; 1200; 609.9494778251974]
[2; 600; 311.1051398716285]
[1; 1200; 635.1064007194946]
[1; 1200; 648.6922050740669]
[1; 1200; 663.0286658335933]
[1; 1240; 700.790569715926]
[1; 1240; 717.3782854810361]
[1; 1240; 734.9837516703185]
[1; 1240; 753.7107027692139]
[2; 620; 386.83899489280526]
[2; 620; 397.5112500110414]
[2; 620; 408.9513956287777]
[1; 1280; 869.6811925469071]
[2; 640; 448.5377566961563]
[1; 1280; 926.7342240518377]
[1; 1280; 958.9724518936919]
[1; 1280; 994.1689507475385]
[1; 1280; 1032.7834055969838]
[2; 660; 554.4927127376244]
[2; 660; 578.8708208961248]
[1; 1320; 1212.2358866466907]
[1; 1320; 1273.6309148720275]
[1; 1320; 1343.440169187858]
[2; 660; 711.8372455868018]
[1; 1320; 1517.0707222221586]
[1; 1360; 1676.7788906414366]
[1; 1360; 1813.7502258961088]
[1; 1360; 1982.6167799297891]
[2; 680; 1098.6009619099214]
[1; 1360; 2481.1754076494167]
[1; 1360; 2879.1490165950413]
[1; 1360; 3487.84064525817]
[1; 1360; 4570.3641777161765]
[2; 700; 3734.1916415508113]


Jobs: [[1; 20; 4.95216635028355], [2; 10; 2.492729190557125], [1; 20; 5.019315645978766], [1; 20; 5.0887885196509774], [1; 20; 5.160716345517453], [2; 20; 5.197644744610211], [1; 40; 10.470481864919115], [2; 30; 7.9687734033332855], [1; 60; 16.056706726407796], [1; 80; 21.735804259102753], [2; 40; 10.951987001006716], [2; 40; 11.037717385610534], [1; 80; 22.250290838341712], [1; 100; 28.263286500051223], [2; 50; 14.247715054159192], [2; 50; 14.366200021043168], [1; 100; 28.974358874917865], [2; 60; 17.684359274568838], [1; 120; 35.678294037763365], [1; 120; 36.318284697056605], [1; 120; 36.98776964650228], [1; 140; 43.97048319711813], [1; 160; 51.23254576562349], [1; 180; 58.79518716821304], [1; 180; 60.013794239209474], [1; 200; 68.10841367296156], [1; 1040; 361.9909681992318], [1; 1040; 370.2654927286421], [1; 1080; 393.6077430742964], [2; 540; 199.18220202033118], [1; 1080; 403.267427445545], [1; 1080; 413.5424428814475], [2; 560; 220.1100740709255], [2; 560; 223.0946742244398], [1; 1120; 452.3651019629088], [2; 560; 229.37954356194885], [1; 1120; 465.38390995562355], [2; 560; 239.69085900977106], [1; 1120; 486.78547922312305], [2; 560; 247.24094558367418], [1; 1120; 502.48991208931113], [1; 1160; 538.079955064929], [1; 1160; 557.2996055599526], [1; 1160; 578.3328420562872], [2; 600; 311.1051398716285], [1; 1200; 635.1064007194946], [1; 1200; 663.0286658335933], [1; 1240; 717.3782854810361], [1; 1240; 753.7107027692139], [2; 620; 386.83899489280526], [2; 620; 397.5112500110414], [2; 620; 408.9513956287777], [1; 1280; 869.6811925469071], [2; 640; 448.5377566961563], [1; 1280; 926.7342240518377], [1; 1280; 994.1689507475385], [2; 660; 554.4927127376244], [2; 660; 578.8708208961248], [1; 1320; 1212.2358866466907], [1; 1320; 1343.440169187858], [2; 660; 711.8372455868018], [1; 1320; 1517.0707222221586], [1; 1360; 1813.7502258961088], [2; 680; 1098.6009619099214], [1; 1360; 2481.1754076494167], [1; 1360; 3487.84064525817], [2; 700; 3734.1916415508113]];
Intervals[0.0=4.95216635028355, 4.95216635028355=7.444895540840674, 7.444895540840674=12.46421118681944, 12.46421118681944=17.552999706470416, 17.552999706470416=22.71371605198787, 22.71371605198787=27.911360796598082, 27.911360796598082=38.3818426615172, 38.45840968145361=46.4271830847869, 46.4271830847869=62.48388981119469, 62.48388981119469=84.21969407029745, 84.21969407029745=95.17168107130416, 95.17168107130416=106.2093984569147, 106.2093984569147=128.4596892952564, 128.4596892952564=156.7229757953076, 156.7229757953076=170.9706908494668, 170.9706908494668=185.33689087050996, 185.33689087050996=214.31124974542783, 220.40266303841298=238.08702231298182, 238.08702231298182=273.7653163507452, 273.7653163507452=310.0836010478018, 310.0836010478018=347.07137069430405, 347.07137069430405=391.0418538914222, 391.0418538914222=442.2743996570457, 442.2743996570457=501.06958682525874, 501.06958682525874=561.0833810644682, 561.0833810644682=629.1917947374297, 629.1917947374297=991.1827629366616, 991.1827629366616=1361.4482556653036, 1361.4482556653036=1755.0559987396, 1755.0559987396=1954.2382007599313, 1954.2382007599313=2357.505628205476, 2357.505628205476=2771.0480710869238, 2781.49306807242=3001.6031421433454, 3001.6031421433454=3224.697816367785, 3224.697816367785=3677.0629183306937, 3677.0629183306937=3906.4424618926428, 3906.4424618926428=4371.826371848267, 4378.695661804281=4618.386520814052, 4618.386520814052=5105.172000037175, 5105.172000037175=5352.412945620849, 5352.412945620849=5854.902857710161, 5854.902857710161=6392.98281277509, 6392.98281277509=6950.282418335042, 6950.282418335042=7528.61526039133, 7606.488388623294=7917.593528494922, 7917.593528494922=8552.699929214417, 8552.699929214417=9215.72859504801, 9215.72859504801=9933.106880529047, 9933.106880529047=10686.817583298262, 10686.817583298262=11073.656578191067, 11073.656578191067=11471.167828202108, 11471.167828202108=11880.119223830885, 11880.119223830885=12749.800416377791, 12749.800416377791=13198.338173073947, 13198.338173073947=14125.072397125785, 14125.072397125785=15119.241347873323, 15190.094030564622=15744.586743302247, 15744.586743302247=16323.457564198372, 16323.457564198372=17535.69345084506, 17535.69345084506=18879.13362003292, 18879.13362003292=19590.97086561972, 19590.97086561972=21108.04158784188, 21108.04158784188=22921.79181373799, 23250.366536190944=24348.967498100865, 24348.967498100865=26830.142905750283, 26830.142905750283=30317.983551008452, 31798.480692412082=35532.672333962895];

Jobs: [[2; 10; 2.492729190557125], [1; 20; 5.0537536574685085], [1; 20; 5.124436957074341], [2; 20; 5.197644744610211], [1; 40; 10.54704888485553], [2; 30; 7.9687734033332855], [1; 60; 16.17811921788186], [2; 40; 10.951987001006716], [2; 40; 11.037717385610534], [1; 80; 22.428651072221125], [2; 50; 14.247715054159192], [2; 50; 14.366200021043168], [1; 120; 35.06577216790301], [2; 60; 17.684359274568838], [1; 120; 35.99473381692246], [1; 120; 36.64920585753225], [1; 120; 37.33426244445891], [1; 140; 44.39429916511331], [1; 180; 58.208695401265466], [1; 180; 59.396678982954626], [1; 200; 67.38576946475835], [1; 1040; 358.0238939872035], [1; 1040; 366.0697933126113], [1; 1040; 374.5835184759197], [2; 540; 199.18220202033118], [1; 1080; 408.3241546098062], [1; 1080; 418.9307127026826], [2; 560; 220.1100740709255], [2; 560; 223.0946742244398], [2; 560; 229.37954356194885], [1; 1120; 472.2531999116387], [2; 560; 239.69085900977106], [2; 560; 247.24094558367418], [1; 1160; 529.0741678075963], [1; 1160; 547.4790277171043], [1; 1160; 567.5727696525465], [1; 1200; 609.9494778251974], [2; 600; 311.1051398716285], [1; 1200; 648.6922050740669], [1; 1240; 700.790569715926], [1; 1240; 734.9837516703185], [2; 620; 386.83899489280526], [2; 620; 397.5112500110414], [2; 620; 408.9513956287777], [2; 640; 448.5377566961563], [1; 1280; 958.9724518936919], [1; 1280; 1032.7834055969838], [2; 660; 554.4927127376244], [2; 660; 578.8708208961248], [1; 1320; 1273.6309148720275], [2; 660; 711.8372455868018], [1; 1360; 1676.7788906414366], [1; 1360; 1982.6167799297891], [2; 680; 1098.6009619099214], [1; 1360; 2879.1490165950413], [1; 1360; 4570.3641777161765], [2; 700; 3734.1916415508113]];
Intervals[4.95216635028355=7.444895540840674, 7.444895540840674=12.498649198309183, 12.498649198309183=17.623086155383525, 22.71371605198787=27.911360796598082, 27.911360796598082=38.45840968145361, 38.45840968145361=46.4271830847869, 46.4271830847869=62.60530230266876, 84.21969407029745=95.17168107130416, 95.17168107130416=106.2093984569147, 106.2093984569147=128.63804952913583, 156.7229757953076=170.9706908494668, 170.9706908494668=185.33689087050996, 185.33689087050996=220.40266303841298, 220.40266303841298=238.08702231298182, 238.08702231298182=274.0817561299043, 274.0817561299043=310.73096198743656, 310.73096198743656=348.06522443189544, 348.06522443189544=392.45952359700874, 392.45952359700874=450.6682189982742, 450.6682189982742=510.0648979812288, 510.0648979812288=577.4506674459872, 577.4506674459872=935.4745614331907, 935.4745614331907=1301.5443547458021, 1301.5443547458021=1676.1278732217218, 1755.0559987396=1954.2382007599313, 1954.2382007599313=2362.5623553697374, 2362.5623553697374=2781.49306807242, 2781.49306807242=3001.6031421433454, 3001.6031421433454=3224.697816367785, 3677.0629183306937=3906.4424618926428, 3906.4424618926428=4378.695661804281, 4378.695661804281=4618.386520814052, 5105.172000037175=5352.412945620849, 5352.412945620849=5881.487113428446, 5881.487113428446=6428.96614114555, 6428.96614114555=6996.538910798096, 6996.538910798096=7606.488388623294, 7606.488388623294=7917.593528494922, 7917.593528494922=8566.28573356899, 8566.28573356899=9267.076303284915, 9267.076303284915=10002.060054955235, 10686.817583298262=11073.656578191067, 11073.656578191067=11471.167828202108, 11471.167828202108=11880.119223830885, 12749.800416377791=13198.338173073947, 13198.338173073947=14157.310624967638, 14157.310624967638=15190.094030564622, 15190.094030564622=15744.586743302247, 15744.586743302247=16323.457564198372, 16323.457564198372=17597.0884790704, 18879.13362003292=19590.97086561972, 19590.97086561972=21267.749756261157, 21267.749756261157=23250.366536190944, 23250.366536190944=24348.967498100865, 24348.967498100865=27228.116514695907, 27228.116514695907=31798.480692412082, 31798.480692412082=35532.672333962895];
