1.2553071791988133
89168.93220172514
111934.40075431782
[1; 60; 6.501301223698484]
[2; 40; 4.392970758405195]
[1; 100; 11.134435817183794]
[2; 60; 6.775089752457998]
[2; 60; 6.872927093534914]
[1; 120; 13.948749594676615]
[2; 70; 8.259592668932896]
[2; 70; 8.387157090897638]
[2; 80; 9.73687290389424]
[1; 160; 19.78911865893497]
[1; 180; 22.63227537290399]
[1; 1040; 132.99009892001308]
[1; 1040; 135.31314327430115]
[2; 520; 68.87018274315666]
[2; 520; 70.13972372497109]
[1; 1040; 142.93887209471882]
[2; 540; 75.66647857410648]
[1; 1080; 154.37495239326864]
[1; 1080; 157.57457497518095]
[1; 1080; 160.9453130821225]
[1; 1080; 164.5022945710061]
[2; 540; 84.13127467976295]
[1; 1080; 172.24532461835966]
[2; 560; 91.50424148650396]
[1; 1120; 187.67143083209993]
[1; 1120; 192.64321816434085]
[2; 560; 98.97896472391173]
[1; 1160; 210.92843950197587]
[2; 580; 108.63637047236982]
[1; 1160; 224.11667321257443]
[2; 580; 115.76315936956345]
[2; 580; 119.79020294968714]
[1; 1200; 256.9381643671799]
[1; 1200; 266.91788374947964]
[2; 600; 138.9633589328023]
[1; 1240; 299.8172066314492]
[2; 620; 156.96471656239692]
[1; 1240; 329.82873673374394]
[2; 620; 173.95352480318874]
[2; 620; 184.3425569608708]
[1; 1240; 392.8716820575606]
[2; 640; 217.5274199505278]
[1; 1280; 470.59324193059183]
[2; 640; 257.2035676831371]
[1; 1320; 587.8982111473043]
[2; 660; 331.94003880259174]
[1; 1360; 793.7089702453558]
[1; 1400; 989.7896472391172]
[1; 1400; 1296.9913500394882]
[1; 1400; 2058.8454334463386]


Jobs: [[1; 60; 6.501301223698484], [2; 40; 4.392970758405195], [1; 100; 11.134435817183794], [2; 60; 6.775089752457998], [2; 60; 6.872927093534914], [1; 120; 13.948749594676615], [2; 70; 8.259592668932896], [2; 70; 8.387157090897638], [2; 80; 9.73687290389424], [1; 160; 19.78911865893497], [1; 1040; 132.99009892001308], [2; 520; 68.87018274315666], [2; 520; 70.13972372497109], [1; 1040; 142.93887209471882], [2; 540; 75.66647857410648], [1; 1080; 154.37495239326864], [1; 1080; 160.9453130821225], [2; 540; 84.13127467976295], [1; 1080; 172.24532461835966], [2; 560; 91.50424148650396], [1; 1120; 187.67143083209993], [2; 560; 98.97896472391173], [1; 1160; 210.92843950197587], [2; 580; 108.63637047236982], [1; 1160; 224.11667321257443], [2; 580; 115.76315936956345], [2; 580; 119.79020294968714], [1; 1200; 256.9381643671799], [2; 600; 138.9633589328023], [1; 1240; 299.8172066314492], [2; 620; 156.96471656239692], [1; 1240; 329.82873673374394], [2; 620; 173.95352480318874], [2; 620; 184.3425569608708], [1; 1240; 392.8716820575606], [2; 640; 217.5274199505278], [1; 1280; 470.59324193059183], [2; 640; 257.2035676831371], [1; 1320; 587.8982111473043], [2; 660; 331.94003880259174], [1; 1360; 793.7089702453558], [1; 1400; 1296.9913500394882]];
Intervals[0.0=6.501301223698484, 6.501301223698484=10.894271982103678, 10.894271982103678=22.028707799287474, 22.028707799287474=28.803797551745472, 28.803797551745472=35.67672464528039, 35.67672464528039=49.625474239957, 49.625474239957=57.8850669088899, 57.8850669088899=66.27222399978754, 66.27222399978754=76.00909690368178, 76.00909690368178=95.79821556261675, 95.79821556261675=228.78831448262983, 233.95451555088692=302.82469829404357, 302.82469829404357=372.96442201901465, 372.96442201901465=515.9032941137334, 515.9032941137334=591.5697726878399, 591.5697726878399=745.9447250811086, 745.9447250811086=906.8900381632311, 913.646642234027=997.77791691379, 997.77791691379=1170.0232415321498, 1170.0232415321498=1261.5274830186538, 1261.5274830186538=1449.1989138507538, 1454.1707011829947=1553.1496659069064, 1553.1496659069064=1764.0781054088823, 1764.0781054088823=1872.7144758812522, 1872.7144758812522=2096.8311490938268, 2096.8311490938268=2212.59430846339, 2212.59430846339=2332.3845114130772, 2332.3845114130772=2589.322675780257, 2599.302395162557=2738.265754095359, 2738.265754095359=3038.0829607268083, 3038.0829607268083=3195.0476772892052, 3195.0476772892052=3524.876414022949, 3524.876414022949=3698.829938826138, 3698.829938826138=3883.1724957870088, 3883.1724957870088=4276.044177844569, 4276.044177844569=4493.571597795097, 4493.571597795097=4964.164839725689, 4964.164839725689=5221.368407408826, 5221.368407408826=5809.26661855613, 5809.26661855613=6141.206657358722, 6141.206657358722=6934.915627604078, 6934.915627604078=8231.906977643566];

Jobs: [[2; 40; 4.392970758405195], [2; 60; 6.775089752457998], [2; 60; 6.872927093534914], [2; 70; 8.259592668932896], [2; 70; 8.387157090897638], [2; 80; 9.73687290389424], [1; 180; 22.63227537290399], [1; 1040; 135.31314327430115], [2; 520; 68.87018274315666], [2; 520; 70.13972372497109], [2; 540; 75.66647857410648], [1; 1080; 157.57457497518095], [1; 1080; 164.5022945710061], [2; 540; 84.13127467976295], [2; 560; 91.50424148650396], [1; 1120; 192.64321816434085], [2; 560; 98.97896472391173], [2; 580; 108.63637047236982], [2; 580; 115.76315936956345], [2; 580; 119.79020294968714], [1; 1200; 266.91788374947964], [2; 600; 138.9633589328023], [2; 620; 156.96471656239692], [2; 620; 173.95352480318874], [2; 620; 184.3425569608708], [2; 640; 217.5274199505278], [2; 640; 257.2035676831371], [2; 660; 331.94003880259174], [1; 1400; 989.7896472391172], [1; 1400; 2058.8454334463386]];
Intervals[6.501301223698484=10.894271982103678, 22.028707799287474=28.803797551745472, 28.803797551745472=35.67672464528039, 49.625474239957=57.8850669088899, 57.8850669088899=66.27222399978754, 66.27222399978754=76.00909690368178, 76.00909690368178=98.64137227658577, 98.64137227658577=233.95451555088692, 233.95451555088692=302.82469829404357, 302.82469829404357=372.96442201901465, 515.9032941137334=591.5697726878399, 591.5697726878399=749.1443476630209, 749.1443476630209=913.646642234027, 913.646642234027=997.77791691379, 1170.0232415321498=1261.5274830186538, 1261.5274830186538=1454.1707011829947, 1454.1707011829947=1553.1496659069064, 1764.0781054088823=1872.7144758812522, 2096.8311490938268=2212.59430846339, 2212.59430846339=2332.3845114130772, 2332.3845114130772=2599.302395162557, 2599.302395162557=2738.265754095359, 3038.0829607268083=3195.0476772892052, 3524.876414022949=3698.829938826138, 3698.829938826138=3883.1724957870088, 4276.044177844569=4493.571597795097, 4964.164839725689=5221.368407408826, 5809.26661855613=6141.206657358722, 6141.206657358722=7130.996304597839, 7130.996304597839=9189.841738044179];
