1.2497029950772607
4779.205740842132
5972.587728420851
[1; 40; 0.6161273252365321]
[1; 40; 0.6244817529802291]
[2; 20; 0.31656263517151506]
[1; 60; 0.9631113335134815]
[1; 60; 0.977019378347547]
[1; 60; 0.9914406534688868]
[2; 40; 0.6709374319584773]
[1; 80; 1.3625993110205545]
[1; 80; 1.3841429397032927]
[1; 80; 1.4065588174495212]
[2; 40; 0.7149524282253992]
[1; 100; 1.8178054886294588]
[1; 100; 1.8495585500366418]
[2; 50; 0.9413677951222603]
[1; 100; 1.9174416109712258]
[1; 100; 1.9537925630731492]
[2; 60; 1.1951501053356341]
[2; 60; 1.2191742241136616]
[2; 60; 1.244443202780758]
[1; 120; 2.5421271282631084]
[1; 120; 2.5983095604474298]
[2; 70; 1.5503265687183694]
[2; 70; 1.5870228051923034]
[1; 160; 3.716504145972317]
[1; 160; 3.811198472537082]
[1; 160; 3.9121646569072963]
[2; 80; 2.010047440340353]
[1; 180; 4.652764766946636]
[1; 200; 5.325233926478646]
[2; 100; 2.7464874481992037]
[1; 200; 5.674581183361085]
[1; 200; 5.871982376009885]
[2; 100; 3.043748830343323]
[1; 200; 6.323941781565634]
[2; 100; 3.2923840820147507]
[1; 200; 6.874265549322133]
[1; 1080; 38.8683000585224]
[1; 1080; 40.83682813581347]
[1; 1120; 44.67051989823168]
[2; 560; 23.669189423233053]
[2; 580; 26.12272480584438]
[1; 1160; 56.04714110448202]
[2; 640; 33.44853731375085]
[1; 1320; 75.41059826802834]
[2; 660; 41.78626784263999]
[1; 1360; 97.23353023865428]
[1; 1360; 112.82951705212203]
[1; 1360; 136.68322594314404]
[1; 1400; 184.37350859282603]
[1; 1400; 292.6747014953199]


Jobs: [[1; 40; 0.6161273252365321], [2; 20; 0.31656263517151506], [1; 60; 0.9631113335134815], [1; 60; 0.9914406534688868], [2; 40; 0.6709374319584773], [1; 80; 1.3625993110205545], [1; 80; 1.4065588174495212], [2; 40; 0.7149524282253992], [1; 100; 1.8178054886294588], [2; 50; 0.9413677951222603], [1; 100; 1.9174416109712258], [2; 60; 1.1951501053356341], [2; 60; 1.2191742241136616], [2; 60; 1.244443202780758], [1; 120; 2.5421271282631084], [2; 70; 1.5503265687183694], [2; 70; 1.5870228051923034], [1; 160; 3.716504145972317], [1; 160; 3.9121646569072963], [2; 80; 2.010047440340353], [1; 180; 4.652764766946636], [2; 100; 2.7464874481992037], [1; 200; 5.674581183361085], [2; 100; 3.043748830343323], [1; 200; 6.323941781565634], [2; 100; 3.2923840820147507], [1; 200; 6.874265549322133], [1; 1080; 40.83682813581347], [2; 560; 23.669189423233053], [2; 580; 26.12272480584438], [1; 1160; 56.04714110448202], [2; 640; 33.44853731375085], [1; 1320; 75.41059826802834], [2; 660; 41.78626784263999], [1; 1360; 97.23353023865428], [1; 1360; 136.68322594314404], [1; 1400; 292.6747014953199]];
Intervals[0.0=0.6161273252365321, 0.6244817529802291=0.9410443881517442, 0.9410443881517442=1.9041557216652256, 1.9041557216652256=2.8955963751341125, 2.8955963751341125=3.56653380709259, 3.56653380709259=4.929133118113144, 4.929133118113144=6.335691935562665, 6.335691935562665=7.050644363788065, 7.050644363788065=8.868449852417523, 8.900202913824707=9.841570708946968, 9.841570708946968=11.759012319918194, 11.795363272020117=12.99051337735575, 12.99051337735575=14.209687601469412, 14.209687601469412=15.45413080425017, 15.45413080425017=17.996257932513277, 18.0524403646976=19.602766933415968, 19.602766933415968=21.189789738608273, 21.189789738608273=24.906293884580588, 24.906293884580588=28.818458541487885, 28.818458541487885=30.82850598182824, 30.82850598182824=35.481270748774875, 36.15373990830689=38.90022735650609, 38.90022735650609=44.57480853986718, 44.772209732515975=47.8159585628593, 47.8159585628593=54.13990034442494, 54.13990034442494=57.432284426439686, 57.432284426439686=64.30654997576183, 64.30654997576183=105.14337811157529, 140.97110438319376=164.64029380642683, 164.64029380642683=190.7630186122712, 190.7630186122712=246.81015971675322, 246.81015971675322=280.2586970305041, 280.2586970305041=355.66929529853246, 355.66929529853246=397.45556314117243, 397.45556314117243=494.6890933798267, 494.6890933798267=631.3723193229707, 631.3723193229707=924.0470208182905];

Jobs: [[1; 40; 0.6244817529802291], [2; 20; 0.31656263517151506], [1; 60; 0.977019378347547], [2; 40; 0.6709374319584773], [1; 80; 1.3841429397032927], [2; 40; 0.7149524282253992], [1; 100; 1.8495585500366418], [2; 50; 0.9413677951222603], [1; 100; 1.9537925630731492], [2; 60; 1.1951501053356341], [2; 60; 1.2191742241136616], [2; 60; 1.244443202780758], [1; 120; 2.5983095604474298], [2; 70; 1.5503265687183694], [2; 70; 1.5870228051923034], [1; 160; 3.811198472537082], [2; 80; 2.010047440340353], [1; 200; 5.325233926478646], [2; 100; 2.7464874481992037], [1; 200; 5.871982376009885], [2; 100; 3.043748830343323], [2; 100; 3.2923840820147507], [1; 1080; 38.8683000585224], [1; 1120; 44.67051989823168], [2; 560; 23.669189423233053], [2; 580; 26.12272480584438], [2; 640; 33.44853731375085], [2; 660; 41.78626784263999], [1; 1360; 112.82951705212203], [1; 1400; 184.37350859282603]];
Intervals[0.0=0.6244817529802291, 0.6244817529802291=0.9410443881517442, 0.9410443881517442=1.9180637664992912, 2.8955963751341125=3.56653380709259, 3.56653380709259=4.9506767467958825, 6.335691935562665=7.050644363788065, 7.050644363788065=8.900202913824707, 8.900202913824707=9.841570708946968, 9.841570708946968=11.795363272020117, 11.795363272020117=12.99051337735575, 12.99051337735575=14.209687601469412, 14.209687601469412=15.45413080425017, 15.45413080425017=18.0524403646976, 18.0524403646976=19.602766933415968, 19.602766933415968=21.189789738608273, 21.189789738608273=25.000988211145355, 28.818458541487885=30.82850598182824, 30.82850598182824=36.15373990830689, 36.15373990830689=38.90022735650609, 38.90022735650609=44.772209732515975, 44.772209732515975=47.8159585628593, 54.13990034442494=57.432284426439686, 57.432284426439686=96.30058448496209, 96.30058448496209=140.97110438319376, 140.97110438319376=164.64029380642683, 164.64029380642683=190.7630186122712, 246.81015971675322=280.2586970305041, 355.66929529853246=397.45556314117243, 397.45556314117243=510.28508019329445, 510.28508019329445=694.6585887861205];
