1.0850741690072168
78369.19218871005
85036.38608993142
[1; 20; 1.988383893984245]
[1; 20; 2.0153455444233725]
[2; 30; 3.0648602298426137]
[1; 60; 6.21636140853422]
[1; 80; 8.408173728359195]
[1; 100; 10.665353012014412]
[2; 60; 6.495805958931772]
[2; 70; 7.695484720073963]
[2; 70; 7.8171556060065175]
[2; 80; 9.078574456941885]
[1; 160; 18.458520958505535]
[1; 180; 21.119307695950212]
[2; 90; 10.744107761867815]
[1; 180; 21.873667171326034]
[1; 1040; 128.71087696247176]
[1; 1080; 136.1952526990484]
[1; 1080; 138.85282542776852]
[1; 1080; 141.64395330019974]
[1; 1080; 144.57970929263635]
[1; 1120; 153.14181996178746]
[1; 1120; 156.52633988564557]
[1; 1120; 160.10427732791277]
[1; 1120; 163.8939462530673]
[1; 1160; 173.91313760127554]
[2; 580; 89.17217072102922]
[1; 1200; 189.38176110163286]
[1; 1200; 194.6064941195065]
[1; 1240; 206.88072923369583]
[1; 1240; 213.1032837268516]
[1; 1240; 219.81588114490825]
[1; 1240; 227.08333580164273]
[1; 1240; 234.98286527693716]
[2; 640; 125.73278860921668]
[1; 1280; 261.23273618109215]
[1; 1280; 272.0070905177925]
[1; 1280; 283.96580182309225]
[1; 1280; 297.33191164952973]
[1; 1320; 322.1528221442785]
[1; 1320; 339.8104088336627]
[1; 1320; 360.1049172023904]
[1; 1320; 383.72860524152236]
[1; 1360; 424.1252669234774]
[1; 1360; 458.7708629826751]
[1; 1360; 501.48405116969053]
[1; 1360; 555.7613216781273]
[2; 700; 323.0241167738468]
[2; 700; 374.83628335127935]
[1; 1400; 908.1636392243635]
[1; 1400; 1190.031021015342]
[1; 1400; 1889.0564946345442]


Jobs: [[1; 20; 1.988383893984245], [2; 30; 3.0648602298426137], [1; 60; 6.21636140853422], [1; 100; 10.665353012014412], [2; 60; 6.495805958931772], [2; 70; 7.695484720073963], [2; 70; 7.8171556060065175], [2; 80; 9.078574456941885], [1; 160; 18.458520958505535], [2; 90; 10.744107761867815], [1; 180; 21.873667171326034], [1; 1080; 136.1952526990484], [1; 1080; 141.64395330019974], [1; 1120; 153.14181996178746], [1; 1120; 160.10427732791277], [1; 1160; 173.91313760127554], [2; 580; 89.17217072102922], [1; 1200; 189.38176110163286], [1; 1240; 206.88072923369583], [1; 1240; 219.81588114490825], [1; 1240; 234.98286527693716], [2; 640; 125.73278860921668], [1; 1280; 261.23273618109215], [1; 1280; 283.96580182309225], [1; 1320; 322.1528221442785], [1; 1320; 360.1049172023904], [1; 1360; 424.1252669234774], [1; 1360; 501.48405116969053], [2; 700; 323.0241167738468], [2; 700; 374.83628335127935], [1; 1400; 908.1636392243635], [1; 1400; 1889.0564946345442]];
Intervals[0.0=1.988383893984245, 2.0153455444233725=5.080205774265986, 5.080205774265986=11.296567182800207, 11.296567182800207=21.961920194814617, 21.961920194814617=28.45772615374639, 28.45772615374639=36.15321087382035, 36.15321087382035=43.970366479826865, 43.970366479826865=53.04894093676875, 53.04894093676875=71.50746189527429, 74.16824863271896=84.91235639458677, 84.91235639458677=106.7860235659128, 106.7860235659128=242.9812762649612, 242.9812762649612=384.6252295651609, 384.6252295651609=537.7670495269483, 537.7670495269483=697.8713268548611, 697.8713268548611=871.7844644561367, 871.7844644561367=960.9566351771659, 960.9566351771659=1150.3383962787989, 1150.3383962787989=1357.2191255124947, 1357.2191255124947=1577.0350066574028, 1577.0350066574028=1812.01787193434, 1812.01787193434=1937.7506605435567, 1937.7506605435567=2198.9833967246486, 2198.9833967246486=2482.9491985477407, 2482.9491985477407=2805.1020206920193, 2805.1020206920193=3165.2069378944097, 3165.2069378944097=3589.332204817887, 3589.332204817887=4090.8162559875777, 4245.160861446866=4568.184978220713, 4568.184978220713=4943.021261571992, 4943.021261571992=5851.184900796356, 5851.184900796356=7740.2413954308995];

Jobs: [[1; 20; 2.0153455444233725], [2; 30; 3.0648602298426137], [1; 80; 8.408173728359195], [2; 60; 6.495805958931772], [2; 70; 7.695484720073963], [2; 70; 7.8171556060065175], [2; 80; 9.078574456941885], [1; 180; 21.119307695950212], [2; 90; 10.744107761867815], [1; 1040; 128.71087696247176], [1; 1080; 138.85282542776852], [1; 1080; 144.57970929263635], [1; 1120; 156.52633988564557], [1; 1120; 163.8939462530673], [2; 580; 89.17217072102922], [1; 1200; 194.6064941195065], [1; 1240; 213.1032837268516], [1; 1240; 227.08333580164273], [2; 640; 125.73278860921668], [1; 1280; 272.0070905177925], [1; 1280; 297.33191164952973], [1; 1320; 339.8104088336627], [1; 1320; 383.72860524152236], [1; 1360; 458.7708629826751], [1; 1360; 555.7613216781273], [2; 700; 323.0241167738468], [2; 700; 374.83628335127935], [1; 1400; 1190.031021015342]];
Intervals[0.0=2.0153455444233725, 2.0153455444233725=5.080205774265986, 5.080205774265986=13.48837950262518, 21.961920194814617=28.45772615374639, 28.45772615374639=36.15321087382035, 36.15321087382035=43.970366479826865, 43.970366479826865=53.04894093676875, 53.04894093676875=74.16824863271896, 74.16824863271896=84.91235639458677, 84.91235639458677=213.62323335705852, 213.62323335705852=352.47605878482705, 352.47605878482705=497.0557680774634, 497.0557680774634=653.582107963109, 653.582107963109=817.4760542161763, 871.7844644561367=960.9566351771659, 960.9566351771659=1155.5631292966725, 1155.5631292966725=1368.666413023524, 1368.666413023524=1595.7497488251668, 1812.01787193434=1937.7506605435567, 1937.7506605435567=2209.757751061349, 2209.757751061349=2507.0896627108787, 2507.0896627108787=2846.9000715445413, 2846.9000715445413=3230.628676786064, 3230.628676786064=3689.399539768739, 3689.399539768739=4245.160861446866, 4245.160861446866=4568.184978220713, 4568.184978220713=4943.021261571992, 4943.021261571992=6133.052282587334];
