1.1543730983585958
65492.515129744854
75602.79760962079
[1; 40; 3.5282642015403534]
[2; 20; 1.788052991083819]
[1; 40; 3.6256032396944895]
[2; 30; 2.757637180617553]
[2; 30; 2.7974595149723975]
[1; 60; 5.677502721118781]
[1; 80; 7.684270525556462]
[1; 100; 9.753686805466153]
[1; 120; 11.889479131838034]
[1; 140; 14.095697609029191]
[1; 160; 16.37675171990541]
[2; 90; 9.368726221628613]
[2; 90; 9.532377250786169]
[2; 90; 9.703367276119367]
[1; 200; 21.96052769429259]
[1; 200; 22.376856455377443]
[1; 1040; 118.63017501358792]
[2; 520; 60.507400255820684]
[2; 540; 64.1369373024053]
[2; 540; 65.50891510188082]
[2; 540; 66.95669878636338]
[1; 1120; 142.04756735321843]
[1; 1120; 145.40983387649032]
[2; 580; 77.14952573200185]
[2; 580; 79.11524999788224]
[2; 580; 81.21116942463]
[2; 580; 83.45165275229999]
[1; 1200; 177.62760707622533]
[2; 600; 91.48514336907418]
[2; 600; 94.36685840616823]
[1; 1240; 201.47266503699902]
[1; 1280; 215.20648072043656]
[1; 1320; 230.07708744039908]
[2; 660; 119.5067486959126]
[1; 1320; 248.87143537387175]
[1; 1320; 259.8129944417116]
[2; 660; 136.0211226365722]
[2; 660; 142.9100629455537]
[1; 1320; 301.4862734570369]
[1; 1320; 319.49194821176576]
[1; 1320; 340.4513346433798]
[2; 680; 188.1460115401022]
[1; 1360; 407.0302564481476]
[1; 1360; 444.9262113665736]
[2; 680; 246.5410202992253]
[2; 680; 278.40477923839194]
[2; 700; 332.5618971235829]
[1; 1400; 805.740095539448]
[1; 1400; 1055.8182106770314]
[1; 1400; 1676.0069383159018]


Jobs: [[1; 40; 3.5282642015403534], [2; 20; 1.788052991083819], [1; 40; 3.6256032396944895], [2; 30; 2.757637180617553], [2; 30; 2.7974595149723975], [1; 60; 5.677502721118781], [1; 100; 9.753686805466153], [1; 140; 14.095697609029191], [2; 90; 9.368726221628613], [2; 90; 9.532377250786169], [2; 90; 9.703367276119367], [1; 200; 21.96052769429259], [1; 1040; 118.63017501358792], [2; 520; 60.507400255820684], [2; 540; 64.1369373024053], [2; 540; 65.50891510188082], [2; 540; 66.95669878636338], [1; 1120; 142.04756735321843], [2; 580; 77.14952573200185], [2; 580; 79.11524999788224], [2; 580; 81.21116942463], [2; 580; 83.45165275229999], [1; 1200; 177.62760707622533], [2; 600; 91.48514336907418], [2; 600; 94.36685840616823], [1; 1240; 201.47266503699902], [1; 1320; 230.07708744039908], [2; 660; 119.5067486959126], [1; 1320; 248.87143537387175], [2; 660; 136.0211226365722], [2; 660; 142.9100629455537], [1; 1320; 301.4862734570369], [1; 1320; 340.4513346433798], [2; 680; 188.1460115401022], [1; 1360; 407.0302564481476], [2; 680; 246.5410202992253], [2; 680; 278.40477923839194], [2; 700; 332.5618971235829], [1; 1400; 805.740095539448], [1; 1400; 1676.0069383159018]];
Intervals[0.0=3.5282642015403534, 3.5282642015403534=5.316317192624172, 5.316317192624172=8.941920432318662, 8.941920432318662=11.699557612936214, 11.699557612936214=14.497017127908611, 14.497017127908611=20.17451984902739, 20.17451984902739=29.928206654493543, 29.928206654493543=44.02390426352274, 50.44751850520852=59.816244726837134, 59.816244726837134=69.34862197762331, 69.34862197762331=79.05198925374268, 79.05198925374268=101.01251694803527, 101.01251694803527=219.6426919616232, 219.6426919616232=280.1500922174439, 280.1500922174439=344.28702951984917, 344.28702951984917=409.79594462173, 409.79594462173=476.7526434080934, 476.7526434080934=618.8002107613117, 622.1624772845837=699.3120030165855, 699.3120030165855=778.4272530144679, 778.4272530144679=859.6384224390979, 859.6384224390979=943.0900751913979, 943.0900751913979=1120.7176822676233, 1120.7176822676233=1212.2028256366975, 1212.2028256366975=1306.5696840428657, 1306.5696840428657=1508.0423490798646, 1508.0423490798646=1738.1194365202637, 1738.1194365202637=1857.6261852161763, 1857.6261852161763=2106.497620590048, 2117.439179657888=2253.4603022944602, 2253.4603022944602=2396.370365240014, 2396.370365240014=2697.856638697051, 2697.856638697051=3038.307973340431, 3038.307973340431=3226.4539848805334, 3226.4539848805334=3633.484241328681, 3671.380196247107=3917.9212165463323, 3917.9212165463323=4196.325995784724, 4196.325995784724=4528.887892908307, 4528.887892908307=5334.627988447754, 5334.627988447754=7010.634926763656];

Jobs: [[2; 20; 1.788052991083819], [2; 30; 2.757637180617553], [2; 30; 2.7974595149723975], [1; 80; 7.684270525556462], [1; 120; 11.889479131838034], [1; 160; 16.37675171990541], [2; 90; 9.368726221628613], [2; 90; 9.532377250786169], [2; 90; 9.703367276119367], [1; 200; 22.376856455377443], [2; 520; 60.507400255820684], [2; 540; 64.1369373024053], [2; 540; 65.50891510188082], [2; 540; 66.95669878636338], [1; 1120; 145.40983387649032], [2; 580; 77.14952573200185], [2; 580; 79.11524999788224], [2; 580; 81.21116942463], [2; 580; 83.45165275229999], [2; 600; 91.48514336907418], [2; 600; 94.36685840616823], [1; 1280; 215.20648072043656], [2; 660; 119.5067486959126], [1; 1320; 259.8129944417116], [2; 660; 136.0211226365722], [2; 660; 142.9100629455537], [1; 1320; 319.49194821176576], [2; 680; 188.1460115401022], [1; 1360; 444.9262113665736], [2; 680; 246.5410202992253], [2; 680; 278.40477923839194], [2; 700; 332.5618971235829], [1; 1400; 1055.8182106770314]];
Intervals[3.5282642015403534=5.316317192624172, 8.941920432318662=11.699557612936214, 11.699557612936214=14.497017127908611, 14.497017127908611=22.181287653465073, 22.181287653465073=34.07076678530311, 34.07076678530311=50.44751850520852, 50.44751850520852=59.816244726837134, 59.816244726837134=69.34862197762331, 69.34862197762331=79.05198925374268, 79.05198925374268=101.42884570912011, 219.6426919616232=280.1500922174439, 280.1500922174439=344.28702951984917, 344.28702951984917=409.79594462173, 409.79594462173=476.7526434080934, 476.7526434080934=622.1624772845837, 622.1624772845837=699.3120030165855, 699.3120030165855=778.4272530144679, 778.4272530144679=859.6384224390979, 859.6384224390979=943.0900751913979, 1120.7176822676233=1212.2028256366975, 1212.2028256366975=1306.5696840428657, 1306.5696840428657=1521.7761647633022, 1738.1194365202637=1857.6261852161763, 1857.6261852161763=2117.439179657888, 2117.439179657888=2253.4603022944602, 2253.4603022944602=2396.370365240014, 2396.370365240014=2715.8623134517798, 3038.307973340431=3226.4539848805334, 3226.4539848805334=3671.380196247107, 3671.380196247107=3917.9212165463323, 3917.9212165463323=4196.325995784724, 4196.325995784724=4528.887892908307, 4528.887892908307=5584.7061035853385];
