1.074140814974426
195.76770090775148
210.28207779872187
[1; 10; 0.018303494843486517]
[1; 10; 0.018551682545709162]
[1; 10; 0.018808458327271644]
[1; 20; 0.0381486155098432]
[1; 20; 0.038699509925063984]
[1; 20; 0.03927073327237803]
[1; 30; 0.05979526953185971]
[1; 30; 0.060718771367821674]
[1; 40; 0.08223836899225814]
[1; 40; 0.08357020053400256]
[1; 40; 0.08495729728161609]
[1; 40; 0.08640342221424455]
[1; 60; 0.13186904977600483]
[2; 30; 0.0671172462369715]
[1; 70; 0.15949377241424875]
[1; 80; 0.18573424362750554]
[1; 90; 0.21302827737891813]
[1; 100; 0.24145603471175667]
[2; 50; 0.12323026324883454]
[1; 110; 0.27690592385465645]
[1; 110; 0.2830256997366087]
[2; 60; 0.1579064763900671]
[1; 120; 0.3232882467153544]
[1; 130; 0.3588240416829888]
[1; 130; 0.3679666659470412]
[1; 130; 0.3777148306001851]
[1; 140; 0.41799193148455466]
[1; 140; 0.4300214993599024]
[1; 150; 0.4745953687879806]
[1; 150; 0.4895447754392232]
[1; 160; 0.5394452123088498]
[1; 170; 0.5930990269533513]
[1; 170; 0.6148671279881194]
[1; 170; 0.6387491441527285]
[1; 170; 0.6650938883527616]
[1; 180; 0.7351777529933374]
[1; 180; 0.7697821543873627]
[1; 190; 0.8537002138198246]
[1; 190; 0.9004925573788022]
[1; 190; 0.9542727043861496]
[1; 190; 1.0168751282792037]
[2; 100; 0.5741416034052977]
[1; 200; 1.2420832212103459]
[2; 100; 0.6788627787004702]
[2; 110; 0.8275721663999523]
[2; 130; 1.104444864661009]
[2; 160; 1.577347369585082]
[2; 170; 2.0302465243535512]
[2; 170; 2.6603755534110465]
[2; 190; 4.719916240599313]


Jobs: [[1; 10; 0.018303494843486517], [1; 10; 0.018808458327271644], [1; 20; 0.038699509925063984], [1; 30; 0.05979526953185971], [1; 40; 0.08223836899225814], [1; 40; 0.08495729728161609], [1; 60; 0.13186904977600483], [2; 30; 0.0671172462369715], [1; 70; 0.15949377241424875], [1; 90; 0.21302827737891813], [2; 50; 0.12323026324883454], [1; 110; 0.27690592385465645], [2; 60; 0.1579064763900671], [1; 120; 0.3232882467153544], [1; 130; 0.3679666659470412], [1; 140; 0.41799193148455466], [1; 150; 0.4745953687879806], [1; 160; 0.5394452123088498], [1; 170; 0.6148671279881194], [1; 170; 0.6650938883527616], [1; 180; 0.7697821543873627], [1; 190; 0.9004925573788022], [1; 190; 1.0168751282792037], [2; 100; 0.5741416034052977], [1; 200; 1.2420832212103459], [2; 100; 0.6788627787004702], [2; 110; 0.8275721663999523], [2; 130; 1.104444864661009], [2; 160; 1.577347369585082], [2; 170; 2.0302465243535512], [2; 170; 2.6603755534110465], [2; 190; 4.719916240599313]];
Intervals[0.0=0.018303494843486517, 0.018303494843486517=0.03711195317075816, 0.03711195317075816=0.07581146309582215, 0.07581146309582215=0.13560673262768186, 0.13560673262768186=0.21784510161994, 0.21784510161994=0.3028023989015561, 0.3028023989015561=0.4346714486775609, 0.4346714486775609=0.5017886949145324, 0.5017886949145324=0.6612824673287812, 0.6612824673287812=0.8743107447076993, 0.9289789732537946=1.0522092365026292, 1.0522092365026292=1.3291151603572857, 1.335234936239238=1.493141412629305, 1.493141412629305=1.8164296593446594, 1.8164296593446594=2.1843963252917007, 2.1843963252917007=2.6023882567762553, 2.6023882567762553=3.0769836255642358, 3.0769836255642358=3.6164288378730856, 3.6164288378730856=4.231295965861205, 4.231295965861205=4.896389854213966, 4.896389854213966=5.666172008601329, 5.666172008601329=6.5666645659801315, 6.5666645659801315=7.583539694259335, 7.583539694259335=8.157681297664633, 8.157681297664633=9.399764518874978, 9.399764518874978=10.078627297575448, 10.078627297575448=10.9061994639754, 10.9061994639754=12.010644328636408, 12.010644328636408=13.58799169822149, 13.58799169822149=15.618238222575041, 15.618238222575041=18.278613775986088, 18.278613775986088=22.998530016585402];

Jobs: [[1; 10; 0.018551682545709162], [1; 20; 0.0381486155098432], [1; 20; 0.03927073327237803], [1; 30; 0.060718771367821674], [1; 40; 0.08357020053400256], [1; 40; 0.08640342221424455], [2; 30; 0.0671172462369715], [1; 80; 0.18573424362750554], [1; 100; 0.24145603471175667], [2; 50; 0.12323026324883454], [1; 110; 0.2830256997366087], [2; 60; 0.1579064763900671], [1; 130; 0.3588240416829888], [1; 130; 0.3777148306001851], [1; 140; 0.4300214993599024], [1; 150; 0.4895447754392232], [1; 170; 0.5930990269533513], [1; 170; 0.6387491441527285], [1; 180; 0.7351777529933374], [1; 190; 0.8537002138198246], [1; 190; 0.9542727043861496], [2; 100; 0.5741416034052977], [2; 100; 0.6788627787004702], [2; 110; 0.8275721663999523], [2; 130; 1.104444864661009], [2; 160; 1.577347369585082], [2; 170; 2.0302465243535512], [2; 170; 2.6603755534110465], [2; 190; 4.719916240599313]];
Intervals[0.0=0.018551682545709162, 0.018551682545709162=0.056700298055552364, 0.056700298055552364=0.09597103132793039, 0.09597103132793039=0.15668980269575206, 0.15668980269575206=0.2402600032297546, 0.2402600032297546=0.3266634254439992, 0.4346714486775609=0.5017886949145324, 0.5017886949145324=0.6875229385420379, 0.6875229385420379=0.9289789732537946, 0.9289789732537946=1.0522092365026292, 1.0522092365026292=1.335234936239238, 1.335234936239238=1.493141412629305, 1.493141412629305=1.8519654543122939, 1.8519654543122939=2.229680284912479, 2.229680284912479=2.6597017842723814, 2.6597017842723814=3.1492465597116044, 3.1492465597116044=3.7423455866649555, 3.7423455866649555=4.381094730817684, 4.381094730817684=5.116272483811021, 5.116272483811021=5.969972697630846, 5.969972697630846=6.924245402016996, 7.583539694259335=8.157681297664633, 9.399764518874978=10.078627297575448, 10.078627297575448=10.9061994639754, 10.9061994639754=12.010644328636408, 12.010644328636408=13.58799169822149, 13.58799169822149=15.618238222575041, 15.618238222575041=18.278613775986088, 18.278613775986088=22.998530016585402];
