1.2312211727235274
1928.997830601606
2375.0229711744496
[2; 10; 0.052995763897652634]
[2; 10; 0.0533520396123156]
[1; 20; 0.10742872839352573]
[1; 20; 0.10816580731895824]
[1; 20; 0.10891566067729809]
[2; 10; 0.05483932321255072]
[1; 20; 0.11045513645725567]
[2; 10; 0.05562275865257757]
[1; 20; 0.11205019087780348]
[2; 10; 0.05643478762449085]
[1; 20; 0.11370410549388864]
[2; 10; 0.057277117289475786]
[1; 40; 0.23084086861765796]
[2; 20; 0.11630319633497839]
[2; 20; 0.11720303323055369]
[1; 40; 0.2362409592736474]
[2; 20; 0.11905609348677716]
[2; 30; 0.18001568596815307]
[2; 30; 0.18147626946045525]
[2; 30; 0.18296684473404692]
[2; 30; 0.18448840945209274]
[2; 30; 0.1860420074862489]
[1; 60; 0.3752574633508955]
[2; 30; 0.18924972678727808]
[2; 30; 0.1909061926996931]
[2; 30; 0.19259938782258926]
[2; 30; 0.194330632780817]
[2; 30; 0.1961013143824458]
[1; 60; 0.3958257797972722]
[1; 80; 0.5327117111581563]
[2; 40; 0.26888657622932466]
[1; 80; 0.5429565580662097]
[1; 80; 0.5482666993032665]
[2; 40; 0.27685430398437544]
[2; 40; 0.2796437973549365]
[2; 40; 0.2825046344957558]
[2; 40; 0.2854397804146053]
[2; 50; 0.3605654652949519]
[2; 50; 0.36443216515225285]
[2; 50; 0.36840422673685136]
[1; 100; 0.7449726398983229]
[2; 50; 0.37668340410227424]
[1; 100; 0.7620015022847058]
[2; 50; 0.38544397117088114]
[2; 50; 0.3900190405420014]
[1; 100; 0.7894646656923014]
[2; 50; 0.3995906531352573]
[1; 100; 0.8092025515919795]
[1; 120; 0.98345276768952]
[1; 120; 0.9962667096680722]
[1; 120; 1.0095063763319052]
[1; 120; 1.0231948587809323]
[1; 120; 1.0373570060097268]
[2; 60; 0.5260097994226162]
[1; 120; 1.0672115452359765]
[2; 60; 0.5414820500223056]
[2; 60; 0.5496555565213849]
[1; 120; 1.1162893094642687]
[2; 60; 0.5669693041324032]
[1; 120; 1.1523024841951641]
[2; 70; 0.6833332222271145]
[1; 140; 1.3899295481916358]
[2; 70; 0.7071042792770522]
[1; 140; 1.4395763708942688]
[1; 140; 1.4661132715747531]
[1; 140; 1.493907918882951]
[2; 70; 0.7615292433289954]
[2; 70; 0.7768370016708144]
[1; 140; 1.585875926963007]
[2; 70; 0.8099000032672286]
[1; 140; 1.655598493166974]
[1; 140; 1.6934427808593266]
[2; 70; 0.8667632893416012]
[2; 70; 0.8880348724009943]
[2; 80; 1.040755971994254]
[1; 160; 2.136655311677162]
[2; 80; 1.0978010684042814]
[1; 160; 2.258790306106929]
[1; 160; 2.326730156379233]
[2; 80; 1.2000102264179395]
[2; 80; 1.2396844294950182]
[1; 160; 2.5656184612013906]
[1; 160; 2.659782570974058]
[1; 160; 2.763091021634273]
[2; 90; 1.618342145197792]
[1; 180; 3.378984158173141]
[2; 90; 1.7690155165392103]
[1; 180; 3.7172185307681964]
[2; 90; 1.9604818921913656]
[1; 180; 4.155135635117843]
[1; 200; 4.919690918722472]
[2; 100; 2.6388385319818144]
[1; 200; 5.708795608292106]
[1; 200; 6.240304648672022]
[2; 100; 3.457856686699089]
[1; 200; 7.80952253973845]
[2; 100; 4.531074077037162]
[1; 200; 10.978010684042811]
[2; 100; 7.192631756434632]
[1; 200; 22.83518243316842]


Jobs: [[2; 10; 0.052995763897652634], [2; 10; 0.0533520396123156], [1; 20; 0.10742872839352573], [1; 20; 0.10891566067729809], [2; 10; 0.05483932321255072], [1; 20; 0.11045513645725567], [2; 10; 0.05562275865257757], [1; 20; 0.11205019087780348], [2; 10; 0.05643478762449085], [1; 20; 0.11370410549388864], [2; 10; 0.057277117289475786], [1; 40; 0.23084086861765796], [2; 20; 0.11630319633497839], [2; 20; 0.11720303323055369], [1; 40; 0.2362409592736474], [2; 20; 0.11905609348677716], [2; 30; 0.18001568596815307], [2; 30; 0.18147626946045525], [2; 30; 0.18296684473404692], [2; 30; 0.18448840945209274], [2; 30; 0.1860420074862489], [1; 60; 0.3752574633508955], [2; 30; 0.18924972678727808], [2; 30; 0.1909061926996931], [2; 30; 0.19259938782258926], [2; 30; 0.194330632780817], [2; 30; 0.1961013143824458], [1; 60; 0.3958257797972722], [2; 40; 0.26888657622932466], [1; 80; 0.5429565580662097], [2; 40; 0.27685430398437544], [2; 40; 0.2796437973549365], [2; 40; 0.2825046344957558], [2; 40; 0.2854397804146053], [2; 50; 0.3605654652949519], [2; 50; 0.36443216515225285], [2; 50; 0.36840422673685136], [1; 100; 0.7449726398983229], [2; 50; 0.37668340410227424], [1; 100; 0.7620015022847058], [2; 50; 0.38544397117088114], [2; 50; 0.3900190405420014], [1; 100; 0.7894646656923014], [2; 50; 0.3995906531352573], [1; 100; 0.8092025515919795], [1; 120; 0.9962667096680722], [1; 120; 1.0231948587809323], [2; 60; 0.5260097994226162], [1; 120; 1.0672115452359765], [2; 60; 0.5414820500223056], [2; 60; 0.5496555565213849], [1; 120; 1.1162893094642687], [2; 60; 0.5669693041324032], [1; 120; 1.1523024841951641], [2; 70; 0.6833332222271145], [1; 140; 1.3899295481916358], [2; 70; 0.7071042792770522], [1; 140; 1.4395763708942688], [1; 140; 1.493907918882951], [2; 70; 0.7615292433289954], [2; 70; 0.7768370016708144], [1; 140; 1.585875926963007], [2; 70; 0.8099000032672286], [1; 140; 1.655598493166974], [2; 70; 0.8667632893416012], [2; 70; 0.8880348724009943], [2; 80; 1.040755971994254], [1; 160; 2.136655311677162], [2; 80; 1.0978010684042814], [1; 160; 2.258790306106929], [2; 80; 1.2000102264179395], [2; 80; 1.2396844294950182], [1; 160; 2.5656184612013906], [1; 160; 2.763091021634273], [2; 90; 1.618342145197792], [1; 180; 3.378984158173141], [2; 90; 1.7690155165392103], [1; 180; 3.7172185307681964], [2; 90; 1.9604818921913656], [1; 180; 4.155135635117843], [2; 100; 2.6388385319818144], [1; 200; 5.708795608292106], [2; 100; 3.457856686699089], [1; 200; 7.80952253973845], [2; 100; 4.531074077037162], [1; 200; 10.978010684042811], [2; 100; 7.192631756434632], [1; 200; 22.83518243316842]];
Intervals[4.9E-324=0.052995763897652634, 0.052995763897652634=0.10634780350996823, 0.10634780350996823=0.21377653190349394, 0.21377653190349394=0.322692192580792, 0.322692192580792=0.37753151579334276, 0.37753151579334276=0.48798665225059845, 0.48798665225059845=0.543609410903176, 0.543609410903176=0.6556596017809795, 0.6556596017809795=0.7120943894054703, 0.7120943894054703=0.825798494899359, 0.825798494899359=0.8830756121888348, 0.8830756121888348=1.1139164808064927, 1.1139164808064927=1.230219677141471, 1.230219677141471=1.3474227103720247, 1.3474227103720247=1.583663669645672, 1.583663669645672=1.7027197631324493, 1.7027197631324493=1.8827354491006023, 1.8827354491006023=2.0642117185610576, 2.0642117185610576=2.2471785632951047, 2.2471785632951047=2.4316669727471973, 2.4316669727471973=2.6177089802334463, 2.6177089802334463=2.9929664435843417, 2.9929664435843417=3.18221617037162, 3.18221617037162=3.373122363071313, 3.373122363071313=3.565721750893902, 3.565721750893902=3.760052383674719, 3.760052383674719=3.956153698057165, 3.956153698057165=4.351979477854437, 4.488865409215322=4.757751985444647, 4.757751985444647=5.300708543510856, 5.306018684747913=5.582872988732289, 5.582872988732289=5.862516786087226, 5.862516786087226=6.145021420582982, 6.145021420582982=6.430461200997587, 6.430461200997587=6.791026666292539, 6.791026666292539=7.155458831444792, 7.155458831444792=7.523863058181643, 7.523863058181643=8.268835698079966, 8.268835698079966=8.645519102182242, 8.645519102182242=9.407520604466947, 9.407520604466947=9.792964575637829, 9.792964575637829=10.182983616179829, 10.182983616179829=10.972448281872131, 10.972448281872131=11.372038935007389, 11.372038935007389=12.181241486599369, 12.181241486599369=13.177508196267441, 13.177508196267441=14.200703055048374, 14.402355085038542=14.928364884461157, 14.928364884461157=15.995576429697133, 15.995576429697133=16.537058479719438, 16.537058479719438=17.08671403624082, 17.08671403624082=18.20300334570509, 18.20300334570509=18.76997264983749, 18.76997264983749=19.922275134032656, 19.922275134032656=20.605608356259772, 20.605608356259772=21.995537904451407, 21.995537904451407=22.702642183728457, 22.702642183728457=24.142218554622726, 24.142218554622726=25.636126473505676, 25.636126473505676=26.39765571683467, 26.39765571683467=27.174492718505483, 27.174492718505483=28.76036864546849, 28.76036864546849=29.570268648735716, 29.570268648735716=31.22586714190269, 31.26371142959504=32.13047471893664, 32.13047471893664=33.01850959133763, 33.01850959133763=34.059265563331884, 34.059265563331884=36.195920875009044, 36.195920875009044=37.293721943413324, 37.293721943413324=39.552512249520255, 39.62045209979256=40.820462326210496, 40.820462326210496=42.06014675570552, 42.06014675570552=44.625765216906906, 44.625765216906906=47.38885623854118, 47.38885623854118=49.007198383738974, 49.007198383738974=52.38618254191211, 52.38618254191211=54.155198058451326, 54.155198058451326=57.872416589219526, 57.872416589219526=59.83289848141089, 59.83289848141089=63.98803411652874, 64.75258940013336=67.39142793211518, 67.39142793211518=73.10022354040728, 73.6317325807872=77.08958926748629, 77.08958926748629=84.89911180722474, 84.89911180722474=89.4301858842619, 89.4301858842619=100.40819656830472, 100.40819656830472=107.60082832473935, 107.60082832473935=130.43601075790778];

Jobs: [[2; 10; 0.052995763897652634], [2; 10; 0.0533520396123156], [1; 20; 0.10816580731895824], [2; 10; 0.05483932321255072], [2; 10; 0.05562275865257757], [2; 10; 0.05643478762449085], [2; 10; 0.057277117289475786], [2; 20; 0.11630319633497839], [2; 20; 0.11720303323055369], [2; 20; 0.11905609348677716], [2; 30; 0.18001568596815307], [2; 30; 0.18147626946045525], [2; 30; 0.18296684473404692], [2; 30; 0.18448840945209274], [2; 30; 0.1860420074862489], [2; 30; 0.18924972678727808], [2; 30; 0.1909061926996931], [2; 30; 0.19259938782258926], [2; 30; 0.194330632780817], [2; 30; 0.1961013143824458], [1; 80; 0.5327117111581563], [2; 40; 0.26888657622932466], [1; 80; 0.5482666993032665], [2; 40; 0.27685430398437544], [2; 40; 0.2796437973549365], [2; 40; 0.2825046344957558], [2; 40; 0.2854397804146053], [2; 50; 0.3605654652949519], [2; 50; 0.36443216515225285], [2; 50; 0.36840422673685136], [2; 50; 0.37668340410227424], [2; 50; 0.38544397117088114], [2; 50; 0.3900190405420014], [2; 50; 0.3995906531352573], [1; 120; 0.98345276768952], [1; 120; 1.0095063763319052], [1; 120; 1.0373570060097268], [2; 60; 0.5260097994226162], [2; 60; 0.5414820500223056], [2; 60; 0.5496555565213849], [2; 60; 0.5669693041324032], [2; 70; 0.6833332222271145], [2; 70; 0.7071042792770522], [1; 140; 1.4661132715747531], [2; 70; 0.7615292433289954], [2; 70; 0.7768370016708144], [2; 70; 0.8099000032672286], [1; 140; 1.6934427808593266], [2; 70; 0.8667632893416012], [2; 70; 0.8880348724009943], [2; 80; 1.040755971994254], [2; 80; 1.0978010684042814], [1; 160; 2.326730156379233], [2; 80; 1.2000102264179395], [2; 80; 1.2396844294950182], [1; 160; 2.659782570974058], [2; 90; 1.618342145197792], [2; 90; 1.7690155165392103], [2; 90; 1.9604818921913656], [1; 200; 4.919690918722472], [2; 100; 2.6388385319818144], [1; 200; 6.240304648672022], [2; 100; 3.457856686699089], [2; 100; 4.531074077037162], [2; 100; 7.192631756434632]];
Intervals[4.9E-324=0.052995763897652634, 0.052995763897652634=0.10634780350996823, 0.10634780350996823=0.21451361082892645, 0.322692192580792=0.37753151579334276, 0.48798665225059845=0.543609410903176, 0.6556596017809795=0.7120943894054703, 0.825798494899359=0.8830756121888348, 1.1139164808064927=1.230219677141471, 1.230219677141471=1.3474227103720247, 1.583663669645672=1.7027197631324493, 1.7027197631324493=1.8827354491006023, 1.8827354491006023=2.0642117185610576, 2.0642117185610576=2.2471785632951047, 2.2471785632951047=2.4316669727471973, 2.4316669727471973=2.6177089802334463, 2.9929664435843417=3.18221617037162, 3.18221617037162=3.373122363071313, 3.373122363071313=3.565721750893902, 3.565721750893902=3.760052383674719, 3.760052383674719=3.956153698057165, 3.956153698057165=4.488865409215322, 4.488865409215322=4.757751985444647, 4.757751985444647=5.306018684747913, 5.306018684747913=5.582872988732289, 5.582872988732289=5.862516786087226, 5.862516786087226=6.145021420582982, 6.145021420582982=6.430461200997587, 6.430461200997587=6.791026666292539, 6.791026666292539=7.155458831444792, 7.155458831444792=7.523863058181643, 8.268835698079966=8.645519102182242, 9.407520604466947=9.792964575637829, 9.792964575637829=10.182983616179829, 10.972448281872131=11.372038935007389, 11.372038935007389=12.35549170269691, 12.35549170269691=13.364998079028815, 13.364998079028815=14.402355085038542, 14.402355085038542=14.928364884461157, 15.995576429697133=16.537058479719438, 16.537058479719438=17.08671403624082, 18.20300334570509=18.76997264983749, 19.922275134032656=20.605608356259772, 21.995537904451407=22.702642183728457, 22.702642183728457=24.16875545530321, 25.636126473505676=26.39765571683467, 26.39765571683467=27.174492718505483, 28.76036864546849=29.570268648735716, 29.570268648735716=31.26371142959504, 31.26371142959504=32.13047471893664, 32.13047471893664=33.01850959133763, 33.01850959133763=34.059265563331884, 36.195920875009044=37.293721943413324, 37.293721943413324=39.62045209979256, 39.62045209979256=40.820462326210496, 40.820462326210496=42.06014675570552, 42.06014675570552=44.719929326679576, 47.38885623854118=49.007198383738974, 52.38618254191211=54.155198058451326, 57.872416589219526=59.83289848141089, 59.83289848141089=64.75258940013336, 64.75258940013336=67.39142793211518, 67.39142793211518=73.6317325807872, 73.6317325807872=77.08958926748629, 84.89911180722474=89.4301858842619, 100.40819656830472=107.60082832473935];
