1.1697032735904074
35756.21230426531
41824.15858349274
[2; 10; 0.37118265051060056]
[1; 20; 0.7473560155370462]
[2; 10; 0.3762157313469589]
[2; 10; 0.3787969839703376]
[2; 20; 0.7628459453926918]
[2; 20; 0.7681899021798493]
[2; 20; 0.7736284430561859]
[1; 40; 1.5583285505798457]
[1; 40; 1.5696004277082993]
[1; 40; 1.5810783738803091]
[2; 20; 0.7963842418172585]
[1; 40; 1.6046771021301092]
[2; 20; 0.8084054192062213]
[1; 40; 1.6291765795410749]
[2; 30; 1.2313361292352043]
[2; 30; 1.2409748294935417]
[1; 60; 2.5016087941597083]
[1; 60; 2.521661904154669]
[2; 30; 1.271060887681466]
[2; 30; 1.281500885902943]
[1; 60; 2.584315868761197]
[1; 60; 2.6060786887956366]
[2; 30; 1.3141527702050875]
[2; 40; 1.7673416396820183]
[2; 40; 1.7828108360260406]
[2; 40; 1.7986230345195398]
[1; 80; 3.629581136096846]
[2; 40; 1.8313263875621548]
[1; 80; 3.696488204084166]
[1; 80; 3.7311160433047417]
[2; 50; 2.3541040054699103]
[2; 50; 2.3767943830890705]
[1; 100; 4.800079092809787]
[2; 50; 2.4238615221362005]
[1; 100; 4.896567115322411]
[2; 50; 2.473330208433597]
[1; 100; 4.9980548662376165]
[2; 60; 3.0304832367183887]
[2; 60; 3.062982103711616]
[2; 60; 3.09636651571428]
[1; 120; 6.26135144467847]
[2; 60; 3.1659514056571036]
[2; 60; 3.2022378753592182]
[2; 60; 3.239582283267201]
[1; 120; 6.556069718971351]
[2; 70; 3.8705907016160457]
[2; 70; 3.9182294881347506]
[2; 70; 3.9673616920768504]
[2; 70; 4.018063657055893]
[2; 70; 4.070417197824918]
[1; 140; 8.249020218500204]
[2; 70; 4.180436733950037]
[2; 80; 4.843769824824138]
[1; 160; 9.82446883471928]
[2; 80; 4.983170740227781]
[2; 80; 5.056724732926451]
[1; 160; 10.266108902917992]
[2; 80; 5.212331378331772]
[2; 80; 5.294741908616026]
[2; 80; 5.380489040589846]
[2; 80; 5.469794304919515]
[2; 80; 5.562899972987946]
[1; 180; 12.735161084556191]
[1; 180; 12.963602055699148]
[1; 180; 13.2025708434403]
[2; 90; 6.726432914505877]
[1; 180; 13.715371082622271]
[2; 90; 6.995534210906118]
[2; 100; 7.933917552460372]
[2; 100; 8.103635022652647]
[2; 100; 8.282729891687675]
[1; 200; 16.94411923999212]
[2; 100; 8.67259330722665]
[1; 200; 17.77086174662264]
[2; 100; 9.111826394408164]
[1; 200; 18.706433389363102]
[2; 100; 9.611256644272071]
[2; 520; 51.41688808863574]
[2; 520; 52.96340423436438]
[2; 540; 56.73293241055105]
[1; 1080; 117.21722265466519]
[2; 540; 60.64742430782692]
[2; 540; 62.87332453668543]
[1; 1120; 135.46894346028597]
[1; 1120; 141.056261572851]
[2; 560; 73.6288792021074]
[2; 560; 77.09454893943011]
[2; 580; 83.89191226224374]
[2; 580; 88.49012966555223]
[2; 580; 93.77502862792167]
[1; 1200; 206.74526950089577]
[2; 600; 110.89464612252496]
[2; 620; 123.9517606826929]
[2; 620; 135.4921075254079]
[2; 620; 150.15686456954828]
[2; 620; 169.5636234525049]
[2; 620; 196.76115530101717]
[2; 640; 246.048170093365]
[1; 1280; 644.8286243330332]
[2; 660; 527.7945938746923]


Jobs: [[2; 10; 0.37118265051060056], [1; 20; 0.7473560155370462], [2; 10; 0.3762157313469589], [2; 10; 0.3787969839703376], [2; 20; 0.7628459453926918], [2; 20; 0.7681899021798493], [2; 20; 0.7736284430561859], [1; 40; 1.5583285505798457], [1; 40; 1.5810783738803091], [2; 20; 0.7963842418172585], [1; 40; 1.6046771021301092], [2; 20; 0.8084054192062213], [1; 40; 1.6291765795410749], [2; 30; 1.2313361292352043], [2; 30; 1.2409748294935417], [1; 60; 2.5016087941597083], [2; 30; 1.271060887681466], [2; 30; 1.281500885902943], [1; 60; 2.584315868761197], [2; 30; 1.3141527702050875], [2; 40; 1.7673416396820183], [2; 40; 1.7828108360260406], [2; 40; 1.7986230345195398], [1; 80; 3.629581136096846], [2; 40; 1.8313263875621548], [1; 80; 3.696488204084166], [2; 50; 2.3541040054699103], [2; 50; 2.3767943830890705], [1; 100; 4.800079092809787], [2; 50; 2.4238615221362005], [1; 100; 4.896567115322411], [2; 50; 2.473330208433597], [1; 100; 4.9980548662376165], [2; 60; 3.0304832367183887], [2; 60; 3.062982103711616], [2; 60; 3.09636651571428], [1; 120; 6.26135144467847], [2; 60; 3.1659514056571036], [2; 60; 3.2022378753592182], [2; 60; 3.239582283267201], [1; 120; 6.556069718971351], [2; 70; 3.8705907016160457], [2; 70; 3.9182294881347506], [2; 70; 3.9673616920768504], [2; 70; 4.018063657055893], [2; 70; 4.070417197824918], [1; 140; 8.249020218500204], [2; 70; 4.180436733950037], [2; 80; 4.843769824824138], [1; 160; 9.82446883471928], [2; 80; 4.983170740227781], [2; 80; 5.056724732926451], [1; 160; 10.266108902917992], [2; 80; 5.212331378331772], [2; 80; 5.294741908616026], [2; 80; 5.380489040589846], [2; 80; 5.469794304919515], [2; 80; 5.562899972987946], [1; 180; 12.735161084556191], [1; 180; 13.2025708434403], [2; 90; 6.726432914505877], [1; 180; 13.715371082622271], [2; 90; 6.995534210906118], [2; 100; 7.933917552460372], [2; 100; 8.103635022652647], [2; 100; 8.282729891687675], [1; 200; 16.94411923999212], [2; 100; 8.67259330722665], [1; 200; 17.77086174662264], [2; 100; 9.111826394408164], [1; 200; 18.706433389363102], [2; 100; 9.611256644272071], [2; 520; 51.41688808863574], [2; 520; 52.96340423436438], [2; 540; 56.73293241055105], [1; 1080; 117.21722265466519], [2; 540; 60.64742430782692], [2; 540; 62.87332453668543], [1; 1120; 135.46894346028597], [2; 560; 73.6288792021074], [2; 560; 77.09454893943011], [2; 580; 83.89191226224374], [2; 580; 88.49012966555223], [2; 580; 93.77502862792167], [1; 1200; 206.74526950089577], [2; 600; 110.89464612252496], [2; 620; 123.9517606826929], [2; 620; 135.4921075254079], [2; 620; 150.15686456954828], [2; 620; 169.5636234525049], [2; 620; 196.76115530101717], [2; 640; 246.048170093365], [1; 1280; 644.8286243330332], [2; 660; 527.7945938746923]];
Intervals[4.9E-324=0.37118265051060056, 0.37118265051060056=1.1185386660476468, 1.1185386660476468=1.4947543973946058, 1.4947543973946058=1.8735513813649434, 1.8735513813649434=2.6363973267576353, 2.6363973267576353=3.4045872289374843, 3.4045872289374843=4.17821567199367, 4.17821567199367=5.7365442225735155, 5.7365442225735155=7.317622596453825, 7.317622596453825=8.114006838271084, 8.114006838271084=9.718683940401194, 9.718683940401194=10.527089359607416, 10.527089359607416=12.15626593914849, 12.15626593914849=13.387602068383694, 13.387602068383694=14.628576897877236, 14.628576897877236=17.130185692036946, 17.150238802031904=18.42129968971337, 18.42129968971337=19.702800575616312, 19.702800575616312=22.28711644437751, 22.30887926441195=23.623032034617037, 23.623032034617037=25.390373674299056, 25.390373674299056=27.173184510325097, 27.173184510325097=28.971807544844637, 28.971807544844637=32.60138868094148, 32.60138868094148=34.43271506850364, 34.43271506850364=38.12920327258781, 38.163831111808385=40.5179351172783, 40.5179351172783=42.89472950036737, 42.89472950036737=47.69480859317716, 47.69480859317716=50.11867011531336, 50.11867011531336=55.01523723063577, 55.01523723063577=57.488567439069364, 57.488567439069364=62.48662230530698, 62.48662230530698=65.51710554202536, 65.51710554202536=68.58008764573698, 68.58008764573698=71.67645416145126, 71.67645416145126=77.93780560612973, 77.93780560612973=81.10375701178683, 81.10375701178683=84.30599488714604, 84.30599488714604=87.54557717041324, 87.54557717041324=94.1016468893846, 94.1016468893846=97.97223759100065, 97.97223759100065=101.8904670791354, 101.8904670791354=105.85782877121225, 105.85782877121225=109.87589242826814, 109.87589242826814=113.94630962609307, 113.94630962609307=122.19532984459327, 122.19532984459327=126.3757665785433, 126.3757665785433=131.21953640336744, 131.21953640336744=141.04400523808673, 141.04400523808673=146.02717597831452, 146.02717597831452=151.08390071124097, 151.08390071124097=161.35000961415898, 161.35000961415898=166.56234099249076, 166.56234099249076=171.8570829011068, 171.8570829011068=177.23757194169664, 177.23757194169664=182.70736624661615, 182.70736624661615=188.27026621960408, 188.27026621960408=201.00542730416026, 201.00542730416026=214.20799814760056, 214.20799814760056=220.93443106210643, 220.93443106210643=234.6498021447287, 234.6498021447287=241.64533635563484, 241.64533635563484=249.5792539080952, 249.5792539080952=257.6828889307479, 257.6828889307479=265.96561882243554, 265.96561882243554=282.90973806242766, 282.90973806242766=291.5823313696543, 291.5823313696543=309.35319311627694, 309.35319311627694=318.4650195106851, 318.4650195106851=337.1714529000482, 337.1714529000482=346.7827095443203, 346.7827095443203=398.19959763295606, 398.19959763295606=451.1630018673204, 451.1630018673204=507.89593427787145, 507.89593427787145=625.1131569325366, 625.1131569325366=685.7605812403635, 685.7605812403635=748.633905777049, 748.633905777049=884.102849237335, 889.6901673499=963.3190465520074, 963.3190465520074=1040.4135954914375, 1040.4135954914375=1124.3055077536812, 1124.3055077536812=1212.7956374192336, 1212.7956374192336=1306.5706660471553, 1306.5706660471553=1513.3159355480511, 1513.3159355480511=1624.2105816705762, 1624.2105816705762=1748.1623423532692, 1748.1623423532692=1883.654449878677, 1883.654449878677=2033.8113144482254, 2033.8113144482254=2203.3749379007304, 2203.3749379007304=2400.1360932017474, 2400.1360932017474=2646.1842632951125, 2646.1842632951125=3291.0128876281456, 3291.0128876281456=3818.8074815028376];

Jobs: [[2; 10; 0.37118265051060056], [2; 10; 0.3762157313469589], [2; 10; 0.3787969839703376], [2; 20; 0.7628459453926918], [2; 20; 0.7681899021798493], [2; 20; 0.7736284430561859], [1; 40; 1.5696004277082993], [2; 20; 0.7963842418172585], [2; 20; 0.8084054192062213], [2; 30; 1.2313361292352043], [2; 30; 1.2409748294935417], [1; 60; 2.521661904154669], [2; 30; 1.271060887681466], [2; 30; 1.281500885902943], [1; 60; 2.6060786887956366], [2; 30; 1.3141527702050875], [2; 40; 1.7673416396820183], [2; 40; 1.7828108360260406], [2; 40; 1.7986230345195398], [2; 40; 1.8313263875621548], [1; 80; 3.7311160433047417], [2; 50; 2.3541040054699103], [2; 50; 2.3767943830890705], [2; 50; 2.4238615221362005], [2; 50; 2.473330208433597], [2; 60; 3.0304832367183887], [2; 60; 3.062982103711616], [2; 60; 3.09636651571428], [2; 60; 3.1659514056571036], [2; 60; 3.2022378753592182], [2; 60; 3.239582283267201], [2; 70; 3.8705907016160457], [2; 70; 3.9182294881347506], [2; 70; 3.9673616920768504], [2; 70; 4.018063657055893], [2; 70; 4.070417197824918], [2; 70; 4.180436733950037], [2; 80; 4.843769824824138], [2; 80; 4.983170740227781], [2; 80; 5.056724732926451], [2; 80; 5.212331378331772], [2; 80; 5.294741908616026], [2; 80; 5.380489040589846], [2; 80; 5.469794304919515], [2; 80; 5.562899972987946], [1; 180; 12.963602055699148], [2; 90; 6.726432914505877], [2; 90; 6.995534210906118], [2; 100; 7.933917552460372], [2; 100; 8.103635022652647], [2; 100; 8.282729891687675], [2; 100; 8.67259330722665], [2; 100; 9.111826394408164], [2; 100; 9.611256644272071], [2; 520; 51.41688808863574], [2; 520; 52.96340423436438], [2; 540; 56.73293241055105], [2; 540; 60.64742430782692], [2; 540; 62.87332453668543], [1; 1120; 141.056261572851], [2; 560; 73.6288792021074], [2; 560; 77.09454893943011], [2; 580; 83.89191226224374], [2; 580; 88.49012966555223], [2; 580; 93.77502862792167], [2; 600; 110.89464612252496], [2; 620; 123.9517606826929], [2; 620; 135.4921075254079], [2; 620; 150.15686456954828], [2; 620; 169.5636234525049], [2; 620; 196.76115530101717], [2; 640; 246.048170093365], [2; 660; 527.7945938746923]];
Intervals[4.9E-324=0.37118265051060056, 1.1185386660476468=1.4947543973946058, 1.4947543973946058=1.8735513813649434, 1.8735513813649434=2.6363973267576353, 2.6363973267576353=3.4045872289374843, 3.4045872289374843=4.17821567199367, 4.17821567199367=5.74781609970197, 7.317622596453825=8.114006838271084, 9.718683940401194=10.527089359607416, 12.15626593914849=13.387602068383694, 13.387602068383694=14.628576897877236, 14.628576897877236=17.150238802031904, 17.150238802031904=18.42129968971337, 18.42129968971337=19.702800575616312, 19.702800575616312=22.30887926441195, 22.30887926441195=23.623032034617037, 23.623032034617037=25.390373674299056, 25.390373674299056=27.173184510325097, 27.173184510325097=28.971807544844637, 32.60138868094148=34.43271506850364, 34.43271506850364=38.163831111808385, 38.163831111808385=40.5179351172783, 40.5179351172783=42.89472950036737, 47.69480859317716=50.11867011531336, 55.01523723063577=57.488567439069364, 62.48662230530698=65.51710554202536, 65.51710554202536=68.58008764573698, 68.58008764573698=71.67645416145126, 77.93780560612973=81.10375701178683, 81.10375701178683=84.30599488714604, 84.30599488714604=87.54557717041324, 94.1016468893846=97.97223759100065, 97.97223759100065=101.8904670791354, 101.8904670791354=105.85782877121225, 105.85782877121225=109.87589242826814, 109.87589242826814=113.94630962609307, 122.19532984459327=126.3757665785433, 126.3757665785433=131.21953640336744, 141.04400523808673=146.02717597831452, 146.02717597831452=151.08390071124097, 161.35000961415898=166.56234099249076, 166.56234099249076=171.8570829011068, 171.8570829011068=177.23757194169664, 177.23757194169664=182.70736624661615, 182.70736624661615=188.27026621960408, 188.27026621960408=201.23386827530322, 214.20799814760056=220.93443106210643, 234.6498021447287=241.64533635563484, 241.64533635563484=249.5792539080952, 249.5792539080952=257.6828889307479, 257.6828889307479=265.96561882243554, 282.90973806242766=291.5823313696543, 309.35319311627694=318.4650195106851, 337.1714529000482=346.7827095443203, 346.7827095443203=398.19959763295606, 398.19959763295606=451.1630018673204, 451.1630018673204=507.89593427787145, 625.1131569325366=685.7605812403635, 685.7605812403635=748.633905777049, 748.633905777049=889.6901673499, 889.6901673499=963.3190465520074, 963.3190465520074=1040.4135954914375, 1040.4135954914375=1124.3055077536812, 1124.3055077536812=1212.7956374192336, 1212.7956374192336=1306.5706660471553, 1513.3159355480511=1624.2105816705762, 1624.2105816705762=1748.1623423532692, 1748.1623423532692=1883.654449878677, 1883.654449878677=2033.8113144482254, 2033.8113144482254=2203.3749379007304, 2203.3749379007304=2400.1360932017474, 2400.1360932017474=2646.1842632951125, 3291.0128876281456=3818.8074815028376];
