1.141457373917768
1705.6076182864754
1946.878392903419
[1; 20; 0.0976418675919149]
[2; 10; 0.049149143294215825]
[1; 20; 0.0989658503048113]
[1; 20; 0.09964486460283013]
[1; 20; 0.10033564700639896]
[1; 20; 0.10103852727344644]
[1; 20; 0.10175384800221701]
[1; 20; 0.10248196527444679]
[1; 20; 0.1032232493380842]
[1; 40; 0.20795617066489527]
[1; 40; 0.2094937481179162]
[2; 20; 0.10553003280085359]
[1; 40; 0.21265599239118002]
[2; 20; 0.10714121716395753]
[1; 40; 0.21594033580060193]
[1; 40; 0.21763068185725462]
[1; 40; 0.2193545004596385]
[2; 20; 0.11055643244565494]
[1; 40; 0.22290689633173122]
[1; 40; 0.22473776661010414]
[1; 40; 0.22660670115386478]
[2; 30; 0.17138623661117722]
[2; 30; 0.17284796394362828]
[1; 60; 0.3486825248987111]
[1; 60; 0.3517344749678319]
[1; 60; 0.3548540966477153]
[2; 30; 0.1790219115595957]
[1; 60; 0.3613062095021404]
[1; 60; 0.36464394074092793]
[1; 60; 0.3680598401177427]
[1; 80; 0.4954091712713279]
[2; 40; 0.2500921227083724]
[2; 40; 0.252538035690042]
[2; 40; 0.2550446422859423]
[1; 80; 0.515228777284224]
[1; 80; 0.5204997170869861]
[1; 80; 0.5259075668488035]
[1; 80; 0.5314581065541549]
[1; 80; 0.5371574571092428]
[2; 40; 0.27150605317671245]
[2; 40; 0.2745144687602975]
[1; 80; 0.5552152604265814]
[2; 40; 0.2807894228475082]
[2; 50; 0.35507997648502665]
[2; 50; 0.35929463710036813]
[1; 100; 0.7272732638111611]
[1; 100; 0.7362244597464473]
[1; 100; 0.7454562646759345]
[1; 100; 0.7549830233529891]
[1; 100; 0.764820108542922]
[2; 50; 0.3874920083288633]
[1; 120; 0.9425909692967089]
[1; 120; 0.9556374696472058]
[1; 120; 0.9691449921631894]
[1; 120; 0.9831401675211036]
[1; 120; 0.9976517884294234]
[2; 60; 0.506355519043651]
[1; 120; 1.0283517486367253]
[1; 120; 1.0446106943507671]
[1; 120; 1.0615279251838696]
[1; 120; 1.0791471473840653]
[1; 120; 1.0975161591787077]
[2; 60; 0.5583436755774186]
[2; 60; 0.5683591414701203]
[1; 120; 1.1576723502519577]
[1; 120; 1.1796195594461998]
[2; 70; 0.701538501153622]
[2; 70; 0.7156403651821082]
[1; 140; 1.4609458934941968]
[2; 70; 0.7460987734268032]
[1; 140; 1.525175947717057]
[1; 140; 1.5600389882338737]
[2; 70; 0.7984825588595197]
[1; 140; 1.636156874640722]
[1; 140; 1.6778451836841333]
[1; 160; 1.9683367092816255]
[1; 160; 2.0226398994909367]
[1; 160; 2.080850314873589]
[1; 160; 2.1434380895994534]
[1; 160; 2.2109548201461853]
[1; 160; 2.2840524226479286]
[2; 80; 1.181753783961847]
[1; 160; 2.4502537421659403]
[2; 80; 1.272711948259947]
[1; 180; 2.9817090619731115]
[1; 180; 3.112799019226267]
[1; 180; 3.2593167100590716]
[1; 180; 3.424388412368533]
[2; 90; 1.8060416461151811]
[1; 180; 3.82780786304124]
[1; 180; 4.078920620769566]
[1; 200; 4.861919209879039]
[1; 200; 5.259075668488034]
[1; 200; 5.74871419360589]
[1; 200; 6.370916464314705]
[1; 200; 7.194314315893766]
[1; 200; 8.348262248538266]
[2; 100; 5.056599748727342]
[1; 200; 13.252040275436052]
[2; 100; 10.518151336976066]


Jobs: [[1; 20; 0.0976418675919149], [2; 10; 0.049149143294215825], [1; 20; 0.0989658503048113], [1; 20; 0.10033564700639896], [1; 20; 0.10175384800221701], [1; 20; 0.1032232493380842], [1; 40; 0.2094937481179162], [2; 20; 0.10553003280085359], [1; 40; 0.21265599239118002], [2; 20; 0.10714121716395753], [1; 40; 0.21594033580060193], [1; 40; 0.2193545004596385], [2; 20; 0.11055643244565494], [1; 40; 0.22290689633173122], [1; 40; 0.22660670115386478], [2; 30; 0.17138623661117722], [2; 30; 0.17284796394362828], [1; 60; 0.3486825248987111], [1; 60; 0.3548540966477153], [2; 30; 0.1790219115595957], [1; 60; 0.3613062095021404], [1; 60; 0.3680598401177427], [2; 40; 0.2500921227083724], [2; 40; 0.252538035690042], [2; 40; 0.2550446422859423], [1; 80; 0.515228777284224], [1; 80; 0.5259075668488035], [1; 80; 0.5371574571092428], [2; 40; 0.27150605317671245], [2; 40; 0.2745144687602975], [1; 80; 0.5552152604265814], [2; 40; 0.2807894228475082], [2; 50; 0.35507997648502665], [2; 50; 0.35929463710036813], [1; 100; 0.7272732638111611], [1; 100; 0.7454562646759345], [1; 100; 0.764820108542922], [2; 50; 0.3874920083288633], [1; 120; 0.9425909692967089], [1; 120; 0.9691449921631894], [1; 120; 0.9976517884294234], [2; 60; 0.506355519043651], [1; 120; 1.0283517486367253], [1; 120; 1.0615279251838696], [1; 120; 1.0975161591787077], [2; 60; 0.5583436755774186], [2; 60; 0.5683591414701203], [1; 120; 1.1576723502519577], [2; 70; 0.701538501153622], [2; 70; 0.7156403651821082], [1; 140; 1.4609458934941968], [2; 70; 0.7460987734268032], [1; 140; 1.525175947717057], [2; 70; 0.7984825588595197], [1; 140; 1.636156874640722], [1; 160; 1.9683367092816255], [1; 160; 2.080850314873589], [1; 160; 2.2109548201461853], [2; 80; 1.181753783961847], [1; 160; 2.4502537421659403], [2; 80; 1.272711948259947], [1; 180; 2.9817090619731115], [1; 180; 3.2593167100590716], [2; 90; 1.8060416461151811], [1; 180; 3.82780786304124], [1; 200; 4.861919209879039], [1; 200; 5.74871419360589], [1; 200; 7.194314315893766], [2; 100; 5.056599748727342], [1; 200; 13.252040275436052], [2; 100; 10.518151336976066]];
Intervals[0.0=0.0976418675919149, 0.0976418675919149=0.14679101088613072, 0.14679101088613072=0.24575686119094203, 0.24575686119094203=0.346092508197341, 0.346092508197341=0.44784635619955804, 0.44784635619955804=0.5510696055376423, 0.5510696055376423=0.7605633536555585, 0.7605633536555585=0.8660933864564121, 0.8660933864564121=1.0787493788475921, 1.0787493788475921=1.1858905960115496, 1.1858905960115496=1.4018309318121516, 1.4018309318121516=1.62118543227179, 1.62118543227179=1.731741864717445, 1.731741864717445=1.9546487610491763, 1.9546487610491763=2.181255462203041, 2.181255462203041=2.3526416988142183, 2.3526416988142183=2.5254896627578467, 2.5254896627578467=2.8741721876565576, 2.8741721876565576=3.2290262843042727, 3.2290262843042727=3.4080481958638686, 3.4080481958638686=3.769354405366009, 3.769354405366009=4.137414245483752, 4.268101307876124=4.518193430584497, 4.518193430584497=4.7707314662745395, 4.7707314662745395=5.025776108560482, 5.025776108560482=5.541004885844706, 5.541004885844706=6.06691245269351, 6.06691245269351=6.604069909802752, 6.604069909802752=6.875575962979465, 6.875575962979465=7.150090431739762, 7.150090431739762=7.705305692166343, 7.705305692166343=7.9860951150138515, 7.9860951150138515=8.341175091498878, 8.341175091498878=8.700469728599245, 8.700469728599245=9.427742992410407, 9.427742992410407=10.173199257086342, 10.173199257086342=10.938019365629264, 10.938019365629264=11.325511373958127, 11.325511373958127=12.268102343254837, 12.268102343254837=13.237247335418026, 13.237247335418026=14.234899123847448, 14.234899123847448=14.7412546428911, 14.7412546428911=15.769606391527825, 15.769606391527825=16.831134316711694, 16.831134316711694=17.9286504758904, 17.9286504758904=18.48699415146782, 18.48699415146782=19.05535329293794, 19.05535329293794=20.213025643189898, 20.23497285238414=20.93651135353776, 20.93651135353776=21.652151718719868, 21.652151718719868=23.113097612214066, 23.113097612214066=23.859196385640868, 23.859196385640868=25.384372333357923, 25.41923537387474=26.21771793273426, 26.21771793273426=27.853874807374982, 27.853874807374982=29.82221151665661, 29.82221151665661=31.9030618315302, 31.9030618315302=34.11401665167639, 34.345693528156716=35.52744731211856, 35.52744731211856=37.9777010542845, 37.9777010542845=39.25041300254445, 39.25041300254445=42.23212206451756, 42.23212206451756=45.491438774576636, 45.78760043413925=47.59364208025443, 47.59364208025443=51.42144994329567, 51.42144994329567=56.28336915317471, 56.28336915317471=62.0320833467806, 62.0320833467806=69.22639766267437, 71.650817082365=76.70741683109233, 76.70741683109233=89.95945710652839, 89.95945710652839=100.47760844350445];

Jobs: [[2; 10; 0.049149143294215825], [1; 20; 0.09964486460283013], [1; 20; 0.10103852727344644], [1; 20; 0.10248196527444679], [1; 40; 0.20795617066489527], [2; 20; 0.10553003280085359], [2; 20; 0.10714121716395753], [1; 40; 0.21763068185725462], [2; 20; 0.11055643244565494], [1; 40; 0.22473776661010414], [2; 30; 0.17138623661117722], [2; 30; 0.17284796394362828], [1; 60; 0.3517344749678319], [2; 30; 0.1790219115595957], [1; 60; 0.36464394074092793], [1; 80; 0.4954091712713279], [2; 40; 0.2500921227083724], [2; 40; 0.252538035690042], [2; 40; 0.2550446422859423], [1; 80; 0.5204997170869861], [1; 80; 0.5314581065541549], [2; 40; 0.27150605317671245], [2; 40; 0.2745144687602975], [2; 40; 0.2807894228475082], [2; 50; 0.35507997648502665], [2; 50; 0.35929463710036813], [1; 100; 0.7362244597464473], [1; 100; 0.7549830233529891], [2; 50; 0.3874920083288633], [1; 120; 0.9556374696472058], [1; 120; 0.9831401675211036], [2; 60; 0.506355519043651], [1; 120; 1.0446106943507671], [1; 120; 1.0791471473840653], [2; 60; 0.5583436755774186], [2; 60; 0.5683591414701203], [1; 120; 1.1796195594461998], [2; 70; 0.701538501153622], [2; 70; 0.7156403651821082], [2; 70; 0.7460987734268032], [1; 140; 1.5600389882338737], [2; 70; 0.7984825588595197], [1; 140; 1.6778451836841333], [1; 160; 2.0226398994909367], [1; 160; 2.1434380895994534], [1; 160; 2.2840524226479286], [2; 80; 1.181753783961847], [2; 80; 1.272711948259947], [1; 180; 3.112799019226267], [1; 180; 3.424388412368533], [2; 90; 1.8060416461151811], [1; 180; 4.078920620769566], [1; 200; 5.259075668488034], [1; 200; 6.370916464314705], [1; 200; 8.348262248538266], [2; 100; 5.056599748727342], [2; 100; 10.518151336976066]];
Intervals[0.0976418675919149=0.14679101088613072, 0.14679101088613072=0.24643587548896084, 0.24643587548896084=0.34747440276240726, 0.34747440276240726=0.44995636803685407, 0.44995636803685407=0.6579125387017494, 0.7605633536555585=0.8660933864564121, 1.0787493788475921=1.1858905960115496, 1.1858905960115496=1.4035212778688042, 1.62118543227179=1.731741864717445, 1.731741864717445=1.9564796313275492, 2.181255462203041=2.3526416988142183, 2.3526416988142183=2.5254896627578467, 2.5254896627578467=2.8772241377256784, 3.2290262843042727=3.4080481958638686, 3.4080481958638686=3.7726921366047965, 3.7726921366047965=4.268101307876124, 4.268101307876124=4.518193430584497, 4.518193430584497=4.7707314662745395, 4.7707314662745395=5.025776108560482, 5.025776108560482=5.546275825647468, 5.546275825647468=6.077733932201623, 6.604069909802752=6.875575962979465, 6.875575962979465=7.150090431739762, 7.705305692166343=7.9860951150138515, 7.9860951150138515=8.341175091498878, 8.341175091498878=8.700469728599245, 8.700469728599245=9.436694188345692, 9.436694188345692=10.191677211698682, 10.938019365629264=11.325511373958127, 11.325511373958127=12.281148843605333, 12.281148843605333=13.264289011126436, 14.234899123847448=14.7412546428911, 14.7412546428911=15.785865337241868, 15.785865337241868=16.865012484625932, 17.9286504758904=18.48699415146782, 18.48699415146782=19.05535329293794, 19.05535329293794=20.23497285238414, 20.23497285238414=20.93651135353776, 20.93651135353776=21.652151718719868, 23.113097612214066=23.859196385640868, 23.859196385640868=25.41923537387474, 25.41923537387474=26.21771793273426, 26.21771793273426=27.895563116418394, 27.895563116418394=29.91820301590933, 29.91820301590933=32.061641105508784, 32.061641105508784=34.345693528156716, 34.345693528156716=35.52744731211856, 37.9777010542845=39.25041300254445, 39.25041300254445=42.363212021770714, 42.363212021770714=45.78760043413925, 45.78760043413925=47.59364208025443, 47.59364208025443=51.672562701024, 51.672562701024=56.93163836951203, 56.93163836951203=63.30255483382673, 63.30255483382673=71.650817082365, 71.650817082365=76.70741683109233, 89.95945710652839=100.47760844350445];
