1.148876231546023
1409.845410656935
1619.7378824579946
[1; 20; 0.08599984253730569]
[2; 10; 0.04328899772597171]
[1; 20; 0.08716596428035839]
[2; 10; 0.04388200920792362]
[2; 10; 0.04418621876167134]
[1; 20; 0.08899151204311012]
[2; 10; 0.044810771862377814]
[2; 10; 0.04513142309685726]
[1; 20; 0.09091574555257019]
[1; 20; 0.09158058101974965]
[2; 10; 0.046128852804180186]
[2; 10; 0.04647374342408421]
[2; 10; 0.0468251537769908]
[1; 40; 0.18873313328797053]
[2; 20; 0.09509668001189692]
[2; 20; 0.09584108145715219]
[2; 20; 0.09660022367771827]
[2; 20; 0.09737457933055638]
[2; 20; 0.09816464216522089]
[2; 20; 0.09897092823660356]
[2; 20; 0.09979397720340381]
[2; 20; 0.10063435371954532]
[2; 20; 0.10149264892646516]
[1; 40; 0.20473896410998407]
[2; 20; 0.10326550214640429]
[2; 20; 0.1041813899032397]
[2; 20; 0.10511785968151997]
[2; 30; 0.1591134924559132]
[2; 30; 0.1605833760624377]
[2; 30; 0.16208768367030277]
[2; 30; 0.1636277235816584]
[2; 30; 0.1652048734562623]
[2; 30; 0.16682058505983385]
[2; 30; 0.168476389413029]
[2; 30; 0.17017390238140329]
[2; 30; 0.17191483075147887]
[1; 60; 0.34740195768684556]
[2; 30; 0.17553425571697273]
[2; 30; 0.17741668303423397]
[2; 30; 0.179350403650944]
[1; 80; 0.4835671760451365]
[1; 80; 0.48901589193843853]
[2; 40; 0.24731036743326465]
[1; 80; 0.5003889879450206]
[1; 80; 0.5063284097640693]
[2; 40; 0.25622363730589365]
[1; 80; 0.51875441690589]
[1; 80; 0.525259280361302]
[2; 50; 0.332482482811873]
[2; 50; 0.33681457824503297]
[2; 50; 0.34129060128204636]
[2; 50; 0.3459183584861586]
[2; 50; 0.3507062507238704]
[1; 100; 0.7113266639384553]
[1; 100; 0.7215987506531153]
[2; 50; 0.3661249473372092]
[1; 100; 0.7433029836416791]
[1; 120; 0.9057394193374105]
[2; 60; 0.4600298900591201]
[1; 120; 0.9349599374349209]
[1; 120; 0.9504783863566426]
[2; 60; 0.48332861301872987]
[2; 60; 0.4917713002176795]
[2; 60; 0.5005926031172712]
[1; 120; 1.0196408803604742]
[2; 70; 0.6060665812709346]
[1; 140; 1.2357854703316768]
[2; 70; 0.6303132072014709]
[1; 140; 1.2867545438717913]
[2; 70; 0.6571400016655871]
[2; 70; 0.6716631634574235]
[1; 140; 1.3740325809917222]
[1; 160; 1.6074925006017384]
[2; 80; 0.82347130710956]
[2; 80; 0.8444528687625056]
[2; 80; 0.8668240952031674]
[1; 160; 1.7814767082588636]
[2; 80; 0.9163732927085548]
[2; 80; 0.9439359505311222]
[1; 160; 1.947338483777766]
[2; 80; 1.0058602602503806]
[2; 90; 1.1709574189399707]
[2; 90; 1.2139342545854983]
[2; 90; 1.2610846000359772]
[2; 90; 1.3130971177930342]
[2; 90; 1.3708270443093467]
[2; 90; 1.4353510986484823]
[2; 90; 1.5080460437375611]
[2; 90; 1.5907038754201681]
[1; 200; 3.7460123021592646]
[2; 100; 1.9958795440680763]
[1; 200; 4.282223361665005]
[2; 100; 2.3160130512456374]
[1; 200; 5.063284097640692]
[2; 100; 2.8056500057909632]
[2; 100; 3.1682612878554743]
[2; 100; 3.6764415539194033]
[2; 100; 4.453691770647159]
[2; 100; 5.835987190191263]
[2; 100; 9.264052204982548]


Jobs: [[1; 20; 0.08599984253730569], [2; 10; 0.04328899772597171], [1; 20; 0.08716596428035839], [2; 10; 0.04388200920792362], [2; 10; 0.04418621876167134], [1; 20; 0.08899151204311012], [2; 10; 0.044810771862377814], [2; 10; 0.04513142309685726], [1; 20; 0.09091574555257019], [2; 10; 0.046128852804180186], [2; 10; 0.04647374342408421], [2; 10; 0.0468251537769908], [1; 40; 0.18873313328797053], [2; 20; 0.09509668001189692], [2; 20; 0.09584108145715219], [2; 20; 0.09660022367771827], [2; 20; 0.09737457933055638], [2; 20; 0.09816464216522089], [2; 20; 0.09897092823660356], [2; 20; 0.09979397720340381], [2; 20; 0.10063435371954532], [2; 20; 0.10149264892646516], [1; 40; 0.20473896410998407], [2; 20; 0.10326550214640429], [2; 20; 0.1041813899032397], [2; 20; 0.10511785968151997], [2; 30; 0.1591134924559132], [2; 30; 0.1605833760624377], [2; 30; 0.16208768367030277], [2; 30; 0.1636277235816584], [2; 30; 0.1652048734562623], [2; 30; 0.16682058505983385], [2; 30; 0.168476389413029], [2; 30; 0.17017390238140329], [2; 30; 0.17191483075147887], [1; 60; 0.34740195768684556], [2; 30; 0.17553425571697273], [2; 30; 0.17741668303423397], [2; 30; 0.179350403650944], [1; 80; 0.4835671760451365], [2; 40; 0.24731036743326465], [1; 80; 0.5003889879450206], [2; 40; 0.25622363730589365], [1; 80; 0.51875441690589], [2; 50; 0.332482482811873], [2; 50; 0.33681457824503297], [2; 50; 0.34129060128204636], [2; 50; 0.3459183584861586], [2; 50; 0.3507062507238704], [1; 100; 0.7113266639384553], [2; 50; 0.3661249473372092], [1; 100; 0.7433029836416791], [2; 60; 0.4600298900591201], [1; 120; 0.9349599374349209], [2; 60; 0.48332861301872987], [2; 60; 0.4917713002176795], [2; 60; 0.5005926031172712], [1; 120; 1.0196408803604742], [2; 70; 0.6060665812709346], [1; 140; 1.2357854703316768], [2; 70; 0.6303132072014709], [1; 140; 1.2867545438717913], [2; 70; 0.6571400016655871], [2; 70; 0.6716631634574235], [1; 140; 1.3740325809917222], [2; 80; 0.82347130710956], [2; 80; 0.8444528687625056], [2; 80; 0.8668240952031674], [1; 160; 1.7814767082588636], [2; 80; 0.9163732927085548], [2; 80; 0.9439359505311222], [1; 160; 1.947338483777766], [2; 80; 1.0058602602503806], [2; 90; 1.1709574189399707], [2; 90; 1.2139342545854983], [2; 90; 1.2610846000359772], [2; 90; 1.3130971177930342], [2; 90; 1.3708270443093467], [2; 90; 1.4353510986484823], [2; 90; 1.5080460437375611], [2; 90; 1.5907038754201681], [1; 200; 3.7460123021592646], [2; 100; 1.9958795440680763], [1; 200; 4.282223361665005], [2; 100; 2.3160130512456374], [1; 200; 5.063284097640692], [2; 100; 2.8056500057909632], [2; 100; 3.1682612878554743], [2; 100; 3.6764415539194033], [2; 100; 4.453691770647159], [2; 100; 5.835987190191263], [2; 100; 9.264052204982548]];
Intervals[0.0=0.08599984253730569, 0.08599984253730569=0.12928884026327742, 0.12928884026327742=0.2164548045436358, 0.2164548045436358=0.2603368137515594, 0.2603368137515594=0.30452303251323076, 0.30452303251323076=0.3935145445563409, 0.3935145445563409=0.4383253164187187, 0.4383253164187187=0.48345673951557594, 0.48345673951557594=0.5743724850681461, 0.5750373205353256=0.6211661733395059, 0.6211661733395059=0.66763991676359, 0.66763991676359=0.7144650705405808, 0.7144650705405808=0.9031982038285513, 0.9031982038285513=0.9982948838404482, 0.9982948838404482=1.0941359652976004, 1.0941359652976004=1.1907361889753187, 1.1907361889753187=1.288110768305875, 1.288110768305875=1.386275410471096, 1.386275410471096=1.4852463387076995, 1.4852463387076995=1.5850403159111033, 1.5850403159111033=1.6856746696306486, 1.6856746696306486=1.7871673185571137, 1.7871673185571137=1.991906282667098, 1.991906282667098=2.0951717848135023, 2.0951717848135023=2.199353174716742, 2.199353174716742=2.304471034398262, 2.304471034398262=2.463584526854175, 2.463584526854175=2.6241679029166125, 2.6241679029166125=2.786255586586915, 2.786255586586915=2.9498833101685737, 2.9498833101685737=3.115088183624836, 3.115088183624836=3.2819087686846697, 3.2819087686846697=3.4503851580976987, 3.4503851580976987=3.620559060479102, 3.620559060479102=3.7924738912305807, 3.7924738912305807=4.139875848917426, 4.139875848917426=4.315410104634399, 4.315410104634399=4.4928267876686325, 4.4928267876686325=4.672177191319577, 4.672177191319577=5.155744367364713, 5.1611930832580155=5.40850345069128, 5.40850345069128=5.908892438636301, 5.91483186045535=6.171055497761244, 6.171055497761244=6.6898099146671335, 6.696314778122546=7.028797260934419, 7.028797260934419=7.365611839179452, 7.365611839179452=7.706902440461498, 7.706902440461498=8.052820798947657, 8.052820798947657=8.403527049671528, 8.403527049671528=9.114853713609984, 9.125125800324643=9.491250747661852, 9.491250747661852=10.234553731303532, 10.396990166999261=10.857020057058381, 10.857020057058381=11.791979994493303, 11.807498443415025=12.290827056433754, 12.290827056433754=12.782598356651434, 12.782598356651434=13.283190959768705, 13.283190959768705=14.30283184012918, 14.30283184012918=14.908898421400114, 14.908898421400114=16.14468389173179, 16.14468389173179=16.774997098933262, 16.774997098933262=18.061751642805053, 18.061751642805053=18.71889164447064, 18.71889164447064=19.390554807928066, 19.390554807928066=20.76458738891979, 20.998047308529806=21.821518615639366, 21.821518615639366=22.665971484401872, 22.665971484401872=23.53279557960504, 23.53279557960504=25.314272287863904, 25.314272287863904=26.23064558057246, 26.23064558057246=27.174581531103584, 27.174581531103584=29.12192001488135, 29.12192001488135=30.12778027513173, 30.12778027513173=31.2987376940717, 31.2987376940717=32.5126719486572, 32.5126719486572=33.77375654869318, 33.77375654869318=35.08685366648621, 35.08685366648621=36.45768071079556, 36.45768071079556=37.89303180944404, 37.89303180944404=39.4010778531816, 39.4010778531816=40.991781728601765, 40.991781728601765=44.73779403076103, 44.73779403076103=46.733673574829105, 46.733673574829105=51.01589693649411, 51.01589693649411=53.33190998773975, 53.33190998773975=58.39519408538044, 58.39519408538044=61.200844091171405, 61.200844091171405=64.36910537902688, 64.36910537902688=68.04554693294628, 68.04554693294628=72.49923870359343, 72.49923870359343=78.3352258937847, 78.3352258937847=87.59927809876724];

Jobs: [[2; 10; 0.04328899772597171], [2; 10; 0.04388200920792362], [2; 10; 0.04418621876167134], [2; 10; 0.044810771862377814], [2; 10; 0.04513142309685726], [1; 20; 0.09158058101974965], [2; 10; 0.046128852804180186], [2; 10; 0.04647374342408421], [2; 10; 0.0468251537769908], [2; 20; 0.09509668001189692], [2; 20; 0.09584108145715219], [2; 20; 0.09660022367771827], [2; 20; 0.09737457933055638], [2; 20; 0.09816464216522089], [2; 20; 0.09897092823660356], [2; 20; 0.09979397720340381], [2; 20; 0.10063435371954532], [2; 20; 0.10149264892646516], [2; 20; 0.10326550214640429], [2; 20; 0.1041813899032397], [2; 20; 0.10511785968151997], [2; 30; 0.1591134924559132], [2; 30; 0.1605833760624377], [2; 30; 0.16208768367030277], [2; 30; 0.1636277235816584], [2; 30; 0.1652048734562623], [2; 30; 0.16682058505983385], [2; 30; 0.168476389413029], [2; 30; 0.17017390238140329], [2; 30; 0.17191483075147887], [2; 30; 0.17553425571697273], [2; 30; 0.17741668303423397], [2; 30; 0.179350403650944], [1; 80; 0.48901589193843853], [2; 40; 0.24731036743326465], [1; 80; 0.5063284097640693], [2; 40; 0.25622363730589365], [1; 80; 0.525259280361302], [2; 50; 0.332482482811873], [2; 50; 0.33681457824503297], [2; 50; 0.34129060128204636], [2; 50; 0.3459183584861586], [2; 50; 0.3507062507238704], [1; 100; 0.7215987506531153], [2; 50; 0.3661249473372092], [1; 120; 0.9057394193374105], [2; 60; 0.4600298900591201], [1; 120; 0.9504783863566426], [2; 60; 0.48332861301872987], [2; 60; 0.4917713002176795], [2; 60; 0.5005926031172712], [2; 70; 0.6060665812709346], [2; 70; 0.6303132072014709], [2; 70; 0.6571400016655871], [2; 70; 0.6716631634574235], [1; 160; 1.6074925006017384], [2; 80; 0.82347130710956], [2; 80; 0.8444528687625056], [2; 80; 0.8668240952031674], [2; 80; 0.9163732927085548], [2; 80; 0.9439359505311222], [2; 80; 1.0058602602503806], [2; 90; 1.1709574189399707], [2; 90; 1.2139342545854983], [2; 90; 1.2610846000359772], [2; 90; 1.3130971177930342], [2; 90; 1.3708270443093467], [2; 90; 1.4353510986484823], [2; 90; 1.5080460437375611], [2; 90; 1.5907038754201681], [2; 100; 1.9958795440680763], [2; 100; 2.3160130512456374], [2; 100; 2.8056500057909632], [2; 100; 3.1682612878554743], [2; 100; 3.6764415539194033], [2; 100; 4.453691770647159], [2; 100; 5.835987190191263], [2; 100; 9.264052204982548]];
Intervals[0.08599984253730569=0.12928884026327742, 0.2164548045436358=0.2603368137515594, 0.2603368137515594=0.30452303251323076, 0.3935145445563409=0.4383253164187187, 0.4383253164187187=0.48345673951557594, 0.48345673951557594=0.5750373205353256, 0.5750373205353256=0.6211661733395059, 0.6211661733395059=0.66763991676359, 0.66763991676359=0.7144650705405808, 0.9031982038285513=0.9982948838404482, 0.9982948838404482=1.0941359652976004, 1.0941359652976004=1.1907361889753187, 1.1907361889753187=1.288110768305875, 1.288110768305875=1.386275410471096, 1.386275410471096=1.4852463387076995, 1.4852463387076995=1.5850403159111033, 1.5850403159111033=1.6856746696306486, 1.6856746696306486=1.7871673185571137, 1.991906282667098=2.0951717848135023, 2.0951717848135023=2.199353174716742, 2.199353174716742=2.304471034398262, 2.304471034398262=2.463584526854175, 2.463584526854175=2.6241679029166125, 2.6241679029166125=2.786255586586915, 2.786255586586915=2.9498833101685737, 2.9498833101685737=3.115088183624836, 3.115088183624836=3.2819087686846697, 3.2819087686846697=3.4503851580976987, 3.4503851580976987=3.620559060479102, 3.620559060479102=3.7924738912305807, 4.139875848917426=4.315410104634399, 4.315410104634399=4.4928267876686325, 4.4928267876686325=4.672177191319577, 4.672177191319577=5.1611930832580155, 5.1611930832580155=5.40850345069128, 5.40850345069128=5.91483186045535, 5.91483186045535=6.171055497761244, 6.171055497761244=6.696314778122546, 6.696314778122546=7.028797260934419, 7.028797260934419=7.365611839179452, 7.365611839179452=7.706902440461498, 7.706902440461498=8.052820798947657, 8.052820798947657=8.403527049671528, 8.403527049671528=9.125125800324643, 9.125125800324643=9.491250747661852, 9.491250747661852=10.396990166999261, 10.396990166999261=10.857020057058381, 10.857020057058381=11.807498443415025, 11.807498443415025=12.290827056433754, 12.290827056433754=12.782598356651434, 12.782598356651434=13.283190959768705, 14.30283184012918=14.908898421400114, 16.14468389173179=16.774997098933262, 18.061751642805053=18.71889164447064, 18.71889164447064=19.390554807928066, 19.390554807928066=20.998047308529806, 20.998047308529806=21.821518615639366, 21.821518615639366=22.665971484401872, 22.665971484401872=23.53279557960504, 25.314272287863904=26.23064558057246, 26.23064558057246=27.174581531103584, 29.12192001488135=30.12778027513173, 30.12778027513173=31.2987376940717, 31.2987376940717=32.5126719486572, 32.5126719486572=33.77375654869318, 33.77375654869318=35.08685366648621, 35.08685366648621=36.45768071079556, 36.45768071079556=37.89303180944404, 37.89303180944404=39.4010778531816, 39.4010778531816=40.991781728601765, 44.73779403076103=46.733673574829105, 51.01589693649411=53.33190998773975, 58.39519408538044=61.200844091171405, 61.200844091171405=64.36910537902688, 64.36910537902688=68.04554693294628, 68.04554693294628=72.49923870359343, 72.49923870359343=78.3352258937847, 78.3352258937847=87.59927809876724];
