0.9999999999999999
1853.9272116606019
1853.9272116606016
[2; 10; 0.2723179914482774]
[2; 10; 0.27508271198882456]
[2; 10; 0.27793338617828034]
[2; 10; 0.2808745621182737]
[2; 20; 0.5678222642403705]
[2; 20; 0.5740967338792076]
[2; 20; 0.5805839085329373]
[2; 20; 0.5872960842211596]
[2; 20; 0.5942465756714611]
[2; 20; 0.6014498274654058]
[2; 20; 0.6089215403745547]
[2; 30; 0.9250182231038068]
[2; 30; 0.937110477813959]
[2; 30; 0.9496897047996546]
[2; 30; 0.962789491960886]
[2; 30; 0.9764467626463798]
[2; 30; 0.9907022139682009]
[2; 30; 1.0056008276359694]
[2; 30; 1.02119246793104]
[2; 30; 1.0375325849510406]
[2; 40; 1.406244061002443]
[2; 40; 1.4302841624239098]
[2; 40; 1.4556008917912717]
[2; 50; 1.8528892411885352]
[2; 50; 1.888185541150247]
[2; 50; 1.925578983921772]
[2; 50; 1.9652858208480146]
[2; 50; 2.0075548677653288]
[2; 50; 2.0526740938571515]
[2; 60; 2.52117470012505]
[2; 60; 2.583435302456434]
[2; 60; 2.6505486943328638]
[2; 60; 2.723179914482774]
[2; 60; 2.802129014533764]
[2; 60; 2.888368475882658]
[2; 70; 3.4802764903834773]
[2; 70; 3.60242841450378]
[2; 70; 3.7384166408000454]
[2; 70; 3.891067406495924]
[2; 70; 4.0640873597305625]
[2; 70; 4.262450782621883]
[2; 80; 5.134877290458059]
[2; 80; 5.446359828965548]
[2; 80; 5.822403567165087]
[2; 90; 7.075028955052853]
[2; 90; 7.750305907369302]
[2; 90; 8.665105427647974]
[2; 90; 10.00560190241809]
[2; 100; 13.615899572413868]
[2; 100; 19.25578983921772]


Jobs: [[2; 10; 0.2723179914482774], [2; 10; 0.27508271198882456], [2; 10; 0.27793338617828034], [2; 10; 0.2808745621182737], [2; 20; 0.5678222642403705], [2; 20; 0.5740967338792076], [2; 20; 0.5805839085329373], [2; 20; 0.5872960842211596], [2; 20; 0.5942465756714611], [2; 20; 0.6014498274654058], [2; 20; 0.6089215403745547], [2; 30; 0.9250182231038068], [2; 30; 0.937110477813959], [2; 30; 0.9496897047996546], [2; 30; 0.962789491960886], [2; 30; 0.9764467626463798], [2; 30; 0.9907022139682009], [2; 30; 1.0056008276359694], [2; 30; 1.02119246793104], [2; 30; 1.0375325849510406], [2; 40; 1.406244061002443], [2; 40; 1.4302841624239098], [2; 40; 1.4556008917912717], [2; 50; 1.8528892411885352], [2; 50; 1.888185541150247], [2; 50; 1.925578983921772], [2; 50; 1.9652858208480146], [2; 50; 2.0075548677653288], [2; 50; 2.0526740938571515], [2; 60; 2.52117470012505], [2; 60; 2.583435302456434], [2; 60; 2.6505486943328638], [2; 60; 2.723179914482774], [2; 60; 2.802129014533764], [2; 60; 2.888368475882658], [2; 70; 3.4802764903834773], [2; 70; 3.60242841450378], [2; 70; 3.7384166408000454], [2; 70; 3.891067406495924], [2; 70; 4.0640873597305625], [2; 70; 4.262450782621883], [2; 80; 5.134877290458059], [2; 80; 5.446359828965548], [2; 80; 5.822403567165087], [2; 90; 7.075028955052853], [2; 90; 7.750305907369302], [2; 90; 8.665105427647974], [2; 90; 10.00560190241809], [2; 100; 13.615899572413868], [2; 100; 19.25578983921772]];
Intervals[4.9E-324=0.2723179914482774, 0.2723179914482774=0.547400703437102, 0.547400703437102=0.8253340896153823, 0.8253340896153823=1.106208651733656, 1.106208651733656=1.6740309159740265, 1.6740309159740265=2.248127649853234, 2.248127649853234=2.8287115583861713, 2.8287115583861713=3.416007642607331, 3.416007642607331=4.010254218278792, 4.010254218278792=4.611704045744198, 4.611704045744198=5.220625586118753, 5.220625586118753=6.14564380922256, 6.14564380922256=7.0827542870365185, 7.0827542870365185=8.032443991836173, 8.032443991836173=8.995233483797058, 8.995233483797058=9.971680246443437, 9.971680246443437=10.962382460411638, 10.962382460411638=11.967983288047607, 11.967983288047607=12.989175755978648, 12.989175755978648=14.026708340929689, 14.026708340929689=15.432952401932132, 15.432952401932132=16.863236564356043, 16.863236564356043=18.318837456147314, 18.318837456147314=20.17172669733585, 20.17172669733585=22.059912238486096, 22.059912238486096=23.985491222407866, 23.985491222407866=25.95077704325588, 25.95077704325588=27.958331911021208, 27.958331911021208=30.01100600487836, 30.01100600487836=32.53218070500341, 32.53218070500341=35.11561600745985, 35.11561600745985=37.76616470179271, 37.76616470179271=40.48934461627549, 40.48934461627549=43.29147363080925, 43.29147363080925=46.17984210669191, 46.17984210669191=49.66011859707538, 49.66011859707538=53.26254701157916, 53.26254701157916=57.000963652379205, 57.000963652379205=60.892031058875126, 60.892031058875126=64.95611841860568, 64.95611841860568=69.21856920122757, 69.21856920122757=74.35344649168563, 74.35344649168563=79.79980632065119, 79.79980632065119=85.62220988781627, 85.62220988781627=92.69723884286913, 92.69723884286913=100.44754475023842, 100.44754475023842=109.1126501778864, 109.1126501778864=119.11825208030449, 119.11825208030449=132.73415165271837, 132.73415165271837=151.9899414919361];

Jobs: [[2; 10; 0.2723179914482774], [2; 10; 0.27508271198882456], [2; 10; 0.27793338617828034], [2; 10; 0.2808745621182737], [2; 20; 0.5678222642403705], [2; 20; 0.5740967338792076], [2; 20; 0.5805839085329373], [2; 20; 0.5872960842211596], [2; 20; 0.5942465756714611], [2; 20; 0.6014498274654058], [2; 20; 0.6089215403745547], [2; 30; 0.9250182231038068], [2; 30; 0.937110477813959], [2; 30; 0.9496897047996546], [2; 30; 0.962789491960886], [2; 30; 0.9764467626463798], [2; 30; 0.9907022139682009], [2; 30; 1.0056008276359694], [2; 30; 1.02119246793104], [2; 30; 1.0375325849510406], [2; 40; 1.406244061002443], [2; 40; 1.4302841624239098], [2; 40; 1.4556008917912717], [2; 50; 1.8528892411885352], [2; 50; 1.888185541150247], [2; 50; 1.925578983921772], [2; 50; 1.9652858208480146], [2; 50; 2.0075548677653288], [2; 50; 2.0526740938571515], [2; 60; 2.52117470012505], [2; 60; 2.583435302456434], [2; 60; 2.6505486943328638], [2; 60; 2.723179914482774], [2; 60; 2.802129014533764], [2; 60; 2.888368475882658], [2; 70; 3.4802764903834773], [2; 70; 3.60242841450378], [2; 70; 3.7384166408000454], [2; 70; 3.891067406495924], [2; 70; 4.0640873597305625], [2; 70; 4.262450782621883], [2; 80; 5.134877290458059], [2; 80; 5.446359828965548], [2; 80; 5.822403567165087], [2; 90; 7.075028955052853], [2; 90; 7.750305907369302], [2; 90; 8.665105427647974], [2; 90; 10.00560190241809], [2; 100; 13.615899572413868], [2; 100; 19.25578983921772]];
Intervals[4.9E-324=0.2723179914482774, 0.2723179914482774=0.547400703437102, 0.547400703437102=0.8253340896153823, 0.8253340896153823=1.106208651733656, 1.106208651733656=1.6740309159740265, 1.6740309159740265=2.248127649853234, 2.248127649853234=2.8287115583861713, 2.8287115583861713=3.416007642607331, 3.416007642607331=4.010254218278792, 4.010254218278792=4.611704045744198, 4.611704045744198=5.220625586118753, 5.220625586118753=6.14564380922256, 6.14564380922256=7.0827542870365185, 7.0827542870365185=8.032443991836173, 8.032443991836173=8.995233483797058, 8.995233483797058=9.971680246443437, 9.971680246443437=10.962382460411638, 10.962382460411638=11.967983288047607, 11.967983288047607=12.989175755978648, 12.989175755978648=14.026708340929689, 14.026708340929689=15.432952401932132, 15.432952401932132=16.863236564356043, 16.863236564356043=18.318837456147314, 18.318837456147314=20.17172669733585, 20.17172669733585=22.059912238486096, 22.059912238486096=23.985491222407866, 23.985491222407866=25.95077704325588, 25.95077704325588=27.958331911021208, 27.958331911021208=30.01100600487836, 30.01100600487836=32.53218070500341, 32.53218070500341=35.11561600745985, 35.11561600745985=37.76616470179271, 37.76616470179271=40.48934461627549, 40.48934461627549=43.29147363080925, 43.29147363080925=46.17984210669191, 46.17984210669191=49.66011859707538, 49.66011859707538=53.26254701157916, 53.26254701157916=57.000963652379205, 57.000963652379205=60.892031058875126, 60.892031058875126=64.95611841860568, 64.95611841860568=69.21856920122757, 69.21856920122757=74.35344649168563, 74.35344649168563=79.79980632065119, 79.79980632065119=85.62220988781627, 85.62220988781627=92.69723884286913, 92.69723884286913=100.44754475023842, 100.44754475023842=109.1126501778864, 109.1126501778864=119.11825208030449, 119.11825208030449=132.73415165271837, 132.73415165271837=151.9899414919361];
