1.0000000000000002
83746.07128824941
83746.07128824943
[2; 10; 1.8302575915782937]
[2; 20; 3.697678726637629]
[2; 20; 3.735997664351729]
[2; 20; 3.775533132160603]
[2; 20; 3.8163508928146075]
[2; 30; 5.7877826942016215]
[2; 50; 9.755305740994663]
[2; 60; 11.841705106592014]
[2; 60; 11.981848506678718]
[2; 70; 14.148269726364495]
[2; 80; 16.370321564416447]
[2; 80; 16.578869100103212]
[2; 80; 16.79559554176405]
[2; 90; 19.148681098253363]
[2; 90; 19.41281331484755]
[2; 90; 19.68818612315257]
[2; 90; 19.97562010279207]
[2; 90; 20.276022224125335]
[2; 100; 22.878219894728673]
[2; 100; 23.24429465735062]
[2; 100; 23.628523904841426]
[2; 100; 24.03245955645728]
[2; 100; 24.457845847242883]
[2; 100; 24.90665109567819]
[2; 520; 131.98175187485535]
[2; 520; 134.5955056496097]
[2; 560; 147.93795984577181]
[2; 560; 151.1197853590065]
[2; 560; 154.5161596609206]
[2; 560; 158.15233149748536]
[2; 580; 167.84569813184697]
[2; 580; 172.2060527738946]
[2; 600; 183.0257591578294]
[2; 600; 188.3319524412079]
[2; 600; 194.12813314847554]
[2; 620; 207.17782958351847]
[2; 620; 214.4494272823285]
[2; 620; 222.5446880039467]
[2; 640; 239.10385051851065]
[2; 660; 257.54007156225913]
[2; 660; 270.1103058128714]
[2; 660; 284.7212619510974]
[2; 660; 301.9925026104185]
[2; 660; 322.843565183606]
[2; 680; 359.2779024825887]
[2; 680; 393.56922320571016]
[2; 680; 440.0237684698779]
[2; 700; 523.039673009242]
[2; 700; 640.5901570524029]
[2; 700; 905.9312880262191]


Jobs: [[2; 10; 1.8302575915782937], [2; 20; 3.697678726637629], [2; 20; 3.735997664351729], [2; 20; 3.775533132160603], [2; 20; 3.8163508928146075], [2; 30; 5.7877826942016215], [2; 50; 9.755305740994663], [2; 60; 11.841705106592014], [2; 60; 11.981848506678718], [2; 70; 14.148269726364495], [2; 80; 16.370321564416447], [2; 80; 16.578869100103212], [2; 80; 16.79559554176405], [2; 90; 19.148681098253363], [2; 90; 19.41281331484755], [2; 90; 19.68818612315257], [2; 90; 19.97562010279207], [2; 90; 20.276022224125335], [2; 100; 22.878219894728673], [2; 100; 23.24429465735062], [2; 100; 23.628523904841426], [2; 100; 24.03245955645728], [2; 100; 24.457845847242883], [2; 100; 24.90665109567819], [2; 520; 131.98175187485535], [2; 520; 134.5955056496097], [2; 560; 147.93795984577181], [2; 560; 151.1197853590065], [2; 560; 154.5161596609206], [2; 560; 158.15233149748536], [2; 580; 167.84569813184697], [2; 580; 172.2060527738946], [2; 600; 183.0257591578294], [2; 600; 188.3319524412079], [2; 600; 194.12813314847554], [2; 620; 207.17782958351847], [2; 620; 214.4494272823285], [2; 620; 222.5446880039467], [2; 640; 239.10385051851065], [2; 660; 257.54007156225913], [2; 660; 270.1103058128714], [2; 660; 284.7212619510974], [2; 660; 301.9925026104185], [2; 660; 322.843565183606], [2; 680; 359.2779024825887], [2; 680; 393.56922320571016], [2; 680; 440.0237684698779], [2; 700; 523.039673009242], [2; 700; 640.5901570524029], [2; 700; 905.9312880262191]];
Intervals[4.9E-324=1.8302575915782937, 1.8302575915782937=5.5279363182159225, 5.5279363182159225=9.263933982567652, 9.263933982567652=13.039467114728255, 13.039467114728255=16.85581800754286, 16.85581800754286=22.643600701744482, 22.643600701744482=32.39890644273915, 32.39890644273915=44.24061154933116, 44.24061154933116=56.22246005600988, 56.22246005600988=70.37072978237437, 70.37072978237437=86.74105134679081, 86.74105134679081=103.31992044689403, 103.31992044689403=120.11551598865807, 120.11551598865807=139.26419708691145, 139.26419708691145=158.677010401759, 158.677010401759=178.36519652491157, 178.36519652491157=198.34081662770365, 198.34081662770365=218.616838851829, 218.616838851829=241.49505874655767, 241.49505874655767=264.7393534039083, 264.7393534039083=288.3678773087497, 288.3678773087497=312.400336865207, 312.400336865207=336.8581827124499, 336.8581827124499=361.76483380812806, 361.76483380812806=493.74658568298344, 493.74658568298344=628.3420913325931, 628.3420913325931=776.2800511783649, 776.2800511783649=927.3998365373715, 927.3998365373715=1081.915996198292, 1081.915996198292=1240.0683276957775, 1240.0683276957775=1407.9140258276245, 1407.9140258276245=1580.1200786015193, 1580.1200786015193=1763.1458377593488, 1763.1458377593488=1951.4777902005567, 1951.4777902005567=2145.6059233490323, 2145.6059233490323=2352.7837529325507, 2352.7837529325507=2567.233180214879, 2567.233180214879=2789.777868218826, 2789.777868218826=3028.8817187373365, 3028.8817187373365=3286.4217902995956, 3286.4217902995956=3556.532096112467, 3556.532096112467=3841.2533580635645, 3841.2533580635645=4143.245860673983, 4143.245860673983=4466.089425857589, 4466.089425857589=4825.367328340178, 4825.367328340178=5218.936551545888, 5218.936551545888=5658.960320015765, 5658.960320015765=6181.999993025007, 6181.999993025007=6822.59015007741, 6822.59015007741=7728.521438103629];

Jobs: [[2; 10; 1.8302575915782937], [2; 20; 3.697678726637629], [2; 20; 3.735997664351729], [2; 20; 3.775533132160603], [2; 20; 3.8163508928146075], [2; 30; 5.7877826942016215], [2; 50; 9.755305740994663], [2; 60; 11.841705106592014], [2; 60; 11.981848506678718], [2; 70; 14.148269726364495], [2; 80; 16.370321564416447], [2; 80; 16.578869100103212], [2; 80; 16.79559554176405], [2; 90; 19.148681098253363], [2; 90; 19.41281331484755], [2; 90; 19.68818612315257], [2; 90; 19.97562010279207], [2; 90; 20.276022224125335], [2; 100; 22.878219894728673], [2; 100; 23.24429465735062], [2; 100; 23.628523904841426], [2; 100; 24.03245955645728], [2; 100; 24.457845847242883], [2; 100; 24.90665109567819], [2; 520; 131.98175187485535], [2; 520; 134.5955056496097], [2; 560; 147.93795984577181], [2; 560; 151.1197853590065], [2; 560; 154.5161596609206], [2; 560; 158.15233149748536], [2; 580; 167.84569813184697], [2; 580; 172.2060527738946], [2; 600; 183.0257591578294], [2; 600; 188.3319524412079], [2; 600; 194.12813314847554], [2; 620; 207.17782958351847], [2; 620; 214.4494272823285], [2; 620; 222.5446880039467], [2; 640; 239.10385051851065], [2; 660; 257.54007156225913], [2; 660; 270.1103058128714], [2; 660; 284.7212619510974], [2; 660; 301.9925026104185], [2; 660; 322.843565183606], [2; 680; 359.2779024825887], [2; 680; 393.56922320571016], [2; 680; 440.0237684698779], [2; 700; 523.039673009242], [2; 700; 640.5901570524029], [2; 700; 905.9312880262191]];
Intervals[4.9E-324=1.8302575915782937, 1.8302575915782937=5.5279363182159225, 5.5279363182159225=9.263933982567652, 9.263933982567652=13.039467114728255, 13.039467114728255=16.85581800754286, 16.85581800754286=22.643600701744482, 22.643600701744482=32.39890644273915, 32.39890644273915=44.24061154933116, 44.24061154933116=56.22246005600988, 56.22246005600988=70.37072978237437, 70.37072978237437=86.74105134679081, 86.74105134679081=103.31992044689403, 103.31992044689403=120.11551598865807, 120.11551598865807=139.26419708691145, 139.26419708691145=158.677010401759, 158.677010401759=178.36519652491157, 178.36519652491157=198.34081662770365, 198.34081662770365=218.616838851829, 218.616838851829=241.49505874655767, 241.49505874655767=264.7393534039083, 264.7393534039083=288.3678773087497, 288.3678773087497=312.400336865207, 312.400336865207=336.8581827124499, 336.8581827124499=361.76483380812806, 361.76483380812806=493.74658568298344, 493.74658568298344=628.3420913325931, 628.3420913325931=776.2800511783649, 776.2800511783649=927.3998365373715, 927.3998365373715=1081.915996198292, 1081.915996198292=1240.0683276957775, 1240.0683276957775=1407.9140258276245, 1407.9140258276245=1580.1200786015193, 1580.1200786015193=1763.1458377593488, 1763.1458377593488=1951.4777902005567, 1951.4777902005567=2145.6059233490323, 2145.6059233490323=2352.7837529325507, 2352.7837529325507=2567.233180214879, 2567.233180214879=2789.777868218826, 2789.777868218826=3028.8817187373365, 3028.8817187373365=3286.4217902995956, 3286.4217902995956=3556.532096112467, 3556.532096112467=3841.2533580635645, 3841.2533580635645=4143.245860673983, 4143.245860673983=4466.089425857589, 4466.089425857589=4825.367328340178, 4825.367328340178=5218.936551545888, 5218.936551545888=5658.960320015765, 5658.960320015765=6181.999993025007, 6181.999993025007=6822.59015007741, 6822.59015007741=7728.521438103629];
