1.171990454032119
29846.52814096378
34979.84606721056
[1; 20; 2.185279044551108]
[1; 20; 2.2074651874099263]
[1; 40; 4.46068217062247]
[1; 60; 6.76182970666239]
[2; 30; 3.4174663464433395]
[2; 30; 3.4552295519090355]
[1; 80; 9.318061154704004]
[1; 80; 9.425787983892251]
[1; 80; 9.53733965357736]
[1; 100; 12.066184989458074]
[2; 50; 6.108040616777587]
[2; 50; 6.1858531883566625]
[1; 120; 15.040121871529578]
[2; 60; 7.621005867762475]
[2; 60; 7.726128155934742]
[2; 60; 7.835724100279242]
[1; 140; 18.550280663215126]
[2; 70; 9.414623952989066]
[1; 140; 19.121191639822197]
[1; 140; 19.427150133219204]
[2; 80; 11.284732461816665]
[1; 160; 22.955295691448704]
[2; 90; 13.140908805868321]
[2; 90; 13.382046511867408]
[1; 180; 27.27393108343608]
[2; 90; 13.907030680682535]
[2; 90; 14.193803752042845]
[2; 100; 16.110090853646003]
[1; 200; 32.944321150010765]
[2; 100; 16.859793858809777]
[2; 100; 17.276147759545175]
[2; 100; 17.724953608717787]
[2; 100; 18.21065870459257]
[1; 200; 37.47722642820886]
[1; 1080; 208.605460210238]
[1; 1120; 223.42630373354274]
[1; 1120; 231.26819588652285]
[1; 1120; 239.99834903286308]
[2; 580; 129.35978294805162]
[1; 1160; 270.2237734864161]
[1; 1200; 293.1859496053242]
[2; 600; 154.52256311869482]
[1; 1240; 338.71825190542177]
[2; 620; 181.05252132529688]
[1; 1280; 403.7348622803298]
[1; 1320; 456.0903008519927]
[1; 1320; 509.92445829169293]
[1; 1360; 606.652775204656]
[1; 1360; 742.9948751473769]
[2; 700; 540.8289709154319]


Jobs: [[1; 20; 2.185279044551108], [1; 40; 4.46068217062247], [2; 30; 3.4174663464433395], [2; 30; 3.4552295519090355], [1; 80; 9.318061154704004], [1; 80; 9.53733965357736], [2; 50; 6.108040616777587], [2; 50; 6.1858531883566625], [1; 120; 15.040121871529578], [2; 60; 7.621005867762475], [2; 60; 7.726128155934742], [2; 60; 7.835724100279242], [1; 140; 18.550280663215126], [2; 70; 9.414623952989066], [1; 140; 19.121191639822197], [2; 80; 11.284732461816665], [1; 160; 22.955295691448704], [2; 90; 13.140908805868321], [2; 90; 13.382046511867408], [1; 180; 27.27393108343608], [2; 90; 13.907030680682535], [2; 90; 14.193803752042845], [2; 100; 16.110090853646003], [1; 200; 32.944321150010765], [2; 100; 16.859793858809777], [2; 100; 17.276147759545175], [2; 100; 17.724953608717787], [2; 100; 18.21065870459257], [1; 200; 37.47722642820886], [1; 1120; 223.42630373354274], [1; 1120; 239.99834903286308], [2; 580; 129.35978294805162], [1; 1160; 270.2237734864161], [2; 600; 154.52256311869482], [1; 1240; 338.71825190542177], [2; 620; 181.05252132529688], [1; 1280; 403.7348622803298], [1; 1320; 509.92445829169293], [1; 1360; 742.9948751473769], [2; 700; 540.8289709154319]];
Intervals[0.0=2.185279044551108, 2.185279044551108=6.645961215173578, 8.969294894072316=12.386761240515655, 12.386761240515655=15.84199079242469, 15.84199079242469=25.160051947128693, 25.160051947128693=34.697391600706055, 37.33396376577502=43.442004382552604, 43.442004382552604=49.62785757090926, 49.62785757090926=64.66797944243885, 64.66797944243885=72.28898531020133, 72.28898531020133=80.01511346613607, 80.01511346613607=87.85083756641531, 87.85083756641531=106.40111822963044, 106.40111822963044=115.8157421826195, 115.8157421826195=134.9369338224417, 135.2428923158387=146.52762477765538, 146.52762477765538=169.48292046910407, 169.48292046910407=182.6238292749724, 182.6238292749724=196.0058757868398, 196.0058757868398=223.27980687027588, 223.27980687027588=237.18683755095842, 237.18683755095842=251.38064130300125, 251.38064130300125=267.49073215664725, 267.49073215664725=300.435053306658, 300.435053306658=317.2948471654678, 317.2948471654678=334.57099492501294, 334.57099492501294=352.2959485337307, 352.2959485337307=370.5066072383233, 370.5066072383233=407.9838336665321, 407.9838336665321=631.4101374000749, 631.4101374000749=871.4084864329379, 871.4084864329379=1000.7682693809895, 1000.7682693809895=1270.9920428674056, 1293.9542189863137=1448.4767821050084, 1448.4767821050084=1787.1950340104302, 1787.1950340104302=1968.2475553357272, 1968.2475553357272=2371.982417616057, 2371.982417616057=2881.90687590775, 2881.90687590775=3624.9017510551266, 3624.9017510551266=4165.730721970558];

Jobs: [[1; 20; 2.2074651874099263], [1; 60; 6.76182970666239], [2; 30; 3.4174663464433395], [2; 30; 3.4552295519090355], [1; 80; 9.425787983892251], [1; 100; 12.066184989458074], [2; 50; 6.108040616777587], [2; 50; 6.1858531883566625], [2; 60; 7.621005867762475], [2; 60; 7.726128155934742], [2; 60; 7.835724100279242], [2; 70; 9.414623952989066], [1; 140; 19.427150133219204], [2; 80; 11.284732461816665], [2; 90; 13.140908805868321], [2; 90; 13.382046511867408], [2; 90; 13.907030680682535], [2; 90; 14.193803752042845], [2; 100; 16.110090853646003], [2; 100; 16.859793858809777], [2; 100; 17.276147759545175], [2; 100; 17.724953608717787], [2; 100; 18.21065870459257], [1; 1080; 208.605460210238], [1; 1120; 231.26819588652285], [2; 580; 129.35978294805162], [1; 1200; 293.1859496053242], [2; 600; 154.52256311869482], [2; 620; 181.05252132529688], [1; 1320; 456.0903008519927], [1; 1360; 606.652775204656], [2; 700; 540.8289709154319]];
Intervals[0.0=2.2074651874099263, 2.2074651874099263=8.969294894072316, 8.969294894072316=12.386761240515655, 12.386761240515655=15.84199079242469, 15.84199079242469=25.26777877631694, 25.26777877631694=37.33396376577502, 37.33396376577502=43.442004382552604, 43.442004382552604=49.62785757090926, 64.66797944243885=72.28898531020133, 72.28898531020133=80.01511346613607, 80.01511346613607=87.85083756641531, 106.40111822963044=115.8157421826195, 115.8157421826195=135.2428923158387, 135.2428923158387=146.52762477765538, 169.48292046910407=182.6238292749724, 182.6238292749724=196.0058757868398, 223.27980687027588=237.18683755095842, 237.18683755095842=251.38064130300125, 251.38064130300125=267.49073215664725, 300.435053306658=317.2948471654678, 317.2948471654678=334.57099492501294, 334.57099492501294=352.2959485337307, 352.2959485337307=370.5066072383233, 370.5066072383233=579.1120674485612, 579.1120674485612=810.380263335084, 871.4084864329379=1000.7682693809895, 1000.7682693809895=1293.9542189863137, 1293.9542189863137=1448.4767821050084, 1787.1950340104302=1968.2475553357272, 1968.2475553357272=2424.33785618772, 2424.33785618772=3030.9906313923757, 3624.9017510551266=4165.730721970558];
