1.0637154381464433
2844.6546262591482
3025.903042146557
[1; 10; 0.3373220791029931]
[1; 10; 0.3407467565395306]
[1; 20; 0.6885558106475647]
[1; 20; 0.6958423184380329]
[1; 20; 0.7033651567267483]
[1; 20; 0.7111373833526308]
[1; 20; 0.7191730890732202]
[1; 30; 1.091231257572761]
[2; 20; 0.7360971243187369]
[1; 40; 1.4900396789633454]
[1; 40; 1.5085501983717076]
[1; 40; 1.5277681731129031]
[2; 30; 1.160804884922353]
[2; 30; 1.1763868557563633]
[2; 30; 1.192613647888357]
[2; 30; 1.2095309985121705]
[1; 70; 2.8634417452829926]
[2; 40; 1.6608591062814335]
[1; 80; 3.3732207910299308]
[1; 90; 3.8555952197443597]
[1; 100; 4.354809315579844]
[1; 110; 4.872181482502311]
[1; 110; 4.958421478205085]
[1; 120; 5.508446485180516]
[1; 120; 5.613378704085977]
[1; 120; 5.7245455098641145]
[1; 120; 5.84258979521152]
[1; 130; 6.465605535633694]
[1; 140; 7.119450353827713]
[1; 140; 7.2869897550477445]
[1; 150; 8.000295562717094]
[1; 150; 8.208130057630656]
[1; 160; 8.995255442746483]
[1; 170; 9.834544081593771]
[1; 170; 10.137216007051036]
[1; 180; 11.08553471215508]
[1; 180; 11.474618567628571]
[1; 190; 12.569317465586602]
[2; 100; 6.885558106475647]
[1; 200; 14.383461781464405]
[1; 200; 15.085501983717078]
[1; 200; 15.901515305178098]
[1; 200; 16.866103955149654]
[2; 100; 9.015311778554699]
[2; 120; 11.68517959042304]
[2; 150; 16.000591125434187]
[2; 150; 17.88920471832536]
[2; 170; 23.410897562017198]
[2; 180; 30.35898711926938]
[2; 200; 47.70454591553428]


Jobs: [[1; 10; 0.3373220791029931], [1; 20; 0.6885558106475647], [1; 20; 0.7033651567267483], [1; 20; 0.7191730890732202], [2; 20; 0.7360971243187369], [1; 40; 1.4900396789633454], [1; 40; 1.5277681731129031], [2; 30; 1.160804884922353], [2; 30; 1.1763868557563633], [2; 30; 1.192613647888357], [2; 30; 1.2095309985121705], [1; 70; 2.8634417452829926], [2; 40; 1.6608591062814335], [1; 80; 3.3732207910299308], [1; 100; 4.354809315579844], [1; 110; 4.958421478205085], [1; 120; 5.613378704085977], [1; 120; 5.84258979521152], [1; 140; 7.119450353827713], [1; 150; 8.000295562717094], [1; 160; 8.995255442746483], [1; 170; 10.137216007051036], [1; 180; 11.474618567628571], [2; 100; 6.885558106475647], [1; 200; 14.383461781464405], [1; 200; 15.901515305178098], [2; 100; 9.015311778554699], [2; 120; 11.68517959042304], [2; 150; 16.000591125434187], [2; 150; 17.88920471832536], [2; 170; 23.410897562017198], [2; 180; 30.35898711926938], [2; 200; 47.70454591553428]];
Intervals[0.0=0.3373220791029931, 0.3373220791029931=1.0258778897505578, 1.0258778897505578=1.729243046477306, 1.729243046477306=2.4484161355505263, 2.8389577159029553=3.575054840221692, 3.575054840221692=5.065094519185037, 5.065094519185037=6.59286269229794, 6.59286269229794=7.753667577220293, 7.753667577220293=8.930054432976656, 8.930054432976656=10.122668080865013, 10.122668080865013=11.332199079377183, 11.332199079377183=14.195640824660176, 14.195640824660176=15.85649993094161, 15.85649993094161=19.22972072197154, 19.22972072197154=23.58453003755138, 23.58453003755138=28.542951515756467, 28.542951515756467=34.156330219842445, 34.156330219842445=39.99892001505397, 39.99892001505397=47.118370368881685, 47.118370368881685=55.11866593159878, 55.11866593159878=64.11392137434527, 64.11392137434527=74.2511373813963, 74.2511373813963=85.72575594902487, 91.26739023588046=98.1529483423561, 98.1529483423561=112.5364101238205, 112.5364101238205=128.4379254289986, 130.10455428122282=139.1198660597775, 139.1198660597775=150.80504565020055, 150.80504565020055=166.80563677563475, 166.80563677563475=184.6948414939601, 184.6948414939601=208.1057390559773, 208.1057390559773=238.46472617524668, 238.46472617524668=286.16927209078096];

Jobs: [[1; 10; 0.3407467565395306], [1; 20; 0.6958423184380329], [1; 20; 0.7111373833526308], [1; 30; 1.091231257572761], [2; 20; 0.7360971243187369], [1; 40; 1.5085501983717076], [2; 30; 1.160804884922353], [2; 30; 1.1763868557563633], [2; 30; 1.192613647888357], [2; 30; 1.2095309985121705], [2; 40; 1.6608591062814335], [1; 90; 3.8555952197443597], [1; 110; 4.872181482502311], [1; 120; 5.508446485180516], [1; 120; 5.7245455098641145], [1; 130; 6.465605535633694], [1; 140; 7.2869897550477445], [1; 150; 8.208130057630656], [1; 170; 9.834544081593771], [1; 180; 11.08553471215508], [1; 190; 12.569317465586602], [2; 100; 6.885558106475647], [1; 200; 15.085501983717078], [1; 200; 16.866103955149654], [2; 100; 9.015311778554699], [2; 120; 11.68517959042304], [2; 150; 16.000591125434187], [2; 150; 17.88920471832536], [2; 170; 23.410897562017198], [2; 180; 30.35898711926938], [2; 200; 47.70454591553428]];
Intervals[0.0=0.3407467565395306, 0.3407467565395306=1.0365890749775635, 1.0365890749775635=1.7477264583301944, 1.7477264583301944=2.8389577159029553, 2.8389577159029553=3.575054840221692, 3.575054840221692=5.083605038593399, 6.59286269229794=7.753667577220293, 7.753667577220293=8.930054432976656, 8.930054432976656=10.122668080865013, 10.122668080865013=11.332199079377183, 14.195640824660176=15.85649993094161, 15.85649993094161=19.71209515068597, 19.71209515068597=24.58427663318828, 24.58427663318828=30.0927231183688, 30.0927231183688=35.81726862823291, 35.81726862823291=42.2828741638666, 42.2828741638666=49.56986391891434, 49.56986391891434=57.777993976545, 57.777993976545=67.61253805813877, 67.61253805813877=78.69807277029385, 78.69807277029385=91.26739023588046, 91.26739023588046=98.1529483423561, 98.1529483423561=113.23845032607318, 113.23845032607318=130.10455428122282, 130.10455428122282=139.1198660597775, 139.1198660597775=150.80504565020055, 150.80504565020055=166.80563677563475, 166.80563677563475=184.6948414939601, 184.6948414939601=208.1057390559773, 208.1057390559773=238.46472617524668, 238.46472617524668=286.16927209078096];
