1.2657034384791879
14270.519855352162
18062.246049804755
[2; 10; 0.7555268322264183]
[2; 10; 0.7631973520509877]
[2; 10; 0.771106344140033]
[1; 40; 3.1170657075077233]
[1; 40; 3.150764694521789]
[1; 40; 3.1855808309431812]
[1; 40; 3.22157723713115]
[2; 30; 2.4441166064575093]
[2; 30; 2.473042070176974]
[2; 30; 2.5030194321977377]
[2; 30; 2.5341140335250256]
[2; 30; 2.566397042429972]
[2; 40; 3.4665948534824915]
[1; 80; 7.026256820313507]
[1; 80; 7.123175285809219]
[2; 40; 3.6121091399872074]
[2; 40; 3.664843449715101]
[1; 80; 7.439913940291361]
[2; 50; 4.7220427014151145]
[1; 100; 9.595200364480677]
[2; 50; 4.876904731376272]
[2; 60; 5.952331996167425]
[2; 60; 6.057691184369775]
[2; 60; 6.168850753120262]
[2; 60; 6.2863632313413005]
[1; 140; 14.958668100199361]
[1; 140; 15.267126698806779]
[2; 70; 7.797744784968314]
[2; 70; 7.9729968867208045]
[2; 70; 8.160622483914862]
[2; 70; 8.362149681225851]
[2; 70; 8.579384549833495]
[2; 90; 11.332902483396275]
[1; 180; 23.322920897525837]
[2; 100; 13.355953660892286]
[2; 100; 13.79396962702768]
[2; 100; 14.278115049339453]
[2; 100; 14.817100232944036]
[1; 1040; 160.39011958112684]
[2; 540; 86.98258540254106]
[1; 1080; 182.45621041380178]
[2; 560; 99.72445400132906]
[2; 580; 109.55139067283065]
[2; 580; 117.11536289781564]
[1; 1200; 261.7221719795447]
[2; 600; 143.35113739244315]
[1; 1200; 320.54288786141484]
[2; 640; 197.40322409984844]
[2; 660; 249.32385463471806]
[2; 700; 373.966702504984]


Jobs: [[2; 10; 0.7555268322264183], [2; 10; 0.7631973520509877], [2; 10; 0.771106344140033], [1; 40; 3.1170657075077233], [1; 40; 3.1855808309431812], [2; 30; 2.4441166064575093], [2; 30; 2.473042070176974], [2; 30; 2.5030194321977377], [2; 30; 2.5341140335250256], [2; 30; 2.566397042429972], [2; 40; 3.4665948534824915], [1; 80; 7.026256820313507], [2; 40; 3.6121091399872074], [2; 40; 3.664843449715101], [1; 80; 7.439913940291361], [2; 50; 4.7220427014151145], [1; 100; 9.595200364480677], [2; 50; 4.876904731376272], [2; 60; 5.952331996167425], [2; 60; 6.057691184369775], [2; 60; 6.168850753120262], [2; 60; 6.2863632313413005], [1; 140; 14.958668100199361], [2; 70; 7.797744784968314], [2; 70; 7.9729968867208045], [2; 70; 8.160622483914862], [2; 70; 8.362149681225851], [2; 70; 8.579384549833495], [2; 90; 11.332902483396275], [1; 180; 23.322920897525837], [2; 100; 13.355953660892286], [2; 100; 13.79396962702768], [2; 100; 14.278115049339453], [2; 100; 14.817100232944036], [1; 1040; 160.39011958112684], [2; 540; 86.98258540254106], [1; 1080; 182.45621041380178], [2; 560; 99.72445400132906], [2; 580; 109.55139067283065], [2; 580; 117.11536289781564], [1; 1200; 261.7221719795447], [2; 600; 143.35113739244315], [1; 1200; 320.54288786141484], [2; 640; 197.40322409984844], [2; 660; 249.32385463471806], [2; 700; 373.966702504984]];
Intervals[4.9E-324=0.7555268322264183, 0.7555268322264183=1.518724184277406, 1.518724184277406=2.289830528417439, 2.289830528417439=5.406896235925162, 5.406896235925162=8.592477066868343, 8.662172460070378=11.106289066527887, 11.106289066527887=13.579331136704862, 13.579331136704862=16.0823505689026, 16.0823505689026=18.616464602427627, 18.616464602427627=21.1828616448576, 21.1828616448576=24.64945649834009, 24.64945649834009=31.675713318653596, 31.772631784149308=35.384740924136516, 35.384740924136516=39.049584373851616, 39.049584373851616=46.48949831414298, 46.48949831414298=51.21154101555809, 51.21154101555809=60.806741380038765, 60.806741380038765=65.68364611141504, 65.68364611141504=71.63597810758247, 71.63597810758247=77.69366929195225, 77.69366929195225=83.86252004507251, 83.86252004507251=90.14888327641381, 90.14888327641381=105.10755137661317, 105.41600997522059=113.2137547601889, 113.2137547601889=121.18675164690971, 121.18675164690971=129.34737413082456, 129.34737413082456=137.7095238120504, 137.7095238120504=146.2889083618839, 146.2889083618839=157.62181084528018, 157.62181084528018=180.94473174280603, 180.94473174280603=194.3006854036983, 194.3006854036983=208.094655030726, 208.094655030726=222.37277008006544, 222.37277008006544=237.18987031300946, 237.18987031300946=397.5799898941363, 397.5799898941363=484.5625752966774, 484.5625752966774=667.0187857104792, 667.0187857104792=766.7432397118082, 766.7432397118082=876.2946303846388, 876.2946303846388=993.4099932824545, 993.4099932824545=1255.1321652619993, 1255.1321652619993=1398.4833026544425, 1398.4833026544425=1719.0261905158573, 1719.0261905158573=1916.4294146157058, 1916.4294146157058=2165.7532692504237, 2165.7532692504237=2539.7199717554076];

Jobs: [[2; 10; 0.7555268322264183], [2; 10; 0.7631973520509877], [2; 10; 0.771106344140033], [1; 40; 3.150764694521789], [1; 40; 3.22157723713115], [2; 30; 2.4441166064575093], [2; 30; 2.473042070176974], [2; 30; 2.5030194321977377], [2; 30; 2.5341140335250256], [2; 30; 2.566397042429972], [2; 40; 3.4665948534824915], [1; 80; 7.123175285809219], [2; 40; 3.6121091399872074], [2; 40; 3.664843449715101], [2; 50; 4.7220427014151145], [2; 50; 4.876904731376272], [2; 60; 5.952331996167425], [2; 60; 6.057691184369775], [2; 60; 6.168850753120262], [2; 60; 6.2863632313413005], [1; 140; 15.267126698806779], [2; 70; 7.797744784968314], [2; 70; 7.9729968867208045], [2; 70; 8.160622483914862], [2; 70; 8.362149681225851], [2; 70; 8.579384549833495], [2; 90; 11.332902483396275], [2; 100; 13.355953660892286], [2; 100; 13.79396962702768], [2; 100; 14.278115049339453], [2; 100; 14.817100232944036], [2; 540; 86.98258540254106], [2; 560; 99.72445400132906], [2; 580; 109.55139067283065], [2; 580; 117.11536289781564], [2; 600; 143.35113739244315], [2; 640; 197.40322409984844], [2; 660; 249.32385463471806], [2; 700; 373.966702504984]];
Intervals[4.9E-324=0.7555268322264183, 0.7555268322264183=1.518724184277406, 1.518724184277406=2.289830528417439, 2.289830528417439=5.440595222939228, 5.440595222939228=8.662172460070378, 8.662172460070378=11.106289066527887, 11.106289066527887=13.579331136704862, 13.579331136704862=16.0823505689026, 16.0823505689026=18.616464602427627, 18.616464602427627=21.1828616448576, 21.1828616448576=24.64945649834009, 24.64945649834009=31.772631784149308, 31.772631784149308=35.384740924136516, 35.384740924136516=39.049584373851616, 46.48949831414298=51.21154101555809, 60.806741380038765=65.68364611141504, 65.68364611141504=71.63597810758247, 71.63597810758247=77.69366929195225, 77.69366929195225=83.86252004507251, 83.86252004507251=90.14888327641381, 90.14888327641381=105.41600997522059, 105.41600997522059=113.2137547601889, 113.2137547601889=121.18675164690971, 121.18675164690971=129.34737413082456, 129.34737413082456=137.7095238120504, 137.7095238120504=146.2889083618839, 146.2889083618839=157.62181084528018, 180.94473174280603=194.3006854036983, 194.3006854036983=208.094655030726, 208.094655030726=222.37277008006544, 222.37277008006544=237.18987031300946, 397.5799898941363=484.5625752966774, 667.0187857104792=766.7432397118082, 766.7432397118082=876.2946303846388, 876.2946303846388=993.4099932824545, 1255.1321652619993=1398.4833026544425, 1719.0261905158573=1916.4294146157058, 1916.4294146157058=2165.7532692504237, 2165.7532692504237=2539.7199717554076];
