1.1667837051858463
19614.38087813513
22885.73999591692
[1; 20; 1.2526573634680835]
[2; 10; 0.6294840099241638]
[2; 10; 0.6326875115796742]
[1; 20; 1.2718808502237087]
[2; 10; 0.6392440339660188]
[2; 10; 0.6425996687491592]
[1; 20; 1.292017418963505]
[1; 40; 2.5978903519295513]
[1; 40; 2.6119711615782757]
[1; 40; 2.6262834394632977]
[1; 40; 2.6408335975603614]
[1; 40; 2.6556282993010503]
[1; 40; 2.670674472395257]
[2; 20; 1.3429896612309957]
[2; 20; 1.3507751737647098]
[1; 40; 2.7173953534704216]
[1; 40; 2.733522470445859]
[2; 20; 1.3749700852171076]
[2; 20; 1.383328642966742]
[1; 60; 4.175524544893612]
[1; 60; 4.201540525845444]
[1; 60; 4.228048930931501]
[1; 60; 4.255065492921092]
[2; 30; 2.1413033287084953]
[2; 30; 2.1553448124629506]
[2; 30; 2.1696661980019947]
[1; 60; 4.368553819746687]
[1; 60; 4.398373645919544]
[1; 60; 4.428812581057719]
[1; 80; 5.9465231318615706]
[1; 80; 5.988847674041782]
[2; 40; 3.016044506505514]
[1; 80; 6.0762807321019325]
[2; 40; 3.0607290812746006]
[2; 40; 3.0838292511105267]
[2; 40; 3.1074604721796275]
[2; 40; 3.131643408670209]
[2; 40; 3.156399868295615]
[1; 100; 7.954382212408521]
[1; 100; 8.019317022171053]
[2; 50; 4.042934256013315]
[2; 50; 4.0770524495504965]
[2; 50; 4.1120492498114745]
[1; 100; 8.29592605114632]
[2; 50; 4.18483453314029]
[1; 100; 8.445414221637494]
[2; 50; 4.261626893106792]
[1; 120; 10.323943312827232]
[1; 120; 10.422739279780863]
[1; 120; 10.52442694905236]
[2; 60; 5.314575097269262]
[1; 120; 10.737063115440717]
[2; 60; 5.424165495004988]
[2; 60; 5.481565670161411]
[1; 120; 11.081655123694214]
[1; 120; 11.204108068921187]
[2; 60; 5.665356089317474]
[1; 120; 11.461707422729559]
[2; 60; 5.798676826134213]
[1; 120; 11.737932768616412]
[2; 70; 6.932188193595949]
[1; 140; 14.040999767374455]
[1; 140; 14.224550038419467]
[1; 140; 14.41549213963263]
[1; 140; 14.614335907127641]
[2; 70; 7.410820903164397]
[1; 140; 15.038027585218524]
[1; 140; 15.264176028371802]
[2; 80; 8.857625162115436]
[1; 160; 17.998712328139895]
[1; 160; 18.296231861237793]
[1; 160; 18.6090106183344]
[2; 80; 9.469199604886844]
[1; 160; 19.285921760017732]
[1; 160; 19.653305662059843]
[1; 160; 20.042517815489337]
[1; 160; 20.455809086912602]
[1; 160; 20.895769292626206]
[2; 80; 10.682697889581029]
[1; 180; 24.601702234012727]
[1; 180; 25.20924315507267]
[1; 180; 25.864137749555407]
[2; 90; 13.286437743173156]
[1; 180; 27.343263294458694]
[1; 180; 28.18479067803188]
[2; 90; 14.554563321647937]
[1; 180; 30.130808638610088]
[1; 180; 31.268217839342586]
[1; 180; 32.544992970029924]
[2; 90; 16.99606826795242]
[1; 180; 35.65125356706488]
[1; 180; 37.57972090404251]
[1; 180; 39.859313229519465]
[1; 200; 47.345998024434216]
[1; 200; 51.13952271728151]
[1; 200; 56.02054034460593]
[1; 200; 62.632868173404184]
[1; 200; 72.32220660006651]
[1; 200; 88.57625162115436]
[1; 200; 125.26573634680837]


Jobs: [[1; 20; 1.2526573634680835], [2; 10; 0.6294840099241638], [2; 10; 0.6326875115796742], [1; 20; 1.2718808502237087], [2; 10; 0.6392440339660188], [2; 10; 0.6425996687491592], [1; 20; 1.292017418963505], [1; 40; 2.6119711615782757], [1; 40; 2.6408335975603614], [1; 40; 2.670674472395257], [2; 20; 1.3429896612309957], [2; 20; 1.3507751737647098], [1; 40; 2.7173953534704216], [2; 20; 1.3749700852171076], [2; 20; 1.383328642966742], [1; 60; 4.175524544893612], [1; 60; 4.228048930931501], [2; 30; 2.1413033287084953], [2; 30; 2.1553448124629506], [2; 30; 2.1696661980019947], [1; 60; 4.368553819746687], [1; 60; 4.428812581057719], [1; 80; 5.988847674041782], [2; 40; 3.016044506505514], [1; 80; 6.0762807321019325], [2; 40; 3.0607290812746006], [2; 40; 3.0838292511105267], [2; 40; 3.1074604721796275], [2; 40; 3.131643408670209], [2; 40; 3.156399868295615], [1; 100; 7.954382212408521], [2; 50; 4.042934256013315], [2; 50; 4.0770524495504965], [2; 50; 4.1120492498114745], [1; 100; 8.29592605114632], [2; 50; 4.18483453314029], [1; 100; 8.445414221637494], [2; 50; 4.261626893106792], [1; 120; 10.323943312827232], [1; 120; 10.52442694905236], [2; 60; 5.314575097269262], [1; 120; 10.737063115440717], [2; 60; 5.424165495004988], [2; 60; 5.481565670161411], [1; 120; 11.081655123694214], [2; 60; 5.665356089317474], [1; 120; 11.461707422729559], [2; 60; 5.798676826134213], [1; 120; 11.737932768616412], [2; 70; 6.932188193595949], [1; 140; 14.040999767374455], [1; 140; 14.41549213963263], [2; 70; 7.410820903164397], [1; 140; 15.038027585218524], [2; 80; 8.857625162115436], [1; 160; 17.998712328139895], [1; 160; 18.6090106183344], [2; 80; 9.469199604886844], [1; 160; 19.285921760017732], [1; 160; 20.042517815489337], [1; 160; 20.895769292626206], [2; 80; 10.682697889581029], [1; 180; 24.601702234012727], [1; 180; 25.864137749555407], [2; 90; 13.286437743173156], [1; 180; 27.343263294458694], [2; 90; 14.554563321647937], [1; 180; 30.130808638610088], [1; 180; 32.544992970029924], [2; 90; 16.99606826795242], [1; 180; 35.65125356706488], [1; 180; 39.859313229519465], [1; 200; 51.13952271728151], [1; 200; 62.632868173404184], [1; 200; 88.57625162115436]];
Intervals[0.0=1.2526573634680835, 1.2526573634680835=1.8821413733922472, 1.8821413733922472=2.514828884971921, 2.514828884971921=3.78670973519563, 3.78670973519563=4.425953769161649, 4.425953769161649=5.068553437910808, 5.068553437910808=6.360570856874313, 6.360570856874313=8.97254201845259, 8.97254201845259=11.61337561601295, 11.61337561601295=14.284050088408208, 14.284050088408208=15.627039749639204, 15.627039749639204=16.977814923403912, 16.977814923403912=19.695210276874334, 19.71133739384977=21.08630747906688, 21.08630747906688=22.46963612203362, 22.46963612203362=26.645160666927232, 26.645160666927232=30.873209597858732, 30.926242140800156=33.06754546950865, 33.06754546950865=35.2228902819716, 35.2228902819716=37.39255647997359, 37.39255647997359=41.76111029972028, 41.76111029972028=46.189922880778, 46.189922880778=52.17877055481978, 52.17877055481978=55.19481506132529, 55.19481506132529=61.27109579342723, 61.27109579342723=64.33182487470182, 64.33182487470182=67.41565412581235, 67.41565412581235=70.52311459799198, 70.52311459799198=73.65475800666219, 73.65475800666219=76.8111578749578, 76.8111578749578=84.76554008736632, 84.83047489712885=88.87340915314216, 88.87340915314216=92.95046160269266, 92.95046160269266=97.06251085250413, 97.06251085250413=105.35843690365046, 105.35843690365046=109.54327143679075, 109.54327143679075=117.98868565842824, 117.98868565842824=122.25031255153503, 122.25031255153503=132.57425586436227, 132.57425586436227=143.09868281341463, 143.09868281341463=148.41325791068388, 148.41325791068388=159.1503210261246, 159.1503210261246=164.5744865211296, 164.5744865211296=170.056052191291, 170.056052191291=181.13770731498522, 181.2601602602122=186.92551634952966, 186.92551634952966=198.3872237722592, 198.3872237722592=204.18590059839343, 204.18590059839343=215.92383336700985, 215.92383336700985=222.8560215606058, 222.8560215606058=236.89702132798024, 236.89702132798024=251.31251346761286, 251.6949075061529=259.1057284093173, 259.1057284093173=274.1437559945358, 274.3699044376891=283.22752959980454, 283.22752959980454=301.22624192794444, 301.22624192794444=319.83525254627887, 319.83525254627887=329.3044521511657, 329.3044521511657=348.59037391118346, 348.59037391118346=368.6328917266728, 368.6328917266728=389.528661019299, 389.528661019299=400.2113589088801, 400.2113589088801=424.8130611428928, 424.8130611428928=450.67719889244825, 450.67719889244825=463.9636366356214, 463.9636366356214=491.30689993008014, 492.1484273136533=506.70299063530126, 506.70299063530126=536.8337992739114, 536.8337992739114=569.3787922439413, 569.3787922439413=586.3748605118938, 586.3748605118938=622.0261140789586, 622.0261140789586=661.885427308478, 661.885427308478=713.0249500257595, 713.0249500257595=775.6578181991637, 775.6578181991637=864.234069820318];

Jobs: [[2; 10; 0.6294840099241638], [2; 10; 0.6326875115796742], [2; 10; 0.6392440339660188], [2; 10; 0.6425996687491592], [1; 40; 2.5978903519295513], [1; 40; 2.6262834394632977], [1; 40; 2.6556282993010503], [2; 20; 1.3429896612309957], [2; 20; 1.3507751737647098], [1; 40; 2.733522470445859], [2; 20; 1.3749700852171076], [2; 20; 1.383328642966742], [1; 60; 4.201540525845444], [1; 60; 4.255065492921092], [2; 30; 2.1413033287084953], [2; 30; 2.1553448124629506], [2; 30; 2.1696661980019947], [1; 60; 4.398373645919544], [1; 80; 5.9465231318615706], [2; 40; 3.016044506505514], [2; 40; 3.0607290812746006], [2; 40; 3.0838292511105267], [2; 40; 3.1074604721796275], [2; 40; 3.131643408670209], [2; 40; 3.156399868295615], [1; 100; 8.019317022171053], [2; 50; 4.042934256013315], [2; 50; 4.0770524495504965], [2; 50; 4.1120492498114745], [2; 50; 4.18483453314029], [2; 50; 4.261626893106792], [1; 120; 10.422739279780863], [2; 60; 5.314575097269262], [2; 60; 5.424165495004988], [2; 60; 5.481565670161411], [1; 120; 11.204108068921187], [2; 60; 5.665356089317474], [2; 60; 5.798676826134213], [2; 70; 6.932188193595949], [1; 140; 14.224550038419467], [1; 140; 14.614335907127641], [2; 70; 7.410820903164397], [1; 140; 15.264176028371802], [2; 80; 8.857625162115436], [1; 160; 18.296231861237793], [2; 80; 9.469199604886844], [1; 160; 19.653305662059843], [1; 160; 20.455809086912602], [2; 80; 10.682697889581029], [1; 180; 25.20924315507267], [2; 90; 13.286437743173156], [1; 180; 28.18479067803188], [2; 90; 14.554563321647937], [1; 180; 31.268217839342586], [2; 90; 16.99606826795242], [1; 180; 37.57972090404251], [1; 200; 47.345998024434216], [1; 200; 56.02054034460593], [1; 200; 72.32220660006651], [1; 200; 125.26573634680837]];
Intervals[1.2526573634680835=1.8821413733922472, 1.8821413733922472=2.514828884971921, 3.78670973519563=4.425953769161649, 4.425953769161649=5.068553437910808, 5.068553437910808=7.6664437898403595, 7.6664437898403595=10.292727229303658, 10.292727229303658=12.948355528604708, 14.284050088408208=15.627039749639204, 15.627039749639204=16.977814923403912, 16.977814923403912=19.71133739384977, 19.71133739384977=21.08630747906688, 21.08630747906688=22.46963612203362, 22.46963612203362=26.671176647879065, 26.671176647879065=30.926242140800156, 30.926242140800156=33.06754546950865, 33.06754546950865=35.2228902819716, 35.2228902819716=37.39255647997359, 37.39255647997359=41.790930125893134, 41.790930125893134=47.7374532577547, 52.17877055481978=55.19481506132529, 61.27109579342723=64.33182487470182, 64.33182487470182=67.41565412581235, 67.41565412581235=70.52311459799198, 70.52311459799198=73.65475800666219, 73.65475800666219=76.8111578749578, 76.8111578749578=84.83047489712885, 84.83047489712885=88.87340915314216, 88.87340915314216=92.95046160269266, 92.95046160269266=97.06251085250413, 105.35843690365046=109.54327143679075, 117.98868565842824=122.25031255153503, 122.25031255153503=132.6730518313159, 143.09868281341463=148.41325791068388, 159.1503210261246=164.5744865211296, 164.5744865211296=170.056052191291, 170.056052191291=181.2601602602122, 181.2601602602122=186.92551634952966, 198.3872237722592=204.18590059839343, 215.92383336700985=222.8560215606058, 222.8560215606058=237.08057159902526, 237.08057159902526=251.6949075061529, 251.6949075061529=259.1057284093173, 259.1057284093173=274.3699044376891, 274.3699044376891=283.22752959980454, 283.22752959980454=301.52376146104234, 319.83525254627887=329.3044521511657, 329.3044521511657=348.95775781322556, 348.95775781322556=369.41356690013816, 389.528661019299=400.2113589088801, 400.2113589088801=425.42060206395274, 450.67719889244825=463.9636366356214, 463.9636366356214=492.1484273136533, 492.1484273136533=506.70299063530126, 506.70299063530126=537.9712084746438, 569.3787922439413=586.3748605118938, 586.3748605118938=623.9545814159362, 623.9545814159362=671.3005794403705, 671.3005794403705=727.3211197849764, 727.3211197849764=799.6433263850429, 799.6433263850429=924.9090627318512];
