1.182288859988421
19297.77437110111
22815.543661522897
[1; 20; 1.242506317765865]
[1; 20; 1.2487658350531734]
[1; 20; 1.2551209185133865]
[2; 10; 0.6307870124489325]
[2; 10; 0.6340638501480798]
[2; 10; 0.6373922921784075]
[2; 10; 0.6407737073772464]
[2; 10; 0.6442095159602871]
[2; 10; 0.6477011920279072]
[1; 20; 1.302500532445142]
[2; 10; 0.6548583285481782]
[1; 40; 2.6341081254526517]
[1; 40; 2.649032370240542]
[2; 20; 1.332106597891936]
[1; 40; 2.6796580393497176]
[2; 20; 1.347687321777609]
[1; 40; 2.7113710726775864]
[2; 30; 2.045741797531278]
[2; 30; 2.0581780324278403]
[1; 60; 4.141687725886217]
[1; 60; 4.167492883496143]
[2; 30; 2.0968932374137803]
[2; 30; 2.1102920525787843]
[2; 30; 2.1239510434101008]
[1; 60; 4.2757574809359795]
[2; 30; 2.1520840710957985]
[2; 30; 2.166576383468391]
[2; 40; 2.908487296595136]
[2; 40; 2.9286154765312347]
[2; 40; 2.9491674162290242]
[1; 80; 5.940316393089972]
[1; 80; 5.9832073211480585]
[2; 40; 3.0135204639093667]
[1; 80; 6.071852258026182]
[2; 40; 3.0588391041008176]
[2; 40; 3.0822788269900756]
[2; 40; 3.106265794414663]
[2; 50; 3.9135270467084218]
[2; 50; 3.9449615038700983]
[2; 50; 3.977165805591319]
[2; 50; 4.010171896887247]
[2; 50; 4.044013609918286]
[2; 50; 4.078726809787616]
[2; 50; 4.114349554346574]
[1; 100; 8.301844539253462]
[2; 50; 4.188487942737278]
[1; 100; 8.454184668641062]
[1; 120; 10.240282111087694]
[2; 60; 5.169138737068592]
[1; 120; 10.439141106279111]
[2; 60; 5.271507857756221]
[2; 60; 5.325027076139421]
[1; 120; 10.760420355478994]
[1; 120; 10.874290408619892]
[2; 60; 5.495926860786521]
[1; 120; 11.113314355989717]
[2; 60; 5.6194462577392805]
[2; 60; 5.684413112655703]
[1; 120; 11.503373230820188]
[2; 60; 5.821406574475647]
[1; 120; 11.787449913867205]
[1; 120; 11.937614565300295]
[2; 70; 7.054639922117531]
[1; 140; 14.29867462528517]
[2; 70; 7.247953520300879]
[1; 140; 14.701533013816363]
[1; 140; 14.916165286923203]
[2; 70; 7.570240555738953]
[2; 70; 7.687615625894491]
[2; 70; 7.810625286537996]
[2; 70; 7.939735277635539]
[2; 70; 8.075467080262952]
[1; 160; 18.78492982420042]
[2; 80; 9.564818093759104]
[2; 80; 9.747021477000713]
[1; 160; 19.88010108425384]
[1; 160; 20.290043204738552]
[2; 80; 10.363219072446515]
[1; 160; 21.192258961924335]
[2; 80; 10.845484290710345]
[1; 180; 25.004957300976855]
[2; 90; 12.82727244280794]
[2; 90; 13.178769644390558]
[2; 90; 13.560842087592148]
[1; 180; 27.95639214973196]
[2; 90; 14.436618828794087]
[1; 180; 29.886640341312468]
[2; 90; 15.507416211205776]
[1; 180; 32.28126106643698]
[1; 180; 33.71667754643568]
[2; 100; 19.64574985644534]
[2; 100; 20.708438629431086]
[2; 100; 21.96461607398426]
[2; 100; 23.48116228025053]
[1; 200; 50.72510801184638]
[2; 100; 27.783285889974284]
[2; 100; 31.062657944146626]
[2; 100; 35.86806785159664]
[1; 200; 87.85846429593704]
[2; 100; 62.12531588829325]


Jobs: [[1; 20; 1.242506317765865], [1; 20; 1.2551209185133865], [2; 10; 0.6307870124489325], [2; 10; 0.6340638501480798], [2; 10; 0.6373922921784075], [2; 10; 0.6407737073772464], [2; 10; 0.6442095159602871], [2; 10; 0.6477011920279072], [1; 20; 1.302500532445142], [2; 10; 0.6548583285481782], [1; 40; 2.6341081254526517], [2; 20; 1.332106597891936], [1; 40; 2.6796580393497176], [2; 20; 1.347687321777609], [1; 40; 2.7113710726775864], [2; 30; 2.045741797531278], [2; 30; 2.0581780324278403], [1; 60; 4.141687725886217], [2; 30; 2.0968932374137803], [2; 30; 2.1102920525787843], [2; 30; 2.1239510434101008], [1; 60; 4.2757574809359795], [2; 30; 2.1520840710957985], [2; 30; 2.166576383468391], [2; 40; 2.908487296595136], [2; 40; 2.9286154765312347], [2; 40; 2.9491674162290242], [1; 80; 5.940316393089972], [2; 40; 3.0135204639093667], [1; 80; 6.071852258026182], [2; 40; 3.0588391041008176], [2; 40; 3.0822788269900756], [2; 40; 3.106265794414663], [2; 50; 3.9135270467084218], [2; 50; 3.9449615038700983], [2; 50; 3.977165805591319], [2; 50; 4.010171896887247], [2; 50; 4.044013609918286], [2; 50; 4.078726809787616], [2; 50; 4.114349554346574], [1; 100; 8.301844539253462], [2; 50; 4.188487942737278], [1; 100; 8.454184668641062], [2; 60; 5.169138737068592], [1; 120; 10.439141106279111], [2; 60; 5.271507857756221], [2; 60; 5.325027076139421], [1; 120; 10.760420355478994], [2; 60; 5.495926860786521], [1; 120; 11.113314355989717], [2; 60; 5.6194462577392805], [2; 60; 5.684413112655703], [1; 120; 11.503373230820188], [2; 60; 5.821406574475647], [1; 120; 11.787449913867205], [2; 70; 7.054639922117531], [1; 140; 14.29867462528517], [2; 70; 7.247953520300879], [1; 140; 14.701533013816363], [2; 70; 7.570240555738953], [2; 70; 7.687615625894491], [2; 70; 7.810625286537996], [2; 70; 7.939735277635539], [2; 70; 8.075467080262952], [1; 160; 18.78492982420042], [2; 80; 9.564818093759104], [2; 80; 9.747021477000713], [1; 160; 19.88010108425384], [2; 80; 10.363219072446515], [1; 160; 21.192258961924335], [2; 80; 10.845484290710345], [1; 180; 25.004957300976855], [2; 90; 12.82727244280794], [2; 90; 13.178769644390558], [2; 90; 13.560842087592148], [1; 180; 27.95639214973196], [2; 90; 14.436618828794087], [1; 180; 29.886640341312468], [2; 90; 15.507416211205776], [1; 180; 32.28126106643698], [2; 100; 19.64574985644534], [2; 100; 20.708438629431086], [2; 100; 21.96461607398426], [2; 100; 23.48116228025053], [1; 200; 50.72510801184638], [2; 100; 27.783285889974284], [2; 100; 31.062657944146626], [2; 100; 35.86806785159664], [1; 200; 87.85846429593704], [2; 100; 62.12531588829325]];
Intervals[0.0=1.242506317765865, 1.242506317765865=2.4976272362792518, 2.4976272362792518=3.128414248728184, 3.128414248728184=3.762478098876264, 3.762478098876264=4.399870391054671, 4.399870391054671=5.040644098431917, 5.040644098431917=5.684853614392204, 5.684853614392204=6.332554806420111, 6.332554806420111=7.635055338865254, 7.635055338865254=8.289913667413431, 8.289913667413431=10.924021792866084, 10.938946037653974=12.27105263554591, 12.27105263554591=14.950710674895628, 14.950710674895628=16.298397996673238, 16.298397996673238=19.009769069350824, 19.009769069350824=21.055510866882102, 21.055510866882102=23.113688899309942, 23.113688899309942=27.25537662519616, 27.281181782806087=29.378075020219867, 29.378075020219867=31.488367072798653, 31.488367072798653=33.612318116208755, 33.612318116208755=37.888075597144734, 37.888075597144734=40.040159668240534, 40.040159668240534=42.20673605170892, 42.20673605170892=45.115223348304056, 45.115223348304056=48.04383882483529, 48.04383882483529=50.993006241064315, 50.993006241064315=56.93332263415429, 56.97621356221237=59.98973402612174, 59.98973402612174=66.06158628414792, 66.06158628414792=69.12042538824873, 69.12042538824873=72.20270421523881, 72.20270421523881=75.30897000965348, 75.30897000965348=79.2224970563619, 79.2224970563619=83.167458560232, 83.167458560232=87.14462436582332, 87.14462436582332=91.15479626271056, 91.15479626271056=95.19880987262884, 95.19880987262884=99.27753668241645, 99.27753668241645=103.39188623676303, 103.39188623676303=111.6937307760165, 111.6937307760165=115.88221871875378, 115.88221871875378=124.33640338739484, 126.12250082984147=131.29163956691005, 131.29163956691005=141.73078067318917, 141.73078067318917=147.0022885309454, 147.0022885309454=152.32731560708484, 152.32731560708484=163.08773596256384, 163.20160601570473=168.69753287649124, 168.69753287649124=179.81084723248097, 179.81084723248097=185.43029349022024, 185.43029349022024=191.11470660287594, 191.11470660287594=202.61807983369613, 202.61807983369613=208.43948640817177, 208.43948640817177=220.22693632203897, 220.37710097347207=227.4317408955896, 227.4317408955896=241.73041552087477, 241.73041552087477=248.97836904117565, 248.97836904117565=263.679902054992, 263.89453432809887=271.46477488383783, 271.46477488383783=279.1523905097323, 279.1523905097323=286.96301579627027, 286.96301579627027=294.9027510739058, 294.9027510739058=302.97821815416876, 302.97821815416876=321.7631479783692, 321.7631479783692=331.32796607212833, 331.32796607212833=341.07498754912905, 341.07498754912905=360.9550886333829, 361.3650307538676=371.7282498263141, 371.7282498263141=392.9205087882384, 392.9205087882384=403.7659930789488, 403.7659930789488=428.77095037992564, 428.77095037992564=441.5982228227336, 441.5982228227336=454.77699246712416, 454.77699246712416=468.3378345547163, 468.3378345547163=496.2942267044483, 496.2942267044483=510.7308455332424, 510.7308455332424=540.6174858745549, 540.6174858745549=556.1249020857606, 556.1249020857606=588.4061631521976, 589.8415796321963=609.4873294886416, 609.4873294886416=630.1957681180727, 630.1957681180727=652.160384192057, 652.160384192057=675.6415464723075, 675.6415464723075=726.3666544841539, 726.3666544841539=754.1499403741282, 754.1499403741282=785.2125983182748, 785.2125983182748=821.0806661698714, 821.0806661698714=908.9391304658084, 908.9391304658084=971.0644463541016];

Jobs: [[1; 20; 1.2487658350531734], [2; 10; 0.6307870124489325], [2; 10; 0.6340638501480798], [2; 10; 0.6373922921784075], [2; 10; 0.6407737073772464], [2; 10; 0.6442095159602871], [2; 10; 0.6477011920279072], [2; 10; 0.6548583285481782], [1; 40; 2.649032370240542], [2; 20; 1.332106597891936], [2; 20; 1.347687321777609], [2; 30; 2.045741797531278], [2; 30; 2.0581780324278403], [1; 60; 4.167492883496143], [2; 30; 2.0968932374137803], [2; 30; 2.1102920525787843], [2; 30; 2.1239510434101008], [2; 30; 2.1520840710957985], [2; 30; 2.166576383468391], [2; 40; 2.908487296595136], [2; 40; 2.9286154765312347], [2; 40; 2.9491674162290242], [1; 80; 5.9832073211480585], [2; 40; 3.0135204639093667], [2; 40; 3.0588391041008176], [2; 40; 3.0822788269900756], [2; 40; 3.106265794414663], [2; 50; 3.9135270467084218], [2; 50; 3.9449615038700983], [2; 50; 3.977165805591319], [2; 50; 4.010171896887247], [2; 50; 4.044013609918286], [2; 50; 4.078726809787616], [2; 50; 4.114349554346574], [2; 50; 4.188487942737278], [1; 120; 10.240282111087694], [2; 60; 5.169138737068592], [2; 60; 5.271507857756221], [2; 60; 5.325027076139421], [1; 120; 10.874290408619892], [2; 60; 5.495926860786521], [2; 60; 5.6194462577392805], [2; 60; 5.684413112655703], [2; 60; 5.821406574475647], [1; 120; 11.937614565300295], [2; 70; 7.054639922117531], [2; 70; 7.247953520300879], [1; 140; 14.916165286923203], [2; 70; 7.570240555738953], [2; 70; 7.687615625894491], [2; 70; 7.810625286537996], [2; 70; 7.939735277635539], [2; 70; 8.075467080262952], [2; 80; 9.564818093759104], [2; 80; 9.747021477000713], [1; 160; 20.290043204738552], [2; 80; 10.363219072446515], [2; 80; 10.845484290710345], [2; 90; 12.82727244280794], [2; 90; 13.178769644390558], [2; 90; 13.560842087592148], [2; 90; 14.436618828794087], [2; 90; 15.507416211205776], [1; 180; 33.71667754643568], [2; 100; 19.64574985644534], [2; 100; 20.708438629431086], [2; 100; 21.96461607398426], [2; 100; 23.48116228025053], [2; 100; 27.783285889974284], [2; 100; 31.062657944146626], [2; 100; 35.86806785159664], [2; 100; 62.12531588829325]];
Intervals[0.0=1.2487658350531734, 2.4976272362792518=3.128414248728184, 3.128414248728184=3.762478098876264, 3.762478098876264=4.399870391054671, 4.399870391054671=5.040644098431917, 5.040644098431917=5.684853614392204, 5.684853614392204=6.332554806420111, 7.635055338865254=8.289913667413431, 8.289913667413431=10.938946037653974, 10.938946037653974=12.27105263554591, 14.950710674895628=16.298397996673238, 19.009769069350824=21.055510866882102, 21.055510866882102=23.113688899309942, 23.113688899309942=27.281181782806087, 27.281181782806087=29.378075020219867, 29.378075020219867=31.488367072798653, 31.488367072798653=33.612318116208755, 37.888075597144734=40.040159668240534, 40.040159668240534=42.20673605170892, 42.20673605170892=45.115223348304056, 45.115223348304056=48.04383882483529, 48.04383882483529=50.993006241064315, 50.993006241064315=56.97621356221237, 56.97621356221237=59.98973402612174, 66.06158628414792=69.12042538824873, 69.12042538824873=72.20270421523881, 72.20270421523881=75.30897000965348, 75.30897000965348=79.2224970563619, 79.2224970563619=83.167458560232, 83.167458560232=87.14462436582332, 87.14462436582332=91.15479626271056, 91.15479626271056=95.19880987262884, 95.19880987262884=99.27753668241645, 99.27753668241645=103.39188623676303, 111.6937307760165=115.88221871875378, 115.88221871875378=126.12250082984147, 126.12250082984147=131.29163956691005, 141.73078067318917=147.0022885309454, 147.0022885309454=152.32731560708484, 152.32731560708484=163.20160601570473, 163.20160601570473=168.69753287649124, 179.81084723248097=185.43029349022024, 185.43029349022024=191.11470660287594, 202.61807983369613=208.43948640817177, 208.43948640817177=220.37710097347207, 220.37710097347207=227.4317408955896, 241.73041552087477=248.97836904117565, 248.97836904117565=263.89453432809887, 263.89453432809887=271.46477488383783, 271.46477488383783=279.1523905097323, 279.1523905097323=286.96301579627027, 286.96301579627027=294.9027510739058, 294.9027510739058=302.97821815416876, 321.7631479783692=331.32796607212833, 331.32796607212833=341.07498754912905, 341.07498754912905=361.3650307538676, 361.3650307538676=371.7282498263141, 392.9205087882384=403.7659930789488, 428.77095037992564=441.5982228227336, 441.5982228227336=454.77699246712416, 454.77699246712416=468.3378345547163, 496.2942267044483=510.7308455332424, 540.6174858745549=556.1249020857606, 556.1249020857606=589.8415796321963, 589.8415796321963=609.4873294886416, 609.4873294886416=630.1957681180727, 630.1957681180727=652.160384192057, 652.160384192057=675.6415464723075, 726.3666544841539=754.1499403741282, 754.1499403741282=785.2125983182748, 785.2125983182748=821.0806661698714, 908.9391304658084=971.0644463541016];
