1.0000000000000002
39340.66362820627
39340.663628206275
[2; 10; 1.254442722936464]
[2; 10; 1.2671785085692733]
[2; 10; 1.2803102428091124]
[2; 10; 1.2938588766514023]
[2; 10; 1.307846946706291]
[2; 20; 2.6445974658018487]
[2; 30; 4.0117213073570515]
[2; 40; 5.41080150556446]
[2; 40; 5.474836888421774]
[2; 40; 5.541200970694386]
[2; 40; 5.610038404731737]
[2; 50; 7.101883429153852]
[2; 50; 7.194722447026369]
[2; 50; 7.291300224036555]
[2; 60; 8.870249559984913]
[2; 70; 10.495420818575003]
[2; 70; 10.64864674578862]
[2; 70; 10.808785758009636]
[2; 80; 12.544427229364642]
[2; 80; 12.74515081019166]
[2; 80; 12.95582873254403]
[2; 80; 13.177311934049952]
[2; 80; 13.410556801600109]
[2; 90; 15.363722913709344]
[2; 90; 15.65639155273877]
[2; 90; 15.966449207972843]
[2; 90; 16.295688984832534]
[2; 90; 16.646174005862516]
[2; 100; 18.911435604418216]
[2; 100; 19.356471448466475]
[2; 100; 19.83448099351386]
[2; 520; 105.81869024578624]
[2; 520; 108.71836932116024]
[2; 540; 116.17298214799672]
[2; 560; 124.18349383978878]
[2; 580; 132.83673811376423]
[2; 580; 137.4990869815328]
[2; 600; 147.6098751447115]
[2; 600; 153.6372291370935]
[2; 620; 165.81781403742477]
[2; 620; 173.91119054668388]
[2; 640; 189.23199061301148]
[2; 640; 200.71083566983427]
[2; 640; 214.56890882560174]
[2; 660; 239.00343844421045]
[2; 660; 261.815149114383]
[2; 660; 292.7182354795021]
[2; 680; 348.24438604407857]
[2; 700; 439.05495302776245]
[2; 700; 620.9174691989439]


Jobs: [[2; 10; 1.254442722936464], [2; 10; 1.2671785085692733], [2; 10; 1.2803102428091124], [2; 10; 1.2938588766514023], [2; 10; 1.307846946706291], [2; 20; 2.6445974658018487], [2; 30; 4.0117213073570515], [2; 40; 5.41080150556446], [2; 40; 5.474836888421774], [2; 40; 5.541200970694386], [2; 40; 5.610038404731737], [2; 50; 7.101883429153852], [2; 50; 7.194722447026369], [2; 50; 7.291300224036555], [2; 60; 8.870249559984913], [2; 70; 10.495420818575003], [2; 70; 10.64864674578862], [2; 70; 10.808785758009636], [2; 80; 12.544427229364642], [2; 80; 12.74515081019166], [2; 80; 12.95582873254403], [2; 80; 13.177311934049952], [2; 80; 13.410556801600109], [2; 90; 15.363722913709344], [2; 90; 15.65639155273877], [2; 90; 15.966449207972843], [2; 90; 16.295688984832534], [2; 90; 16.646174005862516], [2; 100; 18.911435604418216], [2; 100; 19.356471448466475], [2; 100; 19.83448099351386], [2; 520; 105.81869024578624], [2; 520; 108.71836932116024], [2; 540; 116.17298214799672], [2; 560; 124.18349383978878], [2; 580; 132.83673811376423], [2; 580; 137.4990869815328], [2; 600; 147.6098751447115], [2; 600; 153.6372291370935], [2; 620; 165.81781403742477], [2; 620; 173.91119054668388], [2; 640; 189.23199061301148], [2; 640; 200.71083566983427], [2; 640; 214.56890882560174], [2; 660; 239.00343844421045], [2; 660; 261.815149114383], [2; 660; 292.7182354795021], [2; 680; 348.24438604407857], [2; 700; 439.05495302776245], [2; 700; 620.9174691989439]];
Intervals[4.9E-324=1.254442722936464, 1.254442722936464=2.5216212315057374, 2.5216212315057374=3.80193147431485, 3.80193147431485=5.0957903509662525, 5.0957903509662525=6.403637297672543, 6.403637297672543=9.048234763474392, 9.048234763474392=13.059956070831443, 13.059956070831443=18.470757576395904, 18.470757576395904=23.945594464817678, 23.945594464817678=29.486795435512065, 29.486795435512065=35.096833840243804, 35.096833840243804=42.198717269397655, 42.198717269397655=49.39343971642403, 49.39343971642403=56.68473994046058, 56.68473994046058=65.55498950044549, 65.55498950044549=76.05041031902049, 76.05041031902049=86.69905706480911, 86.69905706480911=97.50784282281874, 97.50784282281874=110.05227005218339, 110.05227005218339=122.79742086237505, 122.79742086237505=135.75324959491908, 135.75324959491908=148.93056152896904, 148.93056152896904=162.34111833056915, 162.34111833056915=177.7048412442785, 177.7048412442785=193.36123279701727, 193.36123279701727=209.3276820049901, 209.3276820049901=225.62337098982263, 225.62337098982263=242.26954499568515, 242.26954499568515=261.18098060010334, 261.18098060010334=280.53745204856983, 280.53745204856983=300.3719330420837, 300.3719330420837=406.1906232878699, 406.1906232878699=514.9089926090302, 514.9089926090302=631.081974757027, 631.081974757027=755.2654685968157, 755.2654685968157=888.1022067105799, 888.1022067105799=1025.6012936921127, 1025.6012936921127=1173.211168836824, 1173.211168836824=1326.8483979739176, 1326.8483979739176=1492.6662120113424, 1492.6662120113424=1666.5774025580263, 1666.5774025580263=1855.8093931710378, 1855.8093931710378=2056.520228840872, 2056.520228840872=2271.0891376664736, 2271.0891376664736=2510.092576110684, 2510.092576110684=2771.907725225067, 2771.907725225067=3064.6259607045695, 3064.6259607045695=3412.870346748648, 3412.870346748648=3851.9252997764106, 3851.9252997764106=4472.842768975354];

Jobs: [[2; 10; 1.254442722936464], [2; 10; 1.2671785085692733], [2; 10; 1.2803102428091124], [2; 10; 1.2938588766514023], [2; 10; 1.307846946706291], [2; 20; 2.6445974658018487], [2; 30; 4.0117213073570515], [2; 40; 5.41080150556446], [2; 40; 5.474836888421774], [2; 40; 5.541200970694386], [2; 40; 5.610038404731737], [2; 50; 7.101883429153852], [2; 50; 7.194722447026369], [2; 50; 7.291300224036555], [2; 60; 8.870249559984913], [2; 70; 10.495420818575003], [2; 70; 10.64864674578862], [2; 70; 10.808785758009636], [2; 80; 12.544427229364642], [2; 80; 12.74515081019166], [2; 80; 12.95582873254403], [2; 80; 13.177311934049952], [2; 80; 13.410556801600109], [2; 90; 15.363722913709344], [2; 90; 15.65639155273877], [2; 90; 15.966449207972843], [2; 90; 16.295688984832534], [2; 90; 16.646174005862516], [2; 100; 18.911435604418216], [2; 100; 19.356471448466475], [2; 100; 19.83448099351386], [2; 520; 105.81869024578624], [2; 520; 108.71836932116024], [2; 540; 116.17298214799672], [2; 560; 124.18349383978878], [2; 580; 132.83673811376423], [2; 580; 137.4990869815328], [2; 600; 147.6098751447115], [2; 600; 153.6372291370935], [2; 620; 165.81781403742477], [2; 620; 173.91119054668388], [2; 640; 189.23199061301148], [2; 640; 200.71083566983427], [2; 640; 214.56890882560174], [2; 660; 239.00343844421045], [2; 660; 261.815149114383], [2; 660; 292.7182354795021], [2; 680; 348.24438604407857], [2; 700; 439.05495302776245], [2; 700; 620.9174691989439]];
Intervals[4.9E-324=1.254442722936464, 1.254442722936464=2.5216212315057374, 2.5216212315057374=3.80193147431485, 3.80193147431485=5.0957903509662525, 5.0957903509662525=6.403637297672543, 6.403637297672543=9.048234763474392, 9.048234763474392=13.059956070831443, 13.059956070831443=18.470757576395904, 18.470757576395904=23.945594464817678, 23.945594464817678=29.486795435512065, 29.486795435512065=35.096833840243804, 35.096833840243804=42.198717269397655, 42.198717269397655=49.39343971642403, 49.39343971642403=56.68473994046058, 56.68473994046058=65.55498950044549, 65.55498950044549=76.05041031902049, 76.05041031902049=86.69905706480911, 86.69905706480911=97.50784282281874, 97.50784282281874=110.05227005218339, 110.05227005218339=122.79742086237505, 122.79742086237505=135.75324959491908, 135.75324959491908=148.93056152896904, 148.93056152896904=162.34111833056915, 162.34111833056915=177.7048412442785, 177.7048412442785=193.36123279701727, 193.36123279701727=209.3276820049901, 209.3276820049901=225.62337098982263, 225.62337098982263=242.26954499568515, 242.26954499568515=261.18098060010334, 261.18098060010334=280.53745204856983, 280.53745204856983=300.3719330420837, 300.3719330420837=406.1906232878699, 406.1906232878699=514.9089926090302, 514.9089926090302=631.081974757027, 631.081974757027=755.2654685968157, 755.2654685968157=888.1022067105799, 888.1022067105799=1025.6012936921127, 1025.6012936921127=1173.211168836824, 1173.211168836824=1326.8483979739176, 1326.8483979739176=1492.6662120113424, 1492.6662120113424=1666.5774025580263, 1666.5774025580263=1855.8093931710378, 1855.8093931710378=2056.520228840872, 2056.520228840872=2271.0891376664736, 2271.0891376664736=2510.092576110684, 2510.092576110684=2771.907725225067, 2771.907725225067=3064.6259607045695, 3064.6259607045695=3412.870346748648, 3412.870346748648=3851.9252997764106, 3851.9252997764106=4472.842768975354];
