1.1359626049183438
68957.97951599842
78333.68604089935
[2; 10; 1.660818828361461]
[1; 20; 3.3553607310191027]
[1; 40; 6.780264474487625]
[2; 20; 3.426007651517295]
[1; 60; 10.389139945522425]
[2; 30; 5.251970278514472]
[1; 80; 14.163510557741963]
[1; 80; 14.327256004056142]
[2; 40; 7.248407615785016]
[1; 100; 18.34067577497948]
[1; 100; 18.568518992638914]
[1; 100; 18.80507017228618]
[2; 50; 9.52544925836478]
[1; 100; 19.306626717829637]
[2; 50; 9.786468798805718]
[2; 50; 9.925290892894234]
[1; 120; 24.16846395652543]
[2; 60; 12.265959949773643]
[2; 80; 16.60818828361461]
[2; 90; 18.98317819135919]
[2; 90; 19.29697098993496]
[1; 200; 43.61523919568146]
[2; 100; 22.193625132971086]
[1; 200; 45.20176316325083]
[1; 200; 46.06282649933289]
[2; 520; 122.13513060909536]
[1; 1080; 258.8960333600159]
[2; 540; 132.23216351114903]
[2; 540; 135.20404387061916]
[2; 560; 143.51114898192242]
[2; 560; 147.05516779840517]
[1; 1120; 301.7508374468271]
[1; 1120; 310.0195146274728]
[2; 580; 165.2002859603773]
[2; 600; 176.15643837850288]
[1; 1200; 363.8671744891492]
[1; 1200; 376.6383079352651]
[1; 1200; 390.8560437395722]
[1; 1200; 406.8158684692575]
[1; 1240; 439.06882729000097]
[2; 620; 230.24963550872252]
[2; 640; 250.53360124942637]
[2; 640; 265.73101253783375]
[1; 1320; 585.9117035104367]
[1; 1320; 632.8569704355945]
[2; 680; 357.133978938984]
[2; 680; 399.28792699127325]
[2; 680; 461.0579842651585]
[1; 1400; 1162.5731798530228]
[1; 1400; 1644.1267581993604]


Jobs: [[2; 10; 1.660818828361461], [1; 20; 3.3553607310191027], [2; 20; 3.426007651517295], [1; 60; 10.389139945522425], [2; 30; 5.251970278514472], [1; 80; 14.163510557741963], [2; 40; 7.248407615785016], [1; 100; 18.34067577497948], [1; 100; 18.80507017228618], [2; 50; 9.52544925836478], [1; 100; 19.306626717829637], [2; 50; 9.786468798805718], [2; 50; 9.925290892894234], [1; 120; 24.16846395652543], [2; 60; 12.265959949773643], [2; 80; 16.60818828361461], [2; 90; 18.98317819135919], [2; 90; 19.29697098993496], [1; 200; 43.61523919568146], [2; 100; 22.193625132971086], [1; 200; 45.20176316325083], [2; 520; 122.13513060909536], [1; 1080; 258.8960333600159], [2; 540; 132.23216351114903], [2; 540; 135.20404387061916], [2; 560; 143.51114898192242], [2; 560; 147.05516779840517], [1; 1120; 301.7508374468271], [2; 580; 165.2002859603773], [2; 600; 176.15643837850288], [1; 1200; 363.8671744891492], [1; 1200; 390.8560437395722], [1; 1240; 439.06882729000097], [2; 620; 230.24963550872252], [2; 640; 250.53360124942637], [2; 640; 265.73101253783375], [1; 1320; 585.9117035104367], [2; 680; 357.133978938984], [2; 680; 399.28792699127325], [2; 680; 461.0579842651585], [1; 1400; 1162.5731798530228]];
Intervals[4.9E-324=1.660818828361461, 1.660818828361461=5.016179559380564, 8.441083302849087=11.867090954366383, 11.867090954366383=22.256230899888806, 22.256230899888806=27.508201178403276, 27.508201178403276=41.67171173614524, 41.83545718245942=49.083864798244434, 49.083864798244434=67.42454057322391, 67.42454057322391=86.22961074551009, 86.22961074551009=95.75506000387486, 95.75506000387486=115.06168672170449, 115.06168672170449=124.8481555205102, 124.8481555205102=134.77344641340443, 134.77344641340443=158.94191036992987, 158.94191036992987=171.20787031970352, 171.20787031970352=187.81605860331814, 187.81605860331814=206.79923679467734, 206.79923679467734=226.0962077846123, 226.0962077846123=269.7114469802938, 269.7114469802938=291.90507211326485, 291.90507211326485=337.10683527651565, 337.96789861259776=460.10302922169313, 460.10302922169313=718.999062581709, 718.999062581709=851.231226092858, 851.231226092858=986.4352699634771, 986.4352699634771=1129.9464189453995, 1129.9464189453995=1277.0015867438046, 1277.0015867438046=1578.7524241906317, 1587.0211013712774=1752.2213873316546, 1752.2213873316546=1928.3778257101574, 1928.3778257101574=2292.2450001993066, 2292.2450001993066=2683.101043938879, 2683.101043938879=3122.16987122888, 3122.16987122888=3352.419506737602, 3352.419506737602=3602.9531079870285, 3602.9531079870285=3868.684120524862, 3868.684120524862=4454.595824035298, 4501.541090960456=4858.67506989944, 4858.67506989944=5257.962996890714, 5257.962996890714=5719.0209811558725, 5719.0209811558725=6881.594161008896];

Jobs: [[2; 10; 1.660818828361461], [1; 40; 6.780264474487625], [2; 20; 3.426007651517295], [2; 30; 5.251970278514472], [1; 80; 14.327256004056142], [2; 40; 7.248407615785016], [1; 100; 18.568518992638914], [2; 50; 9.52544925836478], [2; 50; 9.786468798805718], [2; 50; 9.925290892894234], [2; 60; 12.265959949773643], [2; 80; 16.60818828361461], [2; 90; 18.98317819135919], [2; 90; 19.29697098993496], [2; 100; 22.193625132971086], [1; 200; 46.06282649933289], [2; 520; 122.13513060909536], [2; 540; 132.23216351114903], [2; 540; 135.20404387061916], [2; 560; 143.51114898192242], [2; 560; 147.05516779840517], [1; 1120; 310.0195146274728], [2; 580; 165.2002859603773], [2; 600; 176.15643837850288], [1; 1200; 376.6383079352651], [1; 1200; 406.8158684692575], [2; 620; 230.24963550872252], [2; 640; 250.53360124942637], [2; 640; 265.73101253783375], [1; 1320; 632.8569704355945], [2; 680; 357.133978938984], [2; 680; 399.28792699127325], [2; 680; 461.0579842651585], [1; 1400; 1644.1267581993604]];
Intervals[4.9E-324=1.660818828361461, 1.660818828361461=8.441083302849087, 8.441083302849087=11.867090954366383, 22.256230899888806=27.508201178403276, 27.508201178403276=41.83545718245942, 41.83545718245942=49.083864798244434, 49.083864798244434=67.65238379088335, 86.22961074551009=95.75506000387486, 115.06168672170449=124.8481555205102, 124.8481555205102=134.77344641340443, 158.94191036992987=171.20787031970352, 171.20787031970352=187.81605860331814, 187.81605860331814=206.79923679467734, 206.79923679467734=226.0962077846123, 269.7114469802938=291.90507211326485, 291.90507211326485=337.96789861259776, 337.96789861259776=460.10302922169313, 718.999062581709=851.231226092858, 851.231226092858=986.4352699634771, 986.4352699634771=1129.9464189453995, 1129.9464189453995=1277.0015867438046, 1277.0015867438046=1587.0211013712774, 1587.0211013712774=1752.2213873316546, 1752.2213873316546=1928.3778257101574, 1928.3778257101574=2305.0161336454225, 2305.0161336454225=2711.83200211468, 3122.16987122888=3352.419506737602, 3352.419506737602=3602.9531079870285, 3602.9531079870285=3868.684120524862, 3868.684120524862=4501.541090960456, 4501.541090960456=4858.67506989944, 4858.67506989944=5257.962996890714, 5257.962996890714=5719.0209811558725, 5719.0209811558725=7363.147739355233];
