1.197357884300572
80747.33770199819
96683.46143376837
[2; 10; 1.797190448472261]
[2; 10; 1.8154365045691836]
[2; 10; 1.8342498205669602]
[2; 10; 1.8536604121276594]
[2; 10; 1.8737005665608246]
[1; 20; 3.7888101375145484]
[2; 20; 3.831622910417469]
[2; 20; 3.875920600669903]
[1; 40; 7.843582160357877]
[2; 30; 5.95399451615789]
[2; 40; 8.037280022594619]
[2; 50; 10.174587353945839]
[1; 100; 20.615188282071397]
[1; 140; 29.248680441098443]
[2; 70; 14.826064787315]
[1; 140; 30.072748166111786]
[2; 80; 17.4353083491819]
[2; 90; 19.90969666886397]
[2; 90; 20.218392545312938]
[2; 90; 20.54190736795559]
[2; 100; 23.201628922987023]
[1; 200; 47.19653339169153]
[1; 200; 48.03193512118435]
[1; 1040; 254.34930845195177]
[2; 520; 129.5972462748172]
[1; 1040; 264.32755506527315]
[1; 1080; 280.1542650868308]
[2; 540; 143.08988866504944]
[1; 1120; 303.4490528054639]
[2; 560; 155.29500376272077]
[2; 560; 159.13002577561102]
[2; 580; 169.09481738440556]
[1; 1160; 347.4568200379705]
[1; 1160; 357.53011820776356]
[1; 1160; 368.5336104275443]
[2; 600; 196.87234975221668]
[2; 620; 210.57498363375083]
[2; 640; 225.57314871144933]
[2; 640; 234.7839770325709]
[2; 640; 245.223866266718]
[2; 640; 257.1929607230278]
[2; 640; 271.1051846823314]
[2; 660; 296.53642399792307]
[1; 1320; 634.0215435996334]
[2; 660; 342.41076843945984]
[2; 680; 386.45863402648394]
[1; 1360; 864.1477761749314]
[2; 680; 498.91595119421316]
[1; 1400; 1258.0333139305828]
[1; 1400; 1779.1277744778]


Jobs: [[2; 10; 1.797190448472261], [2; 10; 1.8154365045691836], [2; 10; 1.8342498205669602], [2; 10; 1.8536604121276594], [2; 10; 1.8737005665608246], [1; 20; 3.7888101375145484], [2; 20; 3.831622910417469], [2; 20; 3.875920600669903], [1; 40; 7.843582160357877], [2; 30; 5.95399451615789], [2; 40; 8.037280022594619], [2; 50; 10.174587353945839], [1; 100; 20.615188282071397], [2; 70; 14.826064787315], [1; 140; 30.072748166111786], [2; 80; 17.4353083491819], [2; 90; 19.90969666886397], [2; 90; 20.218392545312938], [2; 90; 20.54190736795559], [2; 100; 23.201628922987023], [1; 200; 47.19653339169153], [1; 1040; 254.34930845195177], [2; 520; 129.5972462748172], [1; 1040; 264.32755506527315], [2; 540; 143.08988866504944], [1; 1120; 303.4490528054639], [2; 560; 155.29500376272077], [2; 560; 159.13002577561102], [2; 580; 169.09481738440556], [1; 1160; 347.4568200379705], [1; 1160; 368.5336104275443], [2; 600; 196.87234975221668], [2; 620; 210.57498363375083], [2; 640; 225.57314871144933], [2; 640; 234.7839770325709], [2; 640; 245.223866266718], [2; 640; 257.1929607230278], [2; 640; 271.1051846823314], [2; 660; 296.53642399792307], [1; 1320; 634.0215435996334], [2; 660; 342.41076843945984], [2; 680; 386.45863402648394], [1; 1360; 864.1477761749314], [2; 680; 498.91595119421316], [1; 1400; 1258.0333139305828]];
Intervals[4.9E-324=1.797190448472261, 1.797190448472261=3.6126269530414445, 3.6126269530414445=5.4468767736084045, 5.4468767736084045=7.300537185736064, 7.300537185736064=9.17423775229689, 9.17423775229689=12.963047889811438, 12.963047889811438=16.794670800228907, 16.794670800228907=20.67059140089881, 20.67059140089881=28.514173561256687, 28.514173561256687=34.468168077414575, 34.468168077414575=42.50544810000919, 42.50544810000919=52.68003545395503, 52.68003545395503=73.29522373602643, 81.92871589505347=96.75478068236848, 96.75478068236848=126.82752884848026, 126.82752884848026=144.26283719766215, 144.26283719766215=164.17253386652612, 164.17253386652612=184.39092641183908, 184.39092641183908=204.93283377979466, 204.93283377979466=228.1344627027817, 228.1344627027817=275.3309960944732, 275.3309960944732=529.680304546425, 529.680304546425=659.2775508212421, 659.2775508212421=923.6051058865153, 939.4318159080728=1082.5217045731224, 1082.5217045731224=1385.9707573785863, 1385.9707573785863=1541.2657611413072, 1541.2657611413072=1700.3957869169183, 1700.3957869169183=1869.4906043013239, 1869.4906043013239=2216.9474243392942, 2216.9474243392942=2585.4810347668385, 2585.4810347668385=2782.353384519055, 2782.353384519055=2992.928368152806, 2992.928368152806=3218.5015168642553, 3218.5015168642553=3453.285493896826, 3453.285493896826=3698.5093601635444, 3698.5093601635444=3955.702320886572, 3955.702320886572=4226.807505568903, 4226.807505568903=4523.343929566827, 4523.343929566827=5157.36547316646, 5157.36547316646=5499.7762416059195, 5499.7762416059195=5886.234875632404, 5886.234875632404=6750.382651807335, 6750.382651807335=7249.298603001548, 7249.298603001548=8507.331916932131];

Jobs: [[2; 10; 1.797190448472261], [2; 10; 1.8154365045691836], [2; 10; 1.8342498205669602], [2; 10; 1.8536604121276594], [2; 10; 1.8737005665608246], [2; 20; 3.831622910417469], [2; 20; 3.875920600669903], [2; 30; 5.95399451615789], [2; 40; 8.037280022594619], [2; 50; 10.174587353945839], [1; 140; 29.248680441098443], [2; 70; 14.826064787315], [2; 80; 17.4353083491819], [2; 90; 19.90969666886397], [2; 90; 20.218392545312938], [2; 90; 20.54190736795559], [2; 100; 23.201628922987023], [1; 200; 48.03193512118435], [2; 520; 129.5972462748172], [1; 1080; 280.1542650868308], [2; 540; 143.08988866504944], [2; 560; 155.29500376272077], [2; 560; 159.13002577561102], [2; 580; 169.09481738440556], [1; 1160; 357.53011820776356], [2; 600; 196.87234975221668], [2; 620; 210.57498363375083], [2; 640; 225.57314871144933], [2; 640; 234.7839770325709], [2; 640; 245.223866266718], [2; 640; 257.1929607230278], [2; 640; 271.1051846823314], [2; 660; 296.53642399792307], [2; 660; 342.41076843945984], [2; 680; 386.45863402648394], [2; 680; 498.91595119421316], [1; 1400; 1779.1277744778]];
Intervals[4.9E-324=1.797190448472261, 1.797190448472261=3.6126269530414445, 3.6126269530414445=5.4468767736084045, 5.4468767736084045=7.300537185736064, 7.300537185736064=9.17423775229689, 12.963047889811438=16.794670800228907, 16.794670800228907=20.67059140089881, 28.514173561256687=34.468168077414575, 34.468168077414575=42.50544810000919, 42.50544810000919=52.68003545395503, 52.68003545395503=81.92871589505347, 81.92871589505347=96.75478068236848, 126.82752884848026=144.26283719766215, 144.26283719766215=164.17253386652612, 164.17253386652612=184.39092641183908, 184.39092641183908=204.93283377979466, 204.93283377979466=228.1344627027817, 228.1344627027817=276.166397823966, 529.680304546425=659.2775508212421, 659.2775508212421=939.4318159080728, 939.4318159080728=1082.5217045731224, 1385.9707573785863=1541.2657611413072, 1541.2657611413072=1700.3957869169183, 1700.3957869169183=1869.4906043013239, 1869.4906043013239=2227.0207225090876, 2585.4810347668385=2782.353384519055, 2782.353384519055=2992.928368152806, 2992.928368152806=3218.5015168642553, 3218.5015168642553=3453.285493896826, 3453.285493896826=3698.5093601635444, 3698.5093601635444=3955.702320886572, 3955.702320886572=4226.807505568903, 4226.807505568903=4523.343929566827, 5157.36547316646=5499.7762416059195, 5499.7762416059195=5886.234875632404, 6750.382651807335=7249.298603001548, 7249.298603001548=9028.426377479347];
