1.2591735800161559
27122.6464181286
34152.11978982735
[1; 20; 2.0831762832032665]
[1; 20; 2.1043258232285966]
[2; 20; 2.1261328908814945]
[1; 40; 4.297264556396549]
[2; 20; 2.17186141034862]
[1; 40; 4.391721215044191]
[2; 30; 3.331010069054658]
[2; 30; 3.3695201353415944]
[1; 60; 6.818795002654095]
[1; 80; 9.201933441482538]
[2; 40; 4.658123778357857]
[1; 80; 9.43493065418303]
[2; 40; 4.779134157928266]
[2; 40; 4.84328648019011]
[1; 80; 9.820187175066783]
[2; 40; 4.979743783942863]
[2; 40; 5.0524446190756915]
[2; 40; 5.128425493445495]
[2; 50; 6.509925885010206]
[1; 100; 13.228182626529984]
[1; 100; 13.446845086767528]
[1; 100; 13.676722338269805]
[2; 60; 8.3512842085712]
[2; 60; 8.504531563525978]
[1; 120; 17.333074395968932]
[1; 140; 20.622393067640246]
[2; 70; 10.523820893922439]
[2; 80; 12.285903448439104]
[1; 180; 28.264557696350625]
[1; 180; 28.929697115385917]
[1; 180; 29.644118201548288]
[2; 100; 16.896790856356684]
[1; 200; 34.71960472005444]
[2; 520; 92.88806414466553]
[2; 540; 99.42939514755118]
[1; 1080; 205.38047548263586]
[1; 1080; 212.58898903788568]
[1; 1120; 228.78490962507698]
[2; 560; 119.06344188936369]
[2; 560; 124.35770924470725]
[1; 1120; 260.85493158803996]
[2; 580; 142.39271403846837]
[2; 580; 151.0302805322368]
[1; 1240; 345.18641395427625]
[2; 640; 192.43558206029599]
[2; 640; 210.8026183221212]
[1; 1320; 486.0992651658058]
[2; 660; 280.64954159635727]
[1; 1360; 708.2799362891105]
[1; 1400; 1031.1196533820123]


Jobs: [[1; 20; 2.0831762832032665], [2; 20; 2.1261328908814945], [1; 40; 4.297264556396549], [2; 20; 2.17186141034862], [1; 40; 4.391721215044191], [2; 30; 3.331010069054658], [2; 30; 3.3695201353415944], [1; 60; 6.818795002654095], [2; 40; 4.658123778357857], [1; 80; 9.43493065418303], [2; 40; 4.779134157928266], [2; 40; 4.84328648019011], [1; 80; 9.820187175066783], [2; 40; 4.979743783942863], [2; 40; 5.0524446190756915], [2; 40; 5.128425493445495], [2; 50; 6.509925885010206], [1; 100; 13.228182626529984], [1; 100; 13.676722338269805], [2; 60; 8.3512842085712], [2; 60; 8.504531563525978], [1; 120; 17.333074395968932], [2; 70; 10.523820893922439], [2; 80; 12.285903448439104], [1; 180; 28.264557696350625], [1; 180; 29.644118201548288], [2; 100; 16.896790856356684], [1; 200; 34.71960472005444], [2; 520; 92.88806414466553], [2; 540; 99.42939514755118], [1; 1080; 205.38047548263586], [1; 1120; 228.78490962507698], [2; 560; 119.06344188936369], [2; 560; 124.35770924470725], [1; 1120; 260.85493158803996], [2; 580; 142.39271403846837], [2; 580; 151.0302805322368], [1; 1240; 345.18641395427625], [2; 640; 192.43558206029599], [2; 640; 210.8026183221212], [1; 1320; 486.0992651658058], [2; 660; 280.64954159635727], [1; 1360; 708.2799362891105]];
Intervals[0.0=2.0831762832032665, 2.1043258232285966=4.230458714110091, 4.230458714110091=8.52772327050664, 8.52772327050664=10.69958468085526, 10.69958468085526=15.09130589589945, 15.09130589589945=18.42231596495411, 18.42231596495411=21.791836100295704, 21.791836100295704=28.6106311029498, 30.993769541778242=35.6518933201361, 35.6518933201361=45.086823974319124, 45.086823974319124=49.86595813224739, 49.86595813224739=54.7092446124375, 54.7092446124375=64.52943178750428, 64.52943178750428=69.50917557144714, 69.50917557144714=74.56162019052283, 74.56162019052283=79.69004568396832, 79.69004568396832=86.19997156897853, 86.19997156897853=99.42815419550851, 99.42815419550851=113.10487653377831, 113.10487653377831=121.45616074234951, 121.45616074234951=129.96069230587548, 129.96069230587548=147.29376670184442, 150.58308537351573=161.10690626743818, 161.10690626743818=173.3928097158773, 173.3928097158773=201.65736741222793, 201.65736741222793=231.3014856137762, 231.3014856137762=248.1982764701329, 248.1982764701329=282.91788119018736, 282.91788119018736=375.8059453348529, 375.8059453348529=475.23534048240407, 475.23534048240407=680.6158159650399, 680.6158159650399=909.400725590117, 909.400725590117=1028.4641674794807, 1028.4641674794807=1152.8218767241879, 1152.8218767241879=1413.6768083122279, 1413.6768083122279=1556.0695223506962, 1556.0695223506962=1707.0998028829329, 1707.0998028829329=2052.286216837209, 2052.286216837209=2244.721798897505, 2244.721798897505=2455.5244172196262, 2455.5244172196262=2941.623682385432, 2941.623682385432=3222.273223981789, 3222.273223981789=3930.5531602708998];

Jobs: [[1; 20; 2.1043258232285966], [2; 20; 2.1261328908814945], [2; 20; 2.17186141034862], [2; 30; 3.331010069054658], [2; 30; 3.3695201353415944], [1; 80; 9.201933441482538], [2; 40; 4.658123778357857], [2; 40; 4.779134157928266], [2; 40; 4.84328648019011], [2; 40; 4.979743783942863], [2; 40; 5.0524446190756915], [2; 40; 5.128425493445495], [2; 50; 6.509925885010206], [1; 100; 13.446845086767528], [2; 60; 8.3512842085712], [2; 60; 8.504531563525978], [1; 140; 20.622393067640246], [2; 70; 10.523820893922439], [2; 80; 12.285903448439104], [1; 180; 28.929697115385917], [2; 100; 16.896790856356684], [2; 520; 92.88806414466553], [2; 540; 99.42939514755118], [1; 1080; 212.58898903788568], [2; 560; 119.06344188936369], [2; 560; 124.35770924470725], [2; 580; 142.39271403846837], [2; 580; 151.0302805322368], [2; 640; 192.43558206029599], [2; 640; 210.8026183221212], [2; 660; 280.64954159635727], [1; 1400; 1031.1196533820123]];
Intervals[0.0=2.1043258232285966, 2.1043258232285966=4.230458714110091, 8.52772327050664=10.69958468085526, 15.09130589589945=18.42231596495411, 18.42231596495411=21.791836100295704, 21.791836100295704=30.993769541778242, 30.993769541778242=35.6518933201361, 45.086823974319124=49.86595813224739, 49.86595813224739=54.7092446124375, 64.52943178750428=69.50917557144714, 69.50917557144714=74.56162019052283, 74.56162019052283=79.69004568396832, 79.69004568396832=86.19997156897853, 86.19997156897853=99.64681665574605, 113.10487653377831=121.45616074234951, 121.45616074234951=129.96069230587548, 129.96069230587548=150.58308537351573, 150.58308537351573=161.10690626743818, 161.10690626743818=173.3928097158773, 173.3928097158773=202.3225068312632, 231.3014856137762=248.1982764701329, 282.91788119018736=375.8059453348529, 375.8059453348529=475.23534048240407, 475.23534048240407=687.8243295202898, 909.400725590117=1028.4641674794807, 1028.4641674794807=1152.8218767241879, 1413.6768083122279=1556.0695223506962, 1556.0695223506962=1707.0998028829329, 2052.286216837209=2244.721798897505, 2244.721798897505=2455.5244172196262, 2941.623682385432=3222.273223981789, 3222.273223981789=4253.392877363802];
