1.1672630304129161
380493.23356543627
444135.68486320064
[2; 10; 2.758598316411566]
[2; 10; 2.7724956251040207]
[1; 20; 5.573210217441177]
[2; 10; 2.800932221712541]
[2; 10; 2.815482616878781]
[2; 10; 2.8302621547368196]
[1; 20; 5.690553826881253]
[2; 20; 5.721066398566943]
[2; 20; 5.752075115653906]
[1; 40; 11.56718714280343]
[2; 20; 5.815635886244266]
[2; 20; 5.848216734370748]
[2; 20; 5.881351371963268]
[2; 30; 8.87258350082183]
[2; 30; 8.924019198389864]
[1; 60; 17.952719871508055]
[1; 60; 18.059265138476775]
[2; 30; 9.083865084291636]
[2; 30; 9.139086657264949]
[2; 30; 9.195327721371887]
[2; 40; 12.336826716225472]
[1; 80; 24.82932471447642]
[2; 40; 12.49399008041105]
[2; 40; 12.57485817435395]
[2; 40; 12.657317144273112]
[2; 40; 12.741419844530128]
[2; 40; 12.827221621020794]
[2; 40; 12.914780464244963]
[1; 100; 32.510392935073526]
[1; 100; 32.7385388424169]
[2; 50; 16.48577814718398]
[2; 50; 16.60481058210865]
[2; 50; 16.726459172376373]
[1; 100; 33.701642351824006]
[2; 60; 20.3735987868106]
[1; 120; 41.059441201721505]
[1; 120; 41.37897474617349]
[2; 60; 20.85304317813278]
[1; 140; 49.047927113749274]
[1; 140; 49.448324999006736]
[2; 80; 28.490680902234168]
[2; 80; 28.73111285177248]
[2; 80; 28.977736369667117]
[2; 80; 29.230821841858184]
[1; 160; 58.981312958534254]
[1; 180; 66.95447779857632]
[2; 90; 33.78579140254537]
[1; 180; 68.20607168103543]
[2; 90; 34.429388116951856]
[2; 90; 34.76529254073882]
[2; 90; 35.11122436987941]
[2; 90; 35.46769263957728]
[1; 200; 79.6338740283133]
[2; 100; 40.23829199694793]
[2; 100; 40.67331320173272]
[1; 200; 82.24551144150314]
[2; 520; 216.25465875811366]
[2; 520; 218.7547956748409]
[2; 520; 221.34369993948752]
[2; 520; 224.02675183905615]
[1; 1080; 471.06650678578535]
[2; 540; 238.53379796827508]
[2; 540; 241.65201917729513]
[2; 540; 244.8958155841755]
[1; 1080; 496.54769695408186]
[1; 1080; 503.59127850766606]
[1; 1080; 510.9433649003777]
[2; 540; 259.3135774679003]
[2; 540; 263.3341827740955]
[2; 540; 267.54779724641213]
[2; 560; 282.04335133228585]
[2; 560; 286.86495446598735]
[1; 1120; 583.8852089877179]
[2; 580; 307.91764624281143]
[1; 1160; 627.5665426474717]
[2; 580; 319.99740470374167]
[1; 1160; 653.1919671158773]
[2; 600; 345.1245069392344]
[2; 600; 352.88108231779603]
[2; 600; 361.1853027695355]
[1; 1200; 740.2096029735281]
[2; 620; 392.37683147246645]
[2; 620; 403.12887239491175]
[2; 620; 414.8161874749341]
[2; 640; 441.3757306258506]
[2; 660; 470.0962348868637]
[2; 660; 486.5958319079076]
[2; 660; 504.96435904862716]
[2; 660; 525.5835685868678]
[2; 680; 565.5891075212203]
[2; 680; 593.194860396915]
[2; 680; 625.2822850532882]
[2; 680; 663.2120158754999]
[2; 700; 729.8565112346472]
[1; 1400; 1576.6702654521177]
[2; 700; 863.5778701357829]
[2; 700; 965.5094107440482]
[2; 700; 1114.8742363963863]
[2; 700; 1365.436503273088]
[2; 700; 1931.0188214880964]


Jobs: [[2; 10; 2.758598316411566], [2; 10; 2.7724956251040207], [1; 20; 5.573210217441177], [2; 10; 2.800932221712541], [2; 10; 2.815482616878781], [2; 10; 2.8302621547368196], [1; 20; 5.690553826881253], [2; 20; 5.721066398566943], [2; 20; 5.752075115653906], [1; 40; 11.56718714280343], [2; 20; 5.815635886244266], [2; 20; 5.848216734370748], [2; 20; 5.881351371963268], [2; 30; 8.87258350082183], [2; 30; 8.924019198389864], [1; 60; 17.952719871508055], [2; 30; 9.083865084291636], [2; 30; 9.139086657264949], [2; 30; 9.195327721371887], [2; 40; 12.336826716225472], [1; 80; 24.82932471447642], [2; 40; 12.49399008041105], [2; 40; 12.57485817435395], [2; 40; 12.657317144273112], [2; 40; 12.741419844530128], [2; 40; 12.827221621020794], [2; 40; 12.914780464244963], [1; 100; 32.510392935073526], [2; 50; 16.48577814718398], [2; 50; 16.60481058210865], [2; 50; 16.726459172376373], [1; 100; 33.701642351824006], [2; 60; 20.3735987868106], [1; 120; 41.059441201721505], [2; 60; 20.85304317813278], [1; 140; 49.047927113749274], [2; 80; 28.490680902234168], [2; 80; 28.73111285177248], [2; 80; 28.977736369667117], [2; 80; 29.230821841858184], [1; 160; 58.981312958534254], [2; 90; 33.78579140254537], [1; 180; 68.20607168103543], [2; 90; 34.429388116951856], [2; 90; 34.76529254073882], [2; 90; 35.11122436987941], [2; 90; 35.46769263957728], [1; 200; 79.6338740283133], [2; 100; 40.23829199694793], [2; 100; 40.67331320173272], [1; 200; 82.24551144150314], [2; 520; 216.25465875811366], [2; 520; 218.7547956748409], [2; 520; 221.34369993948752], [2; 520; 224.02675183905615], [1; 1080; 471.06650678578535], [2; 540; 238.53379796827508], [2; 540; 241.65201917729513], [2; 540; 244.8958155841755], [1; 1080; 496.54769695408186], [1; 1080; 510.9433649003777], [2; 540; 259.3135774679003], [2; 540; 263.3341827740955], [2; 540; 267.54779724641213], [2; 560; 282.04335133228585], [2; 560; 286.86495446598735], [1; 1120; 583.8852089877179], [2; 580; 307.91764624281143], [1; 1160; 627.5665426474717], [2; 580; 319.99740470374167], [1; 1160; 653.1919671158773], [2; 600; 345.1245069392344], [2; 600; 352.88108231779603], [2; 600; 361.1853027695355], [1; 1200; 740.2096029735281], [2; 620; 392.37683147246645], [2; 620; 403.12887239491175], [2; 620; 414.8161874749341], [2; 640; 441.3757306258506], [2; 660; 470.0962348868637], [2; 660; 486.5958319079076], [2; 660; 504.96435904862716], [2; 660; 525.5835685868678], [2; 680; 565.5891075212203], [2; 680; 593.194860396915], [2; 680; 625.2822850532882], [2; 680; 663.2120158754999], [2; 700; 729.8565112346472], [1; 1400; 1576.6702654521177], [2; 700; 863.5778701357829], [2; 700; 965.5094107440482], [2; 700; 1114.8742363963863], [2; 700; 1365.436503273088], [2; 700; 1931.0188214880964]];
Intervals[4.9E-324=2.758598316411566, 2.758598316411566=5.531093941515587, 5.531093941515587=11.104304158956763, 11.104304158956763=13.905236380669304, 13.905236380669304=16.720718997548087, 16.720718997548087=19.550981152284905, 19.550981152284905=25.241534979166158, 25.241534979166158=30.9626013777331, 30.9626013777331=36.714676493387, 36.714676493387=48.28186363619044, 48.28186363619044=54.0974995224347, 54.0974995224347=59.945716256805454, 59.945716256805454=65.82706762876872, 65.82706762876872=74.69965112959055, 74.69965112959055=83.62367032798042, 83.62367032798042=101.57639019948847, 101.6829354664572=110.76680055074883, 110.76680055074883=119.90588720801378, 119.90588720801378=129.10121492938566, 129.10121492938566=141.43804164561112, 141.43804164561112=166.26736636008755, 166.26736636008755=178.7613564404986, 178.7613564404986=191.33621461485254, 191.33621461485254=203.99353175912566, 203.99353175912566=216.7349516036558, 216.7349516036558=229.56217322467657, 229.56217322467657=242.47695368892153, 242.47695368892153=274.98734662399505, 275.21549253133844=291.7012706785224, 291.7012706785224=308.30608126063106, 308.30608126063106=325.03254043300745, 325.03254043300745=358.73418278483143, 358.73418278483143=379.107781571642, 379.107781571642=420.1672227733635, 420.4867563178155=441.3397994959483, 441.3397994959483=490.38772660969755, 490.788124494955=519.2788053971892, 519.2788053971892=548.0099182489616, 548.0099182489616=576.9876546186288, 576.9876546186288=606.218476460487, 606.218476460487=665.1997894190212, 673.1729542590633=706.9587456616086, 706.9587456616086=775.164817342644, 775.164817342644=809.5942054595959, 809.5942054595959=844.3594980003347, 844.3594980003347=879.4707223702142, 879.4707223702142=914.9384150097915, 914.9384150097915=994.5722890381048, 994.5722890381048=1034.8105810350528, 1034.8105810350528=1075.4838942367855, 1075.4838942367855=1157.7294056782887, 1157.7294056782887=1373.9840644364024, 1373.9840644364024=1592.7388601112432, 1592.7388601112432=1814.0825600507308, 1814.0825600507308=2038.109311889787, 2038.109311889787=2509.1758186755724, 2509.1758186755724=2747.7096166438473, 2747.7096166438473=2989.3616358211425, 2989.3616358211425=3234.257451405318, 3234.257451405318=3730.8051483594, 3730.8051483594=4241.748513259778, 4241.748513259778=4501.062090727678, 4501.062090727678=4764.396273501773, 4764.396273501773=5031.944070748185, 5031.944070748185=5313.987422080471, 5313.987422080471=5600.852376546459, 5600.852376546459=6184.737585534177, 6184.737585534177=6492.655231776988, 6492.655231776988=7120.22177442446, 7120.22177442446=7440.219179128201, 7440.219179128201=8093.411146244079, 8093.411146244079=8438.535653183313, 8438.535653183313=8791.416735501109, 8791.416735501109=9152.602038270645, 9152.602038270645=9892.811641244172, 9892.811641244172=10285.188472716638, 10285.188472716638=10688.317345111549, 10688.317345111549=11103.133532586484, 11103.133532586484=11544.509263212334, 11544.509263212334=12014.605498099198, 12014.605498099198=12501.201330007105, 12501.201330007105=13006.165689055731, 13006.165689055731=13531.7492576426, 13531.7492576426=14097.33836516382, 14097.33836516382=14690.533225560735, 14690.533225560735=15315.815510614024, 15315.815510614024=15979.027526489524, 15979.027526489524=16708.884037724172, 16708.884037724172=18285.55430317629, 18285.55430317629=19149.13217331207, 19149.13217331207=20114.64158405612, 20114.64158405612=21229.515820452507, 21229.515820452507=22594.952323725596, 22594.952323725596=24525.97114521369];

Jobs: [[2; 10; 2.758598316411566], [2; 10; 2.7724956251040207], [2; 10; 2.800932221712541], [2; 10; 2.815482616878781], [2; 10; 2.8302621547368196], [2; 20; 5.721066398566943], [2; 20; 5.752075115653906], [2; 20; 5.815635886244266], [2; 20; 5.848216734370748], [2; 20; 5.881351371963268], [2; 30; 8.87258350082183], [2; 30; 8.924019198389864], [1; 60; 18.059265138476775], [2; 30; 9.083865084291636], [2; 30; 9.139086657264949], [2; 30; 9.195327721371887], [2; 40; 12.336826716225472], [2; 40; 12.49399008041105], [2; 40; 12.57485817435395], [2; 40; 12.657317144273112], [2; 40; 12.741419844530128], [2; 40; 12.827221621020794], [2; 40; 12.914780464244963], [1; 100; 32.7385388424169], [2; 50; 16.48577814718398], [2; 50; 16.60481058210865], [2; 50; 16.726459172376373], [2; 60; 20.3735987868106], [1; 120; 41.37897474617349], [2; 60; 20.85304317813278], [1; 140; 49.448324999006736], [2; 80; 28.490680902234168], [2; 80; 28.73111285177248], [2; 80; 28.977736369667117], [2; 80; 29.230821841858184], [1; 180; 66.95447779857632], [2; 90; 33.78579140254537], [2; 90; 34.429388116951856], [2; 90; 34.76529254073882], [2; 90; 35.11122436987941], [2; 90; 35.46769263957728], [2; 100; 40.23829199694793], [2; 100; 40.67331320173272], [2; 520; 216.25465875811366], [2; 520; 218.7547956748409], [2; 520; 221.34369993948752], [2; 520; 224.02675183905615], [2; 540; 238.53379796827508], [2; 540; 241.65201917729513], [2; 540; 244.8958155841755], [1; 1080; 503.59127850766606], [2; 540; 259.3135774679003], [2; 540; 263.3341827740955], [2; 540; 267.54779724641213], [2; 560; 282.04335133228585], [2; 560; 286.86495446598735], [2; 580; 307.91764624281143], [2; 580; 319.99740470374167], [2; 600; 345.1245069392344], [2; 600; 352.88108231779603], [2; 600; 361.1853027695355], [2; 620; 392.37683147246645], [2; 620; 403.12887239491175], [2; 620; 414.8161874749341], [2; 640; 441.3757306258506], [2; 660; 470.0962348868637], [2; 660; 486.5958319079076], [2; 660; 504.96435904862716], [2; 660; 525.5835685868678], [2; 680; 565.5891075212203], [2; 680; 593.194860396915], [2; 680; 625.2822850532882], [2; 680; 663.2120158754999], [2; 700; 729.8565112346472], [2; 700; 863.5778701357829], [2; 700; 965.5094107440482], [2; 700; 1114.8742363963863], [2; 700; 1365.436503273088], [2; 700; 1931.0188214880964]];
Intervals[4.9E-324=2.758598316411566, 2.758598316411566=5.531093941515587, 11.104304158956763=13.905236380669304, 13.905236380669304=16.720718997548087, 16.720718997548087=19.550981152284905, 25.241534979166158=30.9626013777331, 30.9626013777331=36.714676493387, 48.28186363619044=54.0974995224347, 54.0974995224347=59.945716256805454, 59.945716256805454=65.82706762876872, 65.82706762876872=74.69965112959055, 74.69965112959055=83.62367032798042, 83.62367032798042=101.6829354664572, 101.6829354664572=110.76680055074883, 110.76680055074883=119.90588720801378, 119.90588720801378=129.10121492938566, 129.10121492938566=141.43804164561112, 166.26736636008755=178.7613564404986, 178.7613564404986=191.33621461485254, 191.33621461485254=203.99353175912566, 203.99353175912566=216.7349516036558, 216.7349516036558=229.56217322467657, 229.56217322467657=242.47695368892153, 242.47695368892153=275.21549253133844, 275.21549253133844=291.7012706785224, 291.7012706785224=308.30608126063106, 308.30608126063106=325.03254043300745, 358.73418278483143=379.107781571642, 379.107781571642=420.4867563178155, 420.4867563178155=441.3397994959483, 441.3397994959483=490.788124494955, 490.788124494955=519.2788053971892, 519.2788053971892=548.0099182489616, 548.0099182489616=576.9876546186288, 576.9876546186288=606.218476460487, 606.218476460487=673.1729542590633, 673.1729542590633=706.9587456616086, 775.164817342644=809.5942054595959, 809.5942054595959=844.3594980003347, 844.3594980003347=879.4707223702142, 879.4707223702142=914.9384150097915, 994.5722890381048=1034.8105810350528, 1034.8105810350528=1075.4838942367855, 1157.7294056782887=1373.9840644364024, 1373.9840644364024=1592.7388601112432, 1592.7388601112432=1814.0825600507308, 1814.0825600507308=2038.109311889787, 2509.1758186755724=2747.7096166438473, 2747.7096166438473=2989.3616358211425, 2989.3616358211425=3234.257451405318, 3234.257451405318=3737.8487299129843, 4241.748513259778=4501.062090727678, 4501.062090727678=4764.396273501773, 4764.396273501773=5031.944070748185, 5031.944070748185=5313.987422080471, 5313.987422080471=5600.852376546459, 6184.737585534177=6492.655231776988, 7120.22177442446=7440.219179128201, 8093.411146244079=8438.535653183313, 8438.535653183313=8791.416735501109, 8791.416735501109=9152.602038270645, 9892.811641244172=10285.188472716638, 10285.188472716638=10688.317345111549, 10688.317345111549=11103.133532586484, 11103.133532586484=11544.509263212334, 11544.509263212334=12014.605498099198, 12014.605498099198=12501.201330007105, 12501.201330007105=13006.165689055731, 13006.165689055731=13531.7492576426, 13531.7492576426=14097.33836516382, 14097.33836516382=14690.533225560735, 14690.533225560735=15315.815510614024, 15315.815510614024=15979.027526489524, 15979.027526489524=16708.884037724172, 18285.55430317629=19149.13217331207, 19149.13217331207=20114.64158405612, 20114.64158405612=21229.515820452507, 21229.515820452507=22594.952323725596, 22594.952323725596=24525.97114521369];
