0.9999999999999996
517995.2672494053
517995.2672494051
[2; 10; 3.2186806839119826]
[2; 10; 3.2348958025759256]
[2; 20; 6.502716965909478]
[2; 20; 6.536150178399372]
[2; 20; 6.570104433780622]
[2; 30; 9.906890111905]
[2; 30; 9.959446926928806]
[2; 30; 10.012849169935844]
[2; 30; 10.067119752640977]
[2; 40; 13.496376620778662]
[2; 40; 13.571149362600458]
[2; 40; 13.647178805456491]
[2; 40; 13.724500550600016]
[2; 50; 17.253939534311613]
[2; 50; 17.353963210128445]
[2; 50; 17.455746858327295]
[2; 50; 17.55934270466535]
[2; 50; 17.66480517063546]
[2; 50; 17.772190993601548]
[2; 50; 17.881559355066567]
[2; 50; 17.992972017731766]
[2; 50; 18.10649347206836]
[2; 60; 21.866629311830152]
[2; 60; 22.008162370686673]
[2; 60; 22.15247973584007]
[2; 60; 22.299673911504378]
[2; 60; 22.44984176250656]
[2; 60; 22.60308478218507]
[2; 60; 22.759509380683173]
[2; 70; 26.739098394747117]
[2; 70; 26.92941466406516]
[2; 70; 27.123853396040175]
[2; 70; 27.322565601273748]
[2; 70; 27.525710149972955]
[2; 80; 31.695376349528342]
[2; 80; 31.938256348514777]
[2; 80; 32.186806839119825]
[2; 80; 32.44125195946057]
[2; 80; 32.70182845039054]
[2; 80; 32.96878658146961]
[2; 80; 33.24239116146829]
[2; 90; 37.71328797301629]
[2; 90; 38.03701312070771]
[2; 90; 38.36922041611499]
[2; 90; 38.71028686058316]
[2; 90; 39.06061333931795]
[2; 90; 39.42062660268373]
[2; 90; 39.79078145216118]
[2; 90; 40.17156315642746]
[2; 90; 40.56349012674843]
[2; 90; 40.967116885229714]
[2; 100; 45.981152627314046]
[2; 520; 241.57980070796418]
[2; 520; 244.1362719084946]
[2; 520; 246.77565966246172]
[2; 520; 249.50254531254717]
[2; 520; 252.32187260092223]
[2; 520; 255.23898537994876]
[2; 540; 268.19273447238385]
[2; 540; 271.4436741913519]
[2; 540; 274.81577459265924]
[2; 540; 278.31675362557735]
[2; 560; 292.39781463778843]
[2; 560; 296.3227931408891]
[2; 560; 300.41019716511835]
[2; 580; 315.55267425600164]
[2; 600; 331.1995099898566]
[2; 600; 336.1802332351682]
[2; 600; 341.3926407102476]
[2; 600; 346.8552698170548]
[2; 600; 352.5888031969497]
[2; 620; 370.57027881144774]
[2; 620; 377.12955402872916]
[2; 620; 384.0499395870199]
[2; 620; 391.36583390310193]
[2; 620; 399.11640480508584]
[2; 640; 420.4866837619598]
[2; 640; 429.5304427793483]
[2; 640; 439.1840176192005]
[2; 640; 449.519173239433]
[2; 640; 460.6200836539333]
[2; 660; 487.3545541884816]
[2; 660; 500.70920637502985]
[2; 660; 515.2255227668765]
[2; 660; 531.0823128454771]
[2; 660; 548.4994541642267]
[2; 660; 567.7508739552196]
[2; 660; 589.1829262942694]
[2; 660; 613.2410325663706]
[2; 680; 659.9187437254888]
[2; 680; 692.1286174926232]
[2; 680; 729.5676216867159]
[2; 680; 773.823318943228]
[2; 700; 851.58286393584]
[2; 700; 919.8146207292872]
[2; 700; 1007.606432992979]
[2; 700; 1126.538239369194]
[2; 700; 1300.8143115044224]
[2; 700; 1593.165656647822]
[2; 700; 2253.076478738388]


Jobs: [[2; 10; 3.2186806839119826], [2; 10; 3.2348958025759256], [2; 20; 6.502716965909478], [2; 20; 6.536150178399372], [2; 20; 6.570104433780622], [2; 30; 9.906890111905], [2; 30; 9.959446926928806], [2; 30; 10.012849169935844], [2; 30; 10.067119752640977], [2; 40; 13.496376620778662], [2; 40; 13.571149362600458], [2; 40; 13.647178805456491], [2; 40; 13.724500550600016], [2; 50; 17.253939534311613], [2; 50; 17.353963210128445], [2; 50; 17.455746858327295], [2; 50; 17.55934270466535], [2; 50; 17.66480517063546], [2; 50; 17.772190993601548], [2; 50; 17.881559355066567], [2; 50; 17.992972017731766], [2; 50; 18.10649347206836], [2; 60; 21.866629311830152], [2; 60; 22.008162370686673], [2; 60; 22.15247973584007], [2; 60; 22.299673911504378], [2; 60; 22.44984176250656], [2; 60; 22.60308478218507], [2; 60; 22.759509380683173], [2; 70; 26.739098394747117], [2; 70; 26.92941466406516], [2; 70; 27.123853396040175], [2; 70; 27.322565601273748], [2; 70; 27.525710149972955], [2; 80; 31.695376349528342], [2; 80; 31.938256348514777], [2; 80; 32.186806839119825], [2; 80; 32.44125195946057], [2; 80; 32.70182845039054], [2; 80; 32.96878658146961], [2; 80; 33.24239116146829], [2; 90; 37.71328797301629], [2; 90; 38.03701312070771], [2; 90; 38.36922041611499], [2; 90; 38.71028686058316], [2; 90; 39.06061333931795], [2; 90; 39.42062660268373], [2; 90; 39.79078145216118], [2; 90; 40.17156315642746], [2; 90; 40.56349012674843], [2; 90; 40.967116885229714], [2; 100; 45.981152627314046], [2; 520; 241.57980070796418], [2; 520; 244.1362719084946], [2; 520; 246.77565966246172], [2; 520; 249.50254531254717], [2; 520; 252.32187260092223], [2; 520; 255.23898537994876], [2; 540; 268.19273447238385], [2; 540; 271.4436741913519], [2; 540; 274.81577459265924], [2; 540; 278.31675362557735], [2; 560; 292.39781463778843], [2; 560; 296.3227931408891], [2; 560; 300.41019716511835], [2; 580; 315.55267425600164], [2; 600; 331.1995099898566], [2; 600; 336.1802332351682], [2; 600; 341.3926407102476], [2; 600; 346.8552698170548], [2; 600; 352.5888031969497], [2; 620; 370.57027881144774], [2; 620; 377.12955402872916], [2; 620; 384.0499395870199], [2; 620; 391.36583390310193], [2; 620; 399.11640480508584], [2; 640; 420.4866837619598], [2; 640; 429.5304427793483], [2; 640; 439.1840176192005], [2; 640; 449.519173239433], [2; 640; 460.6200836539333], [2; 660; 487.3545541884816], [2; 660; 500.70920637502985], [2; 660; 515.2255227668765], [2; 660; 531.0823128454771], [2; 660; 548.4994541642267], [2; 660; 567.7508739552196], [2; 660; 589.1829262942694], [2; 660; 613.2410325663706], [2; 680; 659.9187437254888], [2; 680; 692.1286174926232], [2; 680; 729.5676216867159], [2; 680; 773.823318943228], [2; 700; 851.58286393584], [2; 700; 919.8146207292872], [2; 700; 1007.606432992979], [2; 700; 1126.538239369194], [2; 700; 1300.8143115044224], [2; 700; 1593.165656647822], [2; 700; 2253.076478738388]];
Intervals[4.9E-324=3.2186806839119826, 3.2186806839119826=6.453576486487908, 6.453576486487908=12.956293452397386, 12.956293452397386=19.492443630796757, 19.492443630796757=26.062548064577378, 26.062548064577378=35.96943817648238, 35.96943817648238=45.92888510341118, 45.92888510341118=55.94173427334702, 55.94173427334702=66.008854025988, 66.008854025988=79.50523064676666, 79.50523064676666=93.07638000936711, 93.07638000936711=106.7235588148236, 106.7235588148236=120.44805936542362, 120.44805936542362=137.70199889973523, 137.70199889973523=155.05596210986369, 155.05596210986369=172.511708968191, 172.511708968191=190.07105167285633, 190.07105167285633=207.73585684349177, 207.73585684349177=225.50804783709333, 225.50804783709333=243.3896071921599, 243.3896071921599=261.3825792098917, 261.3825792098917=279.48907268196, 279.48907268196=301.35570199379015, 301.35570199379015=323.3638643644768, 323.3638643644768=345.51634410031687, 345.51634410031687=367.81601801182126, 367.81601801182126=390.2658597743278, 390.2658597743278=412.8689445565129, 412.8689445565129=435.62845393719607, 435.62845393719607=462.3675523319432, 462.3675523319432=489.2969669960084, 489.2969669960084=516.4208203920485, 516.4208203920485=543.7433859933222, 543.7433859933222=571.2690961432952, 571.2690961432952=602.9644724928236, 602.9644724928236=634.9027288413383, 634.9027288413383=667.0895356804582, 667.0895356804582=699.5307876399188, 699.5307876399188=732.2326160903093, 732.2326160903093=765.201402671779, 765.201402671779=798.4437938332472, 798.4437938332472=836.1570818062635, 836.1570818062635=874.1940949269712, 874.1940949269712=912.5633153430862, 912.5633153430862=951.2736022036694, 951.2736022036694=990.3342155429873, 990.3342155429873=1029.754842145671, 1029.754842145671=1069.5456235978322, 1069.5456235978322=1109.7171867542597, 1109.7171867542597=1150.280676881008, 1150.280676881008=1191.2477937662377, 1191.2477937662377=1237.2289463935517, 1237.2289463935517=1478.808747101516, 1478.808747101516=1722.9450190100106, 1722.9450190100106=1969.7206786724723, 1969.7206786724723=2219.2232239850196, 2219.2232239850196=2471.545096585942, 2471.545096585942=2726.7840819658904, 2726.7840819658904=2994.9768164382745, 2994.9768164382745=3266.4204906296263, 3266.4204906296263=3541.2362652222855, 3541.2362652222855=3819.553018847863, 3819.553018847863=4111.950833485651, 4111.950833485651=4408.27362662654, 4408.27362662654=4708.683823791658, 4708.683823791658=5024.23649804766, 5024.23649804766=5355.436008037516, 5355.436008037516=5691.616241272684, 5691.616241272684=6033.008881982932, 6033.008881982932=6379.864151799987, 6379.864151799987=6732.452954996937, 6732.452954996937=7103.023233808384, 7103.023233808384=7480.1527878371135, 7480.1527878371135=7864.202727424134, 7864.202727424134=8255.568561327236, 8255.568561327236=8654.684966132321, 8654.684966132321=9075.17164989428, 9075.17164989428=9504.70209267363, 9504.70209267363=9943.88611029283, 9943.88611029283=10393.405283532262, 10393.405283532262=10854.025367186196, 10854.025367186196=11341.379921374677, 11341.379921374677=11842.089127749707, 11842.089127749707=12357.314650516582, 12357.314650516582=12888.39696336206, 12888.39696336206=13436.896417526286, 13436.896417526286=14004.647291481506, 14004.647291481506=14593.830217775776, 14593.830217775776=15207.071250342147, 15207.071250342147=15866.989994067637, 15866.989994067637=16559.11861156026, 16559.11861156026=17288.686233246975, 17288.686233246975=18062.509552190204, 18062.509552190204=18914.092416126045, 18914.092416126045=19833.907036855333, 19833.907036855333=20841.513469848313, 20841.513469848313=21968.051709217507, 21968.051709217507=23268.86602072193, 23268.86602072193=24862.031677369752, 24862.031677369752=27115.10815610814];

Jobs: [[2; 10; 3.2186806839119826], [2; 10; 3.2348958025759256], [2; 20; 6.502716965909478], [2; 20; 6.536150178399372], [2; 20; 6.570104433780622], [2; 30; 9.906890111905], [2; 30; 9.959446926928806], [2; 30; 10.012849169935844], [2; 30; 10.067119752640977], [2; 40; 13.496376620778662], [2; 40; 13.571149362600458], [2; 40; 13.647178805456491], [2; 40; 13.724500550600016], [2; 50; 17.253939534311613], [2; 50; 17.353963210128445], [2; 50; 17.455746858327295], [2; 50; 17.55934270466535], [2; 50; 17.66480517063546], [2; 50; 17.772190993601548], [2; 50; 17.881559355066567], [2; 50; 17.992972017731766], [2; 50; 18.10649347206836], [2; 60; 21.866629311830152], [2; 60; 22.008162370686673], [2; 60; 22.15247973584007], [2; 60; 22.299673911504378], [2; 60; 22.44984176250656], [2; 60; 22.60308478218507], [2; 60; 22.759509380683173], [2; 70; 26.739098394747117], [2; 70; 26.92941466406516], [2; 70; 27.123853396040175], [2; 70; 27.322565601273748], [2; 70; 27.525710149972955], [2; 80; 31.695376349528342], [2; 80; 31.938256348514777], [2; 80; 32.186806839119825], [2; 80; 32.44125195946057], [2; 80; 32.70182845039054], [2; 80; 32.96878658146961], [2; 80; 33.24239116146829], [2; 90; 37.71328797301629], [2; 90; 38.03701312070771], [2; 90; 38.36922041611499], [2; 90; 38.71028686058316], [2; 90; 39.06061333931795], [2; 90; 39.42062660268373], [2; 90; 39.79078145216118], [2; 90; 40.17156315642746], [2; 90; 40.56349012674843], [2; 90; 40.967116885229714], [2; 100; 45.981152627314046], [2; 520; 241.57980070796418], [2; 520; 244.1362719084946], [2; 520; 246.77565966246172], [2; 520; 249.50254531254717], [2; 520; 252.32187260092223], [2; 520; 255.23898537994876], [2; 540; 268.19273447238385], [2; 540; 271.4436741913519], [2; 540; 274.81577459265924], [2; 540; 278.31675362557735], [2; 560; 292.39781463778843], [2; 560; 296.3227931408891], [2; 560; 300.41019716511835], [2; 580; 315.55267425600164], [2; 600; 331.1995099898566], [2; 600; 336.1802332351682], [2; 600; 341.3926407102476], [2; 600; 346.8552698170548], [2; 600; 352.5888031969497], [2; 620; 370.57027881144774], [2; 620; 377.12955402872916], [2; 620; 384.0499395870199], [2; 620; 391.36583390310193], [2; 620; 399.11640480508584], [2; 640; 420.4866837619598], [2; 640; 429.5304427793483], [2; 640; 439.1840176192005], [2; 640; 449.519173239433], [2; 640; 460.6200836539333], [2; 660; 487.3545541884816], [2; 660; 500.70920637502985], [2; 660; 515.2255227668765], [2; 660; 531.0823128454771], [2; 660; 548.4994541642267], [2; 660; 567.7508739552196], [2; 660; 589.1829262942694], [2; 660; 613.2410325663706], [2; 680; 659.9187437254888], [2; 680; 692.1286174926232], [2; 680; 729.5676216867159], [2; 680; 773.823318943228], [2; 700; 851.58286393584], [2; 700; 919.8146207292872], [2; 700; 1007.606432992979], [2; 700; 1126.538239369194], [2; 700; 1300.8143115044224], [2; 700; 1593.165656647822], [2; 700; 2253.076478738388]];
Intervals[4.9E-324=3.2186806839119826, 3.2186806839119826=6.453576486487908, 6.453576486487908=12.956293452397386, 12.956293452397386=19.492443630796757, 19.492443630796757=26.062548064577378, 26.062548064577378=35.96943817648238, 35.96943817648238=45.92888510341118, 45.92888510341118=55.94173427334702, 55.94173427334702=66.008854025988, 66.008854025988=79.50523064676666, 79.50523064676666=93.07638000936711, 93.07638000936711=106.7235588148236, 106.7235588148236=120.44805936542362, 120.44805936542362=137.70199889973523, 137.70199889973523=155.05596210986369, 155.05596210986369=172.511708968191, 172.511708968191=190.07105167285633, 190.07105167285633=207.73585684349177, 207.73585684349177=225.50804783709333, 225.50804783709333=243.3896071921599, 243.3896071921599=261.3825792098917, 261.3825792098917=279.48907268196, 279.48907268196=301.35570199379015, 301.35570199379015=323.3638643644768, 323.3638643644768=345.51634410031687, 345.51634410031687=367.81601801182126, 367.81601801182126=390.2658597743278, 390.2658597743278=412.8689445565129, 412.8689445565129=435.62845393719607, 435.62845393719607=462.3675523319432, 462.3675523319432=489.2969669960084, 489.2969669960084=516.4208203920485, 516.4208203920485=543.7433859933222, 543.7433859933222=571.2690961432952, 571.2690961432952=602.9644724928236, 602.9644724928236=634.9027288413383, 634.9027288413383=667.0895356804582, 667.0895356804582=699.5307876399188, 699.5307876399188=732.2326160903093, 732.2326160903093=765.201402671779, 765.201402671779=798.4437938332472, 798.4437938332472=836.1570818062635, 836.1570818062635=874.1940949269712, 874.1940949269712=912.5633153430862, 912.5633153430862=951.2736022036694, 951.2736022036694=990.3342155429873, 990.3342155429873=1029.754842145671, 1029.754842145671=1069.5456235978322, 1069.5456235978322=1109.7171867542597, 1109.7171867542597=1150.280676881008, 1150.280676881008=1191.2477937662377, 1191.2477937662377=1237.2289463935517, 1237.2289463935517=1478.808747101516, 1478.808747101516=1722.9450190100106, 1722.9450190100106=1969.7206786724723, 1969.7206786724723=2219.2232239850196, 2219.2232239850196=2471.545096585942, 2471.545096585942=2726.7840819658904, 2726.7840819658904=2994.9768164382745, 2994.9768164382745=3266.4204906296263, 3266.4204906296263=3541.2362652222855, 3541.2362652222855=3819.553018847863, 3819.553018847863=4111.950833485651, 4111.950833485651=4408.27362662654, 4408.27362662654=4708.683823791658, 4708.683823791658=5024.23649804766, 5024.23649804766=5355.436008037516, 5355.436008037516=5691.616241272684, 5691.616241272684=6033.008881982932, 6033.008881982932=6379.864151799987, 6379.864151799987=6732.452954996937, 6732.452954996937=7103.023233808384, 7103.023233808384=7480.1527878371135, 7480.1527878371135=7864.202727424134, 7864.202727424134=8255.568561327236, 8255.568561327236=8654.684966132321, 8654.684966132321=9075.17164989428, 9075.17164989428=9504.70209267363, 9504.70209267363=9943.88611029283, 9943.88611029283=10393.405283532262, 10393.405283532262=10854.025367186196, 10854.025367186196=11341.379921374677, 11341.379921374677=11842.089127749707, 11842.089127749707=12357.314650516582, 12357.314650516582=12888.39696336206, 12888.39696336206=13436.896417526286, 13436.896417526286=14004.647291481506, 14004.647291481506=14593.830217775776, 14593.830217775776=15207.071250342147, 15207.071250342147=15866.989994067637, 15866.989994067637=16559.11861156026, 16559.11861156026=17288.686233246975, 17288.686233246975=18062.509552190204, 18062.509552190204=18914.092416126045, 18914.092416126045=19833.907036855333, 19833.907036855333=20841.513469848313, 20841.513469848313=21968.051709217507, 21968.051709217507=23268.86602072193, 23268.86602072193=24862.031677369752, 24862.031677369752=27115.10815610814];
