1.1929404465407607
26521.975419806044
31639.1372004465
[2; 10; 1.0299898139264494]
[2; 20; 2.080893662801322]
[2; 20; 2.102457903653327]
[1; 40; 4.249413510055525]
[2; 20; 2.1476772253562904]
[2; 30; 3.2571137787805973]
[2; 30; 3.293918492521514]
[2; 30; 3.3319997402094765]
[2; 30; 3.3714330623938826]
[2; 30; 3.4123004098033514]
[2; 30; 3.4546908601078505]
[1; 80; 9.329870493694273]
[2; 40; 4.725917380822795]
[2; 50; 5.986694189956777]
[1; 100; 12.138546366341044]
[1; 100; 12.31073292927901]
[2; 50; 6.245230582542693]
[2; 50; 6.339149094486607]
[2; 50; 6.4374363370403085]
[2; 50; 6.540441858878084]
[1; 120; 15.95653358440166]
[2; 70; 9.467100184397202]
[1; 140; 19.269344977899085]
[2; 70; 9.811470217048857]
[2; 80; 11.426711037899777]
[2; 80; 11.653004511687403]
[1; 160; 23.786595853320325]
[2; 90; 13.667734168644081]
[2; 90; 13.974912616426394]
[2; 90; 14.303779084411458]
[1; 180; 29.31402400902537]
[2; 90; 15.037777022882246]
[1; 200; 34.33299379754831]
[2; 100; 17.6641795799582]
[2; 540; 98.32222556736247]
[2; 540; 101.5467579158517]
[2; 540; 105.11088045090726]
[2; 540; 109.0787156310344]
[2; 560; 117.7376426045863]
[1; 1160; 254.72969675499706]
[2; 600; 138.18763440431403]
[2; 600; 145.66255639609253]
[2; 620; 159.64842115859963]
[1; 1280; 352.35373673872607]
[1; 1320; 392.4788315797854]
[1; 1320; 429.93901879903876]
[2; 680; 247.6263458733573]
[1; 1360; 571.8685497937049]
[2; 700; 360.49643487425726]
[2; 700; 509.8189473863238]


Jobs: [[2; 10; 1.0299898139264494], [2; 20; 2.080893662801322], [2; 20; 2.102457903653327], [1; 40; 4.249413510055525], [2; 20; 2.1476772253562904], [2; 30; 3.2571137787805973], [2; 30; 3.293918492521514], [2; 30; 3.3319997402094765], [2; 30; 3.3714330623938826], [2; 30; 3.4123004098033514], [2; 30; 3.4546908601078505], [1; 80; 9.329870493694273], [2; 40; 4.725917380822795], [2; 50; 5.986694189956777], [1; 100; 12.138546366341044], [2; 50; 6.245230582542693], [2; 50; 6.339149094486607], [2; 50; 6.4374363370403085], [2; 50; 6.540441858878084], [1; 120; 15.95653358440166], [2; 70; 9.467100184397202], [1; 140; 19.269344977899085], [2; 70; 9.811470217048857], [2; 80; 11.426711037899777], [2; 80; 11.653004511687403], [1; 160; 23.786595853320325], [2; 90; 13.667734168644081], [2; 90; 13.974912616426394], [2; 90; 14.303779084411458], [1; 180; 29.31402400902537], [2; 90; 15.037777022882246], [1; 200; 34.33299379754831], [2; 100; 17.6641795799582], [2; 540; 98.32222556736247], [2; 540; 101.5467579158517], [2; 540; 105.11088045090726], [2; 540; 109.0787156310344], [2; 560; 117.7376426045863], [1; 1160; 254.72969675499706], [2; 600; 138.18763440431403], [2; 600; 145.66255639609253], [2; 620; 159.64842115859963], [1; 1280; 352.35373673872607], [1; 1320; 429.93901879903876], [2; 680; 247.6263458733573], [1; 1360; 571.8685497937049], [2; 700; 360.49643487425726], [2; 700; 509.8189473863238]];
Intervals[4.9E-324=1.0299898139264494, 1.0299898139264494=3.1108834767277713, 3.1108834767277713=5.213341380381099, 5.213341380381099=9.462754890436624, 9.462754890436624=11.610432115792914, 11.610432115792914=14.867545894573512, 14.867545894573512=18.161464387095027, 18.161464387095027=21.493464127304502, 21.493464127304502=24.864897189698386, 24.864897189698386=28.277197599501736, 28.277197599501736=31.731888459609586, 31.731888459609586=41.06175895330386, 41.06175895330386=45.78767633412665, 45.78767633412665=51.77437052408343, 51.77437052408343=63.912916890424476, 64.08510345336244=70.33033403590512, 70.33033403590512=76.66948313039173, 76.66948313039173=83.10691946743204, 83.10691946743204=89.64736132631012, 89.64736132631012=105.60389491071177, 105.60389491071177=115.07099509510897, 115.07099509510897=134.34034007300806, 134.34034007300806=144.15181029005691, 144.15181029005691=155.57852132795668, 155.57852132795668=167.2315258396441, 167.2315258396441=191.01812169296443, 191.01812169296443=204.6858558616085, 204.6858558616085=218.6607684780349, 218.6607684780349=232.96454756244634, 232.96454756244634=262.27857157147173, 262.27857157147173=277.316348594354, 277.316348594354=311.64934239190234, 311.64934239190234=329.31352197186055, 329.31352197186055=427.635747539223, 427.635747539223=529.1825054550748, 529.1825054550748=634.2933859059821, 634.2933859059821=743.3721015370164, 743.3721015370164=861.1097441416027, 861.1097441416027=1115.8394408965999, 1115.8394408965999=1254.0270753009138, 1254.0270753009138=1399.6896316970062, 1399.6896316970062=1559.3380528556058, 1559.3380528556058=1911.691789594332, 1911.691789594332=2341.630808393371, 2341.630808393371=2589.2571542667283, 2589.2571542667283=3161.1257040604332, 3161.1257040604332=3521.6221389346906, 3521.6221389346906=4031.4410863210146];

Jobs: [[2; 10; 1.0299898139264494], [2; 20; 2.080893662801322], [2; 20; 2.102457903653327], [2; 20; 2.1476772253562904], [2; 30; 3.2571137787805973], [2; 30; 3.293918492521514], [2; 30; 3.3319997402094765], [2; 30; 3.3714330623938826], [2; 30; 3.4123004098033514], [2; 30; 3.4546908601078505], [2; 40; 4.725917380822795], [2; 50; 5.986694189956777], [1; 100; 12.31073292927901], [2; 50; 6.245230582542693], [2; 50; 6.339149094486607], [2; 50; 6.4374363370403085], [2; 50; 6.540441858878084], [2; 70; 9.467100184397202], [2; 70; 9.811470217048857], [2; 80; 11.426711037899777], [2; 80; 11.653004511687403], [2; 90; 13.667734168644081], [2; 90; 13.974912616426394], [2; 90; 14.303779084411458], [2; 90; 15.037777022882246], [2; 100; 17.6641795799582], [2; 540; 98.32222556736247], [2; 540; 101.5467579158517], [2; 540; 105.11088045090726], [2; 540; 109.0787156310344], [2; 560; 117.7376426045863], [2; 600; 138.18763440431403], [2; 600; 145.66255639609253], [2; 620; 159.64842115859963], [1; 1320; 392.4788315797854], [2; 680; 247.6263458733573], [2; 700; 360.49643487425726], [2; 700; 509.8189473863238]];
Intervals[4.9E-324=1.0299898139264494, 1.0299898139264494=3.1108834767277713, 3.1108834767277713=5.213341380381099, 9.462754890436624=11.610432115792914, 11.610432115792914=14.867545894573512, 14.867545894573512=18.161464387095027, 18.161464387095027=21.493464127304502, 21.493464127304502=24.864897189698386, 24.864897189698386=28.277197599501736, 28.277197599501736=31.731888459609586, 41.06175895330386=45.78767633412665, 45.78767633412665=51.77437052408343, 51.77437052408343=64.08510345336244, 64.08510345336244=70.33033403590512, 70.33033403590512=76.66948313039173, 76.66948313039173=83.10691946743204, 83.10691946743204=89.64736132631012, 105.60389491071177=115.07099509510897, 134.34034007300806=144.15181029005691, 144.15181029005691=155.57852132795668, 155.57852132795668=167.2315258396441, 191.01812169296443=204.6858558616085, 204.6858558616085=218.6607684780349, 218.6607684780349=232.96454756244634, 262.27857157147173=277.316348594354, 311.64934239190234=329.31352197186055, 329.31352197186055=427.635747539223, 427.635747539223=529.1825054550748, 529.1825054550748=634.2933859059821, 634.2933859059821=743.3721015370164, 743.3721015370164=861.1097441416027, 1115.8394408965999=1254.0270753009138, 1254.0270753009138=1399.6896316970062, 1399.6896316970062=1559.3380528556058, 1559.3380528556058=1951.8168844353913, 2341.630808393371=2589.2571542667283, 3161.1257040604332=3521.6221389346906, 3521.6221389346906=4031.4410863210146];
