1.2028621113339186
1709.3858266247455
2056.155444498117
[2; 10; 0.26148696538257854]
[2; 10; 0.26414172344844755]
[1; 20; 0.533758032980105]
[2; 10; 0.2697032117153291]
[2; 10; 0.27261900685155477]
[1; 20; 0.551262926036367]
[2; 10; 0.27874604168610223]
[2; 10; 0.2819686463375495]
[1; 20; 0.5706113390999825]
[2; 20; 0.5775280927175743]
[2; 20; 0.5847026298255799]
[2; 20; 0.5921513712617131]
[2; 20; 0.5998922406083044]
[2; 20; 0.6079448457602313]
[2; 20; 0.6163306880463777]
[1; 60; 1.8752202119597403]
[1; 60; 1.902597137637529]
[2; 40; 1.2874728176241104]
[2; 40; 1.3074348269128926]
[2; 40; 1.3283551124992758]
[2; 40; 1.3503128829027227]
[1; 80; 2.746793653096012]
[2; 50; 1.7471332778014765]
[2; 50; 1.7791934432670167]
[1; 100; 3.6261717752014007]
[1; 100; 3.697984128278266]
[2; 50; 1.8871196231651262]
[2; 50; 1.9277074842507627]
[1; 120; 4.730477191323622]
[2; 60; 2.4208988837972054]
[1; 120; 4.961366334327302]
[2; 60; 2.545127227891944]
[2; 60; 2.6148696538257856]
[2; 60; 2.6906786757792243]
[2; 60; 2.7734880962086996]
[2; 60; 2.864446188672215]
[1; 140; 6.918294814872584]
[2; 70; 3.5897269127890397]
[1; 140; 7.472612461721471]
[1; 140; 7.804889167210864]
[2; 70; 4.0929184087790595]
[1; 140; 8.628629632649286]
[2; 80; 5.22973930765157]
[1; 160; 11.18165297792945]
[2; 80; 6.038782794128403]
[2; 90; 7.442049501490954]
[2; 90; 8.320464288626097]
[1; 200; 21.350321319204202]
[2; 100; 13.074348269128924]
[2; 100; 18.48992064139133]


Jobs: [[2; 10; 0.26148696538257854], [2; 10; 0.26414172344844755], [1; 20; 0.533758032980105], [2; 10; 0.2697032117153291], [2; 10; 0.27261900685155477], [1; 20; 0.551262926036367], [2; 10; 0.27874604168610223], [2; 10; 0.2819686463375495], [1; 20; 0.5706113390999825], [2; 20; 0.5775280927175743], [2; 20; 0.5847026298255799], [2; 20; 0.5921513712617131], [2; 20; 0.5998922406083044], [2; 20; 0.6079448457602313], [2; 20; 0.6163306880463777], [1; 60; 1.8752202119597403], [2; 40; 1.2874728176241104], [2; 40; 1.3074348269128926], [2; 40; 1.3283551124992758], [2; 40; 1.3503128829027227], [1; 80; 2.746793653096012], [2; 50; 1.7471332778014765], [2; 50; 1.7791934432670167], [1; 100; 3.6261717752014007], [2; 50; 1.8871196231651262], [2; 50; 1.9277074842507627], [1; 120; 4.730477191323622], [2; 60; 2.4208988837972054], [1; 120; 4.961366334327302], [2; 60; 2.545127227891944], [2; 60; 2.6148696538257856], [2; 60; 2.6906786757792243], [2; 60; 2.7734880962086996], [2; 60; 2.864446188672215], [1; 140; 6.918294814872584], [2; 70; 3.5897269127890397], [1; 140; 7.472612461721471], [2; 70; 4.0929184087790595], [1; 140; 8.628629632649286], [2; 80; 5.22973930765157], [1; 160; 11.18165297792945], [2; 80; 6.038782794128403], [2; 90; 7.442049501490954], [2; 90; 8.320464288626097], [1; 200; 21.350321319204202], [2; 100; 13.074348269128924], [2; 100; 18.48992064139133]];
Intervals[4.9E-324=0.26148696538257854, 0.26148696538257854=0.5256286888310261, 0.5256286888310261=1.0593867218111312, 1.0593867218111312=1.3290899335264603, 1.3290899335264603=1.6017089403780151, 1.6017089403780151=2.152971866414382, 2.152971866414382=2.431717908100484, 2.431717908100484=2.7136865544380333, 2.7136865544380333=3.2842978935380156, 3.2842978935380156=3.8618259862555897, 3.8618259862555897=4.44652861608117, 4.44652861608117=5.038679987342883, 5.038679987342883=5.638572227951188, 5.638572227951188=6.246517073711419, 6.246517073711419=6.862847761757797, 6.862847761757797=8.738067973717538, 8.765444899395327=10.052917717019437, 10.052917717019437=11.36035254393233, 11.36035254393233=12.688707656431605, 12.688707656431605=14.039020539334327, 14.039020539334327=16.78581419243034, 16.78581419243034=18.532947470231818, 18.532947470231818=20.312140913498833, 20.312140913498833=23.938312688700233, 24.0101250417771=25.897244664942228, 25.897244664942228=27.824952149192992, 27.824952149192992=32.55542934051661, 32.55542934051661=34.97632822431382, 34.97632822431382=39.93769455864112, 39.93769455864112=42.482821786533066, 42.482821786533066=45.09769144035885, 45.09769144035885=47.788370116138076, 47.788370116138076=50.56185821234678, 50.56185821234678=53.426304401018996, 53.426304401018996=60.34459921589158, 60.34459921589158=63.93432612868062, 63.93432612868062=71.40693859040209, 71.73921529589148=75.83213370467054, 75.83213370467054=84.46076333731983, 84.46076333731983=89.6905026449714, 89.6905026449714=100.87215562290085, 100.87215562290085=106.91093841702926, 106.91093841702926=114.35298791852021, 114.35298791852021=122.67345220714631, 122.67345220714631=144.0237735263505, 144.0237735263505=157.09812179547944, 157.09812179547944=175.58804243687078];

Jobs: [[2; 10; 0.26148696538257854], [2; 10; 0.26414172344844755], [2; 10; 0.2697032117153291], [2; 10; 0.27261900685155477], [2; 10; 0.27874604168610223], [2; 10; 0.2819686463375495], [2; 20; 0.5775280927175743], [2; 20; 0.5847026298255799], [2; 20; 0.5921513712617131], [2; 20; 0.5998922406083044], [2; 20; 0.6079448457602313], [2; 20; 0.6163306880463777], [1; 60; 1.902597137637529], [2; 40; 1.2874728176241104], [2; 40; 1.3074348269128926], [2; 40; 1.3283551124992758], [2; 40; 1.3503128829027227], [2; 50; 1.7471332778014765], [2; 50; 1.7791934432670167], [1; 100; 3.697984128278266], [2; 50; 1.8871196231651262], [2; 50; 1.9277074842507627], [2; 60; 2.4208988837972054], [2; 60; 2.545127227891944], [2; 60; 2.6148696538257856], [2; 60; 2.6906786757792243], [2; 60; 2.7734880962086996], [2; 60; 2.864446188672215], [2; 70; 3.5897269127890397], [1; 140; 7.804889167210864], [2; 70; 4.0929184087790595], [2; 80; 5.22973930765157], [2; 80; 6.038782794128403], [2; 90; 7.442049501490954], [2; 90; 8.320464288626097], [2; 100; 13.074348269128924], [2; 100; 18.48992064139133]];
Intervals[4.9E-324=0.26148696538257854, 0.26148696538257854=0.5256286888310261, 1.0593867218111312=1.3290899335264603, 1.3290899335264603=1.6017089403780151, 2.152971866414382=2.431717908100484, 2.431717908100484=2.7136865544380333, 3.2842978935380156=3.8618259862555897, 3.8618259862555897=4.44652861608117, 4.44652861608117=5.038679987342883, 5.038679987342883=5.638572227951188, 5.638572227951188=6.246517073711419, 6.246517073711419=6.862847761757797, 6.862847761757797=8.765444899395327, 8.765444899395327=10.052917717019437, 10.052917717019437=11.36035254393233, 11.36035254393233=12.688707656431605, 12.688707656431605=14.039020539334327, 16.78581419243034=18.532947470231818, 18.532947470231818=20.312140913498833, 20.312140913498833=24.0101250417771, 24.0101250417771=25.897244664942228, 25.897244664942228=27.824952149192992, 32.55542934051661=34.97632822431382, 39.93769455864112=42.482821786533066, 42.482821786533066=45.09769144035885, 45.09769144035885=47.788370116138076, 47.788370116138076=50.56185821234678, 50.56185821234678=53.426304401018996, 60.34459921589158=63.93432612868062, 63.93432612868062=71.73921529589148, 71.73921529589148=75.83213370467054, 84.46076333731983=89.6905026449714, 100.87215562290085=106.91093841702926, 106.91093841702926=114.35298791852021, 114.35298791852021=122.67345220714631, 144.0237735263505=157.09812179547944, 157.09812179547944=175.58804243687078];
