1.130281534657624
1194331.9685019192
1349931.3702490104
[2; 10; 4.887395970252296]
[2; 10; 4.912017768249045]
[1; 40; 19.748061902338314]
[1; 40; 19.84959502354069]
[2; 30; 14.964532872566052]
[2; 30; 15.043087390641222]
[1; 60; 30.24578425558697]
[2; 30; 15.203980602515308]
[2; 30; 15.286387605030992]
[1; 60; 30.740298520027743]
[2; 30; 15.455303093125796]
[1; 60; 31.083776203314365]
[2; 30; 15.629944829569698]
[1; 80; 41.9187078593857]
[2; 40; 21.080858448624586]
[2; 50; 26.505626134197147]
[2; 70; 37.32810330817215]
[1; 140; 75.10459627318731]
[1; 160; 86.35561528432262]
[2; 80; 43.443519735575975]
[2; 80; 43.714198489770695]
[1; 160; 87.98000117064743]
[2; 80; 44.271089711100146]
[2; 80; 44.55763697251706]
[1; 160; 89.69964265851655]
[2; 90; 50.79130882310619]
[2; 90; 51.13334170330983]
[2; 90; 51.48237880440671]
[2; 100; 57.59851388182008]
[2; 100; 58.00271893825977]
[2; 100; 58.41555488791172]
[2; 520; 305.95413328832217]
[1; 1040; 616.3911709515017]
[2; 520; 310.4870340181835]
[1; 1040; 625.6607312641271]
[2; 520; 315.2275682413575]
[2; 520; 317.6807380663993]
[2; 520; 320.1920873291972]
[2; 540; 335.1779508180209]
[2; 540; 337.914142754965]
[2; 540; 340.71845758395085]
[2; 560; 356.31946498355956]
[2; 560; 359.37805726301457]
[2; 560; 362.5167898457544]
[2; 560; 365.739224683674]
[2; 560; 369.0491493861202]
[2; 560; 372.4505959394217]
[2; 560; 375.9478613600672]
[2; 560; 379.54553052210804]
[1; 1120; 766.4970028691406]
[1; 1160; 801.7713132349355]
[1; 1160; 809.9113322132376]
[1; 1160; 818.3044199278221]
[1; 1160; 826.9639671113265]
[1; 1160; 835.9043779347696]
[2; 580; 422.5705854011167]
[1; 1200; 884.163198284828]
[2; 600; 447.1925388676851]
[2; 600; 452.4849424806947]
[2; 600; 457.9698087081089]
[2; 600; 463.6590927937739]
[2; 600; 469.5658161785537]
[2; 600; 475.7041919538538]
[2; 600; 482.08976884185705]
[2; 600; 488.73959702522967]
[2; 600; 495.67241985620814]
[2; 620; 519.6725262362702]
[1; 1240; 1054.9751784437658]
[1; 1240; 1071.3323582018534]
[1; 1240; 1088.4747644083918]
[2; 620; 553.233650875853]
[2; 620; 562.6913214507197]
[2; 620; 572.6512331079873]
[2; 620; 583.1594716727008]
[1; 1280; 1226.8764269770438]
[1; 1280; 1251.1733683845878]
[2; 640; 638.4867358961515]
[2; 640; 652.2192044813222]
[1; 1280; 1333.755292123281]
[2; 660; 703.9013766683892]
[1; 1320; 1442.568550162433]
[2; 660; 740.0220519327614]
[2; 660; 760.3003832400251]
[2; 660; 782.3426400538292]
[2; 660; 806.420335091629]
[2; 660; 832.8673407607687]
[2; 660; 862.0996010400887]
[1; 1320; 1789.2860724613663]
[2; 680; 959.3913888808949]
[2; 680; 1002.0516247228051]
[1; 1360; 2101.9212206651086]
[2; 680; 1107.8097532571871]
[1; 1360; 2350.019366378259]
[2; 700; 1293.0834295986808]
[2; 700; 1396.6897347728313]
[2; 700; 1529.9969471419745]
[2; 700; 1710.5885895883036]
[2; 700; 1975.217565343019]
[2; 700; 2419.137583036443]
[2; 700; 3421.1771791766073]


Jobs: [[2; 10; 4.887395970252296], [2; 10; 4.912017768249045], [1; 40; 19.748061902338314], [2; 30; 14.964532872566052], [2; 30; 15.043087390641222], [1; 60; 30.24578425558697], [2; 30; 15.203980602515308], [2; 30; 15.286387605030992], [1; 60; 30.740298520027743], [2; 30; 15.455303093125796], [1; 60; 31.083776203314365], [2; 30; 15.629944829569698], [1; 80; 41.9187078593857], [2; 40; 21.080858448624586], [2; 50; 26.505626134197147], [2; 70; 37.32810330817215], [1; 140; 75.10459627318731], [2; 80; 43.443519735575975], [2; 80; 43.714198489770695], [1; 160; 87.98000117064743], [2; 80; 44.271089711100146], [2; 80; 44.55763697251706], [1; 160; 89.69964265851655], [2; 90; 50.79130882310619], [2; 90; 51.13334170330983], [2; 90; 51.48237880440671], [2; 100; 57.59851388182008], [2; 100; 58.00271893825977], [2; 100; 58.41555488791172], [2; 520; 305.95413328832217], [1; 1040; 616.3911709515017], [2; 520; 310.4870340181835], [1; 1040; 625.6607312641271], [2; 520; 315.2275682413575], [2; 520; 317.6807380663993], [2; 520; 320.1920873291972], [2; 540; 335.1779508180209], [2; 540; 337.914142754965], [2; 540; 340.71845758395085], [2; 560; 356.31946498355956], [2; 560; 359.37805726301457], [2; 560; 362.5167898457544], [2; 560; 365.739224683674], [2; 560; 369.0491493861202], [2; 560; 372.4505959394217], [2; 560; 375.9478613600672], [2; 560; 379.54553052210804], [1; 1120; 766.4970028691406], [1; 1160; 809.9113322132376], [1; 1160; 826.9639671113265], [2; 580; 422.5705854011167], [1; 1200; 884.163198284828], [2; 600; 447.1925388676851], [2; 600; 452.4849424806947], [2; 600; 457.9698087081089], [2; 600; 463.6590927937739], [2; 600; 469.5658161785537], [2; 600; 475.7041919538538], [2; 600; 482.08976884185705], [2; 600; 488.73959702522967], [2; 600; 495.67241985620814], [2; 620; 519.6725262362702], [1; 1240; 1054.9751784437658], [1; 1240; 1088.4747644083918], [2; 620; 553.233650875853], [2; 620; 562.6913214507197], [2; 620; 572.6512331079873], [2; 620; 583.1594716727008], [1; 1280; 1226.8764269770438], [2; 640; 638.4867358961515], [2; 640; 652.2192044813222], [1; 1280; 1333.755292123281], [2; 660; 703.9013766683892], [1; 1320; 1442.568550162433], [2; 660; 740.0220519327614], [2; 660; 760.3003832400251], [2; 660; 782.3426400538292], [2; 660; 806.420335091629], [2; 660; 832.8673407607687], [2; 660; 862.0996010400887], [1; 1320; 1789.2860724613663], [2; 680; 959.3913888808949], [2; 680; 1002.0516247228051], [1; 1360; 2101.9212206651086], [2; 680; 1107.8097532571871], [1; 1360; 2350.019366378259], [2; 700; 1293.0834295986808], [2; 700; 1396.6897347728313], [2; 700; 1529.9969471419745], [2; 700; 1710.5885895883036], [2; 700; 1975.217565343019], [2; 700; 2419.137583036443], [2; 700; 3421.1771791766073]];
Intervals[4.9E-324=4.887395970252296, 4.887395970252296=9.799413738501341, 9.799413738501341=29.547475640839657, 29.64900876204203=44.61354163460808, 44.61354163460808=59.6566290252493, 59.6566290252493=89.90241328083627, 89.90241328083627=105.10639388335159, 105.10639388335159=120.39278148838258, 120.39278148838258=151.13308000841033, 151.13308000841033=166.58838310153612, 166.58838310153612=197.67215930485048, 197.67215930485048=213.30210413442018, 213.30210413442018=255.22081199380588, 255.22081199380588=276.30167044243046, 276.30167044243046=302.8072965766276, 302.8072965766276=340.13539988479977, 340.13539988479977=415.2399961579871, 426.4910151691224=469.9345349046984, 469.9345349046984=513.6487333944691, 513.6487333944691=601.6287345651165, 601.6287345651165=645.8998242762166, 645.8998242762166=690.4574612487336, 690.4574612487336=780.1571039072501, 780.1571039072501=830.9484127303563, 830.9484127303563=882.0817544336661, 882.0817544336661=933.5641332380728, 933.5641332380728=991.1626471198929, 991.1626471198929=1049.1653660581526, 1049.1653660581526=1107.5809209460642, 1107.5809209460642=1413.5350542343863, 1413.5350542343863=2029.9262251858881, 2029.9262251858881=2340.4132592040714, 2340.4132592040714=2966.0739904681986, 2966.0739904681986=3281.301558709556, 3281.301558709556=3598.9822967759555, 3598.9822967759555=3919.174384105153, 3919.174384105153=4254.352334923174, 4254.352334923174=4592.2664776781385, 4592.2664776781385=4932.9849352620895, 4932.9849352620895=5289.304400245649, 5289.304400245649=5648.682457508664, 5648.682457508664=6011.199247354418, 6011.199247354418=6376.938472038092, 6376.938472038092=6745.987621424212, 6745.987621424212=7118.438217363634, 7118.438217363634=7494.386078723701, 7494.386078723701=7873.931609245808, 7873.931609245808=8640.428612114949, 8640.428612114949=9450.339944328187, 9450.339944328187=10277.303911439514, 10329.911720343338=10752.482305744456, 10752.482305744456=11636.645504029284, 11636.645504029284=12083.838042896969, 12083.838042896969=12536.322985377663, 12536.322985377663=12994.292794085772, 12994.292794085772=13457.951886879546, 13457.951886879546=13927.5177030581, 13927.5177030581=14403.221895011953, 14403.221895011953=14885.31166385381, 14885.31166385381=15374.05126087904, 15374.05126087904=15869.723680735247, 15869.723680735247=16389.396206971516, 16389.396206971516=17444.37138541528, 17444.37138541528=18532.846149823672, 18532.846149823672=19086.079800699525, 19086.079800699525=19648.771122150243, 19648.771122150243=20221.42235525823, 20221.42235525823=20804.58182693093, 20804.58182693093=22031.458253907975, 22055.75519531552=22694.241931211673, 22694.241931211673=23346.461135692996, 23346.461135692996=24680.216427816278, 24680.216427816278=25384.117804484667, 25384.117804484667=26826.6863546471, 26826.6863546471=27566.708406579863, 27566.708406579863=28327.008789819887, 28327.008789819887=29109.351429873717, 29109.351429873717=29915.771764965346, 29915.771764965346=30748.639105726113, 30748.639105726113=31610.738706766202, 31610.738706766202=33400.02477922757, 33400.02477922757=34359.416168108466, 34359.416168108466=35361.467792831274, 35361.467792831274=37463.38901349638, 37463.38901349638=38571.198766753565, 38571.198766753565=40921.21813313182, 40921.21813313182=42214.3015627305, 42214.3015627305=43610.99129750333, 43610.99129750333=45140.988244645305, 45140.988244645305=46851.57683423361, 46851.57683423361=48826.794399576625, 48826.794399576625=51245.93198261307, 51245.93198261307=54667.109161789675];

Jobs: [[2; 10; 4.887395970252296], [2; 10; 4.912017768249045], [1; 40; 19.84959502354069], [2; 30; 14.964532872566052], [2; 30; 15.043087390641222], [2; 30; 15.203980602515308], [2; 30; 15.286387605030992], [2; 30; 15.455303093125796], [2; 30; 15.629944829569698], [2; 40; 21.080858448624586], [2; 50; 26.505626134197147], [2; 70; 37.32810330817215], [1; 160; 86.35561528432262], [2; 80; 43.443519735575975], [2; 80; 43.714198489770695], [2; 80; 44.271089711100146], [2; 80; 44.55763697251706], [2; 90; 50.79130882310619], [2; 90; 51.13334170330983], [2; 90; 51.48237880440671], [2; 100; 57.59851388182008], [2; 100; 58.00271893825977], [2; 100; 58.41555488791172], [2; 520; 305.95413328832217], [2; 520; 310.4870340181835], [2; 520; 315.2275682413575], [2; 520; 317.6807380663993], [2; 520; 320.1920873291972], [2; 540; 335.1779508180209], [2; 540; 337.914142754965], [2; 540; 340.71845758395085], [2; 560; 356.31946498355956], [2; 560; 359.37805726301457], [2; 560; 362.5167898457544], [2; 560; 365.739224683674], [2; 560; 369.0491493861202], [2; 560; 372.4505959394217], [2; 560; 375.9478613600672], [2; 560; 379.54553052210804], [1; 1160; 801.7713132349355], [1; 1160; 818.3044199278221], [1; 1160; 835.9043779347696], [2; 580; 422.5705854011167], [2; 600; 447.1925388676851], [2; 600; 452.4849424806947], [2; 600; 457.9698087081089], [2; 600; 463.6590927937739], [2; 600; 469.5658161785537], [2; 600; 475.7041919538538], [2; 600; 482.08976884185705], [2; 600; 488.73959702522967], [2; 600; 495.67241985620814], [2; 620; 519.6725262362702], [1; 1240; 1071.3323582018534], [2; 620; 553.233650875853], [2; 620; 562.6913214507197], [2; 620; 572.6512331079873], [2; 620; 583.1594716727008], [1; 1280; 1251.1733683845878], [2; 640; 638.4867358961515], [2; 640; 652.2192044813222], [2; 660; 703.9013766683892], [2; 660; 740.0220519327614], [2; 660; 760.3003832400251], [2; 660; 782.3426400538292], [2; 660; 806.420335091629], [2; 660; 832.8673407607687], [2; 660; 862.0996010400887], [2; 680; 959.3913888808949], [2; 680; 1002.0516247228051], [2; 680; 1107.8097532571871], [2; 700; 1293.0834295986808], [2; 700; 1396.6897347728313], [2; 700; 1529.9969471419745], [2; 700; 1710.5885895883036], [2; 700; 1975.217565343019], [2; 700; 2419.137583036443], [2; 700; 3421.1771791766073]];
Intervals[4.9E-324=4.887395970252296, 4.887395970252296=9.799413738501341, 9.799413738501341=29.64900876204203, 29.64900876204203=44.61354163460808, 44.61354163460808=59.6566290252493, 89.90241328083627=105.10639388335159, 105.10639388335159=120.39278148838258, 151.13308000841033=166.58838310153612, 197.67215930485048=213.30210413442018, 255.22081199380588=276.30167044243046, 276.30167044243046=302.8072965766276, 302.8072965766276=340.13539988479977, 340.13539988479977=426.4910151691224, 426.4910151691224=469.9345349046984, 469.9345349046984=513.6487333944691, 601.6287345651165=645.8998242762166, 645.8998242762166=690.4574612487336, 780.1571039072501=830.9484127303563, 830.9484127303563=882.0817544336661, 882.0817544336661=933.5641332380728, 933.5641332380728=991.1626471198929, 991.1626471198929=1049.1653660581526, 1049.1653660581526=1107.5809209460642, 1107.5809209460642=1413.5350542343863, 2029.9262251858881=2340.4132592040714, 2966.0739904681986=3281.301558709556, 3281.301558709556=3598.9822967759555, 3598.9822967759555=3919.174384105153, 3919.174384105153=4254.352334923174, 4254.352334923174=4592.2664776781385, 4592.2664776781385=4932.9849352620895, 4932.9849352620895=5289.304400245649, 5289.304400245649=5648.682457508664, 5648.682457508664=6011.199247354418, 6011.199247354418=6376.938472038092, 6376.938472038092=6745.987621424212, 6745.987621424212=7118.438217363634, 7118.438217363634=7494.386078723701, 7494.386078723701=7873.931609245808, 7873.931609245808=8675.702922480745, 8675.702922480745=9494.007342408568, 9494.007342408568=10329.911720343338, 10329.911720343338=10752.482305744456, 11636.645504029284=12083.838042896969, 12083.838042896969=12536.322985377663, 12536.322985377663=12994.292794085772, 12994.292794085772=13457.951886879546, 13457.951886879546=13927.5177030581, 13927.5177030581=14403.221895011953, 14403.221895011953=14885.31166385381, 14885.31166385381=15374.05126087904, 15374.05126087904=15869.723680735247, 15869.723680735247=16389.396206971516, 16389.396206971516=17460.72856517337, 18532.846149823672=19086.079800699525, 19086.079800699525=19648.771122150243, 19648.771122150243=20221.42235525823, 20221.42235525823=20804.58182693093, 20804.58182693093=22055.75519531552, 22055.75519531552=22694.241931211673, 22694.241931211673=23346.461135692996, 24680.216427816278=25384.117804484667, 26826.6863546471=27566.708406579863, 27566.708406579863=28327.008789819887, 28327.008789819887=29109.351429873717, 29109.351429873717=29915.771764965346, 29915.771764965346=30748.639105726113, 30748.639105726113=31610.738706766202, 33400.02477922757=34359.416168108466, 34359.416168108466=35361.467792831274, 37463.38901349638=38571.198766753565, 40921.21813313182=42214.3015627305, 42214.3015627305=43610.99129750333, 43610.99129750333=45140.988244645305, 45140.988244645305=46851.57683423361, 46851.57683423361=48826.794399576625, 48826.794399576625=51245.93198261307, 51245.93198261307=54667.109161789675];
