1.2618647771518599
16466.896377220848
20778.996527424555
[2; 10; 0.811588476439158]
[2; 10; 0.8198281646042676]
[2; 10; 0.8283240201661438]
[2; 10; 0.8370895978181518]
[2; 10; 0.8461394781009254]
[2; 20; 1.7109787388624274]
[1; 40; 3.460624891255739]
[2; 20; 1.7503167222877574]
[1; 40; 3.54206250136793]
[1; 40; 3.584998159917435]
[2; 30; 2.722150504610166]
[2; 30; 2.756828979145383]
[2; 30; 2.792867488847709]
[1; 80; 7.5476195214196755]
[2; 40; 3.8258647681532483]
[2; 50; 4.850168830230972]
[2; 50; 4.92097796013641]
[1; 120; 11.98795627518492]
[2; 60; 6.086913573293685]
[1; 120; 12.368620749559707]
[2; 70; 7.334293524186323]
[2; 70; 7.4596751453898]
[2; 70; 7.591715044722962]
[2; 80; 8.835456215105532]
[2; 80; 9.003765742698715]
[1; 160; 18.364150887135594]
[1; 160; 18.742833013733847]
[2; 80; 9.572975404716969]
[2; 80; 9.788125310999568]
[2; 80; 10.018465656415394]
[1; 180; 23.098212974642763]
[2; 90; 11.849133241917956]
[2; 90; 12.173827146587373]
[1; 200; 27.837255085455997]
[2; 100; 14.346992880574682]
[2; 100; 14.817510531899229]
[1; 200; 30.675161079768802]
[1; 1040; 165.5322191348122]
[2; 520; 86.14569809727895]
[2; 520; 89.97624717264922]
[1; 1080; 195.99483633193194]
[2; 540; 103.29834874013771]
[2; 560; 113.62238670148213]
[2; 560; 121.46744071556739]
[1; 1160; 271.77107869914084]
[2; 580; 148.85515028103117]
[2; 600; 172.16391456689615]
[2; 620; 205.42435700120365]
[1; 1320; 535.6483944498443]
[2; 700; 401.71580065609106]


Jobs: [[2; 10; 0.811588476439158], [2; 10; 0.8198281646042676], [2; 10; 0.8283240201661438], [2; 10; 0.8370895978181518], [2; 10; 0.8461394781009254], [2; 20; 1.7109787388624274], [1; 40; 3.460624891255739], [2; 20; 1.7503167222877574], [1; 40; 3.54206250136793], [2; 30; 2.722150504610166], [2; 30; 2.756828979145383], [2; 30; 2.792867488847709], [1; 80; 7.5476195214196755], [2; 40; 3.8258647681532483], [2; 50; 4.850168830230972], [2; 50; 4.92097796013641], [1; 120; 11.98795627518492], [2; 60; 6.086913573293685], [1; 120; 12.368620749559707], [2; 70; 7.334293524186323], [2; 70; 7.4596751453898], [2; 70; 7.591715044722962], [2; 80; 8.835456215105532], [2; 80; 9.003765742698715], [1; 160; 18.364150887135594], [2; 80; 9.572975404716969], [2; 80; 9.788125310999568], [2; 80; 10.018465656415394], [1; 180; 23.098212974642763], [2; 90; 11.849133241917956], [2; 90; 12.173827146587373], [1; 200; 27.837255085455997], [2; 100; 14.346992880574682], [2; 100; 14.817510531899229], [1; 200; 30.675161079768802], [2; 520; 86.14569809727895], [2; 520; 89.97624717264922], [1; 1080; 195.99483633193194], [2; 540; 103.29834874013771], [2; 560; 113.62238670148213], [2; 560; 121.46744071556739], [1; 1160; 271.77107869914084], [2; 580; 148.85515028103117], [2; 600; 172.16391456689615], [2; 620; 205.42435700120365], [1; 1320; 535.6483944498443], [2; 700; 401.71580065609106]];
Intervals[4.9E-324=0.811588476439158, 0.811588476439158=1.6314166410434257, 1.6314166410434257=2.4597406612095694, 2.4597406612095694=3.296830259027721, 3.296830259027721=4.142969737128646, 4.142969737128646=5.853948475991073, 5.853948475991073=9.314573367246812, 9.314573367246812=11.064890089534568, 11.064890089534568=14.606952590902498, 14.649888249452003=17.372038754062167, 17.372038754062167=20.12886773320755, 20.12886773320755=22.921735222055258, 22.921735222055258=30.469354743474934, 30.469354743474934=34.29521951162818, 34.29521951162818=39.14538834185915, 39.14538834185915=44.066366301995565, 44.066366301995565=56.054322577180486, 56.054322577180486=62.14123615047417, 62.14123615047417=74.50985690003388, 74.50985690003388=81.8441504242202, 81.8441504242202=89.30382556961, 89.30382556961=96.89554061433296, 96.89554061433296=105.7309968294385, 105.7309968294385=114.73476257213721, 114.73476257213721=133.0989134592728, 133.47759558587106=143.05057099058803, 143.05057099058803=152.8386963015876, 152.8386963015876=162.857161958003, 162.857161958003=185.95537493264575, 185.95537493264575=197.80450817456372, 197.80450817456372=209.9783353211511, 209.9783353211511=237.8155904066071, 237.8155904066071=252.16258328718177, 252.16258328718177=266.980093819081, 266.980093819081=297.6552548988498, 432.51231295389323=518.6580110511721, 518.6580110511721=608.6342582238213, 608.6342582238213=804.6290945557532, 804.6290945557532=907.927443295891, 907.927443295891=1021.5498299973731, 1021.5498299973731=1143.0172707129404, 1143.0172707129404=1414.7883494120813, 1414.7883494120813=1563.6434996931125, 1563.6434996931125=1735.8074142600087, 1735.8074142600087=1941.2317712612123, 1941.2317712612123=2476.8801657110566, 2476.8801657110566=2878.595966367148];

Jobs: [[2; 10; 0.811588476439158], [2; 10; 0.8198281646042676], [2; 10; 0.8283240201661438], [2; 10; 0.8370895978181518], [2; 10; 0.8461394781009254], [2; 20; 1.7109787388624274], [2; 20; 1.7503167222877574], [1; 40; 3.584998159917435], [2; 30; 2.722150504610166], [2; 30; 2.756828979145383], [2; 30; 2.792867488847709], [2; 40; 3.8258647681532483], [2; 50; 4.850168830230972], [2; 50; 4.92097796013641], [2; 60; 6.086913573293685], [2; 70; 7.334293524186323], [2; 70; 7.4596751453898], [2; 70; 7.591715044722962], [2; 80; 8.835456215105532], [2; 80; 9.003765742698715], [1; 160; 18.742833013733847], [2; 80; 9.572975404716969], [2; 80; 9.788125310999568], [2; 80; 10.018465656415394], [2; 90; 11.849133241917956], [2; 90; 12.173827146587373], [2; 100; 14.346992880574682], [2; 100; 14.817510531899229], [1; 1040; 165.5322191348122], [2; 520; 86.14569809727895], [2; 520; 89.97624717264922], [2; 540; 103.29834874013771], [2; 560; 113.62238670148213], [2; 560; 121.46744071556739], [2; 580; 148.85515028103117], [2; 600; 172.16391456689615], [2; 620; 205.42435700120365], [2; 700; 401.71580065609106]];
Intervals[4.9E-324=0.811588476439158, 0.811588476439158=1.6314166410434257, 1.6314166410434257=2.4597406612095694, 2.4597406612095694=3.296830259027721, 3.296830259027721=4.142969737128646, 4.142969737128646=5.853948475991073, 9.314573367246812=11.064890089534568, 11.064890089534568=14.649888249452003, 14.649888249452003=17.372038754062167, 17.372038754062167=20.12886773320755, 20.12886773320755=22.921735222055258, 30.469354743474934=34.29521951162818, 34.29521951162818=39.14538834185915, 39.14538834185915=44.066366301995565, 56.054322577180486=62.14123615047417, 74.50985690003388=81.8441504242202, 81.8441504242202=89.30382556961, 89.30382556961=96.89554061433296, 96.89554061433296=105.7309968294385, 105.7309968294385=114.73476257213721, 114.73476257213721=133.47759558587106, 133.47759558587106=143.05057099058803, 143.05057099058803=152.8386963015876, 152.8386963015876=162.857161958003, 185.95537493264575=197.80450817456372, 197.80450817456372=209.9783353211511, 237.8155904066071=252.16258328718177, 252.16258328718177=266.980093819081, 266.980093819081=432.51231295389323, 432.51231295389323=518.6580110511721, 518.6580110511721=608.6342582238213, 804.6290945557532=907.927443295891, 907.927443295891=1021.5498299973731, 1021.5498299973731=1143.0172707129404, 1414.7883494120813=1563.6434996931125, 1563.6434996931125=1735.8074142600087, 1735.8074142600087=1941.2317712612123, 2476.8801657110566=2878.595966367148];
