1.1100889571587436
35417.848822304855
39316.96286395843
[1; 10; 0.8416394575149725]
[2; 10; 0.8458794816167965]
[1; 20; 1.7003684792085838]
[2; 10; 0.8545553956129669]
[1; 20; 1.7179893485871032]
[2; 10; 0.8635038636710547]
[2; 10; 0.8680848181706676]
[2; 10; 0.8727394618221466]
[1; 30; 2.632409374965732]
[1; 40; 3.529111525199228]
[1; 40; 3.548663539221109]
[2; 20; 1.7842720813911477]
[2; 20; 1.7943813525533951]
[2; 20; 1.8046644244317671]
[2; 20; 1.8151263348255393]
[1; 40; 3.651544656739368]
[2; 20; 1.8366078675828248]
[1; 40; 3.6952772892902153]
[2; 20; 1.8588705939636878]
[2; 20; 1.870309905588828]
[2; 20; 1.881963039549525]
[2; 30; 2.840755111776114]
[2; 30; 2.8589070863223585]
[2; 30; 2.8774115324874963]
[1; 60; 5.792560014006567]
[2; 30; 2.91552460414128]
[2; 40; 3.913543984389783]
[1; 80; 7.880515810646511]
[1; 80; 7.93505290297339]
[2; 40; 3.995369083963977]
[1; 90; 9.053564025299167]
[1; 90; 9.118933567522557]
[1; 90; 9.185739834763533]
[1; 90; 9.25403623856517]
[1; 90; 9.323879012329925]
[1; 100; 10.4392526732675]
[1; 110; 11.572542540830874]
[1; 120; 12.72439256093674]
[2; 60; 6.413299079566377]
[2; 60; 6.465653410117934]
[1; 130; 14.125174277354978]
[1; 130; 14.244376173607536]
[1; 130; 14.366647739636797]
[2; 70; 7.80345086122876]
[2; 70; 7.872816233028275]
[2; 70; 7.94406489100325]
[2; 70; 8.017283626739815]
[1; 140; 16.185129873601547]
[2; 70; 8.170007514102887]
[1; 160; 18.856495524645666]
[1; 160; 19.044126967136133]
[1; 170; 20.439815396792188]
[1; 170; 20.6516326126674]
[2; 90; 11.048915908324265]
[1; 180; 22.33673423876772]
[2; 90; 11.291778237297146]
[1; 180; 22.8387460036535]
[2; 90; 11.551393260588805]
[1; 180; 23.376201795870838]
[1; 200; 26.28840004679978]
[2; 100; 13.307488272079157]
[2; 100; 13.477017250138761]
[2; 100; 13.65319488778029]
[2; 100; 13.836467449169179]
[2; 100; 14.027324291916209]
[1; 200; 28.452606738647187]
[2; 100; 14.433997616392645]
[1; 200; 29.302124784806313]
[1; 200; 29.756448386150204]
[1; 200; 30.23258179292553]
[2; 110; 16.902780259469917]
[2; 110; 17.191737605503263]
[2; 110; 17.496039771288014]
[2; 110; 17.8170948030856]
[2; 110; 18.156498534639766]
[2; 110; 18.516068065329396]
[2; 120; 20.61587218304524]
[2; 120; 21.059274999725854]
[2; 120; 21.53257623064074]
[2; 120; 22.039294410993893]
[2; 130; 24.465519514143818]
[2; 130; 25.101093394028457]
[2; 130; 25.788921934663517]
[2; 130; 26.536581744872432]
[2; 130; 27.35328236923661]
[2; 140; 30.423452289687646]
[2; 140; 31.4912649321131]
[2; 150; 35.0143179175838]
[2; 150; 36.444057551766]
[2; 150; 38.064576672755834]
[2; 160; 42.583962470653304]
[2; 160; 44.88743773413187]
[2; 170; 50.58596225645536]
[2; 170; 54.078668383981146]
[2; 180; 61.847616549135715]
[2; 190; 71.51459550288193]
[2; 190; 79.95574846392239]
[2; 190; 92.32494579780719]
[2; 190; 113.07450386737081]
[2; 200; 168.3278915029945]


Jobs: [[1; 10; 0.8416394575149725], [2; 10; 0.8458794816167965], [1; 20; 1.7003684792085838], [2; 10; 0.8545553956129669], [1; 20; 1.7179893485871032], [2; 10; 0.8635038636710547], [2; 10; 0.8680848181706676], [2; 10; 0.8727394618221466], [1; 30; 2.632409374965732], [1; 40; 3.548663539221109], [2; 20; 1.7842720813911477], [2; 20; 1.7943813525533951], [2; 20; 1.8046644244317671], [2; 20; 1.8151263348255393], [1; 40; 3.651544656739368], [2; 20; 1.8366078675828248], [1; 40; 3.6952772892902153], [2; 20; 1.8588705939636878], [2; 20; 1.870309905588828], [2; 20; 1.881963039549525], [2; 30; 2.840755111776114], [2; 30; 2.8589070863223585], [2; 30; 2.8774115324874963], [1; 60; 5.792560014006567], [2; 30; 2.91552460414128], [2; 40; 3.913543984389783], [1; 80; 7.880515810646511], [2; 40; 3.995369083963977], [1; 90; 9.053564025299167], [1; 90; 9.185739834763533], [1; 90; 9.323879012329925], [1; 110; 11.572542540830874], [2; 60; 6.413299079566377], [2; 60; 6.465653410117934], [1; 130; 14.125174277354978], [1; 130; 14.366647739636797], [2; 70; 7.80345086122876], [2; 70; 7.872816233028275], [2; 70; 7.94406489100325], [2; 70; 8.017283626739815], [1; 140; 16.185129873601547], [2; 70; 8.170007514102887], [1; 160; 18.856495524645666], [1; 170; 20.439815396792188], [2; 90; 11.048915908324265], [1; 180; 22.33673423876772], [2; 90; 11.291778237297146], [1; 180; 22.8387460036535], [2; 90; 11.551393260588805], [1; 180; 23.376201795870838], [2; 100; 13.307488272079157], [2; 100; 13.477017250138761], [2; 100; 13.65319488778029], [2; 100; 13.836467449169179], [2; 100; 14.027324291916209], [1; 200; 28.452606738647187], [2; 100; 14.433997616392645], [1; 200; 29.302124784806313], [1; 200; 30.23258179292553], [2; 110; 16.902780259469917], [2; 110; 17.191737605503263], [2; 110; 17.496039771288014], [2; 110; 17.8170948030856], [2; 110; 18.156498534639766], [2; 110; 18.516068065329396], [2; 120; 20.61587218304524], [2; 120; 21.059274999725854], [2; 120; 21.53257623064074], [2; 120; 22.039294410993893], [2; 130; 24.465519514143818], [2; 130; 25.101093394028457], [2; 130; 25.788921934663517], [2; 130; 26.536581744872432], [2; 130; 27.35328236923661], [2; 140; 30.423452289687646], [2; 140; 31.4912649321131], [2; 150; 35.0143179175838], [2; 150; 36.444057551766], [2; 150; 38.064576672755834], [2; 160; 42.583962470653304], [2; 160; 44.88743773413187], [2; 170; 50.58596225645536], [2; 170; 54.078668383981146], [2; 180; 61.847616549135715], [2; 190; 71.51459550288193], [2; 190; 79.95574846392239], [2; 190; 92.32494579780719], [2; 190; 113.07450386737081], [2; 200; 168.3278915029945]];
Intervals[0.0=0.8416394575149725, 0.8416394575149725=1.687518939131769, 1.687518939131769=3.3878874183403527, 3.3878874183403527=4.2424428139533195, 4.2424428139533195=5.960432162540423, 5.960432162540423=6.823936026211477, 6.823936026211477=7.692020844382145, 7.692020844382145=8.564760306204292, 8.564760306204292=11.197169681170024, 11.197169681170024=14.745833220391134, 14.745833220391134=16.53010530178228, 16.53010530178228=18.324486654335676, 18.324486654335676=20.129151078767443, 20.129151078767443=21.94427741359298, 21.94427741359298=25.59582207033235, 25.59582207033235=27.432429937915174, 27.432429937915174=31.127707227205388, 31.127707227205388=32.98657782116908, 32.98657782116908=34.856887726757904, 34.856887726757904=36.73885076630743, 36.73885076630743=39.57960587808354, 39.57960587808354=42.4385129644059, 42.4385129644059=45.3159244968934, 45.3159244968934=51.10848451089997, 51.10848451089997=54.02400911504125, 54.02400911504125=57.937553099431035, 57.937553099431035=65.81806891007754, 65.87260600240442=69.8679750863684, 69.8679750863684=78.92153911166757, 78.92153911166757=88.10727894643111, 88.10727894643111=97.43115795876103, 97.43115795876103=109.0037004995919, 111.40459012666037=117.81788920622674, 117.81788920622674=124.28354261634468, 124.28354261634468=138.40871689369965, 138.40871689369965=152.77536463333644, 152.77536463333644=160.5788154945652, 160.5788154945652=168.45163172759348, 168.45163172759348=176.39569661859673, 176.39569661859673=184.41298024533654, 184.41298024533654=200.59811011893808, 200.59811011893808=208.76811763304096, 208.76811763304096=227.6246131576866, 227.6246131576866=248.0644285544788, 248.46387721284447=259.5127931211687, 259.5127931211687=281.8495273599365, 281.8495273599365=293.1413055972336, 293.1413055972336=315.9800516008871, 315.9800516008871=327.5314448614759, 327.5314448614759=350.90764665734673, 353.8198449082757=367.12733318035487, 367.12733318035487=380.60435043049364, 380.60435043049364=394.2575453182739, 394.2575453182739=408.0940127674431, 408.0940127674431=422.1213370593593, 422.1213370593593=450.5739437980065, 450.5739437980065=465.00794141439917, 465.00794141439917=494.3100661992055, 494.3100661992055=524.542647992131, 524.542647992131=541.4454282516009, 541.4454282516009=558.6371658571042, 558.6371658571042=576.1332056283921, 576.1332056283921=593.9503004314778, 593.9503004314778=612.1067989661176, 612.1067989661176=630.622867031447, 630.622867031447=651.2387392144922, 651.2387392144922=672.298014214218, 672.298014214218=693.8305904448588, 693.8305904448588=715.8698848558527, 715.8698848558527=740.3354043699965, 740.3354043699965=765.4364977640249, 765.4364977640249=791.2254196986885, 791.2254196986885=817.762001443561, 817.762001443561=845.1152838127975, 845.1152838127975=875.5387361024852, 875.5387361024852=907.0300010345984, 907.0300010345984=942.0443189521822, 942.0443189521822=978.4883765039482, 978.4883765039482=1016.552953176704, 1016.552953176704=1059.1369156473572, 1059.1369156473572=1104.0243533814892, 1104.0243533814892=1154.6103156379445, 1154.6103156379445=1208.6889840219255, 1208.6889840219255=1270.5366005710612, 1270.5366005710612=1342.0511960739432, 1342.0511960739432=1422.0069445378656, 1422.0069445378656=1514.3318903356728, 1514.3318903356728=1627.4063942030436, 1627.4063942030436=1795.7342857060382];

Jobs: [[2; 10; 0.8458794816167965], [2; 10; 0.8545553956129669], [2; 10; 0.8635038636710547], [2; 10; 0.8680848181706676], [2; 10; 0.8727394618221466], [1; 40; 3.529111525199228], [2; 20; 1.7842720813911477], [2; 20; 1.7943813525533951], [2; 20; 1.8046644244317671], [2; 20; 1.8151263348255393], [2; 20; 1.8366078675828248], [2; 20; 1.8588705939636878], [2; 20; 1.870309905588828], [2; 20; 1.881963039549525], [2; 30; 2.840755111776114], [2; 30; 2.8589070863223585], [2; 30; 2.8774115324874963], [2; 30; 2.91552460414128], [2; 40; 3.913543984389783], [1; 80; 7.93505290297339], [2; 40; 3.995369083963977], [1; 90; 9.118933567522557], [1; 90; 9.25403623856517], [1; 100; 10.4392526732675], [1; 120; 12.72439256093674], [2; 60; 6.413299079566377], [2; 60; 6.465653410117934], [1; 130; 14.244376173607536], [2; 70; 7.80345086122876], [2; 70; 7.872816233028275], [2; 70; 7.94406489100325], [2; 70; 8.017283626739815], [2; 70; 8.170007514102887], [1; 160; 19.044126967136133], [1; 170; 20.6516326126674], [2; 90; 11.048915908324265], [2; 90; 11.291778237297146], [2; 90; 11.551393260588805], [1; 200; 26.28840004679978], [2; 100; 13.307488272079157], [2; 100; 13.477017250138761], [2; 100; 13.65319488778029], [2; 100; 13.836467449169179], [2; 100; 14.027324291916209], [2; 100; 14.433997616392645], [1; 200; 29.756448386150204], [2; 110; 16.902780259469917], [2; 110; 17.191737605503263], [2; 110; 17.496039771288014], [2; 110; 17.8170948030856], [2; 110; 18.156498534639766], [2; 110; 18.516068065329396], [2; 120; 20.61587218304524], [2; 120; 21.059274999725854], [2; 120; 21.53257623064074], [2; 120; 22.039294410993893], [2; 130; 24.465519514143818], [2; 130; 25.101093394028457], [2; 130; 25.788921934663517], [2; 130; 26.536581744872432], [2; 130; 27.35328236923661], [2; 140; 30.423452289687646], [2; 140; 31.4912649321131], [2; 150; 35.0143179175838], [2; 150; 36.444057551766], [2; 150; 38.064576672755834], [2; 160; 42.583962470653304], [2; 160; 44.88743773413187], [2; 170; 50.58596225645536], [2; 170; 54.078668383981146], [2; 180; 61.847616549135715], [2; 190; 71.51459550288193], [2; 190; 79.95574846392239], [2; 190; 92.32494579780719], [2; 190; 113.07450386737081], [2; 200; 168.3278915029945]];
Intervals[0.8416394575149725=1.687518939131769, 3.3878874183403527=4.2424428139533195, 5.960432162540423=6.823936026211477, 6.823936026211477=7.692020844382145, 7.692020844382145=8.564760306204292, 8.564760306204292=12.09387183140352, 14.745833220391134=16.53010530178228, 16.53010530178228=18.324486654335676, 18.324486654335676=20.129151078767443, 20.129151078767443=21.94427741359298, 25.59582207033235=27.432429937915174, 31.127707227205388=32.98657782116908, 32.98657782116908=34.856887726757904, 34.856887726757904=36.73885076630743, 36.73885076630743=39.57960587808354, 39.57960587808354=42.4385129644059, 42.4385129644059=45.3159244968934, 51.10848451089997=54.02400911504125, 54.02400911504125=57.937553099431035, 57.937553099431035=65.87260600240442, 65.87260600240442=69.8679750863684, 69.8679750863684=78.98690865389096, 78.98690865389096=88.24094489245613, 88.24094489245613=98.68019756572363, 98.68019756572363=111.40459012666037, 111.40459012666037=117.81788920622674, 117.81788920622674=124.28354261634468, 124.28354261634468=138.52791878995222, 152.77536463333644=160.5788154945652, 160.5788154945652=168.45163172759348, 168.45163172759348=176.39569661859673, 176.39569661859673=184.41298024533654, 200.59811011893808=208.76811763304096, 208.76811763304096=227.81224460017708, 227.81224460017708=248.46387721284447, 248.46387721284447=259.5127931211687, 281.8495273599365=293.1413055972336, 315.9800516008871=327.5314448614759, 327.5314448614759=353.8198449082757, 353.8198449082757=367.12733318035487, 367.12733318035487=380.60435043049364, 380.60435043049364=394.2575453182739, 394.2575453182739=408.0940127674431, 408.0940127674431=422.1213370593593, 450.5739437980065=465.00794141439917, 465.00794141439917=494.7643898005494, 524.542647992131=541.4454282516009, 541.4454282516009=558.6371658571042, 558.6371658571042=576.1332056283921, 576.1332056283921=593.9503004314778, 593.9503004314778=612.1067989661176, 612.1067989661176=630.622867031447, 630.622867031447=651.2387392144922, 651.2387392144922=672.298014214218, 672.298014214218=693.8305904448588, 693.8305904448588=715.8698848558527, 715.8698848558527=740.3354043699965, 740.3354043699965=765.4364977640249, 765.4364977640249=791.2254196986885, 791.2254196986885=817.762001443561, 817.762001443561=845.1152838127975, 845.1152838127975=875.5387361024852, 875.5387361024852=907.0300010345984, 907.0300010345984=942.0443189521822, 942.0443189521822=978.4883765039482, 978.4883765039482=1016.552953176704, 1016.552953176704=1059.1369156473572, 1059.1369156473572=1104.0243533814892, 1104.0243533814892=1154.6103156379445, 1154.6103156379445=1208.6889840219255, 1208.6889840219255=1270.5366005710612, 1270.5366005710612=1342.0511960739432, 1342.0511960739432=1422.0069445378656, 1422.0069445378656=1514.3318903356728, 1514.3318903356728=1627.4063942030436, 1627.4063942030436=1795.7342857060382];
