1.049345526610517
1093671.208103478
1147638.9898061045
[1; 20; 9.353806532544825]
[2; 10; 4.700464640913099]
[2; 10; 4.724385735049624]
[1; 20; 9.497351592221182]
[1; 40; 19.093377631205698]
[2; 20; 9.59680301198369]
[1; 40; 19.29542958212205]
[1; 40; 19.39889107220576]
[1; 60; 29.25605232505234]
[1; 60; 29.416360661091495]
[2; 30; 14.789666717701774]
[2; 30; 14.872522641730734]
[2; 30; 14.956786900427588]
[2; 30; 15.042499847983436]
[1; 80; 40.34587593650987]
[1; 80; 40.58251066904171]
[1; 80; 40.82335854415151]
[2; 40; 20.534273042630282]
[1; 100; 51.64775649988968]
[1; 120; 62.358710216965505]
[2; 70; 36.602557696515696]
[1; 140; 73.66698190158291]
[1; 140; 74.13770223042539]
[2; 90; 47.9684333043331]
[1; 180; 96.56596755661614]
[2; 90; 48.60380447561191]
[1; 180; 97.8622130407363]
[1; 180; 98.5302222497736]
[1; 200; 110.23566715115788]
[1; 200; 111.00926027118045]
[1; 200; 111.79937173876517]
[1; 200; 112.60659790196496]
[1; 200; 113.43156569198467]
[1; 1040; 594.2296602826373]
[1; 1040; 598.7144760600457]
[1; 1040; 603.3023935447609]
[1; 1040; 607.9974246154136]
[2; 520; 306.40190158097624]
[2; 520; 308.86300056778515]
[2; 540; 323.3606950592046]
[2; 540; 326.04423231773023]
[2; 540; 328.7957092192783]
[1; 1080; 663.2360835021528]
[1; 1080; 669.0286483604281]
[1; 1080; 674.975686634049]
[1; 1120; 706.3095287079436]
[1; 1120; 712.8194315650127]
[1; 1120; 719.5127186112817]
[1; 1120; 726.3981646677623]
[1; 1120; 733.4851438529224]
[1; 1120; 740.7836832557808]
[1; 1120; 748.3045226035861]
[1; 1160; 783.061294329303]
[1; 1160; 791.3478879987089]
[1; 1160; 799.9032489386615]
[1; 1160; 808.7422271992041]
[1; 1160; 817.8808475188791]
[1; 1160; 827.3364315609011]
[1; 1200; 865.9942097213793]
[1; 1200; 876.491492499446]
[1; 1200; 887.3800030621064]
[1; 1200; 898.6846626638198]
[2; 600; 455.21633660748955]
[1; 1200; 922.653792840363]
[1; 1200; 935.3806532544826]
[1; 1200; 948.6491266665182]
[1; 1200; 962.4987516169163]
[1; 1240; 1009.5390035780682]
[1; 1240; 1025.1917045057683]
[1; 1240; 1041.5958133741947]
[1; 1240; 1058.8134395255563]
[1; 1240; 1076.9141257282495]
[1; 1240; 1095.9760325781072]
[1; 1240; 1116.0873620325697]
[1; 1240; 1137.3480793156536]
[1; 1280; 1197.2872361657376]
[1; 1280; 1221.9761683971647]
[2; 640; 624.1291162677832]
[2; 640; 638.1562410849104]
[2; 640; 653.1737367064242]
[1; 1280; 1338.607824329717]
[1; 1320; 1416.3008574970368]
[1; 1320; 1455.110806395284]
[1; 1320; 1497.2966671341978]
[2; 660; 771.689038934948]
[2; 660; 796.9970123322294]
[1; 1320; 1649.9405673276756]
[1; 1320; 1712.2242452882967]
[1; 1360; 1836.143724634228]
[1; 1360; 1917.7895734925442]
[1; 1360; 2011.3946736074413]
[2; 680; 1060.0980736884135]
[2; 680; 1124.4038049418102]
[2; 700; 1237.39229484625]
[1; 1400; 2673.072868368798]
[2; 700; 1464.102307860628]
[1; 1400; 3273.8322863906888]
[2; 700; 1890.1479518293522]
[2; 700; 2314.9490101743154]
[1; 1400; 6547.6645727813775]


Jobs: [[1; 20; 9.353806532544825], [2; 10; 4.700464640913099], [2; 10; 4.724385735049624], [1; 20; 9.497351592221182], [2; 20; 9.59680301198369], [1; 40; 19.29542958212205], [1; 60; 29.25605232505234], [2; 30; 14.789666717701774], [2; 30; 14.872522641730734], [2; 30; 14.956786900427588], [2; 30; 15.042499847983436], [1; 80; 40.34587593650987], [1; 80; 40.82335854415151], [2; 40; 20.534273042630282], [1; 100; 51.64775649988968], [2; 70; 36.602557696515696], [1; 140; 73.66698190158291], [2; 90; 47.9684333043331], [1; 180; 96.56596755661614], [2; 90; 48.60380447561191], [1; 180; 97.8622130407363], [1; 200; 110.23566715115788], [1; 200; 111.79937173876517], [1; 200; 113.43156569198467], [1; 1040; 598.7144760600457], [1; 1040; 607.9974246154136], [2; 520; 306.40190158097624], [2; 520; 308.86300056778515], [2; 540; 323.3606950592046], [2; 540; 326.04423231773023], [2; 540; 328.7957092192783], [1; 1080; 663.2360835021528], [1; 1080; 674.975686634049], [1; 1120; 712.8194315650127], [1; 1120; 726.3981646677623], [1; 1120; 740.7836832557808], [1; 1160; 783.061294329303], [1; 1160; 799.9032489386615], [1; 1160; 817.8808475188791], [1; 1200; 865.9942097213793], [1; 1200; 887.3800030621064], [2; 600; 455.21633660748955], [1; 1200; 922.653792840363], [1; 1200; 948.6491266665182], [1; 1240; 1009.5390035780682], [1; 1240; 1041.5958133741947], [1; 1240; 1076.9141257282495], [1; 1240; 1116.0873620325697], [1; 1280; 1197.2872361657376], [2; 640; 624.1291162677832], [2; 640; 638.1562410849104], [2; 640; 653.1737367064242], [1; 1280; 1338.607824329717], [1; 1320; 1455.110806395284], [2; 660; 771.689038934948], [2; 660; 796.9970123322294], [1; 1320; 1649.9405673276756], [1; 1360; 1836.143724634228], [1; 1360; 2011.3946736074413], [2; 680; 1060.0980736884135], [2; 680; 1124.4038049418102], [2; 700; 1237.39229484625], [1; 1400; 2673.072868368798], [2; 700; 1464.102307860628], [1; 1400; 3273.8322863906888], [2; 700; 1890.1479518293522], [2; 700; 2314.9490101743154], [1; 1400; 6547.6645727813775]];
Intervals[0.0=9.353806532544825, 9.353806532544825=14.054271173457924, 14.054271173457924=18.778656908507546, 18.778656908507546=28.27600850072873, 37.87203453971324=47.46883755169693, 47.46883755169693=66.76426713381898, 66.76426713381898=96.02031945887131, 96.2840892849942=111.07375600269597, 111.07375600269597=125.94627864442671, 125.94627864442671=140.90306554485431, 140.90306554485431=155.94556539283775, 155.94556539283775=196.2914413293476, 196.2914413293476=237.11479987349912, 237.11479987349912=257.6490729161294, 257.6490729161294=309.2968294160191, 320.0077831330949=356.6103408296106, 356.6103408296106=430.2773227311935, 430.748043060036=478.7164763643691, 478.7164763643691=575.2824439209852, 575.2824439209852=623.8862483965971, 623.8862483965971=721.7484614373334, 721.7484614373334=831.9841285884913, 831.9841285884913=943.7835003272565, 943.7835003272565=1057.2150660192412, 1057.2150660192412=1655.9295420792869, 1655.9295420792869=2263.9269666947002, 2263.9269666947002=2570.3288682756765, 2570.3288682756765=2879.1918688434616, 2879.1918688434616=3202.5525639026664, 3202.5525639026664=3528.5967962203968, 3528.5967962203968=3857.392505439675, 3857.392505439675=4520.628588941828, 4520.628588941828=5195.604275575877, 5195.604275575877=5908.42370714089, 5908.42370714089=6634.821871808652, 6634.821871808652=7375.605555064432, 7375.605555064432=8158.666849393735, 8158.666849393735=8958.570098332397, 8958.570098332397=9776.450945851277, 9776.450945851277=10642.445155572655, 10642.445155572655=11529.825158634761, 11636.635769497916=12091.852106105405, 12091.852106105405=13014.505898945768, 13014.505898945768=13963.155025612286, 13963.155025612286=14972.694029190354, 14972.694029190354=16014.289842564549, 16014.289842564549=17091.203968292797, 17091.203968292797=18207.291330325366, 18207.291330325366=19404.578566491105, 19529.036935299053=20153.166051566837, 20153.166051566837=20791.32229265175, 20791.32229265175=21444.49602935817, 21444.49602935817=22783.103853687888, 22783.103853687888=24238.214660083173, 24358.093553989405=25129.78259292435, 25129.78259292435=25926.779605256583, 25926.779605256583=27576.720172584257, 27576.720172584257=29412.863897218485, 29412.863897218485=31424.25857082593, 31424.25857082593=32484.35664451434, 32484.35664451434=33608.76044945615, 33608.76044945615=34846.1527443024, 34846.1527443024=37519.2256126712, 37519.2256126712=38983.32792053183, 38983.32792053183=42257.16020692252, 42257.16020692252=44147.30815875187, 44147.30815875187=46462.25716892618, 46462.25716892618=53009.921741707556];

Jobs: [[2; 10; 4.700464640913099], [2; 10; 4.724385735049624], [1; 40; 19.093377631205698], [2; 20; 9.59680301198369], [1; 40; 19.39889107220576], [1; 60; 29.416360661091495], [2; 30; 14.789666717701774], [2; 30; 14.872522641730734], [2; 30; 14.956786900427588], [2; 30; 15.042499847983436], [1; 80; 40.58251066904171], [2; 40; 20.534273042630282], [1; 120; 62.358710216965505], [2; 70; 36.602557696515696], [1; 140; 74.13770223042539], [2; 90; 47.9684333043331], [2; 90; 48.60380447561191], [1; 180; 98.5302222497736], [1; 200; 111.00926027118045], [1; 200; 112.60659790196496], [1; 1040; 594.2296602826373], [1; 1040; 603.3023935447609], [2; 520; 306.40190158097624], [2; 520; 308.86300056778515], [2; 540; 323.3606950592046], [2; 540; 326.04423231773023], [2; 540; 328.7957092192783], [1; 1080; 669.0286483604281], [1; 1120; 706.3095287079436], [1; 1120; 719.5127186112817], [1; 1120; 733.4851438529224], [1; 1120; 748.3045226035861], [1; 1160; 791.3478879987089], [1; 1160; 808.7422271992041], [1; 1160; 827.3364315609011], [1; 1200; 876.491492499446], [1; 1200; 898.6846626638198], [2; 600; 455.21633660748955], [1; 1200; 935.3806532544826], [1; 1200; 962.4987516169163], [1; 1240; 1025.1917045057683], [1; 1240; 1058.8134395255563], [1; 1240; 1095.9760325781072], [1; 1240; 1137.3480793156536], [1; 1280; 1221.9761683971647], [2; 640; 624.1291162677832], [2; 640; 638.1562410849104], [2; 640; 653.1737367064242], [1; 1320; 1416.3008574970368], [1; 1320; 1497.2966671341978], [2; 660; 771.689038934948], [2; 660; 796.9970123322294], [1; 1320; 1712.2242452882967], [1; 1360; 1917.7895734925442], [2; 680; 1060.0980736884135], [2; 680; 1124.4038049418102], [2; 700; 1237.39229484625], [2; 700; 1464.102307860628], [2; 700; 1890.1479518293522], [2; 700; 2314.9490101743154]];
Intervals[9.353806532544825=14.054271173457924, 14.054271173457924=18.778656908507546, 18.778656908507546=37.87203453971324, 37.87203453971324=47.46883755169693, 47.46883755169693=66.86772862390269, 66.86772862390269=96.2840892849942, 96.2840892849942=111.07375600269597, 111.07375600269597=125.94627864442671, 125.94627864442671=140.90306554485431, 140.90306554485431=155.94556539283775, 155.94556539283775=196.52807606187946, 237.11479987349912=257.6490729161294, 257.6490729161294=320.0077831330949, 320.0077831330949=356.6103408296106, 356.6103408296106=430.748043060036, 430.748043060036=478.7164763643691, 575.2824439209852=623.8862483965971, 623.8862483965971=722.4164706463707, 722.4164706463707=833.4257309175512, 833.4257309175512=946.0323288195161, 946.0323288195161=1540.2619891021534, 1540.2619891021534=2143.564382646914, 2263.9269666947002=2570.3288682756765, 2570.3288682756765=2879.1918688434616, 2879.1918688434616=3202.5525639026664, 3202.5525639026664=3528.5967962203968, 3528.5967962203968=3857.392505439675, 3857.392505439675=4526.421153800103, 4526.421153800103=5232.730682508047, 5232.730682508047=5952.243401119328, 5952.243401119328=6685.72854497225, 6685.72854497225=7434.033067575836, 7434.033067575836=8225.380955574545, 8225.380955574545=9034.123182773748, 9034.123182773748=9861.45961433465, 9861.45961433465=10737.951106834096, 10737.951106834096=11636.635769497916, 11636.635769497916=12091.852106105405, 12091.852106105405=13027.232759359887, 13027.232759359887=13989.731510976804, 13989.731510976804=15014.923215482573, 15014.923215482573=16073.73665500813, 16073.73665500813=17169.712687586238, 17169.712687586238=18307.06076690189, 18307.06076690189=19529.036935299053, 19529.036935299053=20153.166051566837, 20153.166051566837=20791.32229265175, 20791.32229265175=21444.49602935817, 21444.49602935817=22860.79688685521, 22860.79688685521=24358.093553989405, 24358.093553989405=25129.78259292435, 25129.78259292435=25926.779605256583, 25926.779605256583=27639.00385054488, 27639.00385054488=29556.793424037423, 31424.25857082593=32484.35664451434, 32484.35664451434=33608.76044945615, 33608.76044945615=34846.1527443024, 37519.2256126712=38983.32792053183, 42257.16020692252=44147.30815875187, 44147.30815875187=46462.25716892618];
