0.9999999999999998
2665.7157261485663
2665.715726148566
[2; 10; 0.3265403942025284]
[2; 20; 0.6597112202055322]
[2; 20; 0.6665477885028909]
[2; 20; 0.6736014006844191]
[2; 20; 0.6808837896310643]
[2; 20; 0.688407595819488]
[2; 20; 0.6961864596302247]
[2; 20; 0.7042351253960525]
[2; 30; 1.0688543384955755]
[2; 30; 1.0818106217060155]
[2; 30; 1.0952497782546478]
[2; 30; 1.1092025672281383]
[2; 30; 1.123702562615334]
[2; 30; 1.138786493415596]
[2; 40; 1.539326180479575]
[2; 40; 1.5611616850167709]
[2; 40; 1.5839535721504157]
[2; 40; 1.6077737594947312]
[2; 40; 1.6327019710126423]
[2; 40; 1.6588268613765356]
[2; 50; 2.107809181017329]
[2; 50; 2.1438427173670824]
[2; 50; 2.1817897822285093]
[2; 50; 2.2218259616763025]
[2; 50; 2.2641502592450777]
[2; 60; 2.770787124863235]
[2; 60; 2.827922767411745]
[2; 60; 2.888745269088722]
[2; 60; 2.9536689994487193]
[2; 70; 3.527039370637454]
[2; 70; 3.6141398780523115]
[2; 70; 3.7080292762893508]
[2; 80; 4.353871922700379]
[2; 80; 4.4800972478088585]
[2; 80; 4.617978541438725]
[2; 80; 4.769427729102773]
[2; 80; 4.936826720439359]
[2; 80; 5.123187206199917]
[2; 90; 5.998930096526017]
[2; 90; 6.265678136672023]
[2; 90; 6.571498669527886]
[2; 90; 6.926967812158088]
[2; 90; 7.347158869556889]
[2; 90; 7.854443216022633]
[2; 90; 8.483768302235235]
[2; 90; 9.293502543563086]
[2; 100; 11.544946353596814]
[2; 100; 13.330955770057818]
[2; 100; 16.32701971012642]
[2; 100; 23.089892707193627]


Jobs: [[2; 10; 0.3265403942025284], [2; 20; 0.6597112202055322], [2; 20; 0.6665477885028909], [2; 20; 0.6736014006844191], [2; 20; 0.6808837896310643], [2; 20; 0.688407595819488], [2; 20; 0.6961864596302247], [2; 20; 0.7042351253960525], [2; 30; 1.0688543384955755], [2; 30; 1.0818106217060155], [2; 30; 1.0952497782546478], [2; 30; 1.1092025672281383], [2; 30; 1.123702562615334], [2; 30; 1.138786493415596], [2; 40; 1.539326180479575], [2; 40; 1.5611616850167709], [2; 40; 1.5839535721504157], [2; 40; 1.6077737594947312], [2; 40; 1.6327019710126423], [2; 40; 1.6588268613765356], [2; 50; 2.107809181017329], [2; 50; 2.1438427173670824], [2; 50; 2.1817897822285093], [2; 50; 2.2218259616763025], [2; 50; 2.2641502592450777], [2; 60; 2.770787124863235], [2; 60; 2.827922767411745], [2; 60; 2.888745269088722], [2; 60; 2.9536689994487193], [2; 70; 3.527039370637454], [2; 70; 3.6141398780523115], [2; 70; 3.7080292762893508], [2; 80; 4.353871922700379], [2; 80; 4.4800972478088585], [2; 80; 4.617978541438725], [2; 80; 4.769427729102773], [2; 80; 4.936826720439359], [2; 80; 5.123187206199917], [2; 90; 5.998930096526017], [2; 90; 6.265678136672023], [2; 90; 6.571498669527886], [2; 90; 6.926967812158088], [2; 90; 7.347158869556889], [2; 90; 7.854443216022633], [2; 90; 8.483768302235235], [2; 90; 9.293502543563086], [2; 100; 11.544946353596814], [2; 100; 13.330955770057818], [2; 100; 16.32701971012642], [2; 100; 23.089892707193627]];
Intervals[4.9E-324=0.3265403942025284, 0.3265403942025284=0.9862516144080606, 0.9862516144080606=1.6527994029109516, 1.6527994029109516=2.3264008035953707, 2.3264008035953707=3.007284593226435, 3.007284593226435=3.695692189045923, 3.695692189045923=4.391878648676148, 4.391878648676148=5.0961137740722, 5.0961137740722=6.1649681125677755, 6.1649681125677755=7.246778734273791, 7.246778734273791=8.342028512528438, 8.342028512528438=9.451231079756576, 9.451231079756576=10.57493364237191, 10.57493364237191=11.713720135787506, 11.713720135787506=13.253046316267081, 13.253046316267081=14.814208001283852, 14.814208001283852=16.39816157343427, 16.39816157343427=18.005935332929, 18.005935332929=19.638637303941643, 19.638637303941643=21.29746416531818, 21.29746416531818=23.40527334633551, 23.40527334633551=25.54911606370259, 25.54911606370259=27.7309058459311, 27.7309058459311=29.952731807607403, 29.952731807607403=32.21688206685248, 32.21688206685248=34.98766919171571, 34.98766919171571=37.81559195912745, 37.81559195912745=40.704337228216176, 40.704337228216176=43.65800622766489, 43.65800622766489=47.185045598302345, 47.185045598302345=50.79918547635466, 50.79918547635466=54.50721475264401, 54.50721475264401=58.86108667534439, 58.86108667534439=63.341183923153245, 63.341183923153245=67.95916246459197, 67.95916246459197=72.72859019369474, 72.72859019369474=77.6654169141341, 77.6654169141341=82.78860412033401, 82.78860412033401=88.78753421686002, 88.78753421686002=95.05321235353205, 95.05321235353205=101.62471102305993, 101.62471102305993=108.55167883521801, 108.55167883521801=115.8988377047749, 115.8988377047749=123.75328092079754, 123.75328092079754=132.23704922303278, 132.23704922303278=141.53055176659586, 141.53055176659586=153.07549812019266, 153.07549812019266=166.40645389025048, 166.40645389025048=182.7334736003769, 182.7334736003769=205.82336630757052];

Jobs: [[2; 10; 0.3265403942025284], [2; 20; 0.6597112202055322], [2; 20; 0.6665477885028909], [2; 20; 0.6736014006844191], [2; 20; 0.6808837896310643], [2; 20; 0.688407595819488], [2; 20; 0.6961864596302247], [2; 20; 0.7042351253960525], [2; 30; 1.0688543384955755], [2; 30; 1.0818106217060155], [2; 30; 1.0952497782546478], [2; 30; 1.1092025672281383], [2; 30; 1.123702562615334], [2; 30; 1.138786493415596], [2; 40; 1.539326180479575], [2; 40; 1.5611616850167709], [2; 40; 1.5839535721504157], [2; 40; 1.6077737594947312], [2; 40; 1.6327019710126423], [2; 40; 1.6588268613765356], [2; 50; 2.107809181017329], [2; 50; 2.1438427173670824], [2; 50; 2.1817897822285093], [2; 50; 2.2218259616763025], [2; 50; 2.2641502592450777], [2; 60; 2.770787124863235], [2; 60; 2.827922767411745], [2; 60; 2.888745269088722], [2; 60; 2.9536689994487193], [2; 70; 3.527039370637454], [2; 70; 3.6141398780523115], [2; 70; 3.7080292762893508], [2; 80; 4.353871922700379], [2; 80; 4.4800972478088585], [2; 80; 4.617978541438725], [2; 80; 4.769427729102773], [2; 80; 4.936826720439359], [2; 80; 5.123187206199917], [2; 90; 5.998930096526017], [2; 90; 6.265678136672023], [2; 90; 6.571498669527886], [2; 90; 6.926967812158088], [2; 90; 7.347158869556889], [2; 90; 7.854443216022633], [2; 90; 8.483768302235235], [2; 90; 9.293502543563086], [2; 100; 11.544946353596814], [2; 100; 13.330955770057818], [2; 100; 16.32701971012642], [2; 100; 23.089892707193627]];
Intervals[4.9E-324=0.3265403942025284, 0.3265403942025284=0.9862516144080606, 0.9862516144080606=1.6527994029109516, 1.6527994029109516=2.3264008035953707, 2.3264008035953707=3.007284593226435, 3.007284593226435=3.695692189045923, 3.695692189045923=4.391878648676148, 4.391878648676148=5.0961137740722, 5.0961137740722=6.1649681125677755, 6.1649681125677755=7.246778734273791, 7.246778734273791=8.342028512528438, 8.342028512528438=9.451231079756576, 9.451231079756576=10.57493364237191, 10.57493364237191=11.713720135787506, 11.713720135787506=13.253046316267081, 13.253046316267081=14.814208001283852, 14.814208001283852=16.39816157343427, 16.39816157343427=18.005935332929, 18.005935332929=19.638637303941643, 19.638637303941643=21.29746416531818, 21.29746416531818=23.40527334633551, 23.40527334633551=25.54911606370259, 25.54911606370259=27.7309058459311, 27.7309058459311=29.952731807607403, 29.952731807607403=32.21688206685248, 32.21688206685248=34.98766919171571, 34.98766919171571=37.81559195912745, 37.81559195912745=40.704337228216176, 40.704337228216176=43.65800622766489, 43.65800622766489=47.185045598302345, 47.185045598302345=50.79918547635466, 50.79918547635466=54.50721475264401, 54.50721475264401=58.86108667534439, 58.86108667534439=63.341183923153245, 63.341183923153245=67.95916246459197, 67.95916246459197=72.72859019369474, 72.72859019369474=77.6654169141341, 77.6654169141341=82.78860412033401, 82.78860412033401=88.78753421686002, 88.78753421686002=95.05321235353205, 95.05321235353205=101.62471102305993, 101.62471102305993=108.55167883521801, 108.55167883521801=115.8988377047749, 115.8988377047749=123.75328092079754, 123.75328092079754=132.23704922303278, 132.23704922303278=141.53055176659586, 141.53055176659586=153.07549812019266, 153.07549812019266=166.40645389025048, 166.40645389025048=182.7334736003769, 182.7334736003769=205.82336630757052];
