1.1119180073818304
14752.827044840611
16403.93405094795
[1; 20; 1.0863821443613886]
[1; 20; 1.091855136905588]
[1; 20; 1.097411687482744]
[1; 20; 1.1030539441469736]
[1; 20; 1.1087841330650063]
[2; 10; 0.5573022811033168]
[1; 20; 1.1205176252505236]
[1; 20; 1.1265258057204155]
[1; 20; 1.1326316813679167]
[2; 10; 0.5694189644097429]
[1; 20; 1.145147328506613]
[2; 10; 0.5757813849499177]
[1; 20; 1.1580872570689613]
[1; 20; 1.1647239145938073]
[2; 10; 0.5857379969259334]
[2; 10; 0.5891734398558236]
[1; 20; 1.1853400976629778]
[1; 40; 2.3849186428368156]
[1; 40; 2.3994167620458478]
[1; 40; 2.414182543025308]
[1; 40; 2.4292243243340548]
[1; 40; 2.444550812806135]
[1; 40; 2.4601711047303176]
[1; 40; 2.4760947085376293]
[1; 40; 2.492331569125425]
[1; 40; 2.508892093959402]
[2; 20; 1.2628935905545844]
[1; 40; 2.543028249388985]
[1; 40; 2.560627270793069]
[2; 30; 1.933947604076104]
[1; 60; 3.895425058832337]
[2; 30; 1.9617756183913955]
[1; 60; 3.952295586165016]
[1; 60; 3.981681088057266]
[2; 30; 2.00586596884152]
[1; 60; 4.042473628149599]
[1; 60; 4.0739330413552075]
[2; 30; 2.0530692734009324]
[1; 60; 4.1391201091390695]
[1; 60; 4.172909405365235]
[2; 30; 2.10376997636438]
[1; 80; 5.657396331336855]
[1; 80; 5.705958563943603]
[2; 40; 2.8778966046887335]
[1; 80; 5.8069568218701475]
[1; 80; 5.859509538487761]
[1; 80; 5.913515376346701]
[1; 80; 5.969042560530657]
[1; 100; 7.532704858160593]
[1; 100; 7.606196401964473]
[1; 100; 7.681881812379206]
[1; 100; 7.759872459724205]
[1; 100; 7.8402877936231326]
[2; 60; 4.753953667522152]
[2; 60; 4.8053492548918495]
[1; 120; 9.716897297336219]
[2; 60; 4.913348116075146]
[1; 120; 9.940303430998865]
[2; 60; 5.028972126418896]
[1; 120; 10.179863180011724]
[1; 120; 10.306325956559515]
[2; 70; 6.088612848619029]
[1; 140; 12.336411874457278]
[1; 140; 12.502008705174433]
[1; 140; 12.674458350882867]
[1; 140; 12.854246881953639]
[2; 70; 6.520955023872202]
[2; 70; 6.619020000689427]
[2; 70; 6.721646585831806]
[1; 140; 13.65839952081658]
[1; 160; 15.867626841001771]
[1; 160; 16.13888797493591]
[1; 160; 16.42455418720746]
[1; 160; 16.72594729306268]
[2; 80; 8.52228269741153]
[2; 80; 8.691057154891109]
[1; 160; 17.7405461290401]
[1; 160; 18.122106901886667]
[1; 160; 18.52939611310338]
[1; 160; 18.965441562607644]
[2; 80; 9.716897297336219]
[2; 80; 9.9693262765017]
[2; 90; 11.522822718568811]
[1; 180; 23.713773516990102]
[2; 90; 12.221799124065623]
[1; 180; 25.245239716372556]
[1; 180; 26.131305698415666]
[2; 90; 13.558868744689068]
[1; 180; 28.22503605704328]
[1; 200; 32.755654107167636]
[2; 100; 17.177209927599193]
[1; 200; 36.212738145379625]
[1; 200; 38.40940906189603]
[1; 200; 41.06138546801864]
[1; 200; 44.35136532260025]
[1; 200; 48.58448648668109]
[1; 200; 54.319107218069426]
[2; 100; 31.36115117449253]
[1; 200; 76.81881812379206]
[1; 200; 108.63821443613885]


Jobs: [[1; 20; 1.0863821443613886], [1; 20; 1.097411687482744], [1; 20; 1.1087841330650063], [2; 10; 0.5573022811033168], [1; 20; 1.1205176252505236], [1; 20; 1.1326316813679167], [2; 10; 0.5694189644097429], [1; 20; 1.145147328506613], [2; 10; 0.5757813849499177], [1; 20; 1.1580872570689613], [2; 10; 0.5857379969259334], [2; 10; 0.5891734398558236], [1; 20; 1.1853400976629778], [1; 40; 2.3994167620458478], [1; 40; 2.4292243243340548], [1; 40; 2.4601711047303176], [1; 40; 2.492331569125425], [2; 20; 1.2628935905545844], [1; 40; 2.543028249388985], [2; 30; 1.933947604076104], [1; 60; 3.895425058832337], [2; 30; 1.9617756183913955], [1; 60; 3.952295586165016], [2; 30; 2.00586596884152], [1; 60; 4.042473628149599], [2; 30; 2.0530692734009324], [1; 60; 4.1391201091390695], [2; 30; 2.10376997636438], [1; 80; 5.657396331336855], [2; 40; 2.8778966046887335], [1; 80; 5.8069568218701475], [1; 80; 5.913515376346701], [1; 100; 7.532704858160593], [1; 100; 7.681881812379206], [1; 100; 7.8402877936231326], [2; 60; 4.753953667522152], [2; 60; 4.8053492548918495], [1; 120; 9.716897297336219], [2; 60; 4.913348116075146], [1; 120; 9.940303430998865], [2; 60; 5.028972126418896], [1; 120; 10.179863180011724], [2; 70; 6.088612848619029], [1; 140; 12.336411874457278], [1; 140; 12.674458350882867], [2; 70; 6.520955023872202], [2; 70; 6.619020000689427], [2; 70; 6.721646585831806], [1; 140; 13.65839952081658], [1; 160; 16.13888797493591], [1; 160; 16.72594729306268], [2; 80; 8.52228269741153], [2; 80; 8.691057154891109], [1; 160; 17.7405461290401], [1; 160; 18.52939611310338], [2; 80; 9.716897297336219], [2; 80; 9.9693262765017], [2; 90; 11.522822718568811], [1; 180; 23.713773516990102], [2; 90; 12.221799124065623], [1; 180; 25.245239716372556], [2; 90; 13.558868744689068], [1; 180; 28.22503605704328], [2; 100; 17.177209927599193], [1; 200; 36.212738145379625], [1; 200; 41.06138546801864], [1; 200; 48.58448648668109], [2; 100; 31.36115117449253], [1; 200; 76.81881812379206]];
Intervals[0.0=1.0863821443613886, 1.0863821443613886=2.183793831844133, 2.183793831844133=3.292577964909139, 3.292577964909139=3.8498802460124555, 3.8498802460124555=4.970397871262979, 4.970397871262979=6.103029552630896, 6.103029552630896=6.672448517040639, 6.672448517040639=7.817595845547252, 7.817595845547252=8.393377230497169, 8.393377230497169=9.55146448756613, 9.558101145090976=10.14383914201691, 10.14383914201691=10.733012581872734, 10.733012581872734=11.918352679535712, 11.918352679535712=14.317769441581559, 14.317769441581559=16.746993765915615, 16.746993765915615=19.207164870645933, 19.207164870645933=21.69949643977136, 22.961651383038024=24.224544973592607, 24.224544973592607=26.767573222981593, 26.785172244385677=28.71911984846178, 28.71911984846178=32.61454490729412, 32.61454490729412=34.57632052568551, 34.57632052568551=38.528616111850525, 38.558001613742775=40.563867582584294, 40.563867582584294=44.606341210733895, 44.6378006239395=46.69086989734043, 46.69086989734043=50.8299900064795, 50.863779302705666=52.96754927907005, 52.96754927907005=58.624945610406904, 58.67350784301365=61.55140444770239, 61.55140444770239=67.35836126957254, 67.35836126957254=73.27187664591924, 73.27187664591924=80.80458150407983, 80.80458150407983=88.48646331645904, 88.48646331645904=96.32675111008217, 96.32675111008217=101.08070477760432, 101.08070477760432=105.88605403249618, 105.88605403249618=115.6029513298324, 115.6029513298324=120.51629944590753, 120.51629944590753=130.4566028769064, 130.4566028769064=135.4855750033253, 135.4855750033253=145.66543818333702, 145.7919009598848=151.88051380850382, 151.88051380850382=164.2169256829611, 164.2169256829611=176.89138403384396, 177.23676939563188=183.7577244195041, 183.7577244195041=190.37674442019352, 190.37674442019352=197.09839100602534, 197.09839100602534=210.7567905268419, 210.7567905268419=226.8956785017778, 226.8956785017778=243.6216257948405, 243.6216257948405=252.14390849225202, 252.14390849225202=260.8349656471431, 260.8349656471431=278.57551177618325, 278.57551177618325=297.1049078892866, 297.92251411163744=307.6394114089737, 307.6394114089737=317.6087376854754, 317.6087376854754=329.1315604040442, 329.1315604040442=352.8453339210343, 352.8453339210343=365.0671330450999, 365.0671330450999=390.3123727614725, 391.19843874351557=404.7573074882046, 404.7573074882046=432.9823435452479, 437.51296159537225=454.69017152297147, 454.69017152297147=490.90290966835107, 490.90290966835107=531.9642951363697, 531.9642951363697=580.5487816230508, 591.7700531255372=623.1312043000297, 623.1312043000297=699.9500224238218];

Jobs: [[1; 20; 1.091855136905588], [1; 20; 1.1030539441469736], [2; 10; 0.5573022811033168], [1; 20; 1.1265258057204155], [2; 10; 0.5694189644097429], [2; 10; 0.5757813849499177], [1; 20; 1.1647239145938073], [2; 10; 0.5857379969259334], [2; 10; 0.5891734398558236], [1; 40; 2.3849186428368156], [1; 40; 2.414182543025308], [1; 40; 2.444550812806135], [1; 40; 2.4760947085376293], [1; 40; 2.508892093959402], [2; 20; 1.2628935905545844], [1; 40; 2.560627270793069], [2; 30; 1.933947604076104], [2; 30; 1.9617756183913955], [1; 60; 3.981681088057266], [2; 30; 2.00586596884152], [1; 60; 4.0739330413552075], [2; 30; 2.0530692734009324], [1; 60; 4.172909405365235], [2; 30; 2.10376997636438], [1; 80; 5.705958563943603], [2; 40; 2.8778966046887335], [1; 80; 5.859509538487761], [1; 80; 5.969042560530657], [1; 100; 7.606196401964473], [1; 100; 7.759872459724205], [2; 60; 4.753953667522152], [2; 60; 4.8053492548918495], [2; 60; 4.913348116075146], [2; 60; 5.028972126418896], [1; 120; 10.306325956559515], [2; 70; 6.088612848619029], [1; 140; 12.502008705174433], [1; 140; 12.854246881953639], [2; 70; 6.520955023872202], [2; 70; 6.619020000689427], [2; 70; 6.721646585831806], [1; 160; 15.867626841001771], [1; 160; 16.42455418720746], [2; 80; 8.52228269741153], [2; 80; 8.691057154891109], [1; 160; 18.122106901886667], [1; 160; 18.965441562607644], [2; 80; 9.716897297336219], [2; 80; 9.9693262765017], [2; 90; 11.522822718568811], [2; 90; 12.221799124065623], [1; 180; 26.131305698415666], [2; 90; 13.558868744689068], [1; 200; 32.755654107167636], [2; 100; 17.177209927599193], [1; 200; 38.40940906189603], [1; 200; 44.35136532260025], [1; 200; 54.319107218069426], [2; 100; 31.36115117449253], [1; 200; 108.63821443613885]];
Intervals[0.0=1.091855136905588, 1.091855136905588=2.1949090810525616, 3.292577964909139=3.8498802460124555, 3.8498802460124555=4.976406051732871, 6.103029552630896=6.672448517040639, 7.817595845547252=8.393377230497169, 8.393377230497169=9.558101145090976, 9.558101145090976=10.14383914201691, 10.14383914201691=10.733012581872734, 10.733012581872734=13.11793122470955, 13.11793122470955=15.532113767734858, 15.532113767734858=17.97666458054099, 17.97666458054099=20.45275928907862, 20.45275928907862=22.961651383038024, 22.961651383038024=24.224544973592607, 24.224544973592607=26.785172244385677, 26.785172244385677=28.71911984846178, 32.61454490729412=34.57632052568551, 34.57632052568551=38.558001613742775, 38.558001613742775=40.563867582584294, 40.563867582584294=44.6378006239395, 44.6378006239395=46.69086989734043, 46.69086989734043=50.863779302705666, 50.863779302705666=52.96754927907005, 52.96754927907005=58.67350784301365, 58.67350784301365=61.55140444770239, 61.55140444770239=67.41091398619015, 67.41091398619015=73.3799565467208, 73.3799565467208=80.98615294868527, 80.98615294868527=88.74602540840948, 96.32675111008217=101.08070477760432, 101.08070477760432=105.88605403249618, 115.6029513298324=120.51629944590753, 130.4566028769064=135.4855750033253, 135.4855750033253=145.7919009598848, 145.7919009598848=151.88051380850382, 151.88051380850382=164.38252251367825, 164.38252251367825=177.23676939563188, 177.23676939563188=183.7577244195041, 183.7577244195041=190.37674442019352, 190.37674442019352=197.09839100602534, 197.09839100602534=212.9660178470271, 212.9660178470271=229.39057203423457, 243.6216257948405=252.14390849225202, 252.14390849225202=260.8349656471431, 260.8349656471431=278.9570725490298, 278.9570725490298=297.92251411163744, 297.92251411163744=307.6394114089737, 307.6394114089737=317.6087376854754, 317.6087376854754=329.1315604040442, 352.8453339210343=365.0671330450999, 365.0671330450999=391.19843874351557, 391.19843874351557=404.7573074882046, 404.7573074882046=437.51296159537225, 437.51296159537225=454.69017152297147, 454.69017152297147=493.0995805848675, 493.0995805848675=537.4509459074677, 537.4509459074677=591.7700531255372, 591.7700531255372=623.1312043000297, 623.1312043000297=731.7694187361685];
