1.209170048224102
1681.3320078761171
2033.0163050442907
[2; 10; 0.25933237421317973]
[1; 20; 0.5239305153924193]
[2; 10; 0.2646799960861636]
[2; 10; 0.26748092060620965]
[1; 20; 0.5407453805509121]
[1; 20; 0.546720649021843]
[1; 40; 1.105796959129023]
[1; 40; 1.1185811637135614]
[1; 40; 1.131819271413819]
[2; 20; 0.5727693968994925]
[1; 40; 1.1597696350141669]
[1; 40; 1.1745443661271024]
[1; 60; 1.7848478083953534]
[1; 60; 1.8088065691266406]
[1; 60; 1.8337568038734673]
[1; 60; 1.8597688379172324]
[1; 60; 1.8869201841584924]
[1; 60; 1.9152965160666333]
[1; 80; 2.593323742131797]
[1; 80; 2.6348195568267805]
[2; 40; 1.3391866219467665]
[1; 80; 2.724160718638027]
[1; 100; 3.4654746200156]
[2; 50; 1.76453330724109]
[1; 100; 3.596292971590134]
[2; 50; 1.8337568038734673]
[1; 100; 3.7431404015391028]
[1; 100; 3.823647254828503]
[1; 100; 3.9095826420779787]
[2; 50; 2.0007927047358227]
[1; 100; 4.100404867663822]
[2; 50; 2.1034633145038364]
[1; 100; 4.322206236886329]
[1; 100; 4.447513525920797]
[1; 120; 5.5012704116204025]
[1; 120; 5.681687649917184]
[1; 120; 5.881105449222971]
[2; 60; 3.0515557768138843]
[1; 140; 7.41103989041258]
[2; 70; 3.8702893569515813]
[1; 140; 8.118387445099168]
[2; 70; 4.2787658757047575]
[2; 70; 4.538316548730645]
[2; 80; 5.54475939202496]
[1; 160; 11.978049284925126]
[1; 180; 14.76145752358976]
[1; 180; 16.503811234861207]
[1; 180; 19.056959718203778]
[1; 180; 23.33991367918617]
[1; 200; 36.67513607746935]


Jobs: [[2; 10; 0.25933237421317973], [1; 20; 0.5239305153924193], [2; 10; 0.2646799960861636], [2; 10; 0.26748092060620965], [1; 20; 0.5407453805509121], [1; 40; 1.105796959129023], [1; 40; 1.131819271413819], [2; 20; 0.5727693968994925], [1; 40; 1.1597696350141669], [1; 60; 1.7848478083953534], [1; 60; 1.8337568038734673], [1; 60; 1.8869201841584924], [1; 80; 2.593323742131797], [2; 40; 1.3391866219467665], [1; 80; 2.724160718638027], [2; 50; 1.76453330724109], [1; 100; 3.596292971590134], [2; 50; 1.8337568038734673], [1; 100; 3.7431404015391028], [1; 100; 3.9095826420779787], [2; 50; 2.0007927047358227], [1; 100; 4.100404867663822], [2; 50; 2.1034633145038364], [1; 100; 4.322206236886329], [1; 120; 5.5012704116204025], [1; 120; 5.881105449222971], [2; 60; 3.0515557768138843], [1; 140; 7.41103989041258], [2; 70; 3.8702893569515813], [1; 140; 8.118387445099168], [2; 70; 4.2787658757047575], [2; 70; 4.538316548730645], [2; 80; 5.54475939202496], [1; 160; 11.978049284925126], [1; 180; 16.503811234861207], [1; 180; 23.33991367918617]];
Intervals[4.9E-324=0.25933237421317973, 0.25933237421317973=0.7832628896055991, 0.7832628896055991=1.0479428856917627, 1.0479428856917627=1.3154238062979724, 1.3154238062979724=1.8561691868488845, 1.8561691868488845=2.9619661459779074, 2.9619661459779074=4.093785417391727, 4.093785417391727=4.666554814291219, 4.666554814291219=5.826324449305385, 5.826324449305385=7.611172257700739, 7.611172257700739=9.444929061574205, 9.444929061574205=11.331849245732698, 11.331849245732698=13.925172987864496, 14.059790660355608=15.398977282302374, 15.398977282302374=18.1231380009404, 18.864451902317974=20.628985209559065, 20.628985209559065=24.2252781811492, 24.2252781811492=26.059034985022667, 26.059034985022667=29.80217538656177, 29.80217538656177=33.71175802863975, 33.71175802863975=35.71255073337557, 35.71255073337557=39.81295560103939, 39.81295560103939=41.916418915543225, 41.916418915543225=46.238625152429556, 46.238625152429556=51.73989556404996, 51.73989556404996=57.62100101327293, 57.62100101327293=60.672556790086816, 60.672556790086816=68.0835966804994, 68.0835966804994=71.95388603745099, 71.95388603745099=80.07227348255016, 80.07227348255016=84.35103935825492, 84.35103935825492=88.88935590698557, 88.88935590698557=94.43411529901053, 94.43411529901053=106.41216458393565, 106.41216458393565=122.91597581879685, 122.91597581879685=146.25588949798302];

Jobs: [[2; 10; 0.25933237421317973], [2; 10; 0.2646799960861636], [2; 10; 0.26748092060620965], [1; 20; 0.546720649021843], [1; 40; 1.1185811637135614], [2; 20; 0.5727693968994925], [1; 40; 1.1745443661271024], [1; 60; 1.8088065691266406], [1; 60; 1.8597688379172324], [1; 60; 1.9152965160666333], [1; 80; 2.6348195568267805], [2; 40; 1.3391866219467665], [1; 100; 3.4654746200156], [2; 50; 1.76453330724109], [2; 50; 1.8337568038734673], [1; 100; 3.823647254828503], [2; 50; 2.0007927047358227], [2; 50; 2.1034633145038364], [1; 100; 4.447513525920797], [1; 120; 5.681687649917184], [2; 60; 3.0515557768138843], [2; 70; 3.8702893569515813], [2; 70; 4.2787658757047575], [2; 70; 4.538316548730645], [2; 80; 5.54475939202496], [1; 180; 14.76145752358976], [1; 180; 19.056959718203778], [1; 200; 36.67513607746935]];
Intervals[4.9E-324=0.25933237421317973, 0.7832628896055991=1.0479428856917627, 1.0479428856917627=1.3154238062979724, 1.3154238062979724=1.8621444553198154, 1.8621444553198154=2.980725619033377, 4.093785417391727=4.666554814291219, 4.666554814291219=5.841099180418322, 5.841099180418322=7.6499057495449625, 7.6499057495449625=9.509674587462195, 9.509674587462195=11.424971103528827, 11.424971103528827=14.059790660355608, 14.059790660355608=15.398977282302374, 15.398977282302374=18.864451902317974, 18.864451902317974=20.628985209559065, 24.2252781811492=26.059034985022667, 26.059034985022667=29.88268223985117, 33.71175802863975=35.71255073337557, 39.81295560103939=41.916418915543225, 41.916418915543225=46.36393244146402, 46.36393244146402=52.04562009138121, 57.62100101327293=60.672556790086816, 68.0835966804994=71.95388603745099, 80.07227348255016=84.35103935825492, 84.35103935825492=88.88935590698557, 88.88935590698557=94.43411529901053, 94.43411529901053=109.19557282260028, 109.19557282260028=128.25253254080405, 128.25253254080405=164.9276686182734];
