1.0811009672358824
7328.123481549332
7922.4413839269655
[1; 20; 1.0828202792005204]
[2; 10; 0.5469068301635706]
[2; 10; 0.5525744098290193]
[1; 30; 1.6752657627709433]
[2; 30; 1.6933772703496097]
[2; 40; 2.2827855859287287]
[2; 40; 2.3085805920993305]
[2; 40; 2.3352702717422718]
[2; 50; 2.9536344603985727]
[2; 50; 2.9894373974226225]
[1; 100; 6.053149379269163]
[1; 100; 6.130262671223942]
[2; 60; 3.7262401350407104]
[1; 120; 7.552518038459018]
[2; 60; 3.8283478111449933]
[1; 120; 7.765306658807508]
[1; 140; 9.191787262627019]
[2; 70; 4.66500869203073]
[1; 140; 9.474677443004554]
[1; 150; 10.31387347326359]
[2; 80; 5.591659877705708]
[2; 80; 5.687250731599567]
[1; 160; 11.57583570348357]
[2; 90; 6.63089291794823]
[1; 180; 13.51441398035669]
[2; 90; 6.891026060060988]
[2; 90; 7.033124021404571]
[2; 100; 7.982657006475832]
[2; 100; 8.162064957945459]
[2; 100; 8.3541398243764]
[2; 100; 8.560445947232733]
[2; 110; 9.66111544866146]
[2; 120; 10.828202792005204]
[2; 130; 12.070639480022868]
[2; 130; 12.44213038622123]
[2; 130; 12.850177007246954]
[2; 140; 14.324365866710517]
[2; 140; 14.86509697442388]
[2; 140; 15.472083475212537]
[2; 150; 17.314354440744978]
[2; 160; 19.37007801366132]
[2; 160; 20.4178549927733]
[2; 170; 23.00993093301106]
[2; 170; 24.598650869902585]
[2; 180; 28.132496085618286]
[2; 190; 32.52969459948439]
[2; 190; 36.36930420587744]
[2; 190; 41.99565514700545]
[2; 190; 51.43396326202472]
[2; 200; 76.56695622289988]


Jobs: [[1; 20; 1.0828202792005204], [2; 10; 0.5469068301635706], [2; 10; 0.5525744098290193], [1; 30; 1.6752657627709433], [2; 30; 1.6933772703496097], [2; 40; 2.2827855859287287], [2; 40; 2.3085805920993305], [2; 40; 2.3352702717422718], [2; 50; 2.9536344603985727], [2; 50; 2.9894373974226225], [1; 100; 6.053149379269163], [2; 60; 3.7262401350407104], [1; 120; 7.552518038459018], [2; 60; 3.8283478111449933], [1; 120; 7.765306658807508], [2; 70; 4.66500869203073], [1; 140; 9.474677443004554], [2; 80; 5.591659877705708], [2; 80; 5.687250731599567], [1; 160; 11.57583570348357], [2; 90; 6.63089291794823], [1; 180; 13.51441398035669], [2; 90; 6.891026060060988], [2; 90; 7.033124021404571], [2; 100; 7.982657006475832], [2; 100; 8.162064957945459], [2; 100; 8.3541398243764], [2; 100; 8.560445947232733], [2; 110; 9.66111544866146], [2; 120; 10.828202792005204], [2; 130; 12.070639480022868], [2; 130; 12.44213038622123], [2; 130; 12.850177007246954], [2; 140; 14.324365866710517], [2; 140; 14.86509697442388], [2; 140; 15.472083475212537], [2; 150; 17.314354440744978], [2; 160; 19.37007801366132], [2; 160; 20.4178549927733], [2; 170; 23.00993093301106], [2; 170; 24.598650869902585], [2; 180; 28.132496085618286], [2; 190; 32.52969459948439], [2; 190; 36.36930420587744], [2; 190; 41.99565514700545], [2; 190; 51.43396326202472], [2; 200; 76.56695622289988]];
Intervals[0.0=1.0828202792005204, 1.0828202792005204=1.629727109364091, 1.629727109364091=2.1823015191931106, 2.1823015191931106=3.857567281964054, 3.857567281964054=5.550944552313664, 5.550944552313664=7.833730138242393, 7.833730138242393=10.142310730341723, 10.142310730341723=12.477581002083994, 12.477581002083994=15.431215462482566, 15.431215462482566=18.42065285990519, 18.42065285990519=24.473802239174354, 24.55091553112913=28.277155666169843, 28.277155666169843=35.82967370462886, 35.82967370462886=39.658021515773854, 39.658021515773854=47.423328174581364, 48.84980877840087=53.5148174704316, 53.5148174704316=62.989494913436154, 63.82869094369519=69.4203508214009, 69.4203508214009=75.10760155300046, 75.10760155300046=86.68343725648404, 86.68343725648404=93.31433017443227, 93.31433017443227=106.82874415478896, 106.82874415478896=113.71977021484996, 113.71977021484996=120.75289423625453, 120.75289423625453=128.73555124273037, 128.73555124273037=136.89761620067583, 136.89761620067583=145.25175602505223, 145.25175602505223=153.81220197228495, 153.81220197228495=163.47331742094642, 163.47331742094642=174.30152021295163, 174.30152021295163=186.3721596929745, 186.3721596929745=198.81429007919573, 198.81429007919573=211.66446708644267, 211.66446708644267=225.98883295315318, 225.98883295315318=240.85392992757707, 240.85392992757707=256.3260134027896, 256.3260134027896=273.6403678435346, 273.6403678435346=293.0104458571959, 293.0104458571959=313.4283008499692, 313.4283008499692=336.43823178298027, 336.43823178298027=361.03688265288287, 361.03688265288287=389.16937873850117, 389.16937873850117=421.69907333798557, 421.69907333798557=458.068377543863, 458.068377543863=500.06403269086843, 500.06403269086843=551.4979959528931, 551.4979959528931=628.064952175793];

Jobs: [[2; 10; 0.5469068301635706], [2; 10; 0.5525744098290193], [2; 30; 1.6933772703496097], [2; 40; 2.2827855859287287], [2; 40; 2.3085805920993305], [2; 40; 2.3352702717422718], [2; 50; 2.9536344603985727], [2; 50; 2.9894373974226225], [1; 100; 6.130262671223942], [2; 60; 3.7262401350407104], [2; 60; 3.8283478111449933], [1; 140; 9.191787262627019], [2; 70; 4.66500869203073], [1; 150; 10.31387347326359], [2; 80; 5.591659877705708], [2; 80; 5.687250731599567], [2; 90; 6.63089291794823], [2; 90; 6.891026060060988], [2; 90; 7.033124021404571], [2; 100; 7.982657006475832], [2; 100; 8.162064957945459], [2; 100; 8.3541398243764], [2; 100; 8.560445947232733], [2; 110; 9.66111544866146], [2; 120; 10.828202792005204], [2; 130; 12.070639480022868], [2; 130; 12.44213038622123], [2; 130; 12.850177007246954], [2; 140; 14.324365866710517], [2; 140; 14.86509697442388], [2; 140; 15.472083475212537], [2; 150; 17.314354440744978], [2; 160; 19.37007801366132], [2; 160; 20.4178549927733], [2; 170; 23.00993093301106], [2; 170; 24.598650869902585], [2; 180; 28.132496085618286], [2; 190; 32.52969459948439], [2; 190; 36.36930420587744], [2; 190; 41.99565514700545], [2; 190; 51.43396326202472], [2; 200; 76.56695622289988]];
Intervals[1.0828202792005204=1.629727109364091, 1.629727109364091=2.1823015191931106, 3.857567281964054=5.550944552313664, 5.550944552313664=7.833730138242393, 7.833730138242393=10.142310730341723, 10.142310730341723=12.477581002083994, 12.477581002083994=15.431215462482566, 15.431215462482566=18.42065285990519, 18.42065285990519=24.55091553112913, 24.55091553112913=28.277155666169843, 35.82967370462886=39.658021515773854, 39.658021515773854=48.84980877840087, 48.84980877840087=53.5148174704316, 53.5148174704316=63.82869094369519, 63.82869094369519=69.4203508214009, 69.4203508214009=75.10760155300046, 86.68343725648404=93.31433017443227, 106.82874415478896=113.71977021484996, 113.71977021484996=120.75289423625453, 120.75289423625453=128.73555124273037, 128.73555124273037=136.89761620067583, 136.89761620067583=145.25175602505223, 145.25175602505223=153.81220197228495, 153.81220197228495=163.47331742094642, 163.47331742094642=174.30152021295163, 174.30152021295163=186.3721596929745, 186.3721596929745=198.81429007919573, 198.81429007919573=211.66446708644267, 211.66446708644267=225.98883295315318, 225.98883295315318=240.85392992757707, 240.85392992757707=256.3260134027896, 256.3260134027896=273.6403678435346, 273.6403678435346=293.0104458571959, 293.0104458571959=313.4283008499692, 313.4283008499692=336.43823178298027, 336.43823178298027=361.03688265288287, 361.03688265288287=389.16937873850117, 389.16937873850117=421.69907333798557, 421.69907333798557=458.068377543863, 458.068377543863=500.06403269086843, 500.06403269086843=551.4979959528931, 551.4979959528931=628.064952175793];
