1.1312570855672515
2691.574681752638
3044.8629300660914
[2; 10; 0.3281203853315205]
[2; 10; 0.3314516421620874]
[2; 10; 0.33488646594484317]
[1; 20; 0.6768606735231049]
[2; 10; 0.34208914943791796]
[2; 20; 0.6917385095864719]
[2; 20; 0.6995550120355911]
[2; 20; 0.7076426218975737]
[2; 30; 1.074026073456979]
[1; 60; 2.17409009330559]
[1; 60; 2.2010984592141143]
[2; 30; 1.114569530236668]
[2; 40; 1.5055195799744459]
[2; 40; 1.5257288007400553]
[2; 40; 1.5467743300897412]
[1; 100; 3.921788718540587]
[2; 50; 1.9895220685885688]
[2; 50; 2.019441372558502]
[2; 50; 2.050752408322003]
[1; 100; 4.1671330608454555]
[2; 50; 2.1180079799002325]
[2; 60; 2.585059040786376]
[2; 60; 2.6308158504145625]
[2; 60; 2.679091727558745]
[2; 60; 2.7301266319333832]
[2; 60; 2.784193794161534]
[2; 60; 2.841605891966357]
[2; 60; 2.9027226880546806]
[2; 60; 2.9679605569404197]
[2; 70; 3.5441052253254246]
[2; 70; 3.631627175328977]
[1; 140; 7.451941729463375]
[1; 140; 7.656142324402147]
[1; 140; 7.87810545770788]
[2; 80; 4.640322990269223]
[2; 80; 4.79250497662296]
[2; 80; 4.960713941016509]
[2; 80; 5.14797614650156]
[2; 80; 5.358183455117491]
[1; 160; 11.192880192569458]
[2; 80; 5.869595891237638]
[2; 80; 6.187097320358965]
[1; 160; 13.12481541326082]
[2; 80; 7.0155089344388335]
[2; 90; 8.52481767589907]
[2; 90; 9.338469879417369]
[2; 90; 10.440726728105751]
[1; 200; 26.790917275587454]
[1; 200; 32.81203853315205]
[2; 100; 23.201614951346112]


Jobs: [[2; 10; 0.3281203853315205], [2; 10; 0.3314516421620874], [2; 10; 0.33488646594484317], [1; 20; 0.6768606735231049], [2; 10; 0.34208914943791796], [2; 20; 0.6917385095864719], [2; 20; 0.6995550120355911], [2; 20; 0.7076426218975737], [2; 30; 1.074026073456979], [1; 60; 2.17409009330559], [2; 30; 1.114569530236668], [2; 40; 1.5055195799744459], [2; 40; 1.5257288007400553], [2; 40; 1.5467743300897412], [1; 100; 3.921788718540587], [2; 50; 1.9895220685885688], [2; 50; 2.019441372558502], [2; 50; 2.050752408322003], [1; 100; 4.1671330608454555], [2; 50; 2.1180079799002325], [2; 60; 2.585059040786376], [2; 60; 2.6308158504145625], [2; 60; 2.679091727558745], [2; 60; 2.7301266319333832], [2; 60; 2.784193794161534], [2; 60; 2.841605891966357], [2; 60; 2.9027226880546806], [2; 60; 2.9679605569404197], [2; 70; 3.5441052253254246], [2; 70; 3.631627175328977], [1; 140; 7.451941729463375], [1; 140; 7.87810545770788], [2; 80; 4.640322990269223], [2; 80; 4.79250497662296], [2; 80; 4.960713941016509], [2; 80; 5.14797614650156], [2; 80; 5.358183455117491], [1; 160; 11.192880192569458], [2; 80; 5.869595891237638], [2; 80; 6.187097320358965], [1; 160; 13.12481541326082], [2; 80; 7.0155089344388335], [2; 90; 8.52481767589907], [2; 90; 9.338469879417369], [2; 90; 10.440726728105751], [1; 200; 26.790917275587454], [2; 100; 23.201614951346112]];
Intervals[4.9E-324=0.3281203853315205, 0.3281203853315205=0.6595720274936079, 0.6595720274936079=0.994458493438451, 0.994458493438451=1.671319166961556, 1.671319166961556=2.013408316399474, 2.013408316399474=2.7051468259859455, 2.7051468259859455=3.404701838021537, 3.404701838021537=4.11234445991911, 4.11234445991911=5.186370533376089, 5.186370533376089=7.360460626681679, 7.387468992590204=8.502038522826872, 8.502038522826872=10.007558102801319, 10.007558102801319=11.533286903541374, 11.533286903541374=13.080061233631115, 13.080061233631115=17.001849952171703, 17.001849952171703=18.991372020760274, 18.991372020760274=21.010813393318777, 21.010813393318777=23.061565801640782, 23.061565801640782=27.228698862486237, 27.228698862486237=29.346706842386467, 29.346706842386467=31.931765883172844, 31.931765883172844=34.56258173358741, 34.56258173358741=37.24167346114615, 37.24167346114615=39.97180009307953, 39.97180009307953=42.75599388724106, 42.75599388724106=45.59759977920742, 45.59759977920742=48.5003224672621, 48.5003224672621=51.46828302420252, 51.46828302420252=55.012388249527945, 55.012388249527945=58.644015424856924, 58.644015424856924=66.0959571543203, 66.0959571543203=73.97406261202818, 73.97406261202818=78.6143856022974, 78.6143856022974=83.40689057892037, 83.40689057892037=88.36760451993688, 88.36760451993688=93.51558066643844, 93.51558066643844=98.87376412155592, 98.87376412155592=110.06664431412538, 110.06664431412538=115.93624020536302, 115.93624020536302=122.12333752572198, 122.12333752572198=135.2481529389828, 135.2481529389828=142.26366187342163, 142.26366187342163=150.7884795493207, 150.7884795493207=160.12694942873807, 160.12694942873807=170.56767615684382, 170.56767615684382=197.35859343243126, 203.37971468999586=226.58132964134197];

Jobs: [[2; 10; 0.3281203853315205], [2; 10; 0.3314516421620874], [2; 10; 0.33488646594484317], [2; 10; 0.34208914943791796], [2; 20; 0.6917385095864719], [2; 20; 0.6995550120355911], [2; 20; 0.7076426218975737], [2; 30; 1.074026073456979], [1; 60; 2.2010984592141143], [2; 30; 1.114569530236668], [2; 40; 1.5055195799744459], [2; 40; 1.5257288007400553], [2; 40; 1.5467743300897412], [2; 50; 1.9895220685885688], [2; 50; 2.019441372558502], [2; 50; 2.050752408322003], [2; 50; 2.1180079799002325], [2; 60; 2.585059040786376], [2; 60; 2.6308158504145625], [2; 60; 2.679091727558745], [2; 60; 2.7301266319333832], [2; 60; 2.784193794161534], [2; 60; 2.841605891966357], [2; 60; 2.9027226880546806], [2; 60; 2.9679605569404197], [2; 70; 3.5441052253254246], [2; 70; 3.631627175328977], [1; 140; 7.656142324402147], [2; 80; 4.640322990269223], [2; 80; 4.79250497662296], [2; 80; 4.960713941016509], [2; 80; 5.14797614650156], [2; 80; 5.358183455117491], [2; 80; 5.869595891237638], [2; 80; 6.187097320358965], [2; 80; 7.0155089344388335], [2; 90; 8.52481767589907], [2; 90; 9.338469879417369], [2; 90; 10.440726728105751], [1; 200; 32.81203853315205], [2; 100; 23.201614951346112]];
Intervals[4.9E-324=0.3281203853315205, 0.3281203853315205=0.6595720274936079, 0.6595720274936079=0.994458493438451, 1.671319166961556=2.013408316399474, 2.013408316399474=2.7051468259859455, 2.7051468259859455=3.404701838021537, 3.404701838021537=4.11234445991911, 4.11234445991911=5.186370533376089, 5.186370533376089=7.387468992590204, 7.387468992590204=8.502038522826872, 8.502038522826872=10.007558102801319, 10.007558102801319=11.533286903541374, 11.533286903541374=13.080061233631115, 17.001849952171703=18.991372020760274, 18.991372020760274=21.010813393318777, 21.010813393318777=23.061565801640782, 27.228698862486237=29.346706842386467, 29.346706842386467=31.931765883172844, 31.931765883172844=34.56258173358741, 34.56258173358741=37.24167346114615, 37.24167346114615=39.97180009307953, 39.97180009307953=42.75599388724106, 42.75599388724106=45.59759977920742, 45.59759977920742=48.5003224672621, 48.5003224672621=51.46828302420252, 51.46828302420252=55.012388249527945, 55.012388249527945=58.644015424856924, 58.644015424856924=66.30015774925907, 73.97406261202818=78.6143856022974, 78.6143856022974=83.40689057892037, 83.40689057892037=88.36760451993688, 88.36760451993688=93.51558066643844, 93.51558066643844=98.87376412155592, 110.06664431412538=115.93624020536302, 115.93624020536302=122.12333752572198, 135.2481529389828=142.26366187342163, 142.26366187342163=150.7884795493207, 150.7884795493207=160.12694942873807, 160.12694942873807=170.56767615684382, 170.56767615684382=203.37971468999586, 203.37971468999586=226.58132964134197];
