1.1497322880243144
130249.74388312399
149752.3360493251
[1; 20; 4.5650803959295]
[1; 40; 9.222855156067196]
[2; 20; 4.659215668670783]
[1; 40; 9.417041822482382]
[1; 60; 14.278275958210177]
[1; 80; 19.24806900389397]
[2; 40; 9.73278410633123]
[1; 80; 19.690611159589146]
[1; 120; 29.885466382722726]
[1; 120; 30.247727686611555]
[1; 120; 30.623490264150046]
[1; 140; 36.18254983934283]
[2; 70; 18.327772211179916]
[1; 160; 42.45438533620032]
[1; 160; 43.03999072831358]
[1; 180; 49.106832238138665]
[1; 180; 49.82375822255422]
[1; 200; 56.19225523754848]
[1; 1040; 296.73022573541743]
[1; 1040; 301.4782108255458]
[1; 1040; 306.4616593572372]
[1; 1080; 323.6891881539704]
[2; 560; 170.8096678464652]
[1; 1120; 347.8881032607518]
[1; 1120; 354.51513879684563]
[2; 580; 187.22395966816407]
[1; 1160; 382.1693073420161]
[2; 600; 201.92531507406534]
[1; 1200; 412.9270584846879]
[2; 620; 218.3662313608404]
[1; 1240; 447.5176043405348]
[1; 1240; 459.1433742303979]
[1; 1240; 471.7249742460483]
[1; 1240; 485.40099395750224]
[1; 1240; 500.33989221664535]
[1; 1240; 516.7488186662083]
[2; 640; 276.07011297475964]
[1; 1280; 572.9829912606622]
[1; 1320; 615.0164682645434]
[1; 1320; 642.3637510178612]
[2; 660; 336.85839290565053]
[1; 1320; 710.1598470171741]
[1; 1360; 776.0636673080148]
[1; 1360; 829.6469581114025]
[1; 1360; 896.1211344571414]
[1; 1360; 981.6515191985924]
[1; 1400; 1129.7997566182314]
[1; 1400; 1304.5803872278193]
[1; 1400; 1597.7781385753249]
[1; 1400; 2259.599513236463]


Jobs: [[1; 20; 4.5650803959295], [2; 20; 4.659215668670783], [1; 40; 9.417041822482382], [1; 80; 19.24806900389397], [2; 40; 9.73278410633123], [1; 80; 19.690611159589146], [1; 120; 30.247727686611555], [1; 140; 36.18254983934283], [2; 70; 18.327772211179916], [1; 160; 42.45438533620032], [1; 180; 49.106832238138665], [1; 200; 56.19225523754848], [1; 1040; 301.4782108255458], [1; 1080; 323.6891881539704], [2; 560; 170.8096678464652], [1; 1120; 347.8881032607518], [2; 580; 187.22395966816407], [1; 1160; 382.1693073420161], [2; 600; 201.92531507406534], [1; 1200; 412.9270584846879], [2; 620; 218.3662313608404], [1; 1240; 447.5176043405348], [1; 1240; 471.7249742460483], [1; 1240; 500.33989221664535], [2; 640; 276.07011297475964], [1; 1280; 572.9829912606622], [1; 1320; 642.3637510178612], [2; 660; 336.85839290565053], [1; 1320; 710.1598470171741], [1; 1360; 829.6469581114025], [1; 1360; 981.6515191985924], [1; 1400; 1304.5803872278193], [1; 1400; 2259.599513236463]];
Intervals[0.0=4.5650803959295, 9.222855156067196=13.88207082473798, 13.88207082473798=23.299112647220362, 23.299112647220362=42.54718165111433, 42.54718165111433=52.27996575744556, 52.27996575744556=71.9705769170347, 71.9705769170347=102.21830460364626, 102.21830460364626=138.4008544429891, 138.4008544429891=156.728626654169, 156.728626654169=199.18301199036932, 199.18301199036932=248.289844228508, 248.289844228508=304.48209946605647, 304.48209946605647=605.9603102916022, 605.9603102916022=929.6494984455726, 929.6494984455726=1100.4591662920377, 1100.4591662920377=1448.3472695527894, 1454.9743050888833=1642.1982647570474, 1642.1982647570474=2024.3675720990634, 2024.3675720990634=2226.2928871731287, 2226.2928871731287=2639.2199456578164, 2639.2199456578164=2857.5861770186566, 2857.5861770186566=3305.1037813591915, 3305.1037813591915=3776.82875560524, 3776.82875560524=4277.168647821885, 4318.879363872765=4594.949476847524, 4594.949476847524=5167.932468108186, 5167.932468108186=5810.296219126048, 5810.296219126048=6147.154612031698, 6147.154612031698=6857.314459048872, 6857.314459048872=7686.961417160274, 7686.961417160274=8668.612936358866, 8668.612936358866=9973.193323586685, 9973.193323586685=12232.792836823148];

Jobs: [[1; 40; 9.222855156067196], [2; 20; 4.659215668670783], [1; 60; 14.278275958210177], [2; 40; 9.73278410633123], [1; 120; 29.885466382722726], [1; 120; 30.623490264150046], [2; 70; 18.327772211179916], [1; 160; 43.03999072831358], [1; 180; 49.82375822255422], [1; 1040; 296.73022573541743], [1; 1040; 306.4616593572372], [2; 560; 170.8096678464652], [1; 1120; 354.51513879684563], [2; 580; 187.22395966816407], [2; 600; 201.92531507406534], [2; 620; 218.3662313608404], [1; 1240; 459.1433742303979], [1; 1240; 485.40099395750224], [1; 1240; 516.7488186662083], [2; 640; 276.07011297475964], [1; 1320; 615.0164682645434], [2; 660; 336.85839290565053], [1; 1360; 776.0636673080148], [1; 1360; 896.1211344571414], [1; 1400; 1129.7997566182314], [1; 1400; 1597.7781385753249]];
Intervals[0.0=9.222855156067196, 9.222855156067196=13.88207082473798, 13.88207082473798=28.160346782948157, 42.54718165111433=52.27996575744556, 52.27996575744556=82.16543214016829, 82.16543214016829=112.78892240431834, 138.4008544429891=156.728626654169, 156.728626654169=199.7686173824826, 199.7686173824826=249.5923756050368, 249.5923756050368=546.3226013404542, 546.3226013404542=852.7842606976914, 929.6494984455726=1100.4591662920377, 1100.4591662920377=1454.9743050888833, 1454.9743050888833=1642.1982647570474, 2024.3675720990634=2226.2928871731287, 2639.2199456578164=2857.5861770186566, 2857.5861770186566=3316.7295512490546, 3316.7295512490546=3802.1305452065567, 3802.1305452065567=4318.879363872765, 4318.879363872765=4594.949476847524, 4594.949476847524=5209.965945112068, 5810.296219126048=6147.154612031698, 6147.154612031698=6923.218279339713, 6923.218279339713=7819.339413796854, 7819.339413796854=8949.139170415086, 8949.139170415086=10546.91730899041];
