1.1791100611803809
275752.4000502407
325142.42929387616
[1; 20; 4.696827866126164]
[2; 10; 2.3602448086100134]
[2; 10; 2.372256310145538]
[1; 20; 4.76890616216392]
[2; 10; 2.3968399336863007]
[2; 10; 2.4094218570578767]
[1; 40; 9.688816102285754]
[1; 40; 9.740767231273226]
[2; 20; 4.8967815521611895]
[1; 40; 9.847226865506045]
[1; 40; 9.901782556471394]
[1; 40; 9.95725516169706]
[1; 40; 10.013670656570914]
[1; 60; 15.106584087747937]
[1; 60; 15.194159221907169]
[2; 30; 7.641637644706281]
[2; 30; 7.686989008107522]
[2; 30; 7.733157525364422]
[1; 60; 15.56033606901532]
[1; 60; 15.656092887087214]
[2; 40; 10.502426387273387]
[2; 40; 10.568688409821485]
[2; 40; 10.636220652290046]
[2; 40; 10.705064223108579]
[1; 80; 21.55052423542077]
[1; 80; 21.693718662762212]
[2; 50; 13.64987872558345]
[1; 100; 27.486106081708016]
[1; 100; 27.676323618364606]
[1; 100; 27.870545816061533]
[1; 100; 28.068915193565015]
[1; 100; 28.27158147303056]
[1; 120; 34.17444246596926]
[2; 60; 17.214265519255328]
[1; 120; 34.68837269488484]
[1; 120; 34.95418786716942]
[2; 60; 17.613104497973115]
[2; 60; 17.752340692354288]
[1; 120; 35.789864129763394]
[2; 60; 18.04101556682027]
[1; 140; 42.44505091285563]
[2; 70; 21.401621673437322]
[2; 70; 21.58532995000092]
[2; 70; 21.77385169487104]
[2; 80; 25.105600970995216]
[1; 160; 50.66561122169252]
[1; 160; 51.132585251974405]
[2; 80; 25.806356978440306]
[2; 80; 26.05331338976308]
[1; 180; 59.19187067139818]
[2; 90; 29.890429507833773]
[2; 90; 30.19389342509677]
[2; 90; 30.506791869509364]
[2; 90; 30.82962405418052]
[1; 180; 62.32585394740257]
[1; 180; 63.01455832364031]
[1; 180; 63.726609832470366]
[2; 90; 32.23167906071603]
[1; 180; 65.22626465447138]
[1; 200; 73.35212767961573]
[1; 200; 74.26336917353544]
[2; 100; 37.604718747153484]
[1; 200; 76.19260912495534]
[2; 520; 200.75997363206815]
[2; 520; 203.52920753213382]
[1; 1040; 412.83258169753464]
[2; 520; 209.429826761622]
[1; 1080; 441.5109040958282]
[1; 1080; 448.35644261750656]
[2; 540; 227.7653006151079]
[1; 1080; 463.06054277930787]
[2; 560; 244.2101309087157]
[2; 560; 248.53276969296002]
[1; 1120; 506.18676879778496]
[1; 1120; 515.8292879678329]
[1; 1160; 544.8320324706351]
[2; 600; 287.6207920423561]
[2; 620; 303.6004562339938]
[2; 620; 310.42379035369834]
[1; 1280; 655.9563953585086]
[1; 1280; 672.1552887854967]
[2; 640; 344.8083877667323]
[2; 640; 354.2569423150669]
[2; 640; 364.52738630367213]
[1; 1280; 751.4924585801863]
[1; 1280; 776.1380738350742]
[1; 1280; 803.3792310718469]
[2; 640; 416.8530142362093]
[1; 1320; 894.8658948389414]
[2; 660; 467.32847210478275]
[1; 1320; 980.2764730906678]
[1; 1320; 1033.3021305477562]
[2; 680; 564.5970018146379]
[1; 1360; 1207.1591670800917]
[2; 680; 651.9404619626738]
[2; 680; 714.1649943345902]
[2; 680; 798.460737241448]
[2; 680; 921.983043167394]
[1; 1400; 2324.8111839426265]
[2; 700; 1643.8897531441573]


Jobs: [[1; 20; 4.696827866126164], [2; 10; 2.3602448086100134], [2; 10; 2.372256310145538], [1; 20; 4.76890616216392], [2; 10; 2.3968399336863007], [2; 10; 2.4094218570578767], [1; 40; 9.688816102285754], [2; 20; 4.8967815521611895], [1; 40; 9.847226865506045], [1; 40; 9.95725516169706], [1; 60; 15.106584087747937], [2; 30; 7.641637644706281], [2; 30; 7.686989008107522], [2; 30; 7.733157525364422], [1; 60; 15.56033606901532], [2; 40; 10.502426387273387], [2; 40; 10.568688409821485], [2; 40; 10.636220652290046], [2; 40; 10.705064223108579], [1; 80; 21.55052423542077], [2; 50; 13.64987872558345], [1; 100; 27.486106081708016], [1; 100; 27.870545816061533], [1; 100; 28.27158147303056], [2; 60; 17.214265519255328], [1; 120; 34.68837269488484], [2; 60; 17.613104497973115], [2; 60; 17.752340692354288], [1; 120; 35.789864129763394], [2; 60; 18.04101556682027], [1; 140; 42.44505091285563], [2; 70; 21.401621673437322], [2; 70; 21.58532995000092], [2; 70; 21.77385169487104], [2; 80; 25.105600970995216], [1; 160; 50.66561122169252], [2; 80; 25.806356978440306], [2; 80; 26.05331338976308], [1; 180; 59.19187067139818], [2; 90; 29.890429507833773], [2; 90; 30.19389342509677], [2; 90; 30.506791869509364], [2; 90; 30.82962405418052], [1; 180; 62.32585394740257], [1; 180; 63.726609832470366], [2; 90; 32.23167906071603], [1; 180; 65.22626465447138], [1; 200; 74.26336917353544], [2; 100; 37.604718747153484], [1; 200; 76.19260912495534], [2; 520; 200.75997363206815], [2; 520; 203.52920753213382], [1; 1040; 412.83258169753464], [2; 520; 209.429826761622], [1; 1080; 441.5109040958282], [2; 540; 227.7653006151079], [1; 1080; 463.06054277930787], [2; 560; 244.2101309087157], [2; 560; 248.53276969296002], [1; 1120; 506.18676879778496], [1; 1160; 544.8320324706351], [2; 600; 287.6207920423561], [2; 620; 303.6004562339938], [2; 620; 310.42379035369834], [1; 1280; 655.9563953585086], [2; 640; 344.8083877667323], [2; 640; 354.2569423150669], [2; 640; 364.52738630367213], [1; 1280; 751.4924585801863], [1; 1280; 803.3792310718469], [2; 640; 416.8530142362093], [1; 1320; 894.8658948389414], [2; 660; 467.32847210478275], [1; 1320; 980.2764730906678], [2; 680; 564.5970018146379], [1; 1360; 1207.1591670800917], [2; 680; 651.9404619626738], [2; 680; 714.1649943345902], [2; 680; 798.460737241448], [2; 680; 921.983043167394], [1; 1400; 2324.8111839426265], [2; 700; 1643.8897531441573]];
Intervals[0.0=4.696827866126164, 4.696827866126164=7.057072674736178, 7.057072674736178=9.429328984881716, 9.429328984881716=14.198235147045636, 14.198235147045636=16.595075080731938, 16.595075080731938=19.004496937789813, 19.004496937789813=28.693313040075566, 28.74526416906304=33.64204572122423, 33.64204572122423=43.48927258673027, 43.48927258673027=53.44652774842733, 53.44652774842733=68.55311183617526, 68.7516581561737=76.39329580087998, 76.39329580087998=84.0802848089875, 84.0802848089875=91.81344233435192, 91.81344233435192=107.37377840336724, 107.46953522143913=117.97196160871252, 117.97196160871252=128.540650018534, 128.540650018534=139.17687067082403, 139.17687067082403=149.88193489393262, 149.88193489393262=171.4324591293534, 171.57565355669485=185.2255322822783, 185.2255322822783=212.7116383639863, 212.7116383639863=240.58218418004785, 240.58218418004785=268.8537656530784, 275.1452135601771=292.35947907943245, 292.35947907943245=327.0478517743173, 327.31366694660187=344.92677144457497, 344.92677144457497=362.67911213692923, 362.67911213692923=398.4689762666926, 398.4689762666926=416.50999183351286, 416.50999183351286=458.95504274636846, 458.95504274636846=480.3566644198058, 480.3566644198058=501.9419943698067, 501.9419943698067=523.7158460646777, 523.7158460646777=548.8214470356729, 548.8214470356729=599.4870582573654, 599.9540322876474=625.7603892660877, 625.7603892660877=651.8137026558508, 651.8137026558508=711.005573327249, 711.005573327249=740.8960028350828, 740.8960028350828=771.0898962601796, 771.0898962601796=801.5966881296889, 801.5966881296889=832.4263121838694, 832.4263121838694=894.752166131272, 894.752166131272=958.4787759637424, 958.4787759637424=990.7104550244584, 990.7104550244584=1055.9367196789299, 1055.9367196789299=1130.2000888524653, 1130.2000888524653=1167.804807599619, 1167.804807599619=1243.9974167245744, 1243.9974167245744=1444.7573903566424, 1444.7573903566424=1648.2865978887762, 1648.2865978887762=2061.119179586311, 2061.119179586311=2270.549006347933, 2270.549006347933=2712.059910443761, 2718.9054489654395=2946.6707495805476, 2946.6707495805476=3409.7312923598556, 3409.7312923598556=3653.9414232685713, 3653.9414232685713=3902.474192961531, 3902.474192961531=4408.660961759316, 4408.660961759316=4953.492994229951, 4953.492994229951=5241.113786272307, 5241.113786272307=5544.714242506301, 5544.714242506301=5855.13803286, 5855.13803286=6511.094428218508, 6527.293321645497=6872.101709412229, 6872.101709412229=7226.358651727296, 7226.358651727296=7590.886038030968, 7590.886038030968=8342.378496611154, 8342.378496611154=9145.757727683002, 9145.757727683002=9562.61074191921, 9562.61074191921=10457.476636758152, 10457.476636758152=10924.805108862935, 10924.805108862935=11905.081581953602, 11958.10723941069=12522.704241225329, 12522.704241225329=13729.86340830542, 13729.86340830542=14381.803870268093, 14381.803870268093=15095.968864602684, 15095.968864602684=15894.429601844133, 15894.429601844133=16816.412645011525, 16816.412645011525=19141.223828954153, 19141.223828954153=20785.11358209831];

Jobs: [[2; 10; 2.3602448086100134], [2; 10; 2.372256310145538], [2; 10; 2.3968399336863007], [2; 10; 2.4094218570578767], [1; 40; 9.740767231273226], [2; 20; 4.8967815521611895], [1; 40; 9.901782556471394], [1; 40; 10.013670656570914], [1; 60; 15.194159221907169], [2; 30; 7.641637644706281], [2; 30; 7.686989008107522], [2; 30; 7.733157525364422], [1; 60; 15.656092887087214], [2; 40; 10.502426387273387], [2; 40; 10.568688409821485], [2; 40; 10.636220652290046], [2; 40; 10.705064223108579], [1; 80; 21.693718662762212], [2; 50; 13.64987872558345], [1; 100; 27.676323618364606], [1; 100; 28.068915193565015], [1; 120; 34.17444246596926], [2; 60; 17.214265519255328], [1; 120; 34.95418786716942], [2; 60; 17.613104497973115], [2; 60; 17.752340692354288], [2; 60; 18.04101556682027], [2; 70; 21.401621673437322], [2; 70; 21.58532995000092], [2; 70; 21.77385169487104], [2; 80; 25.105600970995216], [1; 160; 51.132585251974405], [2; 80; 25.806356978440306], [2; 80; 26.05331338976308], [2; 90; 29.890429507833773], [2; 90; 30.19389342509677], [2; 90; 30.506791869509364], [2; 90; 30.82962405418052], [1; 180; 63.01455832364031], [2; 90; 32.23167906071603], [1; 200; 73.35212767961573], [2; 100; 37.604718747153484], [2; 520; 200.75997363206815], [2; 520; 203.52920753213382], [2; 520; 209.429826761622], [1; 1080; 448.35644261750656], [2; 540; 227.7653006151079], [2; 560; 244.2101309087157], [2; 560; 248.53276969296002], [1; 1120; 515.8292879678329], [2; 600; 287.6207920423561], [2; 620; 303.6004562339938], [2; 620; 310.42379035369834], [1; 1280; 672.1552887854967], [2; 640; 344.8083877667323], [2; 640; 354.2569423150669], [2; 640; 364.52738630367213], [1; 1280; 776.1380738350742], [2; 640; 416.8530142362093], [2; 660; 467.32847210478275], [1; 1320; 1033.3021305477562], [2; 680; 564.5970018146379], [2; 680; 651.9404619626738], [2; 680; 714.1649943345902], [2; 680; 798.460737241448], [2; 680; 921.983043167394], [2; 700; 1643.8897531441573]];
Intervals[4.696827866126164=7.057072674736178, 7.057072674736178=9.429328984881716, 14.198235147045636=16.595075080731938, 16.595075080731938=19.004496937789813, 19.004496937789813=28.74526416906304, 28.74526416906304=33.64204572122423, 33.64204572122423=43.543828277695624, 43.543828277695624=53.55749893426654, 53.55749893426654=68.7516581561737, 68.7516581561737=76.39329580087998, 76.39329580087998=84.0802848089875, 84.0802848089875=91.81344233435192, 91.81344233435192=107.46953522143913, 107.46953522143913=117.97196160871252, 117.97196160871252=128.540650018534, 128.540650018534=139.17687067082403, 139.17687067082403=149.88193489393262, 149.88193489393262=171.57565355669485, 171.57565355669485=185.2255322822783, 185.2255322822783=212.9018559006429, 212.9018559006429=240.9707710942079, 240.9707710942079=275.1452135601771, 275.1452135601771=292.35947907943245, 292.35947907943245=327.31366694660187, 327.31366694660187=344.92677144457497, 344.92677144457497=362.67911213692923, 398.4689762666926=416.50999183351286, 458.95504274636846=480.3566644198058, 480.3566644198058=501.9419943698067, 501.9419943698067=523.7158460646777, 523.7158460646777=548.8214470356729, 548.8214470356729=599.9540322876474, 599.9540322876474=625.7603892660877, 625.7603892660877=651.8137026558508, 711.005573327249=740.8960028350828, 740.8960028350828=771.0898962601796, 771.0898962601796=801.5966881296889, 801.5966881296889=832.4263121838694, 832.4263121838694=895.4408705075098, 958.4787759637424=990.7104550244584, 990.7104550244584=1064.0625827040742, 1130.2000888524653=1167.804807599619, 1243.9974167245744=1444.7573903566424, 1444.7573903566424=1648.2865978887762, 2061.119179586311=2270.549006347933, 2270.549006347933=2718.9054489654395, 2718.9054489654395=2946.6707495805476, 3409.7312923598556=3653.9414232685713, 3653.9414232685713=3902.474192961531, 3902.474192961531=4418.303480929364, 4953.492994229951=5241.113786272307, 5241.113786272307=5544.714242506301, 5544.714242506301=5855.13803286, 5855.13803286=6527.293321645497, 6527.293321645497=6872.101709412229, 6872.101709412229=7226.358651727296, 7226.358651727296=7590.886038030968, 7590.886038030968=8367.024111866041, 9145.757727683002=9562.61074191921, 10457.476636758152=10924.805108862935, 10924.805108862935=11958.10723941069, 11958.10723941069=12522.704241225329, 13729.86340830542=14381.803870268093, 14381.803870268093=15095.968864602684, 15095.968864602684=15894.429601844133, 15894.429601844133=16816.412645011525, 19141.223828954153=20785.11358209831];
