1.138251161842232
173059.12628692327
196984.75156349197
[2; 10; 1.8604253615070037]
[2; 10; 1.869797840781829]
[2; 10; 1.8793134128757665]
[1; 40; 7.555903025293852]
[2; 20; 3.797577366854243]
[1; 40; 7.635024586305532]
[1; 40; 7.67552897974808]
[2; 20; 3.8583424630683036]
[1; 40; 7.758510083031087]
[2; 30; 5.850767088962056]
[2; 30; 5.883181559104279]
[2; 30; 5.91614081732247]
[2; 30; 5.9496602969915795]
[1; 60; 11.967512101210767]
[1; 60; 12.03688956415858]
[2; 30; 6.053743881137298]
[1; 60; 12.179342919887752]
[2; 40; 8.168328522874736]
[1; 80; 16.435968945565318]
[2; 40; 8.26855716225335]
[2; 40; 8.320075150788561]
[2; 40; 8.372568259229817]
[2; 40; 8.426067642298149]
[1; 80; 16.961211732597476]
[2; 40; 8.536216992430688]
[1; 100; 21.48234166546551]
[2; 50; 10.813502766715278]
[1; 100; 21.77463185835557]
[2; 50; 10.962661575108637]
[2; 50; 11.039593477375904]
[2; 50; 11.118168088022262]
[2; 50; 11.19844471237106]
[1; 120; 27.07316567319281]
[1; 120; 27.274455921802666]
[2; 60; 13.740151896219668]
[1; 120; 27.690883912506408]
[1; 120; 27.906380422605054]
[2; 60; 14.063493826699915]
[1; 120; 28.352910862291775]
[1; 120; 28.584367036246416]
[2; 70; 16.812591697949923]
[2; 70; 16.954472624299164]
[2; 70; 17.10000724748711]
[2; 70; 17.249355124543204]
[2; 70; 17.40268574106065]
[2; 70; 17.560179319916088]
[1; 140; 35.444055423972934]
[2; 70; 17.888435378873197]
[2; 70; 18.05962047908074]
[2; 80; 20.840932652310936]
[1; 160; 42.09662044841716]
[2; 80; 21.262004131508615]
[2; 80; 21.482341665465512]
[2; 80; 21.70967436309492]
[2; 80; 21.94438036646194]
[2; 80; 22.186867068769494]
[1; 160; 44.87514817876389]
[1; 160; 45.39395325445396]
[2; 80; 22.965589250797326]
[1; 160; 46.48794038712299]
[1; 180; 52.948634031938504]
[1; 180; 53.6231661174501]
[2; 90; 27.162076144624088]
[1; 180; 55.05336817001184]
[2; 90; 27.906380422605054]
[1; 180; 56.604470755769384]
[1; 180; 57.430857107104494]
[2; 100; 32.3858486011671]
[2; 100; 32.88798472532591]
[2; 100; 33.414225895173736]
[1; 200; 67.93312913680595]
[1; 1040; 359.2912093245353]
[1; 1040; 365.6508394941978]
[1; 1040; 372.36058886806876]
[2; 520; 189.72690443814247]
[1; 1080; 401.8518780855128]
[1; 1080; 410.13835562025827]
[2; 560; 217.23828232487048]
[2; 560; 222.12065108768564]
[2; 560; 227.34773450457138]
[1; 1120; 465.92420844415943]
[1; 1120; 478.0281515761186]
[2; 580; 254.3337485425204]
[2; 580; 261.70726817419717]
[1; 1200; 558.1276084521011]
[2; 620; 297.8230529351129]
[2; 620; 308.27614741307445]
[1; 1280; 660.4661203778098]
[2; 640; 343.7174666474482]
[2; 660; 370.2199724748021]
[2; 660; 388.2899829008824]
[2; 660; 409.29357953154084]
[2; 660; 434.121398374302]
[1; 1320; 928.1905925621943]
[1; 1320; 1002.5604248495201]
[2; 680; 565.7651102536222]
[2; 700; 651.1488765274513]
[2; 700; 751.8819582912929]
[1; 1400; 1841.7271446182508]
[1; 1400; 2604.5955061098052]


Jobs: [[2; 10; 1.8604253615070037], [2; 10; 1.869797840781829], [2; 10; 1.8793134128757665], [1; 40; 7.555903025293852], [2; 20; 3.797577366854243], [1; 40; 7.635024586305532], [2; 20; 3.8583424630683036], [1; 40; 7.758510083031087], [2; 30; 5.850767088962056], [2; 30; 5.883181559104279], [2; 30; 5.91614081732247], [2; 30; 5.9496602969915795], [1; 60; 11.967512101210767], [2; 30; 6.053743881137298], [1; 60; 12.179342919887752], [2; 40; 8.168328522874736], [1; 80; 16.435968945565318], [2; 40; 8.26855716225335], [2; 40; 8.320075150788561], [2; 40; 8.372568259229817], [2; 40; 8.426067642298149], [1; 80; 16.961211732597476], [2; 40; 8.536216992430688], [1; 100; 21.48234166546551], [2; 50; 10.813502766715278], [1; 100; 21.77463185835557], [2; 50; 10.962661575108637], [2; 50; 11.039593477375904], [2; 50; 11.118168088022262], [2; 50; 11.19844471237106], [1; 120; 27.07316567319281], [2; 60; 13.740151896219668], [1; 120; 27.690883912506408], [2; 60; 14.063493826699915], [1; 120; 28.352910862291775], [2; 70; 16.812591697949923], [2; 70; 16.954472624299164], [2; 70; 17.10000724748711], [2; 70; 17.249355124543204], [2; 70; 17.40268574106065], [2; 70; 17.560179319916088], [1; 140; 35.444055423972934], [2; 70; 17.888435378873197], [2; 70; 18.05962047908074], [2; 80; 20.840932652310936], [1; 160; 42.09662044841716], [2; 80; 21.262004131508615], [2; 80; 21.482341665465512], [2; 80; 21.70967436309492], [2; 80; 21.94438036646194], [2; 80; 22.186867068769494], [1; 160; 44.87514817876389], [2; 80; 22.965589250797326], [1; 160; 46.48794038712299], [1; 180; 53.6231661174501], [2; 90; 27.162076144624088], [1; 180; 55.05336817001184], [2; 90; 27.906380422605054], [1; 180; 56.604470755769384], [2; 100; 32.3858486011671], [2; 100; 32.88798472532591], [2; 100; 33.414225895173736], [1; 200; 67.93312913680595], [1; 1040; 365.6508394941978], [2; 520; 189.72690443814247], [1; 1080; 401.8518780855128], [2; 560; 217.23828232487048], [2; 560; 222.12065108768564], [2; 560; 227.34773450457138], [1; 1120; 465.92420844415943], [2; 580; 254.3337485425204], [2; 580; 261.70726817419717], [1; 1200; 558.1276084521011], [2; 620; 297.8230529351129], [2; 620; 308.27614741307445], [1; 1280; 660.4661203778098], [2; 640; 343.7174666474482], [2; 660; 370.2199724748021], [2; 660; 388.2899829008824], [2; 660; 409.29357953154084], [2; 660; 434.121398374302], [1; 1320; 928.1905925621943], [2; 680; 565.7651102536222], [2; 700; 651.1488765274513], [2; 700; 751.8819582912929], [1; 1400; 1841.7271446182508]];
Intervals[4.9E-324=1.8604253615070037, 1.8604253615070037=3.7302232022888324, 3.7302232022888324=5.609536615164599, 5.609536615164599=13.165439640458452, 13.165439640458452=16.963017007312693, 16.963017007312693=24.598041593618227, 24.638545987060773=28.496888450129077, 28.496888450129077=36.25539853316016, 36.25539853316016=42.10616562212222, 42.10616562212222=47.9893471812265, 47.9893471812265=53.90548799854897, 53.90548799854897=59.85514829554055, 59.85514829554055=71.82266039675132, 71.89203785969913=77.94578174083642, 77.94578174083642=90.12512466072417, 90.12512466072417=98.2934531835989, 98.2934531835989=114.72942212916422, 114.72942212916422=122.99797929141756, 122.99797929141756=131.31805444220612, 131.31805444220612=139.69062270143593, 139.69062270143593=148.11669034373406, 148.11669034373406=165.07790207633155, 165.07790207633155=173.61411906876225, 173.61411906876225=195.09646073422775, 195.09646073422775=205.90996350094304, 205.90996350094304=227.6845953592986, 227.6845953592986=238.64725693440724, 238.64725693440724=249.68685041178315, 249.68685041178315=260.80501849980544, 260.80501849980544=272.0034632121765, 272.0034632121765=299.0766288853693, 299.27791913397914=313.0180710301988, 313.0180710301988=340.70895494270525, 340.92445145280385=354.9879452795038, 354.9879452795038=383.34085614179554, 383.5723123157502=400.3849040137001, 400.3849040137001=417.3393766379993, 417.3393766379993=434.4393838854864, 434.4393838854864=451.6887390100296, 451.6887390100296=469.09142475109024, 469.09142475109024=486.6516040710063, 486.6516040710063=522.0956594949793, 522.0956594949793=539.9840948738524, 539.9840948738524=558.0437153529332, 558.0437153529332=578.8846480052441, 578.8846480052441=620.9812684536613, 620.9812684536613=642.24327258517, 642.24327258517=663.7256142506354, 663.7256142506354=685.4352886137303, 685.4352886137303=707.3796689801923, 707.3796689801923=729.5665360489618, 729.5665360489618=774.4416842277257, 774.9604893034158=797.9260785542131, 797.9260785542131=844.414018941336, 844.414018941336=898.0371850587861, 898.0371850587861=925.1992612034102, 925.1992612034102=980.252629373422, 980.252629373422=1008.159009796027, 1008.159009796027=1064.7634805517964, 1065.5898669031315=1097.9757155042985, 1097.9757155042985=1130.8637002296243, 1130.8637002296243=1164.2779261247981, 1164.2779261247981=1232.211055261604, 1232.211055261604=1597.8618947558018, 1895.9297243174021=2085.6566287555447, 2085.6566287555447=2487.5085068410576, 2495.794984375803=2713.0332667006733, 2713.0332667006733=2935.1539177883587, 2935.1539177883587=3162.50165229293, 3162.50165229293=3628.4258607370894, 3640.5298038690485=3894.863552411569, 3894.863552411569=4156.570820585766, 4156.570820585766=4714.698429037868, 4714.698429037868=5012.521481972981, 5012.521481972981=5320.797629386056, 5320.797629386056=5981.263749763865, 5981.263749763865=6324.981216411314, 6324.981216411314=6695.201188886116, 6695.201188886116=7083.491171786998, 7083.491171786998=7492.784751318539, 7492.784751318539=7926.906149692841, 7926.906149692841=8855.096742255035, 8929.46657454236=9495.231684795983, 9495.231684795983=10146.380561323434, 10146.380561323434=10898.262519614727, 10898.262519614727=12739.989664232979];

Jobs: [[2; 10; 1.8604253615070037], [2; 10; 1.869797840781829], [2; 10; 1.8793134128757665], [2; 20; 3.797577366854243], [1; 40; 7.67552897974808], [2; 20; 3.8583424630683036], [2; 30; 5.850767088962056], [2; 30; 5.883181559104279], [2; 30; 5.91614081732247], [2; 30; 5.9496602969915795], [1; 60; 12.03688956415858], [2; 30; 6.053743881137298], [2; 40; 8.168328522874736], [2; 40; 8.26855716225335], [2; 40; 8.320075150788561], [2; 40; 8.372568259229817], [2; 40; 8.426067642298149], [2; 40; 8.536216992430688], [2; 50; 10.813502766715278], [2; 50; 10.962661575108637], [2; 50; 11.039593477375904], [2; 50; 11.118168088022262], [2; 50; 11.19844471237106], [1; 120; 27.274455921802666], [2; 60; 13.740151896219668], [1; 120; 27.906380422605054], [2; 60; 14.063493826699915], [1; 120; 28.584367036246416], [2; 70; 16.812591697949923], [2; 70; 16.954472624299164], [2; 70; 17.10000724748711], [2; 70; 17.249355124543204], [2; 70; 17.40268574106065], [2; 70; 17.560179319916088], [2; 70; 17.888435378873197], [2; 70; 18.05962047908074], [2; 80; 20.840932652310936], [2; 80; 21.262004131508615], [2; 80; 21.482341665465512], [2; 80; 21.70967436309492], [2; 80; 21.94438036646194], [2; 80; 22.186867068769494], [1; 160; 45.39395325445396], [2; 80; 22.965589250797326], [1; 180; 52.948634031938504], [2; 90; 27.162076144624088], [2; 90; 27.906380422605054], [1; 180; 57.430857107104494], [2; 100; 32.3858486011671], [2; 100; 32.88798472532591], [2; 100; 33.414225895173736], [1; 1040; 359.2912093245353], [1; 1040; 372.36058886806876], [2; 520; 189.72690443814247], [1; 1080; 410.13835562025827], [2; 560; 217.23828232487048], [2; 560; 222.12065108768564], [2; 560; 227.34773450457138], [1; 1120; 478.0281515761186], [2; 580; 254.3337485425204], [2; 580; 261.70726817419717], [2; 620; 297.8230529351129], [2; 620; 308.27614741307445], [2; 640; 343.7174666474482], [2; 660; 370.2199724748021], [2; 660; 388.2899829008824], [2; 660; 409.29357953154084], [2; 660; 434.121398374302], [1; 1320; 1002.5604248495201], [2; 680; 565.7651102536222], [2; 700; 651.1488765274513], [2; 700; 751.8819582912929], [1; 1400; 2604.5955061098052]];
Intervals[4.9E-324=1.8604253615070037, 1.8604253615070037=3.7302232022888324, 3.7302232022888324=5.609536615164599, 13.165439640458452=16.963017007312693, 16.963017007312693=24.638545987060773, 24.638545987060773=28.496888450129077, 36.25539853316016=42.10616562212222, 42.10616562212222=47.9893471812265, 47.9893471812265=53.90548799854897, 53.90548799854897=59.85514829554055, 59.85514829554055=71.89203785969913, 71.89203785969913=77.94578174083642, 90.12512466072417=98.2934531835989, 114.72942212916422=122.99797929141756, 122.99797929141756=131.31805444220612, 131.31805444220612=139.69062270143593, 139.69062270143593=148.11669034373406, 165.07790207633155=173.61411906876225, 195.09646073422775=205.90996350094304, 227.6845953592986=238.64725693440724, 238.64725693440724=249.68685041178315, 249.68685041178315=260.80501849980544, 260.80501849980544=272.0034632121765, 272.0034632121765=299.27791913397914, 299.27791913397914=313.0180710301988, 313.0180710301988=340.92445145280385, 340.92445145280385=354.9879452795038, 354.9879452795038=383.5723123157502, 383.5723123157502=400.3849040137001, 400.3849040137001=417.3393766379993, 417.3393766379993=434.4393838854864, 434.4393838854864=451.6887390100296, 451.6887390100296=469.09142475109024, 469.09142475109024=486.6516040710063, 522.0956594949793=539.9840948738524, 539.9840948738524=558.0437153529332, 558.0437153529332=578.8846480052441, 620.9812684536613=642.24327258517, 642.24327258517=663.7256142506354, 663.7256142506354=685.4352886137303, 685.4352886137303=707.3796689801923, 707.3796689801923=729.5665360489618, 729.5665360489618=774.9604893034158, 774.9604893034158=797.9260785542131, 797.9260785542131=850.8747125861515, 898.0371850587861=925.1992612034102, 980.252629373422=1008.159009796027, 1008.159009796027=1065.5898669031315, 1065.5898669031315=1097.9757155042985, 1097.9757155042985=1130.8637002296243, 1130.8637002296243=1164.2779261247981, 1164.2779261247981=1523.5691354493333, 1523.5691354493333=1895.9297243174021, 1895.9297243174021=2085.6566287555447, 2085.6566287555447=2495.794984375803, 2495.794984375803=2713.0332667006733, 2713.0332667006733=2935.1539177883587, 2935.1539177883587=3162.50165229293, 3162.50165229293=3640.5298038690485, 3640.5298038690485=3894.863552411569, 3894.863552411569=4156.570820585766, 4714.698429037868=5012.521481972981, 5012.521481972981=5320.797629386056, 5981.263749763865=6324.981216411314, 6324.981216411314=6695.201188886116, 6695.201188886116=7083.491171786998, 7083.491171786998=7492.784751318539, 7492.784751318539=7926.906149692841, 7926.906149692841=8929.46657454236, 8929.46657454236=9495.231684795983, 9495.231684795983=10146.380561323434, 10146.380561323434=10898.262519614727, 10898.262519614727=13502.858025724532];
