1.196459897676432
18411.869390462005
22029.063366944
[2; 10; 0.6068256650877912]
[1; 20; 1.219765481366104]
[2; 10; 0.6129864896880199]
[1; 20; 1.2322762239030933]
[2; 10; 0.6193388509542186]
[1; 20; 1.2451799917394994]
[2; 10; 0.6258928837466707]
[2; 10; 0.6292489018187025]
[2; 10; 0.6326594899528774]
[1; 40; 2.544504572980899]
[2; 20; 1.279300829549294]
[1; 40; 2.5729356741060325]
[2; 20; 1.2937566649968684]
[2; 20; 1.3011708040038048]
[2; 20; 1.308713886348749]
[2; 20; 1.3163896934360506]
[2; 20; 1.324202163765107]
[1; 40; 2.6643108028445233]
[2; 20; 1.3402536851405702]
[1; 40; 2.6970029559457385]
[1; 40; 2.7138068752556443]
[2; 20; 1.365464427523323]
[2; 30; 2.061284292925278]
[2; 30; 2.074626078117236]
[2; 30; 2.08823032931411]
[2; 30; 2.1021057665376595]
[2; 30; 2.1162615208681026]
[2; 30; 2.1307071596979]
[2; 30; 2.1454527139080697]
[1; 60; 4.32101741428486]
[2; 30; 2.1758861873738975]
[1; 80; 5.84425802927464]
[2; 40; 2.943536839403118]
[2; 40; 2.965422172996832]
[1; 80; 5.975606070414514]
[1; 80; 6.021396824886727]
[1; 80; 6.068256650877912]
[2; 40; 3.0581139028450774]
[1; 80; 6.165354922649963]
[2; 40; 3.107842592841811]
[2; 40; 3.133634259915006]
[1; 80; 6.320157799439495]
[2; 40; 3.1872045380162612]
[2; 50; 4.0188011425314745]
[2; 50; 4.054524521892399]
[2; 50; 4.091217799413542]
[1; 100; 8.257851346056247]
[2; 50; 4.167695778749865]
[1; 100; 8.415157887467574]
[2; 50; 4.248629466497425]
[2; 60; 5.149086513379367]
[2; 60; 5.201362843609639]
[2; 60; 5.25526441634415]
[2; 60; 5.310877228724092]
[2; 60; 5.368293786332424]
[2; 60; 5.427613750511289]
[2; 60; 5.488944666147469]
[2; 60; 5.552402782021208]
[2; 70; 6.554466307621443]
[2; 70; 6.6339172849120995]
[2; 70; 6.7163293551337935]
[2; 70; 6.801891140243648]
[2; 70; 6.890808523841314]
[1; 140; 13.966613473586591]
[2; 70; 7.079632759357564]
[1; 140; 14.36011619636744]
[2; 80; 8.325579439257448]
[2; 80; 8.450783148179204]
[1; 160; 17.163621711264557]
[1; 160; 17.438257096910608]
[1; 160; 17.726512279555113]
[2; 80; 9.014775767439344]
[1; 160; 18.348683417070465]
[2; 80; 9.34269229572293]
[1; 160; 19.041328662348107]
[1; 160; 19.41842128280932]
[2; 80; 9.909421615267497]
[1; 160; 20.245103678492075]
[1; 160; 20.700106639949894]
[2; 80; 10.593617310120855]
[1; 180; 24.424261877300793]
[2; 90; 12.52938197588466]
[2; 90; 12.872716283448419]
[2; 90; 13.245915777314032]
[2; 90; 13.653577464475303]
[2; 90; 14.101354169617528]
[2; 90; 14.59628827881264]
[1; 180; 30.294568394883267]
[1; 180; 31.531586498064893]
[1; 180; 32.93366799688481]
[2; 90; 17.270561198915466]
[1; 200; 40.45504433918608]
[1; 200; 42.90905427816139]
[1; 200; 45.87170854267616]
[2; 100; 24.773554038168744]
[2; 100; 27.138068752556435]
[2; 100; 30.34128325438956]
[1; 200; 70.070192217922]
[1; 200; 85.81810855632278]
[2; 100; 60.68256650877912]


Jobs: [[2; 10; 0.6068256650877912], [1; 20; 1.219765481366104], [2; 10; 0.6129864896880199], [1; 20; 1.2322762239030933], [2; 10; 0.6193388509542186], [1; 20; 1.2451799917394994], [2; 10; 0.6258928837466707], [2; 10; 0.6292489018187025], [2; 10; 0.6326594899528774], [1; 40; 2.544504572980899], [2; 20; 1.279300829549294], [1; 40; 2.5729356741060325], [2; 20; 1.2937566649968684], [2; 20; 1.3011708040038048], [2; 20; 1.308713886348749], [2; 20; 1.3163896934360506], [2; 20; 1.324202163765107], [1; 40; 2.6643108028445233], [2; 20; 1.3402536851405702], [1; 40; 2.6970029559457385], [2; 20; 1.365464427523323], [2; 30; 2.061284292925278], [2; 30; 2.074626078117236], [2; 30; 2.08823032931411], [2; 30; 2.1021057665376595], [2; 30; 2.1162615208681026], [2; 30; 2.1307071596979], [2; 30; 2.1454527139080697], [1; 60; 4.32101741428486], [2; 30; 2.1758861873738975], [1; 80; 5.84425802927464], [2; 40; 2.943536839403118], [2; 40; 2.965422172996832], [1; 80; 5.975606070414514], [1; 80; 6.068256650877912], [2; 40; 3.0581139028450774], [1; 80; 6.165354922649963], [2; 40; 3.107842592841811], [2; 40; 3.133634259915006], [1; 80; 6.320157799439495], [2; 40; 3.1872045380162612], [2; 50; 4.0188011425314745], [2; 50; 4.054524521892399], [2; 50; 4.091217799413542], [1; 100; 8.257851346056247], [2; 50; 4.167695778749865], [1; 100; 8.415157887467574], [2; 50; 4.248629466497425], [2; 60; 5.149086513379367], [2; 60; 5.201362843609639], [2; 60; 5.25526441634415], [2; 60; 5.310877228724092], [2; 60; 5.368293786332424], [2; 60; 5.427613750511289], [2; 60; 5.488944666147469], [2; 60; 5.552402782021208], [2; 70; 6.554466307621443], [2; 70; 6.6339172849120995], [2; 70; 6.7163293551337935], [2; 70; 6.801891140243648], [2; 70; 6.890808523841314], [1; 140; 13.966613473586591], [2; 70; 7.079632759357564], [1; 140; 14.36011619636744], [2; 80; 8.325579439257448], [2; 80; 8.450783148179204], [1; 160; 17.163621711264557], [1; 160; 17.726512279555113], [2; 80; 9.014775767439344], [1; 160; 18.348683417070465], [2; 80; 9.34269229572293], [1; 160; 19.041328662348107], [2; 80; 9.909421615267497], [1; 160; 20.245103678492075], [2; 80; 10.593617310120855], [1; 180; 24.424261877300793], [2; 90; 12.52938197588466], [2; 90; 12.872716283448419], [2; 90; 13.245915777314032], [2; 90; 13.653577464475303], [2; 90; 14.101354169617528], [2; 90; 14.59628827881264], [1; 180; 30.294568394883267], [1; 180; 32.93366799688481], [2; 90; 17.270561198915466], [1; 200; 40.45504433918608], [1; 200; 45.87170854267616], [2; 100; 24.773554038168744], [2; 100; 27.138068752556435], [2; 100; 30.34128325438956], [1; 200; 70.070192217922], [2; 100; 60.68256650877912]];
Intervals[4.9E-324=0.6068256650877912, 0.6068256650877912=1.8265911464538953, 1.8265911464538953=2.439577636141915, 2.439577636141915=3.671853860045008, 3.671853860045008=4.291192710999226, 4.291192710999226=5.536372702738726, 5.536372702738726=6.162265586485397, 6.162265586485397=6.7915144883041, 6.7915144883041=7.424173978256977, 7.424173978256977=9.968678551237875, 9.968678551237875=11.24797938078717, 11.24797938078717=13.820915054893202, 13.820915054893202=15.11467171989007, 15.11467171989007=16.415842523893875, 16.415842523893875=17.724556410242624, 17.724556410242624=19.040946103678674, 19.040946103678674=20.365148267443782, 20.365148267443782=23.029459070288304, 23.029459070288304=24.369712755428875, 24.369712755428875=27.066715711374613, 27.08351963068452=28.448984058207845, 28.448984058207845=30.510268351133124, 30.510268351133124=32.58489442925036, 32.58489442925036=34.67312475856447, 34.67312475856447=36.77523052510213, 36.77523052510213=38.89149204597023, 38.89149204597023=41.02219920566813, 41.02219920566813=43.1676519195762, 43.1676519195762=47.48866933386106, 47.48866933386106=49.66455552123496, 49.66455552123496=55.5088135505096, 55.5088135505096=58.452350389912716, 58.452350389912716=61.41777256290955, 61.41777256290955=67.39337863332406, 67.39337863332406=73.46163528420198, 73.46163528420198=76.51974918704705, 76.51974918704705=82.68510410969702, 82.68510410969702=85.79294670253883, 85.79294670253883=88.92658096245384, 88.92658096245384=95.24673876189334, 95.24673876189334=98.4339432999096, 98.4339432999096=102.45274444244107, 102.45274444244107=106.50726896433348, 106.50726896433348=110.59848676374702, 110.59848676374702=118.85633810980326, 118.85633810980326=123.02403388855312, 123.02403388855312=131.4391917760207, 131.4391917760207=135.6878212425181, 135.6878212425181=140.83690775589747, 140.83690775589747=146.03827059950711, 146.03827059950711=151.29353501585126, 151.29353501585126=156.60441224457534, 156.60441224457534=161.97270603090777, 161.97270603090777=167.40031978141906, 167.40031978141906=172.88926444756652, 172.88926444756652=178.44166722958772, 178.44166722958772=184.99613353720918, 184.99613353720918=191.63005082212126, 191.63005082212126=198.34638017725504, 198.34638017725504=205.14827131749868, 205.14827131749868=212.03907984134, 212.03907984134=226.0056933149266, 226.0056933149266=233.08532607428415, 233.08532607428415=247.4454422706516, 247.4454422706516=255.77102170990904, 255.77102170990904=264.22180485808826, 264.22180485808826=281.38542656935283, 281.38542656935283=299.1119388489079, 299.1119388489079=308.1267146163473, 308.1267146163473=326.4753980334177, 326.4753980334177=335.81809032914066, 335.81809032914066=354.8594189914888, 355.23651161195=365.1459332272175, 365.1459332272175=385.39103690570954, 385.8460398671674=396.43965717728827, 396.43965717728827=420.8639190545891, 420.8639190545891=433.3933010304737, 433.3933010304737=446.26601731392213, 446.26601731392213=459.5119330912362, 459.5119330912362=473.1655105557115, 473.1655105557115=487.266864725329, 487.266864725329=501.8631530041417, 501.8631530041417=532.1577213990249, 532.1577213990249=565.0913893959097, 565.0913893959097=582.3619505948252, 582.3619505948252=622.8169949340113, 622.8169949340113=668.6887034766875, 668.6887034766875=693.4622575148562, 693.4622575148562=720.6003262674127, 720.6003262674127=750.9416095218022, 750.9416095218022=821.0118017397242, 836.7597180781249=897.4422845869041];

Jobs: [[2; 10; 0.6068256650877912], [2; 10; 0.6129864896880199], [2; 10; 0.6193388509542186], [2; 10; 0.6258928837466707], [2; 10; 0.6292489018187025], [2; 10; 0.6326594899528774], [2; 20; 1.279300829549294], [2; 20; 1.2937566649968684], [2; 20; 1.3011708040038048], [2; 20; 1.308713886348749], [2; 20; 1.3163896934360506], [2; 20; 1.324202163765107], [2; 20; 1.3402536851405702], [1; 40; 2.7138068752556443], [2; 20; 1.365464427523323], [2; 30; 2.061284292925278], [2; 30; 2.074626078117236], [2; 30; 2.08823032931411], [2; 30; 2.1021057665376595], [2; 30; 2.1162615208681026], [2; 30; 2.1307071596979], [2; 30; 2.1454527139080697], [2; 30; 2.1758861873738975], [2; 40; 2.943536839403118], [2; 40; 2.965422172996832], [1; 80; 6.021396824886727], [2; 40; 3.0581139028450774], [2; 40; 3.107842592841811], [2; 40; 3.133634259915006], [2; 40; 3.1872045380162612], [2; 50; 4.0188011425314745], [2; 50; 4.054524521892399], [2; 50; 4.091217799413542], [2; 50; 4.167695778749865], [2; 50; 4.248629466497425], [2; 60; 5.149086513379367], [2; 60; 5.201362843609639], [2; 60; 5.25526441634415], [2; 60; 5.310877228724092], [2; 60; 5.368293786332424], [2; 60; 5.427613750511289], [2; 60; 5.488944666147469], [2; 60; 5.552402782021208], [2; 70; 6.554466307621443], [2; 70; 6.6339172849120995], [2; 70; 6.7163293551337935], [2; 70; 6.801891140243648], [2; 70; 6.890808523841314], [2; 70; 7.079632759357564], [2; 80; 8.325579439257448], [2; 80; 8.450783148179204], [1; 160; 17.438257096910608], [2; 80; 9.014775767439344], [2; 80; 9.34269229572293], [1; 160; 19.41842128280932], [2; 80; 9.909421615267497], [1; 160; 20.700106639949894], [2; 80; 10.593617310120855], [2; 90; 12.52938197588466], [2; 90; 12.872716283448419], [2; 90; 13.245915777314032], [2; 90; 13.653577464475303], [2; 90; 14.101354169617528], [2; 90; 14.59628827881264], [1; 180; 31.531586498064893], [2; 90; 17.270561198915466], [1; 200; 42.90905427816139], [2; 100; 24.773554038168744], [2; 100; 27.138068752556435], [2; 100; 30.34128325438956], [1; 200; 85.81810855632278], [2; 100; 60.68256650877912]];
Intervals[4.9E-324=0.6068256650877912, 1.8265911464538953=2.439577636141915, 3.671853860045008=4.291192710999226, 5.536372702738726=6.162265586485397, 6.162265586485397=6.7915144883041, 6.7915144883041=7.424173978256977, 9.968678551237875=11.24797938078717, 13.820915054893202=15.11467171989007, 15.11467171989007=16.415842523893875, 16.415842523893875=17.724556410242624, 17.724556410242624=19.040946103678674, 19.040946103678674=20.365148267443782, 23.029459070288304=24.369712755428875, 24.369712755428875=27.08351963068452, 27.08351963068452=28.448984058207845, 28.448984058207845=30.510268351133124, 30.510268351133124=32.58489442925036, 32.58489442925036=34.67312475856447, 34.67312475856447=36.77523052510213, 36.77523052510213=38.89149204597023, 38.89149204597023=41.02219920566813, 41.02219920566813=43.1676519195762, 47.48866933386106=49.66455552123496, 55.5088135505096=58.452350389912716, 58.452350389912716=61.41777256290955, 61.41777256290955=67.43916938779627, 73.46163528420198=76.51974918704705, 82.68510410969702=85.79294670253883, 85.79294670253883=88.92658096245384, 95.24673876189334=98.4339432999096, 98.4339432999096=102.45274444244107, 102.45274444244107=106.50726896433348, 106.50726896433348=110.59848676374702, 118.85633810980326=123.02403388855312, 131.4391917760207=135.6878212425181, 135.6878212425181=140.83690775589747, 140.83690775589747=146.03827059950711, 146.03827059950711=151.29353501585126, 151.29353501585126=156.60441224457534, 156.60441224457534=161.97270603090777, 161.97270603090777=167.40031978141906, 167.40031978141906=172.88926444756652, 172.88926444756652=178.44166722958772, 178.44166722958772=184.99613353720918, 184.99613353720918=191.63005082212126, 191.63005082212126=198.34638017725504, 198.34638017725504=205.14827131749868, 205.14827131749868=212.03907984134, 226.0056933149266=233.08532607428415, 247.4454422706516=255.77102170990904, 255.77102170990904=264.22180485808826, 264.22180485808826=281.66006195499887, 299.1119388489079=308.1267146163473, 326.4753980334177=335.81809032914066, 335.81809032914066=355.23651161195, 355.23651161195=365.1459332272175, 365.1459332272175=385.8460398671674, 385.8460398671674=396.43965717728827, 420.8639190545891=433.3933010304737, 433.3933010304737=446.26601731392213, 446.26601731392213=459.5119330912362, 459.5119330912362=473.1655105557115, 473.1655105557115=487.266864725329, 487.266864725329=501.8631530041417, 501.8631530041417=533.3947395022066, 565.0913893959097=582.3619505948252, 582.3619505948252=625.2710048729866, 668.6887034766875=693.4622575148562, 693.4622575148562=720.6003262674127, 720.6003262674127=750.9416095218022, 750.9416095218022=836.7597180781249, 836.7597180781249=897.4422845869041];
