1.1790771612270199
1069803.133510862
1261380.4417317577
[2; 10; 4.625587818884994]
[1; 20; 9.297781351563597]
[2; 20; 9.345098610592776]
[2; 20; 9.39314570678732]
[2; 20; 9.441941597251338]
[2; 20; 9.49150593568958]
[2; 30; 14.312788658501564]
[1; 60; 28.779066767503235]
[1; 60; 28.935052011730416]
[1; 60; 29.093601428776502]
[1; 60; 29.254786049613994]
[2; 40; 19.61245312720535]
[2; 50; 24.654465913801662]
[2; 50; 24.795753408098086]
[2; 50; 24.93949811032065]
[2; 50; 25.085772080778025]
[1; 120; 60.563160896303344]
[2; 60; 30.463453437434232]
[2; 60; 30.648643309961443]
[1; 120; 61.674504251799924]
[1; 120; 62.05877279353099]
[2; 60; 31.22515733818982]
[1; 140; 73.32425599439459]
[1; 140; 73.79885160267386]
[1; 140; 74.28278368365625]
[2; 70; 37.38818121350907]
[1; 160; 86.03418587960863]
[1; 160; 86.62145676459954]
[2; 100; 54.51307522845786]
[1; 200; 109.79125563635245]
[2; 100; 55.286348961200225]
[2; 100; 55.68553355996125]
[2; 100; 56.09349164068602]
[1; 200; 113.0210987308947]
[1; 1040; 592.1453213336893]
[2; 520; 298.3414498659275]
[2; 520; 300.66320822752465]
[2; 520; 303.0400294692797]
[1; 1040; 610.9482500668856]
[2; 540; 319.8127493802479]
[2; 540; 322.46684260130644]
[2; 540; 325.188130024873]
[2; 540; 327.9794956436734]
[2; 540; 330.84399977419116]
[2; 540; 333.7848931635502]
[2; 540; 336.8056325008224]
[2; 540; 339.9098975010482]
[2; 560; 355.8090767818884]
[1; 1120; 718.42805182191]
[2; 560; 362.71863598360414]
[2; 560; 366.32786553523675]
[2; 560; 370.04702551079953]
[1; 1120; 747.7636242701816]
[1; 1120; 755.6766872193554]
[2; 560; 381.92320117429387]
[2; 560; 386.1434751597484]
[1; 1160; 808.906977586033]
[2; 580; 409.1294070101662]
[2; 580; 413.97134367872434]
[2; 580; 418.98936136040146]
[1; 1160; 848.3887954388057]
[2; 600; 444.41210262081233]
[2; 600; 450.22165772680086]
[1; 1200; 912.5303437400274]
[2; 600; 462.5587818884994]
[2; 600; 469.12022709012626]
[2; 600; 475.9690598347199]
[2; 620; 499.2311206558118]
[1; 1240; 1013.943199249316]
[2; 620; 515.0836603025705]
[2; 640; 540.4882752265455]
[2; 640; 549.7280603491206]
[2; 640; 559.4585159432856]
[2; 640; 569.7246661106144]
[2; 640; 580.577539700472]
[1; 1280; 1184.1504816345584]
[1; 1320; 1246.3362908371766]
[1; 1320; 1273.1422885161383]
[2; 660; 650.8779001243638]
[2; 660; 666.1947698593369]
[2; 660; 682.6465007288409]
[2; 660; 700.3805318744731]
[2; 680; 741.3778231070269]
[1; 1360; 1525.7429726266596]
[2; 680; 786.3499292104491]
[1; 1360; 1624.2774293991733]
[2; 680; 840.6434346341265]
[2; 680; 872.3769200694622]
[2; 680; 907.9986866137918]
[2; 680; 948.3736978594868]
[2; 680; 994.6627256868757]
[2; 680; 1048.4665722805987]
[1; 1360; 2224.13346932108]
[2; 700; 1223.8155036259373]
[1; 1400; 2643.7436472303752]
[2; 700; 1448.0380318490563]
[2; 700; 1618.955736609748]
[2; 700; 1869.4090606754537]
[2; 700; 2289.54915959523]
[1; 1400; 6475.822946438992]


Jobs: [[2; 10; 4.625587818884994], [1; 20; 9.297781351563597], [2; 20; 9.345098610592776], [2; 20; 9.39314570678732], [2; 20; 9.441941597251338], [2; 20; 9.49150593568958], [2; 30; 14.312788658501564], [1; 60; 28.779066767503235], [1; 60; 29.093601428776502], [2; 40; 19.61245312720535], [2; 50; 24.654465913801662], [2; 50; 24.795753408098086], [2; 50; 24.93949811032065], [2; 50; 25.085772080778025], [1; 120; 60.563160896303344], [2; 60; 30.463453437434232], [2; 60; 30.648643309961443], [1; 120; 61.674504251799924], [2; 60; 31.22515733818982], [1; 140; 73.32425599439459], [1; 140; 74.28278368365625], [2; 70; 37.38818121350907], [1; 160; 86.03418587960863], [2; 100; 54.51307522845786], [1; 200; 109.79125563635245], [2; 100; 55.286348961200225], [2; 100; 55.68553355996125], [2; 100; 56.09349164068602], [1; 200; 113.0210987308947], [2; 520; 298.3414498659275], [2; 520; 300.66320822752465], [2; 520; 303.0400294692797], [1; 1040; 610.9482500668856], [2; 540; 319.8127493802479], [2; 540; 322.46684260130644], [2; 540; 325.188130024873], [2; 540; 327.9794956436734], [2; 540; 330.84399977419116], [2; 540; 333.7848931635502], [2; 540; 336.8056325008224], [2; 540; 339.9098975010482], [2; 560; 355.8090767818884], [1; 1120; 718.42805182191], [2; 560; 362.71863598360414], [2; 560; 366.32786553523675], [2; 560; 370.04702551079953], [1; 1120; 747.7636242701816], [2; 560; 381.92320117429387], [2; 560; 386.1434751597484], [1; 1160; 808.906977586033], [2; 580; 409.1294070101662], [2; 580; 413.97134367872434], [2; 580; 418.98936136040146], [1; 1160; 848.3887954388057], [2; 600; 444.41210262081233], [2; 600; 450.22165772680086], [1; 1200; 912.5303437400274], [2; 600; 462.5587818884994], [2; 600; 469.12022709012626], [2; 600; 475.9690598347199], [2; 620; 499.2311206558118], [1; 1240; 1013.943199249316], [2; 620; 515.0836603025705], [2; 640; 540.4882752265455], [2; 640; 549.7280603491206], [2; 640; 559.4585159432856], [2; 640; 569.7246661106144], [2; 640; 580.577539700472], [1; 1280; 1184.1504816345584], [1; 1320; 1273.1422885161383], [2; 660; 650.8779001243638], [2; 660; 666.1947698593369], [2; 660; 682.6465007288409], [2; 660; 700.3805318744731], [2; 680; 741.3778231070269], [1; 1360; 1525.7429726266596], [2; 680; 786.3499292104491], [1; 1360; 1624.2774293991733], [2; 680; 840.6434346341265], [2; 680; 872.3769200694622], [2; 680; 907.9986866137918], [2; 680; 948.3736978594868], [2; 680; 994.6627256868757], [2; 680; 1048.4665722805987], [1; 1360; 2224.13346932108], [2; 700; 1223.8155036259373], [1; 1400; 2643.7436472303752], [2; 700; 1448.0380318490563], [2; 700; 1618.955736609748], [2; 700; 1869.4090606754537], [2; 700; 2289.54915959523], [1; 1400; 6475.822946438992]];
Intervals[4.9E-324=4.625587818884994, 4.625587818884994=13.923369170448591, 13.923369170448591=23.268467781041366, 23.268467781041366=32.66161348782869, 32.66161348782869=42.103555085080025, 42.103555085080025=51.595061020769606, 51.595061020769606=65.90784967927117, 65.90784967927117=94.6869164467744, 94.6869164467744=123.78051787555091, 124.09768774061558=143.71014086782094, 143.71014086782094=168.3646067816226, 168.3646067816226=193.16036018972068, 193.16036018972068=218.09985830004132, 218.09985830004132=243.18563038081933, 243.18563038081933=303.7487912771227, 303.7487912771227=334.2122447145569, 334.2122447145569=364.8608880245183, 364.8608880245183=426.53539227631825, 426.9196608180493=458.1448181562391, 458.1448181562391=531.4690741506337, 531.4690741506337=605.7518578342899, 605.7518578342899=643.140039047799, 643.140039047799=729.1742249274075, 729.7614958123985=784.2745710408564, 784.2745710408564=894.0658266772089, 894.0658266772089=949.3521756384091, 949.3521756384091=1005.0377091983704, 1005.0377091983704=1061.1312008390564, 1061.1312008390564=1174.152299569951, 1653.2765221727457=1951.617972038673, 1951.617972038673=2252.2811802661977, 2252.2811802661977=2555.321209735477, 2555.321209735477=3166.2694598023627, 3166.2694598023627=3486.0822091826108, 3486.0822091826108=3808.549051783917, 3808.549051783917=4133.73718180879, 4133.73718180879=4461.716677452464, 4461.716677452464=4792.560677226655, 4792.560677226655=5126.345570390205, 5126.345570390205=5463.151202891027, 5463.151202891027=5803.061100392076, 5803.061100392076=6158.870177173964, 6158.870177173964=6877.2982289958745, 6877.2982289958745=7240.016864979479, 7240.016864979479=7606.344730514716, 7606.344730514716=7976.391756025515, 7976.391756025515=8724.155380295697, 8732.06844324487=9113.991644419164, 9113.991644419164=9500.135119578912, 9500.135119578912=10309.042097164946, 10309.042097164946=10718.171504175112, 10718.171504175112=11132.142847853836, 11132.142847853836=11551.132209214238, 11551.132209214238=12399.521004653045, 12399.521004653045=12843.933107273857, 12843.933107273857=13294.154765000658, 13294.154765000658=14206.685108740685, 14206.685108740685=14669.243890629185, 14669.243890629185=15138.364117719311, 15138.364117719311=15614.333177554032, 15614.333177554032=16113.564298209843, 16113.564298209843=17127.50749745916, 17127.50749745916=17642.59115776173, 17642.59115776173=18183.079432988274, 18183.079432988274=18732.807493337394, 18732.807493337394=19292.26600928068, 19292.26600928068=19861.990675391295, 19861.990675391295=20442.568215091767, 20442.568215091767=21626.718696726326, 21626.718696726326=22899.860985242463, 22899.860985242463=23550.738885366827, 23550.738885366827=24216.933655226163, 24216.933655226163=24899.580155955005, 24899.580155955005=25599.96068782948, 25599.96068782948=26341.338510936508, 26341.338510936508=27867.081483563168, 27867.081483563168=28653.431412773618, 28653.431412773618=30277.70884217279, 30277.70884217279=31118.352276806916, 31118.352276806916=31990.72919687638, 31990.72919687638=32898.72788349017, 32898.72788349017=33847.10158134966, 33847.10158134966=34841.76430703654, 34841.76430703654=35890.23087931714, 35890.23087931714=38114.36434863822, 38114.36434863822=39338.179852264155, 39338.179852264155=41981.92349949453, 41981.92349949453=43429.961531343586, 43429.961531343586=45048.91726795334, 45048.91726795334=46918.32632862879, 46918.32632862879=49207.87548822402, 49207.87548822402=55683.69843466301];

Jobs: [[2; 10; 4.625587818884994], [2; 20; 9.345098610592776], [2; 20; 9.39314570678732], [2; 20; 9.441941597251338], [2; 20; 9.49150593568958], [2; 30; 14.312788658501564], [1; 60; 28.935052011730416], [1; 60; 29.254786049613994], [2; 40; 19.61245312720535], [2; 50; 24.654465913801662], [2; 50; 24.795753408098086], [2; 50; 24.93949811032065], [2; 50; 25.085772080778025], [2; 60; 30.463453437434232], [2; 60; 30.648643309961443], [1; 120; 62.05877279353099], [2; 60; 31.22515733818982], [1; 140; 73.79885160267386], [2; 70; 37.38818121350907], [1; 160; 86.62145676459954], [2; 100; 54.51307522845786], [2; 100; 55.286348961200225], [2; 100; 55.68553355996125], [2; 100; 56.09349164068602], [1; 1040; 592.1453213336893], [2; 520; 298.3414498659275], [2; 520; 300.66320822752465], [2; 520; 303.0400294692797], [2; 540; 319.8127493802479], [2; 540; 322.46684260130644], [2; 540; 325.188130024873], [2; 540; 327.9794956436734], [2; 540; 330.84399977419116], [2; 540; 333.7848931635502], [2; 540; 336.8056325008224], [2; 540; 339.9098975010482], [2; 560; 355.8090767818884], [2; 560; 362.71863598360414], [2; 560; 366.32786553523675], [2; 560; 370.04702551079953], [1; 1120; 755.6766872193554], [2; 560; 381.92320117429387], [2; 560; 386.1434751597484], [2; 580; 409.1294070101662], [2; 580; 413.97134367872434], [2; 580; 418.98936136040146], [2; 600; 444.41210262081233], [2; 600; 450.22165772680086], [2; 600; 462.5587818884994], [2; 600; 469.12022709012626], [2; 600; 475.9690598347199], [2; 620; 499.2311206558118], [2; 620; 515.0836603025705], [2; 640; 540.4882752265455], [2; 640; 549.7280603491206], [2; 640; 559.4585159432856], [2; 640; 569.7246661106144], [2; 640; 580.577539700472], [1; 1320; 1246.3362908371766], [2; 660; 650.8779001243638], [2; 660; 666.1947698593369], [2; 660; 682.6465007288409], [2; 660; 700.3805318744731], [2; 680; 741.3778231070269], [2; 680; 786.3499292104491], [2; 680; 840.6434346341265], [2; 680; 872.3769200694622], [2; 680; 907.9986866137918], [2; 680; 948.3736978594868], [2; 680; 994.6627256868757], [2; 680; 1048.4665722805987], [2; 700; 1223.8155036259373], [2; 700; 1448.0380318490563], [2; 700; 1618.955736609748], [2; 700; 1869.4090606754537], [2; 700; 2289.54915959523]];
Intervals[4.9E-324=4.625587818884994, 13.923369170448591=23.268467781041366, 23.268467781041366=32.66161348782869, 32.66161348782869=42.103555085080025, 42.103555085080025=51.595061020769606, 51.595061020769606=65.90784967927117, 65.90784967927117=94.84290169100159, 94.84290169100159=124.09768774061558, 124.09768774061558=143.71014086782094, 143.71014086782094=168.3646067816226, 168.3646067816226=193.16036018972068, 193.16036018972068=218.09985830004132, 218.09985830004132=243.18563038081933, 303.7487912771227=334.2122447145569, 334.2122447145569=364.8608880245183, 364.8608880245183=426.9196608180493, 426.9196608180493=458.1448181562391, 458.1448181562391=531.943669758913, 605.7518578342899=643.140039047799, 643.140039047799=729.7614958123985, 729.7614958123985=784.2745710408564, 894.0658266772089=949.3521756384091, 949.3521756384091=1005.0377091983704, 1005.0377091983704=1061.1312008390564, 1061.1312008390564=1653.2765221727457, 1653.2765221727457=1951.617972038673, 1951.617972038673=2252.2811802661977, 2252.2811802661977=2555.321209735477, 3166.2694598023627=3486.0822091826108, 3486.0822091826108=3808.549051783917, 3808.549051783917=4133.73718180879, 4133.73718180879=4461.716677452464, 4461.716677452464=4792.560677226655, 4792.560677226655=5126.345570390205, 5126.345570390205=5463.151202891027, 5463.151202891027=5803.061100392076, 5803.061100392076=6158.870177173964, 6877.2982289958745=7240.016864979479, 7240.016864979479=7606.344730514716, 7606.344730514716=7976.391756025515, 7976.391756025515=8732.06844324487, 8732.06844324487=9113.991644419164, 9113.991644419164=9500.135119578912, 10309.042097164946=10718.171504175112, 10718.171504175112=11132.142847853836, 11132.142847853836=11551.132209214238, 12399.521004653045=12843.933107273857, 12843.933107273857=13294.154765000658, 14206.685108740685=14669.243890629185, 14669.243890629185=15138.364117719311, 15138.364117719311=15614.333177554032, 15614.333177554032=16113.564298209843, 17127.50749745916=17642.59115776173, 17642.59115776173=18183.079432988274, 18183.079432988274=18732.807493337394, 18732.807493337394=19292.26600928068, 19292.26600928068=19861.990675391295, 19861.990675391295=20442.568215091767, 20442.568215091767=21688.904505928946, 22899.860985242463=23550.738885366827, 23550.738885366827=24216.933655226163, 24216.933655226163=24899.580155955005, 24899.580155955005=25599.96068782948, 25599.96068782948=26341.338510936508, 27867.081483563168=28653.431412773618, 30277.70884217279=31118.352276806916, 31118.352276806916=31990.72919687638, 31990.72919687638=32898.72788349017, 32898.72788349017=33847.10158134966, 33847.10158134966=34841.76430703654, 34841.76430703654=35890.23087931714, 38114.36434863822=39338.179852264155, 41981.92349949453=43429.961531343586, 43429.961531343586=45048.91726795334, 45048.91726795334=46918.32632862879, 46918.32632862879=49207.87548822402];
