1.2656232449581277
14276.162664645413
18068.2433171786
[1; 20; 1.5113523832459674]
[1; 20; 1.5266964556509621]
[1; 20; 1.5425175668716287]
[1; 20; 1.5588409586637535]
[1; 60; 4.727081349394447]
[1; 60; 4.779315878180962]
[1; 60; 4.833321161606991]
[2; 30; 2.4445997815955782]
[1; 80; 6.596082569501481]
[2; 40; 3.338019002374171]
[1; 80; 6.758973333788595]
[1; 80; 6.845078376196443]
[1; 100; 8.668200403484905]
[2; 50; 4.392278646554689]
[1; 100; 8.905729324630613]
[2; 50; 4.516029018103249]
[1; 100; 9.163919873017806]
[1; 120; 11.162077094934842]
[2; 60; 5.667571437172378]
[2; 60; 5.758258338428354]
[2; 60; 5.853442610562523]
[2; 60; 5.95350870714205]
[1; 140; 14.13740702197669]
[1; 140; 14.396830624135198]
[1; 140; 14.671080612160106]
[2; 70; 7.480812632689714]
[1; 160; 17.451594106148836]
[1; 160; 17.8269401460121]
[1; 160; 18.227595568131967]
[2; 80; 9.328269428321768]
[1; 160; 19.11726351272385]
[2; 90; 11.032817914778656]
[1; 200; 25.189206387432794]
[2; 100; 12.95973976892211]
[1; 200; 26.71718797389184]
[1; 200; 27.593393088100306]
[1; 200; 28.56187535324009]
[1; 200; 29.640058823408268]
[1; 200; 30.850351337432574]
[1; 1040; 167.5551336023757]
[2; 540; 91.24614000614604]
[1; 1080; 192.36375341202123]
[1; 1120; 211.58933365443545]
[1; 1120; 226.19851235162704]
[2; 600; 130.8869557961163]
[1; 1200; 286.7589526908577]
[1; 1240; 331.2931308762588]
[1; 1360; 419.564778189083]
[1; 1400; 528.9733341360886]
[1; 1400; 748.0812632689715]


Jobs: [[1; 20; 1.5113523832459674], [1; 20; 1.5425175668716287], [1; 60; 4.727081349394447], [1; 60; 4.833321161606991], [2; 30; 2.4445997815955782], [1; 80; 6.596082569501481], [2; 40; 3.338019002374171], [1; 80; 6.758973333788595], [1; 100; 8.668200403484905], [2; 50; 4.392278646554689], [1; 100; 8.905729324630613], [2; 50; 4.516029018103249], [1; 100; 9.163919873017806], [2; 60; 5.667571437172378], [2; 60; 5.758258338428354], [2; 60; 5.853442610562523], [2; 60; 5.95350870714205], [1; 140; 14.13740702197669], [1; 140; 14.671080612160106], [2; 70; 7.480812632689714], [1; 160; 17.451594106148836], [1; 160; 18.227595568131967], [2; 80; 9.328269428321768], [1; 160; 19.11726351272385], [2; 90; 11.032817914778656], [1; 200; 25.189206387432794], [2; 100; 12.95973976892211], [1; 200; 26.71718797389184], [1; 200; 28.56187535324009], [1; 200; 30.850351337432574], [2; 540; 91.24614000614604], [1; 1080; 192.36375341202123], [1; 1120; 226.19851235162704], [2; 600; 130.8869557961163], [1; 1200; 286.7589526908577], [1; 1360; 419.564778189083], [1; 1400; 748.0812632689715]];
Intervals[0.0=1.5113523832459674, 1.5113523832459674=3.053869950117596, 3.053869950117596=7.780951299512043, 7.780951299512043=12.614272461119032, 12.614272461119032=15.05887224271461, 15.05887224271461=21.65495481221609, 21.65495481221609=24.99297381459026, 24.99297381459026=31.751947148378857, 31.751947148378857=40.420147551863764, 40.420147551863764=44.81242619841845, 44.81242619841845=53.71815552304906, 53.71815552304906=58.23418454115231, 58.23418454115231=67.39810441417012, 69.39626163608715=75.06383307325953, 75.06383307325953=80.82209141168788, 80.82209141168788=86.6755340222504, 86.6755340222504=92.62904272939245, 92.62904272939245=106.76644975136914, 106.76644975136914=121.43753036352925, 121.43753036352925=128.91834299621897, 128.91834299621897=146.3699371023678, 146.3699371023678=164.59753267049976, 164.59753267049976=173.92580209882152, 173.92580209882152=193.04306561154536, 193.04306561154536=204.07588352632402, 204.07588352632402=229.2650899137568, 229.2650899137568=242.22482968267892, 242.22482968267892=268.9420176565708, 268.9420176565708=297.5038930098109, 297.5038930098109=328.3542443472435, 467.0134151965632=558.2595552027092, 558.2595552027092=750.6233086147304, 750.6233086147304=976.8218209663574, 976.8218209663574=1107.7087767624737, 1107.7087767624737=1394.4677294533315, 1394.4677294533315=1814.0325076424144, 1814.0325076424144=2562.113770911386];

Jobs: [[1; 20; 1.5266964556509621], [1; 20; 1.5588409586637535], [1; 60; 4.779315878180962], [2; 30; 2.4445997815955782], [2; 40; 3.338019002374171], [1; 80; 6.845078376196443], [2; 50; 4.392278646554689], [2; 50; 4.516029018103249], [1; 120; 11.162077094934842], [2; 60; 5.667571437172378], [2; 60; 5.758258338428354], [2; 60; 5.853442610562523], [2; 60; 5.95350870714205], [1; 140; 14.396830624135198], [2; 70; 7.480812632689714], [1; 160; 17.8269401460121], [2; 80; 9.328269428321768], [2; 90; 11.032817914778656], [2; 100; 12.95973976892211], [1; 200; 27.593393088100306], [1; 200; 29.640058823408268], [1; 1040; 167.5551336023757], [2; 540; 91.24614000614604], [1; 1120; 211.58933365443545], [2; 600; 130.8869557961163], [1; 1240; 331.2931308762588], [1; 1400; 528.9733341360886]];
Intervals[0.0=1.5266964556509621, 1.5266964556509621=3.0855374143147154, 3.0855374143147154=7.8648532924956776, 12.614272461119032=15.05887224271461, 21.65495481221609=24.99297381459026, 24.99297381459026=31.838052190786705, 40.420147551863764=44.81242619841845, 53.71815552304906=58.23418454115231, 58.23418454115231=69.39626163608715, 69.39626163608715=75.06383307325953, 75.06383307325953=80.82209141168788, 80.82209141168788=86.6755340222504, 86.6755340222504=92.62904272939245, 92.62904272939245=107.02587335352766, 121.43753036352925=128.91834299621897, 128.91834299621897=146.74528314223107, 164.59753267049976=173.92580209882152, 193.04306561154536=204.07588352632402, 229.2650899137568=242.22482968267892, 242.22482968267892=269.81822277077924, 269.81822277077924=299.4582815941875, 299.4582815941875=467.0134151965632, 467.0134151965632=558.2595552027092, 558.2595552027092=769.8488888571446, 976.8218209663574=1107.7087767624737, 1107.7087767624737=1439.0019076387325, 1439.0019076387325=1967.9752417748211];
