1.1329039787386728
638077.2364380485
722880.239903242
[2; 10; 3.572330433871001]
[2; 10; 3.590327174641704]
[2; 10; 3.6085986777560946]
[2; 10; 3.627152006621038]
[2; 10; 3.645994481499666]
[2; 20; 7.330267383293226]
[2; 20; 7.369155016302886]
[2; 20; 7.40866819507922]
[1; 40; 14.897647744737348]
[2; 20; 7.489639651174404]
[2; 20; 7.53113381717992]
[2; 30; 11.359988059756382]
[2; 30; 11.42435111340369]
[1; 60; 22.979641420413827]
[2; 30; 11.55642892450057]
[2; 30; 11.624209147487324]
[2; 30; 11.693196157577356]
[2; 40; 15.684568260499995]
[1; 80; 31.559832116479463]
[2; 40; 15.877024150537782]
[2; 40; 15.97594737645375]
[2; 40; 16.07674299703231]
[2; 40; 16.179470834591733]
[2; 50; 20.355241777412388]
[2; 50; 20.488720202866446]
[2; 60; 24.74983125155658]
[2; 60; 24.91649866501124]
[1; 120; 50.17315825726953]
[2; 70; 29.470222535008105]
[2; 70; 29.677033651480556]
[2; 70; 29.888260755909972]
[2; 70; 30.104063275007153]
[2; 80; 34.65669578460871]
[2; 80; 34.91436993305111]
[2; 80; 35.177878350082246]
[2; 80; 35.447444578411314]
[1; 160; 71.44660867742002]
[2; 90; 40.5064196955863]
[2; 90; 40.83177769094364]
[2; 90; 41.16510385579544]
[2; 100; 46.118587591774336]
[1; 200; 93.01556176986392]
[2; 100; 46.90699662678261]
[2; 100; 47.316672497903475]
[2; 100; 47.73727341389567]
[2; 100; 48.16929374378166]
[2; 520; 252.78895071731012]
[2; 520; 255.1626079639445]
[2; 520; 257.6044110444483]
[2; 520; 260.11768432606846]
[2; 540; 272.8100600383607]
[2; 540; 275.57977632719144]
[2; 540; 278.4356015800115]
[2; 540; 281.38209211670227]
[2; 540; 284.42414908887093]
[1; 1120; 596.43536872094]
[2; 560; 301.5874826699031]
[2; 560; 305.0741589957493]
[1; 1120; 617.369259491968]
[1; 1160; 647.168967777477]
[1; 1160; 655.2086420946529]
[2; 580; 331.7777927513438]
[2; 580; 336.1149414441119]
[2; 580; 340.62675327613005]
[2; 580; 345.32527527419677]
[2; 600; 362.3004318578693]
[2; 600; 367.5897690422408]
[2; 600; 373.1177449364789]
[2; 600; 378.9028611643899]
[1; 1200; 769.9313838178091]
[2; 600; 391.3291922986728]
[1; 1200; 796.0381295974198]
[2; 600; 405.06419695586305]
[1; 1240; 852.4941875536153]
[1; 1240; 868.7336312778431]
[2; 620; 442.9689738000041]
[2; 620; 452.10331570595855]
[2; 620; 461.8270800868578]
[2; 620; 472.2065126873525]
[1; 1240; 966.6375490263948]
[2; 620; 495.2543686700662]
[2; 620; 508.1202610310879]
[1; 1240; 1044.08788409743]
[1; 1280; 1109.0142651074786]
[1; 1280; 1143.1457388387203]
[2; 640; 590.3179211747116]
[2; 640; 611.0370996978646]
[2; 640; 634.1031656478727]
[2; 660; 680.6203594178061]
[2; 660; 710.8847805790574]
[2; 660; 745.582247900812]
[1; 1320; 1571.8253909032403]
[1; 1320; 1667.1725891233154]
[2; 680; 918.1455130999562]
[2; 680; 991.7104989679092]
[1; 1360; 2172.72884319771]
[1; 1360; 2429.1846950322806]
[2; 700; 1443.7401563408002]
[2; 700; 1768.213352100486]
[1; 1400; 5001.262607419401]


Jobs: [[2; 10; 3.572330433871001], [2; 10; 3.590327174641704], [2; 10; 3.6085986777560946], [2; 10; 3.627152006621038], [2; 10; 3.645994481499666], [2; 20; 7.330267383293226], [2; 20; 7.369155016302886], [2; 20; 7.40866819507922], [1; 40; 14.897647744737348], [2; 20; 7.489639651174404], [2; 20; 7.53113381717992], [2; 30; 11.359988059756382], [2; 30; 11.42435111340369], [1; 60; 22.979641420413827], [2; 30; 11.55642892450057], [2; 30; 11.624209147487324], [2; 30; 11.693196157577356], [2; 40; 15.684568260499995], [1; 80; 31.559832116479463], [2; 40; 15.877024150537782], [2; 40; 15.97594737645375], [2; 40; 16.07674299703231], [2; 40; 16.179470834591733], [2; 50; 20.355241777412388], [2; 50; 20.488720202866446], [2; 60; 24.74983125155658], [2; 60; 24.91649866501124], [1; 120; 50.17315825726953], [2; 70; 29.470222535008105], [2; 70; 29.677033651480556], [2; 70; 29.888260755909972], [2; 70; 30.104063275007153], [2; 80; 34.65669578460871], [2; 80; 34.91436993305111], [2; 80; 35.177878350082246], [2; 80; 35.447444578411314], [1; 160; 71.44660867742002], [2; 90; 40.5064196955863], [2; 90; 40.83177769094364], [2; 90; 41.16510385579544], [2; 100; 46.118587591774336], [1; 200; 93.01556176986392], [2; 100; 46.90699662678261], [2; 100; 47.316672497903475], [2; 100; 47.73727341389567], [2; 100; 48.16929374378166], [2; 520; 252.78895071731012], [2; 520; 255.1626079639445], [2; 520; 257.6044110444483], [2; 520; 260.11768432606846], [2; 540; 272.8100600383607], [2; 540; 275.57977632719144], [2; 540; 278.4356015800115], [2; 540; 281.38209211670227], [2; 540; 284.42414908887093], [1; 1120; 596.43536872094], [2; 560; 301.5874826699031], [2; 560; 305.0741589957493], [1; 1120; 617.369259491968], [1; 1160; 655.2086420946529], [2; 580; 331.7777927513438], [2; 580; 336.1149414441119], [2; 580; 340.62675327613005], [2; 580; 345.32527527419677], [2; 600; 362.3004318578693], [2; 600; 367.5897690422408], [2; 600; 373.1177449364789], [2; 600; 378.9028611643899], [1; 1200; 769.9313838178091], [2; 600; 391.3291922986728], [1; 1200; 796.0381295974198], [2; 600; 405.06419695586305], [1; 1240; 852.4941875536153], [2; 620; 442.9689738000041], [2; 620; 452.10331570595855], [2; 620; 461.8270800868578], [2; 620; 472.2065126873525], [1; 1240; 966.6375490263948], [2; 620; 495.2543686700662], [2; 620; 508.1202610310879], [1; 1240; 1044.08788409743], [1; 1280; 1143.1457388387203], [2; 640; 590.3179211747116], [2; 640; 611.0370996978646], [2; 640; 634.1031656478727], [2; 660; 680.6203594178061], [2; 660; 710.8847805790574], [2; 660; 745.582247900812], [1; 1320; 1571.8253909032403], [2; 680; 918.1455130999562], [2; 680; 991.7104989679092], [1; 1360; 2172.72884319771], [2; 700; 1443.7401563408002], [2; 700; 1768.213352100486], [1; 1400; 5001.262607419401]];
Intervals[4.9E-324=3.572330433871001, 3.572330433871001=7.1626576085127045, 7.1626576085127045=10.771256286268798, 10.771256286268798=14.398408292889837, 14.398408292889837=18.044402774389503, 18.044402774389503=25.37467015768273, 25.37467015768273=32.74382517398561, 32.74382517398561=40.152493369064835, 40.152493369064835=55.050141113802184, 55.050141113802184=62.539780764976584, 62.539780764976584=70.0709145821565, 70.0709145821565=81.4309026419129, 81.4309026419129=92.85525375531658, 92.85525375531658=115.83489517573041, 115.83489517573041=127.39132410023097, 127.39132410023097=139.0155332477183, 139.0155332477183=150.70872940529566, 150.70872940529566=166.39329766579564, 166.39329766579564=197.9531297822751, 197.9531297822751=213.8301539328129, 213.8301539328129=229.80610130926664, 229.80610130926664=245.88284430629895, 245.88284430629895=262.0623151408907, 262.0623151408907=282.4175569183031, 282.4175569183031=302.9062771211695, 302.9062771211695=327.6561083727261, 327.6561083727261=352.5726070377374, 352.5726070377374=402.7457652950069, 402.7457652950069=432.215987830015, 432.215987830015=461.89302148149557, 461.89302148149557=491.78128223740555, 491.78128223740555=521.8853455124128, 521.8853455124128=556.5420412970215, 556.5420412970215=591.4564112300726, 591.4564112300726=626.6342895801548, 626.6342895801548=662.0817341585662, 662.0817341585662=733.5283428359862, 733.5283428359862=774.0347625315725, 774.0347625315725=814.8665402225162, 814.8665402225162=856.0316440783116, 856.0316440783116=902.150231670086, 902.150231670086=995.1657934399499, 995.1657934399499=1042.0727900667325, 1042.0727900667325=1089.389462564636, 1089.389462564636=1137.1267359785318, 1137.1267359785318=1185.2960297223135, 1185.2960297223135=1438.0849804396237, 1438.0849804396237=1693.2475884035682, 1693.2475884035682=1950.8519994480166, 1950.8519994480166=2210.969683774085, 2210.969683774085=2483.7797438124453, 2483.7797438124453=2759.3595201396365, 2759.3595201396365=3037.795121719648, 3037.795121719648=3319.17721383635, 3319.17721383635=3603.6013629252207, 3603.6013629252207=4200.036731646161, 4200.036731646161=4501.624214316063, 4501.624214316063=4806.698373311813, 4806.698373311813=5424.067632803781, 5424.067632803781=6079.276274898433, 6079.276274898433=6411.054067649777, 6411.054067649777=6747.169009093888, 6747.169009093888=7087.795762370019, 7087.795762370019=7433.121037644215, 7433.121037644215=7795.421469502085, 7795.421469502085=8163.011238544325, 8163.011238544325=8536.128983480805, 8536.128983480805=8915.031844645195, 8915.031844645195=9684.963228463004, 9684.963228463004=10076.292420761678, 10076.292420761678=10872.330550359098, 10872.330550359098=11277.394747314962, 11277.394747314962=12129.888934868577, 12146.128378592804=12589.097352392808, 12589.097352392808=13041.200668098767, 13041.200668098767=13503.027748185625, 13503.027748185625=13975.234260872978, 13975.234260872978=14941.871809899372, 14941.871809899372=15437.126178569439, 15437.126178569439=15945.246439600527, 15945.246439600527=16989.334323697956, 16989.334323697956=18132.480062536677, 18132.480062536677=18722.79798371139, 18722.79798371139=19333.835083409253, 19333.835083409253=19967.938249057126, 19967.938249057126=20648.558608474934, 20648.558608474934=21359.44338905399, 21359.44338905399=22105.025636954804, 22105.025636954804=23676.851027858043, 23772.19822607812=24690.343739178075, 24690.343739178075=25682.054238145985, 25682.054238145985=27854.783081343696, 28111.238933178265=29554.979089519067, 29554.979089519067=31323.192441619554, 31323.192441619554=36324.45504903895];

Jobs: [[2; 10; 3.572330433871001], [2; 10; 3.590327174641704], [2; 10; 3.6085986777560946], [2; 10; 3.627152006621038], [2; 10; 3.645994481499666], [2; 20; 7.330267383293226], [2; 20; 7.369155016302886], [2; 20; 7.40866819507922], [2; 20; 7.489639651174404], [2; 20; 7.53113381717992], [2; 30; 11.359988059756382], [2; 30; 11.42435111340369], [2; 30; 11.55642892450057], [2; 30; 11.624209147487324], [2; 30; 11.693196157577356], [2; 40; 15.684568260499995], [2; 40; 15.877024150537782], [2; 40; 15.97594737645375], [2; 40; 16.07674299703231], [2; 40; 16.179470834591733], [2; 50; 20.355241777412388], [2; 50; 20.488720202866446], [2; 60; 24.74983125155658], [2; 60; 24.91649866501124], [2; 70; 29.470222535008105], [2; 70; 29.677033651480556], [2; 70; 29.888260755909972], [2; 70; 30.104063275007153], [2; 80; 34.65669578460871], [2; 80; 34.91436993305111], [2; 80; 35.177878350082246], [2; 80; 35.447444578411314], [2; 90; 40.5064196955863], [2; 90; 40.83177769094364], [2; 90; 41.16510385579544], [2; 100; 46.118587591774336], [2; 100; 46.90699662678261], [2; 100; 47.316672497903475], [2; 100; 47.73727341389567], [2; 100; 48.16929374378166], [2; 520; 252.78895071731012], [2; 520; 255.1626079639445], [2; 520; 257.6044110444483], [2; 520; 260.11768432606846], [2; 540; 272.8100600383607], [2; 540; 275.57977632719144], [2; 540; 278.4356015800115], [2; 540; 281.38209211670227], [2; 540; 284.42414908887093], [2; 560; 301.5874826699031], [2; 560; 305.0741589957493], [1; 1160; 647.168967777477], [2; 580; 331.7777927513438], [2; 580; 336.1149414441119], [2; 580; 340.62675327613005], [2; 580; 345.32527527419677], [2; 600; 362.3004318578693], [2; 600; 367.5897690422408], [2; 600; 373.1177449364789], [2; 600; 378.9028611643899], [2; 600; 391.3291922986728], [2; 600; 405.06419695586305], [1; 1240; 868.7336312778431], [2; 620; 442.9689738000041], [2; 620; 452.10331570595855], [2; 620; 461.8270800868578], [2; 620; 472.2065126873525], [2; 620; 495.2543686700662], [2; 620; 508.1202610310879], [1; 1280; 1109.0142651074786], [2; 640; 590.3179211747116], [2; 640; 611.0370996978646], [2; 640; 634.1031656478727], [2; 660; 680.6203594178061], [2; 660; 710.8847805790574], [2; 660; 745.582247900812], [1; 1320; 1667.1725891233154], [2; 680; 918.1455130999562], [2; 680; 991.7104989679092], [1; 1360; 2429.1846950322806], [2; 700; 1443.7401563408002], [2; 700; 1768.213352100486]];
Intervals[4.9E-324=3.572330433871001, 3.572330433871001=7.1626576085127045, 7.1626576085127045=10.771256286268798, 10.771256286268798=14.398408292889837, 14.398408292889837=18.044402774389503, 18.044402774389503=25.37467015768273, 25.37467015768273=32.74382517398561, 32.74382517398561=40.152493369064835, 55.050141113802184=62.539780764976584, 62.539780764976584=70.0709145821565, 70.0709145821565=81.4309026419129, 81.4309026419129=92.85525375531658, 115.83489517573041=127.39132410023097, 127.39132410023097=139.0155332477183, 139.0155332477183=150.70872940529566, 150.70872940529566=166.39329766579564, 197.9531297822751=213.8301539328129, 213.8301539328129=229.80610130926664, 229.80610130926664=245.88284430629895, 245.88284430629895=262.0623151408907, 262.0623151408907=282.4175569183031, 282.4175569183031=302.9062771211695, 302.9062771211695=327.6561083727261, 327.6561083727261=352.5726070377374, 402.7457652950069=432.215987830015, 432.215987830015=461.89302148149557, 461.89302148149557=491.78128223740555, 491.78128223740555=521.8853455124128, 521.8853455124128=556.5420412970215, 556.5420412970215=591.4564112300726, 591.4564112300726=626.6342895801548, 626.6342895801548=662.0817341585662, 733.5283428359862=774.0347625315725, 774.0347625315725=814.8665402225162, 814.8665402225162=856.0316440783116, 856.0316440783116=902.150231670086, 995.1657934399499=1042.0727900667325, 1042.0727900667325=1089.389462564636, 1089.389462564636=1137.1267359785318, 1137.1267359785318=1185.2960297223135, 1185.2960297223135=1438.0849804396237, 1438.0849804396237=1693.2475884035682, 1693.2475884035682=1950.8519994480166, 1950.8519994480166=2210.969683774085, 2210.969683774085=2483.7797438124453, 2483.7797438124453=2759.3595201396365, 2759.3595201396365=3037.795121719648, 3037.795121719648=3319.17721383635, 3319.17721383635=3603.6013629252207, 4200.036731646161=4501.624214316063, 4501.624214316063=4806.698373311813, 4806.698373311813=5453.86734108929, 6079.276274898433=6411.054067649777, 6411.054067649777=6747.169009093888, 6747.169009093888=7087.795762370019, 7087.795762370019=7433.121037644215, 7433.121037644215=7795.421469502085, 7795.421469502085=8163.011238544325, 8163.011238544325=8536.128983480805, 8536.128983480805=8915.031844645195, 9684.963228463004=10076.292420761678, 10872.330550359098=11277.394747314962, 11277.394747314962=12146.128378592804, 12146.128378592804=12589.097352392808, 12589.097352392808=13041.200668098767, 13041.200668098767=13503.027748185625, 13503.027748185625=13975.234260872978, 14941.871809899372=15437.126178569439, 15437.126178569439=15945.246439600527, 15945.246439600527=17054.260704708006, 18132.480062536677=18722.79798371139, 18722.79798371139=19333.835083409253, 19333.835083409253=19967.938249057126, 19967.938249057126=20648.558608474934, 20648.558608474934=21359.44338905399, 21359.44338905399=22105.025636954804, 22105.025636954804=23772.19822607812, 23772.19822607812=24690.343739178075, 24690.343739178075=25682.054238145985, 25682.054238145985=28111.238933178265, 28111.238933178265=29554.979089519067, 29554.979089519067=31323.192441619554];
