1.1803785278764443
16187.382558926454
19107.238795078436
[2; 10; 0.8046709279929642]
[1; 20; 1.6256807708785632]
[2; 10; 0.8212638268477447]
[1; 20; 1.659909382757446]
[1; 20; 1.6778548705921554]
[2; 10; 0.8481976331263699]
[1; 40; 3.4311283655726754]
[1; 60; 5.206193860899938]
[1; 60; 5.267807767225884]
[1; 60; 5.331662313979559]
[1; 80; 7.197195578040425]
[2; 40; 3.6444416472410124]
[1; 100; 9.230208573490595]
[2; 50; 4.677054767248997]
[2; 50; 4.7415689150624765]
[2; 50; 4.808828571184233]
[2; 50; 4.879034161733491]
[2; 50; 4.952407213718863]
[2; 50; 5.029193299956026]
[2; 60; 6.131598602908057]
[1; 120; 12.465908413176072]
[2; 70; 7.3960928426475165]
[1; 140; 15.054014608235583]
[1; 140; 15.330258101157899]
[1; 140; 15.622289257905207]
[1; 160; 18.207624633839906]
[1; 160; 18.583079075432156]
[1; 160; 18.982760909481442]
[1; 180; 21.835567209761592]
[2; 90; 11.174707782577766]
[1; 200; 25.445928993791092]
[2; 100; 13.053486148162813]
[1; 200; 26.822364266432142]
[1; 200; 27.599985131220595]
[2; 100; 14.224706745187428]
[2; 100; 14.69121395434539]
[1; 200; 30.413702324470655]
[2; 100; 15.780895245603613]
[1; 1080; 177.39298659911285]
[2; 540; 92.64046587046225]
[2; 560; 100.76073809256596]
[2; 560; 106.21114369739945]
[2; 580; 116.6772845589798]
[2; 600; 129.03441092773357]
[2; 620; 144.01886283459922]
[2; 620; 157.76475976150476]
[1; 1280; 364.15249267679815]
[1; 1360; 446.76752180517315]
[1; 1360; 547.1762310352156]
[1; 1400; 796.583577730496]


Jobs: [[2; 10; 0.8046709279929642], [1; 20; 1.6256807708785632], [2; 10; 0.8212638268477447], [1; 20; 1.659909382757446], [2; 10; 0.8481976331263699], [1; 40; 3.4311283655726754], [1; 60; 5.267807767225884], [1; 80; 7.197195578040425], [2; 40; 3.6444416472410124], [1; 100; 9.230208573490595], [2; 50; 4.677054767248997], [2; 50; 4.7415689150624765], [2; 50; 4.808828571184233], [2; 50; 4.879034161733491], [2; 50; 4.952407213718863], [2; 50; 5.029193299956026], [2; 60; 6.131598602908057], [1; 120; 12.465908413176072], [2; 70; 7.3960928426475165], [1; 140; 15.054014608235583], [1; 140; 15.622289257905207], [1; 160; 18.583079075432156], [1; 180; 21.835567209761592], [2; 90; 11.174707782577766], [1; 200; 25.445928993791092], [2; 100; 13.053486148162813], [1; 200; 26.822364266432142], [2; 100; 14.224706745187428], [2; 100; 14.69121395434539], [1; 200; 30.413702324470655], [2; 100; 15.780895245603613], [1; 1080; 177.39298659911285], [2; 540; 92.64046587046225], [2; 560; 100.76073809256596], [2; 560; 106.21114369739945], [2; 580; 116.6772845589798], [2; 600; 129.03441092773357], [2; 620; 144.01886283459922], [2; 620; 157.76475976150476], [1; 1280; 364.15249267679815], [1; 1360; 547.1762310352156]];
Intervals[4.9E-324=0.8046709279929642, 0.8046709279929642=2.4303516988715277, 2.4303516988715277=3.2516155257192723, 3.2516155257192723=4.911524908476718, 4.9294703963114275=5.777668029437797, 5.777668029437797=9.208796395010474, 9.208796395010474=14.476604162236358, 14.476604162236358=21.673799740276785, 21.673799740276785=25.318241387517798, 25.318241387517798=34.548449961008394, 34.548449961008394=39.22550472825739, 39.22550472825739=43.967073643319864, 43.967073643319864=48.7759022145041, 48.7759022145041=53.65493637623759, 53.65493637623759=58.60734358995646, 58.60734358995646=63.636536889912485, 63.636536889912485=69.76813549282055, 69.76813549282055=82.23404390599661, 82.23404390599661=89.63013674864413, 89.63013674864413=104.68415135687971, 104.68415135687971=120.30644061478492, 120.30644061478492=138.88951969021707, 138.88951969021707=160.72508689997866, 160.72508689997866=171.89979468255643, 171.89979468255643=197.34572367634752, 197.34572367634752=210.39920982451034, 210.39920982451034=237.22157409094248, 237.99919495573093=252.22390170091836, 252.22390170091836=266.9151156552638, 266.9151156552638=297.3288179797344, 297.3288179797344=313.10971322533806, 313.10971322533806=490.50269982445093, 490.50269982445093=583.1431656949131, 583.1431656949131=683.9039037874791, 683.9039037874791=790.1150474848785, 790.1150474848785=906.7923320438583, 906.7923320438583=1035.826742971592, 1035.826742971592=1179.8456058061913, 1179.8456058061913=1337.6103655676961, 1337.6103655676961=1701.7628582444943, 1701.7628582444943=2248.93908927971];

Jobs: [[2; 10; 0.8046709279929642], [2; 10; 0.8212638268477447], [1; 20; 1.6778548705921554], [2; 10; 0.8481976331263699], [1; 60; 5.206193860899938], [1; 60; 5.331662313979559], [2; 40; 3.6444416472410124], [2; 50; 4.677054767248997], [2; 50; 4.7415689150624765], [2; 50; 4.808828571184233], [2; 50; 4.879034161733491], [2; 50; 4.952407213718863], [2; 50; 5.029193299956026], [2; 60; 6.131598602908057], [2; 70; 7.3960928426475165], [1; 140; 15.330258101157899], [1; 160; 18.207624633839906], [1; 160; 18.982760909481442], [2; 90; 11.174707782577766], [2; 100; 13.053486148162813], [1; 200; 27.599985131220595], [2; 100; 14.224706745187428], [2; 100; 14.69121395434539], [2; 100; 15.780895245603613], [2; 540; 92.64046587046225], [2; 560; 100.76073809256596], [2; 560; 106.21114369739945], [2; 580; 116.6772845589798], [2; 600; 129.03441092773357], [2; 620; 144.01886283459922], [2; 620; 157.76475976150476], [1; 1360; 446.76752180517315], [1; 1400; 796.583577730496]];
Intervals[4.9E-324=0.8046709279929642, 2.4303516988715277=3.2516155257192723, 3.2516155257192723=4.9294703963114275, 4.9294703963114275=5.777668029437797, 5.777668029437797=10.983861890337735, 10.983861890337735=16.315524204317295, 21.673799740276785=25.318241387517798, 34.548449961008394=39.22550472825739, 39.22550472825739=43.967073643319864, 43.967073643319864=48.7759022145041, 48.7759022145041=53.65493637623759, 53.65493637623759=58.60734358995646, 58.60734358995646=63.636536889912485, 63.636536889912485=69.76813549282055, 82.23404390599661=89.63013674864413, 89.63013674864413=104.96039484980203, 104.96039484980203=123.16801948364193, 123.16801948364193=142.15078039312337, 160.72508689997866=171.89979468255643, 197.34572367634752=210.39920982451034, 210.39920982451034=237.99919495573093, 237.99919495573093=252.22390170091836, 252.22390170091836=266.9151156552638, 297.3288179797344=313.10971322533806, 490.50269982445093=583.1431656949131, 583.1431656949131=683.9039037874791, 683.9039037874791=790.1150474848785, 790.1150474848785=906.7923320438583, 906.7923320438583=1035.826742971592, 1035.826742971592=1179.8456058061913, 1179.8456058061913=1337.6103655676961, 1337.6103655676961=1784.3778873728693, 1784.3778873728693=2580.9614651033653];
