1.0918304753651311
26748.707217872536
29205.053717092484
[1; 10; 0.7314192671494584]
[1; 10; 0.7351040222943858]
[1; 20; 1.4776900676910774]
[1; 20; 1.4852874960100892]
[1; 20; 1.4930033271304897]
[1; 30; 2.2512610031799976]
[1; 30; 2.263204116182963]
[1; 30; 2.2753393458873497]
[1; 30; 2.2876718987958657]
[1; 30; 2.3002071811171056]
[1; 30; 2.3129508087234596]
[1; 30; 2.325908617722694]
[1; 40; 3.1187822342512024]
[2; 20; 1.5683275290656158]
[1; 40; 3.154838718046107]
[1; 50; 3.9666779120029503]
[1; 50; 3.9902192338827627]
[1; 50; 4.014184730043096]
[1; 60; 4.846304752311633]
[1; 60; 4.876128447663056]
[1; 70; 5.724261204897437]
[1; 70; 5.760376775818244]
[1; 70; 5.7971846696694165]
[1; 70; 5.8347072922626735]
[1; 70; 5.872968077905651]
[1; 80; 6.756561772467497]
[1; 80; 6.802061019028743]
[1; 80; 6.848492008682057]
[1; 80; 6.895886982558361]
[1; 80; 6.9442797656205375]
[1; 80; 6.993705868123427]
[1; 80; 7.044202595132453]
[1; 90; 7.982785310476973]
[1; 90; 8.042137691323077]
[1; 90; 8.102833931199394]
[2; 50; 4.536069733715822]
[1; 100; 9.14274083936823]
[2; 50; 4.60750829761567]
[1; 100; 9.289033981836747]
[2; 50; 4.682432044431098]
[2; 50; 4.721291067941809]
[1; 110; 10.47449456466383]
[1; 110; 10.564406038369462]
[1; 110; 10.65667334512285]
[1; 110; 10.751401193337175]
[1; 110; 10.848700924932864]
[2; 60; 5.972013308521959]
[1; 120; 12.056179562230373]
[1; 120; 12.171552330321537]
[2; 60; 6.145150997182493]
[1; 120; 12.412596568605046]
[1; 130; 13.583500675632799]
[1; 130; 13.724266100324606]
[1; 130; 13.869500473939764]
[2; 70; 7.54893212625282]
[1; 140; 15.264696546393164]
[2; 70; 7.718592234091051]
[1; 140; 15.615654957561938]
[1; 140; 15.800462040717154]
[2; 70; 7.995994892797678]
[1; 140; 16.19065566106422]
[1; 150; 17.56812253591689]
[1; 150; 17.7977809439109]
[1; 150; 18.036688022249635]
[1; 150; 18.28548167873646]
[1; 160; 19.781187379896906]
[2; 80; 10.034989556968224]
[2; 80; 10.185900123696964]
[1; 160; 20.687660947675077]
[1; 160; 21.018684541532934]
[2; 80; 10.68306217631082]
[1; 170; 23.08959518763012]
[1; 170; 23.49829231783992]
[1; 180; 25.337106646753114]
[2; 90; 12.909880785505926]
[1; 180; 26.3310936173805]
[1; 180; 26.874059888348814]
[2; 90; 13.726031392775193]
[1; 190; 29.62843122538642]
[1; 190; 30.325666177508992]
[1; 200; 32.710064027985354]
[2; 100; 16.779908794016144]
[2; 100; 17.2397174563959]
[1; 200; 35.4790458243421]
[1; 200; 36.57096335747292]
[2; 100; 18.885164271767238]
[2; 120; 23.457602603644744]
[2; 140; 28.40028877075025]
[2; 150; 31.6713833084414]
[2; 160; 35.28499307013051]
[2; 160; 37.00721293957535]
[2; 170; 41.447091805135976]
[2; 180; 46.547237132268926]
[2; 180; 49.76108961424924]
[2; 180; 53.74811977669763]
[2; 190; 62.14912165317217]
[2; 190; 69.48483037919854]
[2; 190; 80.23417104805154]
[2; 200; 103.43830473837538]
[2; 200; 146.28385342989168]


Jobs: [[1; 10; 0.7314192671494584], [1; 20; 1.4776900676910774], [1; 20; 1.4930033271304897], [1; 30; 2.263204116182963], [1; 30; 2.2876718987958657], [1; 30; 2.3129508087234596], [1; 40; 3.1187822342512024], [2; 20; 1.5683275290656158], [1; 40; 3.154838718046107], [1; 50; 3.9902192338827627], [1; 60; 4.846304752311633], [1; 70; 5.724261204897437], [1; 70; 5.7971846696694165], [1; 70; 5.872968077905651], [1; 80; 6.802061019028743], [1; 80; 6.895886982558361], [1; 80; 6.993705868123427], [1; 90; 7.982785310476973], [1; 90; 8.102833931199394], [2; 50; 4.536069733715822], [1; 100; 9.14274083936823], [2; 50; 4.60750829761567], [1; 100; 9.289033981836747], [2; 50; 4.682432044431098], [2; 50; 4.721291067941809], [1; 110; 10.47449456466383], [1; 110; 10.65667334512285], [1; 110; 10.848700924932864], [2; 60; 5.972013308521959], [1; 120; 12.056179562230373], [2; 60; 6.145150997182493], [1; 120; 12.412596568605046], [1; 130; 13.724266100324606], [2; 70; 7.54893212625282], [1; 140; 15.264696546393164], [2; 70; 7.718592234091051], [1; 140; 15.615654957561938], [2; 70; 7.995994892797678], [1; 140; 16.19065566106422], [1; 150; 17.7977809439109], [1; 150; 18.28548167873646], [2; 80; 10.034989556968224], [2; 80; 10.185900123696964], [1; 160; 20.687660947675077], [2; 80; 10.68306217631082], [1; 170; 23.08959518763012], [1; 180; 25.337106646753114], [2; 90; 12.909880785505926], [1; 180; 26.3310936173805], [2; 90; 13.726031392775193], [1; 190; 29.62843122538642], [1; 200; 32.710064027985354], [2; 100; 16.779908794016144], [2; 100; 17.2397174563959], [1; 200; 35.4790458243421], [2; 100; 18.885164271767238], [2; 120; 23.457602603644744], [2; 140; 28.40028877075025], [2; 150; 31.6713833084414], [2; 160; 35.28499307013051], [2; 160; 37.00721293957535], [2; 170; 41.447091805135976], [2; 180; 46.547237132268926], [2; 180; 49.76108961424924], [2; 180; 53.74811977669763], [2; 190; 62.14912165317217], [2; 190; 69.48483037919854], [2; 190; 80.23417104805154], [2; 200; 103.43830473837538], [2; 200; 146.28385342989168]];
Intervals[0.0=0.7314192671494584, 0.7314192671494584=2.2091093348405355, 2.2091093348405355=3.702112661971025, 3.702112661971025=5.965316778153988, 5.965316778153988=8.252988676949855, 8.252988676949855=10.565939485673315, 10.565939485673315=13.684721719924518, 13.684721719924518=15.253049248990134, 15.253049248990134=18.407887967036242, 18.407887967036242=22.398107200919004, 22.398107200919004=27.24441195323064, 27.24441195323064=32.96867315812808, 32.96867315812808=38.76585782779749, 38.76585782779749=44.63882590570314, 44.63882590570314=51.440886924731885, 51.440886924731885=58.336773907290244, 58.336773907290244=65.33047977541366, 65.33047977541366=73.31326508589063, 73.31326508589063=81.41609901709003, 81.41609901709003=85.95216875080585, 85.95216875080585=95.09490959017408, 95.09490959017408=99.70241788778975, 99.70241788778975=108.9914518696265, 108.9914518696265=113.6738839140576, 113.6738839140576=118.3951749819994, 118.3951749819994=128.86966954666323, 128.86966954666323=139.52634289178607, 139.52634289178607=150.37504381671894, 150.37504381671894=156.3470571252409, 156.3470571252409=168.40323668747126, 168.51860945556243=174.66376045274492, 174.66376045274492=187.07635702134996, 187.07635702134996=200.80062312167456, 202.11676160231747=209.6656937285703, 209.6656937285703=224.93039027496346, 224.93039027496346=232.64898250905452, 232.64898250905452=248.26463746661645, 248.44944454977167=256.44543944256935, 256.44543944256935=272.6360951036336, 272.6360951036336=290.43387604754446, 290.43387604754446=308.7193577262809, 311.83143738063274=321.866426937601, 321.866426937601=332.05232706129794, 332.05232706129794=352.739988008973, 353.0710116028309=363.7540737791417, 363.7540737791417=386.8436689667718, 386.8436689667718=412.18077561352493, 412.18077561352493=425.0906563990309, 425.0906563990309=451.42175001641135, 451.9647162873797=465.6907476801549, 465.6907476801549=495.3191789055413, 495.3191789055413=528.0292429335267, 528.0292429335267=544.8091517275428, 544.8091517275428=562.0488691839387, 562.0488691839387=597.5279150082807, 598.6198325414116=617.5049968131789, 617.5049968131789=640.9625994168237, 640.9625994168237=669.3628881875738, 669.3628881875738=701.0342714960152, 701.0342714960152=736.3192645661458, 736.3192645661458=773.3264775057211, 773.3264775057211=814.773569310857, 814.773569310857=861.320806443126, 861.320806443126=911.0818960573753, 911.0818960573753=964.8300158340729, 964.8300158340729=1026.979137487245, 1026.979137487245=1096.4639678664435, 1096.4639678664435=1176.698138914495, 1176.698138914495=1280.1364436528704, 1280.1364436528704=1426.420297082762];

Jobs: [[1; 10; 0.7351040222943858], [1; 20; 1.4852874960100892], [1; 30; 2.2512610031799976], [1; 30; 2.2753393458873497], [1; 30; 2.3002071811171056], [1; 30; 2.325908617722694], [2; 20; 1.5683275290656158], [1; 50; 3.9666779120029503], [1; 50; 4.014184730043096], [1; 60; 4.876128447663056], [1; 70; 5.760376775818244], [1; 70; 5.8347072922626735], [1; 80; 6.756561772467497], [1; 80; 6.848492008682057], [1; 80; 6.9442797656205375], [1; 80; 7.044202595132453], [1; 90; 8.042137691323077], [2; 50; 4.536069733715822], [2; 50; 4.60750829761567], [2; 50; 4.682432044431098], [2; 50; 4.721291067941809], [1; 110; 10.564406038369462], [1; 110; 10.751401193337175], [2; 60; 5.972013308521959], [1; 120; 12.171552330321537], [2; 60; 6.145150997182493], [1; 130; 13.583500675632799], [1; 130; 13.869500473939764], [2; 70; 7.54893212625282], [2; 70; 7.718592234091051], [1; 140; 15.800462040717154], [2; 70; 7.995994892797678], [1; 150; 17.56812253591689], [1; 150; 18.036688022249635], [1; 160; 19.781187379896906], [2; 80; 10.034989556968224], [2; 80; 10.185900123696964], [1; 160; 21.018684541532934], [2; 80; 10.68306217631082], [1; 170; 23.49829231783992], [2; 90; 12.909880785505926], [1; 180; 26.874059888348814], [2; 90; 13.726031392775193], [1; 190; 30.325666177508992], [2; 100; 16.779908794016144], [2; 100; 17.2397174563959], [1; 200; 36.57096335747292], [2; 100; 18.885164271767238], [2; 120; 23.457602603644744], [2; 140; 28.40028877075025], [2; 150; 31.6713833084414], [2; 160; 35.28499307013051], [2; 160; 37.00721293957535], [2; 170; 41.447091805135976], [2; 180; 46.547237132268926], [2; 180; 49.76108961424924], [2; 180; 53.74811977669763], [2; 190; 62.14912165317217], [2; 190; 69.48483037919854], [2; 190; 80.23417104805154], [2; 200; 103.43830473837538], [2; 200; 146.28385342989168]];
Intervals[0.0=0.7351040222943858, 0.7351040222943858=2.220391518304475, 2.220391518304475=4.471652521484472, 4.471652521484472=6.746991867371822, 6.746991867371822=9.047199048488928, 9.047199048488928=11.373107666211622, 13.684721719924518=15.253049248990134, 15.253049248990134=19.219727160993084, 19.219727160993084=23.23391189103618, 23.23391189103618=28.110040338699235, 28.110040338699235=33.87041711451748, 33.87041711451748=39.70512440678015, 39.70512440678015=46.46168617924765, 46.46168617924765=53.31017818792971, 53.31017818792971=60.254457953550244, 60.254457953550244=67.29866054868269, 67.29866054868269=75.34079824000577, 81.41609901709003=85.95216875080585, 95.09490959017408=99.70241788778975, 108.9914518696265=113.6738839140576, 113.6738839140576=118.3951749819994, 118.3951749819994=128.95958102036886, 128.95958102036886=139.71098221370605, 150.37504381671894=156.3470571252409, 156.3470571252409=168.51860945556243, 168.51860945556243=174.66376045274492, 174.66376045274492=188.24726112837772, 188.24726112837772=202.11676160231747, 202.11676160231747=209.6656937285703, 224.93039027496346=232.64898250905452, 232.64898250905452=248.44944454977167, 248.44944454977167=256.44543944256935, 256.44543944256935=274.0135619784862, 274.0135619784862=292.05025000073584, 292.05025000073584=311.83143738063274, 311.83143738063274=321.866426937601, 321.866426937601=332.05232706129794, 332.05232706129794=353.0710116028309, 353.0710116028309=363.7540737791417, 363.7540737791417=387.25236609698163, 412.18077561352493=425.0906563990309, 425.0906563990309=451.9647162873797, 451.9647162873797=465.6907476801549, 465.6907476801549=496.0164138576639, 528.0292429335267=544.8091517275428, 544.8091517275428=562.0488691839387, 562.0488691839387=598.6198325414116, 598.6198325414116=617.5049968131789, 617.5049968131789=640.9625994168237, 640.9625994168237=669.3628881875738, 669.3628881875738=701.0342714960152, 701.0342714960152=736.3192645661458, 736.3192645661458=773.3264775057211, 773.3264775057211=814.773569310857, 814.773569310857=861.320806443126, 861.320806443126=911.0818960573753, 911.0818960573753=964.8300158340729, 964.8300158340729=1026.979137487245, 1026.979137487245=1096.4639678664435, 1096.4639678664435=1176.698138914495, 1176.698138914495=1280.1364436528704, 1280.1364436528704=1426.420297082762];
