1.1600649037090258
17178.560849813228
19928.245538098225
[2; 10; 0.5861494834905722]
[2; 10; 0.5891023963026804]
[1; 20; 1.1842007844719311]
[2; 10; 0.5951446302572041]
[2; 10; 0.5982363114782561]
[2; 10; 0.6013766811472215]
[2; 10; 0.604567030755794]
[1; 20; 1.2156174005418248]
[2; 10; 0.6111030804994684]
[2; 10; 0.6144516155955513]
[2; 20; 1.2357116114409805]
[2; 20; 1.242634419733659]
[1; 40; 2.499349795433221]
[2; 20; 1.256836417077883]
[2; 20; 1.2641224863310287]
[2; 20; 1.2715367580377868]
[1; 40; 2.5581660730045868]
[2; 20; 1.2867652859736376]
[2; 20; 1.294587639396939]
[2; 20; 1.3025544077568272]
[2; 20; 1.3106700900613102]
[2; 20; 1.3189393840185621]
[2; 20; 1.3273671974641834]
[1; 60; 4.007875981806278]
[2; 30; 2.017078708692605]
[2; 30; 2.030481372471852]
[2; 30; 2.0441548022006493]
[1; 60; 4.116216478569358]
[2; 30; 2.0723513728258793]
[1; 60; 4.173788735798471]
[2; 30; 2.101747896043529]
[1; 60; 4.233846336347732]
[2; 40; 2.8432426268621938]
[2; 40; 2.86438226831114]
[2; 40; 2.886000554384812]
[1; 80; 5.81623164914838]
[2; 40; 2.9307474174528614]
[2; 40; 2.9539157417619313]
[2; 40; 2.9776423537759498]
[2; 40; 3.0019500416164555]
[2; 40; 3.0268629172627537]
[2; 40; 3.0524065171044]
[1; 80; 6.15721582397727]
[2; 40; 3.105495827840902]
[2; 50; 3.9163759726004104]
[1; 100; 7.903638023044883]
[2; 50; 3.9882420765217064]
[2; 50; 4.025691180524889]
[1; 100; 8.128430837738428]
[1; 100; 8.20773447995153]
[2; 50; 4.144702745651759]
[1; 100; 8.373564049865317]
[2; 60; 5.07620343117963]
[2; 60; 5.129921365550857]
[2; 60; 5.185381586701953]
[2; 60; 5.242680360245241]
[2; 60; 5.301921566724124]
[2; 60; 5.363217494010416]
[2; 60; 5.426689732868711]
[2; 60; 5.492470191947163]
[1; 120; 11.121404502968824]
[1; 140; 13.1402648503211]
[2; 70; 6.6560201544832145]
[1; 140; 13.490733409357166]
[2; 70; 6.8384106407233425]
[2; 70; 6.935414218305713]
[1; 140; 14.073332994090366]
[2; 70; 7.142486968797727]
[2; 70; 7.2532298048905774]
[2; 70; 7.369288851061364]
[2; 80; 8.561261178074357]
[2; 80; 8.707618124726888]
[2; 80; 8.861747225285795]
[2; 80; 9.024361655430452]
[2; 80; 9.196269705233107]
[2; 80; 9.378391735849155]
[2; 80; 9.571780983652097]
[2; 80; 9.777649287991494]
[2; 80; 9.997399181732884]
[1; 160; 20.465328584036694]
[2; 80; 10.485360720490482]
[2; 80; 10.757753113027228]
[2; 80; 11.052540655071358]
[2; 90; 12.794591820879871]
[2; 90; 13.188363378537876]
[2; 90; 13.620883127682392]
[2; 90; 14.098953501361478]
[2; 90; 14.63117550792917]
[2; 90; 15.228610293538889]
[2; 90; 15.905764700172368]
[2; 90; 16.682106754453233]
[1; 200; 39.07663223270482]
[1; 200; 41.44702745651758]
[2; 100; 22.154368063214484]
[1; 200; 47.858904918260485]
[2; 100; 26.2134018012262]
[2; 100; 29.307474174528608]
[1; 200; 67.6827124157284]
[2; 100; 41.44702745651758]
[2; 100; 58.614948349057215]


Jobs: [[2; 10; 0.5861494834905722], [2; 10; 0.5891023963026804], [1; 20; 1.1842007844719311], [2; 10; 0.5951446302572041], [2; 10; 0.5982363114782561], [2; 10; 0.6013766811472215], [2; 10; 0.604567030755794], [1; 20; 1.2156174005418248], [2; 10; 0.6111030804994684], [2; 10; 0.6144516155955513], [2; 20; 1.2357116114409805], [2; 20; 1.242634419733659], [1; 40; 2.499349795433221], [2; 20; 1.256836417077883], [2; 20; 1.2641224863310287], [2; 20; 1.2715367580377868], [1; 40; 2.5581660730045868], [2; 20; 1.2867652859736376], [2; 20; 1.294587639396939], [2; 20; 1.3025544077568272], [2; 20; 1.3106700900613102], [2; 20; 1.3189393840185621], [2; 20; 1.3273671974641834], [1; 60; 4.007875981806278], [2; 30; 2.017078708692605], [2; 30; 2.030481372471852], [2; 30; 2.0441548022006493], [1; 60; 4.116216478569358], [2; 30; 2.0723513728258793], [1; 60; 4.173788735798471], [2; 30; 2.101747896043529], [1; 60; 4.233846336347732], [2; 40; 2.8432426268621938], [2; 40; 2.86438226831114], [2; 40; 2.886000554384812], [1; 80; 5.81623164914838], [2; 40; 2.9307474174528614], [2; 40; 2.9539157417619313], [2; 40; 2.9776423537759498], [2; 40; 3.0019500416164555], [2; 40; 3.0268629172627537], [2; 40; 3.0524065171044], [1; 80; 6.15721582397727], [2; 40; 3.105495827840902], [2; 50; 3.9163759726004104], [1; 100; 7.903638023044883], [2; 50; 3.9882420765217064], [2; 50; 4.025691180524889], [1; 100; 8.128430837738428], [2; 50; 4.144702745651759], [1; 100; 8.373564049865317], [2; 60; 5.07620343117963], [2; 60; 5.129921365550857], [2; 60; 5.185381586701953], [2; 60; 5.242680360245241], [2; 60; 5.301921566724124], [2; 60; 5.363217494010416], [2; 60; 5.426689732868711], [2; 60; 5.492470191947163], [1; 120; 11.121404502968824], [2; 70; 6.6560201544832145], [1; 140; 13.490733409357166], [2; 70; 6.8384106407233425], [2; 70; 6.935414218305713], [1; 140; 14.073332994090366], [2; 70; 7.142486968797727], [2; 70; 7.2532298048905774], [2; 70; 7.369288851061364], [2; 80; 8.561261178074357], [2; 80; 8.707618124726888], [2; 80; 8.861747225285795], [2; 80; 9.024361655430452], [2; 80; 9.196269705233107], [2; 80; 9.378391735849155], [2; 80; 9.571780983652097], [2; 80; 9.777649287991494], [2; 80; 9.997399181732884], [1; 160; 20.465328584036694], [2; 80; 10.485360720490482], [2; 80; 10.757753113027228], [2; 80; 11.052540655071358], [2; 90; 12.794591820879871], [2; 90; 13.188363378537876], [2; 90; 13.620883127682392], [2; 90; 14.098953501361478], [2; 90; 14.63117550792917], [2; 90; 15.228610293538889], [2; 90; 15.905764700172368], [2; 90; 16.682106754453233], [1; 200; 39.07663223270482], [2; 100; 22.154368063214484], [1; 200; 47.858904918260485], [2; 100; 26.2134018012262], [2; 100; 29.307474174528608], [1; 200; 67.6827124157284], [2; 100; 41.44702745651758], [2; 100; 58.614948349057215]];
Intervals[4.9E-324=0.5861494834905722, 0.5861494834905722=1.1752518797932525, 1.1752518797932525=2.3594526642651834, 2.3594526642651834=2.9545972945223875, 2.9545972945223875=3.5528336060006436, 3.5528336060006436=4.154210287147865, 4.154210287147865=4.758777317903659, 4.758777317903659=5.974394718445484, 5.974394718445484=6.585497798944952, 6.585497798944952=7.199949414540503, 7.199949414540503=8.435661025981483, 8.435661025981483=9.678295445715142, 9.678295445715142=12.177645241148362, 12.177645241148362=13.434481658226245, 13.434481658226245=14.698604144557274, 14.698604144557274=15.97014090259506, 15.97014090259506=18.528306975599648, 18.528306975599648=19.815072261573285, 19.815072261573285=21.109659900970225, 21.109659900970225=22.41221430872705, 22.41221430872705=23.722884398788363, 23.722884398788363=25.041823782806926, 25.041823782806926=26.36919098027111, 26.36919098027111=30.37706696207739, 30.37706696207739=32.394145670769994, 32.394145670769994=34.42462704324185, 34.42462704324185=36.4687818454425, 36.4687818454425=40.584998324011856, 40.584998324011856=42.657349696837734, 42.657349696837734=46.83113843263621, 46.83113843263621=48.932886328679736, 48.932886328679736=53.16673266502747, 53.16673266502747=56.00997529188966, 56.00997529188966=58.8743575602008, 58.8743575602008=61.760358114585614, 61.760358114585614=67.57658976373399, 67.57658976373399=70.50733718118686, 70.50733718118686=73.46125292294879, 73.46125292294879=76.43889527672474, 76.43889527672474=79.44084531834119, 79.44084531834119=82.46770823560394, 82.46770823560394=85.52011475270834, 85.52011475270834=91.6773305766856, 91.6773305766856=94.7828264045265, 94.7828264045265=98.69920237712691, 98.69920237712691=106.60284040017179, 106.60284040017179=110.59108247669349, 110.59108247669349=114.61677365721837, 114.61677365721837=122.7452044949568, 122.8245081371699=126.96921088282166, 126.96921088282166=135.34277493268698, 135.34277493268698=140.41897836386661, 140.41897836386661=145.54889972941749, 145.54889972941749=150.73428131611945, 150.73428131611945=155.97696167636468, 155.97696167636468=161.2788832430888, 161.2788832430888=166.64210073709924, 166.64210073709924=172.06879046996795, 172.06879046996795=177.56126066191513, 177.56126066191513=188.68266516488396, 190.70152551223623=197.35754566671943, 197.35754566671943=210.8482790760766, 210.8482790760766=217.68668971679995, 217.68668971679995=224.62210393510566, 224.62210393510566=238.69543692919603, 238.69543692919603=245.83792389799376, 245.83792389799376=253.09115370288433, 253.09115370288433=260.4604425539457, 260.4604425539457=269.02170373202006, 269.02170373202006=277.72932185674694, 277.72932185674694=286.59106908203273, 286.59106908203273=295.61543073746316, 295.61543073746316=304.8117004426963, 304.8117004426963=314.19009217854546, 314.19009217854546=323.76187316219756, 323.76187316219756=333.53952245018905, 333.53952245018905=343.5369216319219, 343.5369216319219=364.0022502159586, 364.0022502159586=374.4876109364491, 374.4876109364491=385.2453640494763, 385.2453640494763=396.29790470454765, 396.29790470454765=409.0924965254275, 409.0924965254275=422.2808599039654, 422.2808599039654=435.9017430316478, 435.9017430316478=450.0006965330093, 450.0006965330093=464.6318720409385, 464.6318720409385=479.8604823344774, 479.8604823344774=495.7662470346498, 495.7662470346498=512.4483537891031, 512.4483537891031=551.5249860218079, 553.8953812456207=576.0497493088352, 576.0497493088352=623.9086542270957, 623.9086542270957=650.1220560283218, 650.1220560283218=679.4295302028504, 679.4295302028504=747.1122426185788, 747.1122426185788=788.5592700750964, 788.5592700750964=847.1742184241537];

Jobs: [[2; 10; 0.5861494834905722], [2; 10; 0.5891023963026804], [2; 10; 0.5951446302572041], [2; 10; 0.5982363114782561], [2; 10; 0.6013766811472215], [2; 10; 0.604567030755794], [2; 10; 0.6111030804994684], [2; 10; 0.6144516155955513], [2; 20; 1.2357116114409805], [2; 20; 1.242634419733659], [2; 20; 1.256836417077883], [2; 20; 1.2641224863310287], [2; 20; 1.2715367580377868], [2; 20; 1.2867652859736376], [2; 20; 1.294587639396939], [2; 20; 1.3025544077568272], [2; 20; 1.3106700900613102], [2; 20; 1.3189393840185621], [2; 20; 1.3273671974641834], [2; 30; 2.017078708692605], [2; 30; 2.030481372471852], [2; 30; 2.0441548022006493], [2; 30; 2.0723513728258793], [2; 30; 2.101747896043529], [2; 40; 2.8432426268621938], [2; 40; 2.86438226831114], [2; 40; 2.886000554384812], [2; 40; 2.9307474174528614], [2; 40; 2.9539157417619313], [2; 40; 2.9776423537759498], [2; 40; 3.0019500416164555], [2; 40; 3.0268629172627537], [2; 40; 3.0524065171044], [2; 40; 3.105495827840902], [2; 50; 3.9163759726004104], [2; 50; 3.9882420765217064], [2; 50; 4.025691180524889], [1; 100; 8.20773447995153], [2; 50; 4.144702745651759], [2; 60; 5.07620343117963], [2; 60; 5.129921365550857], [2; 60; 5.185381586701953], [2; 60; 5.242680360245241], [2; 60; 5.301921566724124], [2; 60; 5.363217494010416], [2; 60; 5.426689732868711], [2; 60; 5.492470191947163], [1; 140; 13.1402648503211], [2; 70; 6.6560201544832145], [2; 70; 6.8384106407233425], [2; 70; 6.935414218305713], [2; 70; 7.142486968797727], [2; 70; 7.2532298048905774], [2; 70; 7.369288851061364], [2; 80; 8.561261178074357], [2; 80; 8.707618124726888], [2; 80; 8.861747225285795], [2; 80; 9.024361655430452], [2; 80; 9.196269705233107], [2; 80; 9.378391735849155], [2; 80; 9.571780983652097], [2; 80; 9.777649287991494], [2; 80; 9.997399181732884], [2; 80; 10.485360720490482], [2; 80; 10.757753113027228], [2; 80; 11.052540655071358], [2; 90; 12.794591820879871], [2; 90; 13.188363378537876], [2; 90; 13.620883127682392], [2; 90; 14.098953501361478], [2; 90; 14.63117550792917], [2; 90; 15.228610293538889], [2; 90; 15.905764700172368], [2; 90; 16.682106754453233], [1; 200; 41.44702745651758], [2; 100; 22.154368063214484], [2; 100; 26.2134018012262], [2; 100; 29.307474174528608], [2; 100; 41.44702745651758], [2; 100; 58.614948349057215]];
Intervals[4.9E-324=0.5861494834905722, 0.5861494834905722=1.1752518797932525, 2.3594526642651834=2.9545972945223875, 2.9545972945223875=3.5528336060006436, 3.5528336060006436=4.154210287147865, 4.154210287147865=4.758777317903659, 5.974394718445484=6.585497798944952, 6.585497798944952=7.199949414540503, 7.199949414540503=8.435661025981483, 8.435661025981483=9.678295445715142, 12.177645241148362=13.434481658226245, 13.434481658226245=14.698604144557274, 14.698604144557274=15.97014090259506, 18.528306975599648=19.815072261573285, 19.815072261573285=21.109659900970225, 21.109659900970225=22.41221430872705, 22.41221430872705=23.722884398788363, 23.722884398788363=25.041823782806926, 25.041823782806926=26.36919098027111, 30.37706696207739=32.394145670769994, 32.394145670769994=34.42462704324185, 34.42462704324185=36.4687818454425, 40.584998324011856=42.657349696837734, 46.83113843263621=48.932886328679736, 53.16673266502747=56.00997529188966, 56.00997529188966=58.8743575602008, 58.8743575602008=61.760358114585614, 67.57658976373399=70.50733718118686, 70.50733718118686=73.46125292294879, 73.46125292294879=76.43889527672474, 76.43889527672474=79.44084531834119, 79.44084531834119=82.46770823560394, 82.46770823560394=85.52011475270834, 91.6773305766856=94.7828264045265, 94.7828264045265=98.69920237712691, 106.60284040017179=110.59108247669349, 110.59108247669349=114.61677365721837, 114.61677365721837=122.8245081371699, 122.8245081371699=126.96921088282166, 135.34277493268698=140.41897836386661, 140.41897836386661=145.54889972941749, 145.54889972941749=150.73428131611945, 150.73428131611945=155.97696167636468, 155.97696167636468=161.2788832430888, 161.2788832430888=166.64210073709924, 166.64210073709924=172.06879046996795, 172.06879046996795=177.56126066191513, 177.56126066191513=190.70152551223623, 190.70152551223623=197.35754566671943, 210.8482790760766=217.68668971679995, 217.68668971679995=224.62210393510566, 238.69543692919603=245.83792389799376, 245.83792389799376=253.09115370288433, 253.09115370288433=260.4604425539457, 260.4604425539457=269.02170373202006, 269.02170373202006=277.72932185674694, 277.72932185674694=286.59106908203273, 286.59106908203273=295.61543073746316, 295.61543073746316=304.8117004426963, 304.8117004426963=314.19009217854546, 314.19009217854546=323.76187316219756, 323.76187316219756=333.53952245018905, 333.53952245018905=343.5369216319219, 364.0022502159586=374.4876109364491, 374.4876109364491=385.2453640494763, 385.2453640494763=396.29790470454765, 396.29790470454765=409.0924965254275, 409.0924965254275=422.2808599039654, 422.2808599039654=435.9017430316478, 435.9017430316478=450.0006965330093, 450.0006965330093=464.6318720409385, 464.6318720409385=479.8604823344774, 479.8604823344774=495.7662470346498, 495.7662470346498=512.4483537891031, 512.4483537891031=553.8953812456207, 553.8953812456207=576.0497493088352, 623.9086542270957=650.1220560283218, 650.1220560283218=679.4295302028504, 747.1122426185788=788.5592700750964, 788.5592700750964=847.1742184241537];
