1.1570735487438908
97811.77715793296
113175.42010507612
[1; 20; 3.95599347133805]
[1; 20; 3.996156871304064]
[1; 20; 4.037568929399906]
[1; 40; 8.160591432798283]
[2; 20; 4.124408303448333]
[1; 60; 12.509949778184275]
[1; 60; 12.651309629810857]
[2; 30; 6.3987862018361845]
[1; 60; 12.949028236541237]
[1; 80; 17.474655847279625]
[1; 100; 22.11467580114311]
[1; 100; 22.396402774110154]
[1; 100; 22.68917863535425]
[1; 100; 22.993744996450662]
[1; 120; 27.973098099128446]
[1; 160; 37.82653260226654]
[1; 160; 38.37877396842506]
[1; 160; 38.955930775320546]
[2; 90; 22.25246327627653]
[2; 100; 25.120583663592843]
[2; 520; 132.7863058790453]
[1; 1040; 270.1126433916303]
[1; 1040; 274.893769318285]
[2; 540; 145.3524814583966]
[1; 1080; 296.24269790028717]
[2; 540; 151.05472973529362]
[1; 1080; 308.3391759045724]
[1; 1080; 314.9708846130454]
[2; 560; 166.9887674957586]
[1; 1120; 341.83690523115047]
[1; 1120; 350.27859378915963]
[2; 560; 179.68912721325356]
[1; 1160; 382.4127022293448]
[1; 1160; 393.499424237137]
[1; 1160; 405.60992243736257]
[2; 600; 216.6786861595017]
[2; 600; 224.2837481433344]
[1; 1200; 465.5004901384241]
[1; 1240; 500.6585472455883]
[1; 1240; 522.920798032182]
[1; 1240; 548.4439598683492]
[1; 1240; 578.1106940486546]
[2; 620; 306.5894940286988]
[1; 1240; 655.515911451295]
[2; 640; 365.4390232943081]
[1; 1280; 800.6367858037936]
[1; 1280; 895.1391391721103]
[2; 640; 516.8088229631879]
[1; 1320; 1305.4778455415562]
[2; 660; 923.1122372712388]


Jobs: [[1; 20; 3.95599347133805], [1; 20; 4.037568929399906], [2; 20; 4.124408303448333], [1; 60; 12.509949778184275], [2; 30; 6.3987862018361845], [1; 60; 12.949028236541237], [1; 100; 22.11467580114311], [1; 100; 22.68917863535425], [1; 120; 27.973098099128446], [1; 160; 38.37877396842506], [2; 90; 22.25246327627653], [2; 100; 25.120583663592843], [2; 520; 132.7863058790453], [1; 1040; 270.1126433916303], [2; 540; 145.3524814583966], [1; 1080; 296.24269790028717], [2; 540; 151.05472973529362], [1; 1080; 308.3391759045724], [2; 560; 166.9887674957586], [1; 1120; 341.83690523115047], [2; 560; 179.68912721325356], [1; 1160; 382.4127022293448], [1; 1160; 405.60992243736257], [2; 600; 216.6786861595017], [2; 600; 224.2837481433344], [1; 1200; 465.5004901384241], [1; 1240; 522.920798032182], [1; 1240; 578.1106940486546], [2; 620; 306.5894940286988], [1; 1240; 655.515911451295], [2; 640; 365.4390232943081], [1; 1280; 800.6367858037936], [2; 640; 516.8088229631879], [1; 1320; 1305.4778455415562], [2; 660; 923.1122372712388]];
Intervals[0.0=3.95599347133805, 3.95599347133805=7.9935624007379555, 12.156748304102347=16.28115660755068, 16.28115660755068=28.791106385734956, 28.932466237361538=35.331252439197726, 35.331252439197726=48.280280675738965, 48.280280675738965=70.39495647688207, 70.39495647688207=93.08413511223632, 93.08413511223632=121.05723321136477, 121.05723321136477=159.43600717978984, 174.97851943462524=197.23098271090177, 197.23098271090177=222.3515663744946, 222.3515663744946=355.1378722535399, 355.1378722535399=625.2505156451703, 630.0316415718249=775.3841230302215, 775.3841230302215=1071.6268209305088, 1071.6268209305088=1222.6815506658024, 1222.6815506658024=1531.0207265703748, 1537.6524352788479=1704.6412027746064, 1704.6412027746064=2046.478108005757, 2054.919796563766=2234.6089237770193, 2234.6089237770193=2617.021626006364, 2617.021626006364=3022.6315484437264, 3022.6315484437264=3239.3102346032283, 3239.3102346032283=3463.5939827465627, 3463.5939827465627=3929.0944728849868, 3929.0944728849868=4452.015270917169, 4452.015270917169=5030.125964965823, 5030.125964965823=5336.715458994522, 5336.715458994522=5992.231370445817, 5992.231370445817=6357.670393740125, 6357.670393740125=7158.307179543919, 7252.809532912235=7769.618355875423, 7769.618355875423=9075.096201416978, 9075.096201416978=9998.208438688216];

Jobs: [[1; 20; 3.996156871304064], [1; 40; 8.160591432798283], [2; 20; 4.124408303448333], [1; 60; 12.651309629810857], [2; 30; 6.3987862018361845], [1; 80; 17.474655847279625], [1; 100; 22.396402774110154], [1; 100; 22.993744996450662], [1; 160; 37.82653260226654], [1; 160; 38.955930775320546], [2; 90; 22.25246327627653], [2; 100; 25.120583663592843], [2; 520; 132.7863058790453], [1; 1040; 274.893769318285], [2; 540; 145.3524814583966], [2; 540; 151.05472973529362], [1; 1080; 314.9708846130454], [2; 560; 166.9887674957586], [1; 1120; 350.27859378915963], [2; 560; 179.68912721325356], [1; 1160; 393.499424237137], [2; 600; 216.6786861595017], [2; 600; 224.2837481433344], [1; 1240; 500.6585472455883], [1; 1240; 548.4439598683492], [2; 620; 306.5894940286988], [2; 640; 365.4390232943081], [1; 1280; 895.1391391721103], [2; 640; 516.8088229631879], [2; 660; 923.1122372712388]];
Intervals[0.0=3.996156871304064, 3.996156871304064=12.156748304102347, 12.156748304102347=16.28115660755068, 16.28115660755068=28.932466237361538, 28.932466237361538=35.331252439197726, 35.331252439197726=52.80590828647735, 52.80590828647735=75.2023110605875, 75.2023110605875=98.19605605703816, 98.19605605703816=136.0225886593047, 136.0225886593047=174.97851943462524, 174.97851943462524=197.23098271090177, 197.23098271090177=222.3515663744946, 222.3515663744946=355.1378722535399, 355.1378722535399=630.0316415718249, 630.0316415718249=775.3841230302215, 1071.6268209305088=1222.6815506658024, 1222.6815506658024=1537.6524352788479, 1537.6524352788479=1704.6412027746064, 1704.6412027746064=2054.919796563766, 2054.919796563766=2234.6089237770193, 2234.6089237770193=2628.1083480141565, 3022.6315484437264=3239.3102346032283, 3239.3102346032283=3463.5939827465627, 3463.5939827465627=3964.252529992151, 3964.252529992151=4512.6964898605, 5030.125964965823=5336.715458994522, 5992.231370445817=6357.670393740125, 6357.670393740125=7252.809532912235, 7252.809532912235=7769.618355875423, 9075.096201416978=9998.208438688216];
