1.2021856924768561
16196.973594361283
19471.769916566573
[2; 10; 0.5691568078194494]
[1; 20; 1.1440482293415335]
[2; 10; 0.5749351976680305]
[2; 10; 0.5778911821791702]
[2; 10; 0.5808932344953991]
[2; 10; 0.5839425637646455]
[2; 10; 0.5870404240378131]
[2; 10; 0.5901881164357371]
[2; 10; 0.593386991445338]
[1; 20; 1.1932769027083596]
[2; 10; 0.5999439528333975]
[2; 10; 0.6033050096798037]
[2; 10; 0.6067231957288957]
[2; 10; 0.6102001479514975]
[2; 20; 1.2274751394957533]
[2; 20; 1.2346744689087807]
[2; 20; 1.2420019781581244]
[2; 20; 1.2494615165679255]
[2; 30; 1.8855856459016984]
[2; 30; 1.8971893593981648]
[1; 60; 3.818019936423218]
[2; 30; 1.921054314622022]
[1; 60; 3.8666590939260708]
[2; 30; 1.9458431374509546]
[2; 30; 1.9586029012998791]
[2; 30; 1.971617017234003]
[2; 30; 1.984894049519422]
[1; 60; 3.9968859433005584]
[2; 30; 2.0122731918381067]
[1; 60; 4.052789160937718]
[2; 30; 2.0408174997097297]
[2; 30; 2.0555528354675285]
[2; 30; 2.070612031922613]
[1; 60; 4.172014257774632]
[2; 30; 2.101750802266007]
[2; 40; 2.823808543901061]
[1; 80; 5.691568078194494]
[2; 40; 2.8682807056945627]
[2; 40; 2.8913194750437237]
[2; 40; 2.9149224746307683]
[1; 80; 5.878226234840808]
[2; 40; 2.9639161994934473]
[1; 80; 5.978716013807883]
[2; 40; 3.015466432802846]
[1; 80; 6.0845422120294845]
[2; 40; 3.0698035324151256]
[2; 50; 3.8726215633026606]
[2; 50; 3.9089850048657597]
[1; 100; 7.892784824509341]
[2; 50; 3.984894713392662]
[2; 50; 4.0245463836762125]
[2; 50; 4.065405770138924]
[2; 50; 4.107535452570841]
[2; 60; 4.981203176013168]
[2; 60; 5.035055586226589]
[2; 60; 5.090693248564291]
[1; 120; 10.2964340640738]
[1; 120; 10.415471938504208]
[1; 120; 10.538736252032592]
[2; 60; 5.333241586900428]
[2; 60; 5.399495575500578]
[2; 60; 5.468281731703514]
[2; 60; 5.539765572643164]
[2; 60; 5.6141281694080405]
[1; 140; 13.280325515787153]
[2; 70; 6.734354168308316]
[2; 70; 6.832671108568367]
[2; 70; 6.935423808350615]
[1; 140; 14.085912342866743]
[1; 140; 14.311301251661021]
[2; 70; 7.273933856008054]
[2; 70; 7.398283613266279]
[2; 70; 7.5292368524482285]
[2; 70; 7.667399511465568]
[2; 80; 8.929666674970926]
[2; 80; 9.106508925111191]
[1; 160; 18.58858350385277]
[2; 80; 9.494191863125408]
[2; 80; 9.70757113166233]
[1; 160; 19.87203165052999]
[2; 80; 10.181386497128582]
[2; 80; 10.445882140266022]
[2; 80; 10.732123689803235]
[2; 90; 12.42367219153568]
[1; 180; 25.61205635187522]
[1; 180; 26.452018056783636]
[1; 180; 27.380439954132683]
[2; 90; 14.207012684116814]
[2; 90; 14.787127629255025]
[1; 180; 30.889302192221397]
[2; 90; 16.19848672650173]
[2; 90; 17.074704234583486]
[2; 90; 18.110458726542955]
[1; 200; 43.02421058541844]
[2; 100; 23.235729379815968]
[2; 100; 25.453466242821452]
[2; 100; 28.457840390972468]
[1; 200; 65.72056724113345]
[2; 100; 40.24546383676213]
[2; 100; 56.915680781944936]


Jobs: [[2; 10; 0.5691568078194494], [1; 20; 1.1440482293415335], [2; 10; 0.5749351976680305], [2; 10; 0.5778911821791702], [2; 10; 0.5808932344953991], [2; 10; 0.5839425637646455], [2; 10; 0.5870404240378131], [2; 10; 0.5901881164357371], [2; 10; 0.593386991445338], [1; 20; 1.1932769027083596], [2; 10; 0.5999439528333975], [2; 10; 0.6033050096798037], [2; 10; 0.6067231957288957], [2; 10; 0.6102001479514975], [2; 20; 1.2274751394957533], [2; 20; 1.2346744689087807], [2; 20; 1.2420019781581244], [2; 20; 1.2494615165679255], [2; 30; 1.8855856459016984], [2; 30; 1.8971893593981648], [1; 60; 3.818019936423218], [2; 30; 1.921054314622022], [1; 60; 3.8666590939260708], [2; 30; 1.9458431374509546], [2; 30; 1.9586029012998791], [2; 30; 1.971617017234003], [2; 30; 1.984894049519422], [1; 60; 3.9968859433005584], [2; 30; 2.0122731918381067], [1; 60; 4.052789160937718], [2; 30; 2.0408174997097297], [2; 30; 2.0555528354675285], [2; 30; 2.070612031922613], [1; 60; 4.172014257774632], [2; 30; 2.101750802266007], [2; 40; 2.823808543901061], [1; 80; 5.691568078194494], [2; 40; 2.8682807056945627], [2; 40; 2.8913194750437237], [2; 40; 2.9149224746307683], [1; 80; 5.878226234840808], [2; 40; 2.9639161994934473], [1; 80; 5.978716013807883], [2; 40; 3.015466432802846], [1; 80; 6.0845422120294845], [2; 40; 3.0698035324151256], [2; 50; 3.8726215633026606], [2; 50; 3.9089850048657597], [1; 100; 7.892784824509341], [2; 50; 3.984894713392662], [2; 50; 4.0245463836762125], [2; 50; 4.065405770138924], [2; 50; 4.107535452570841], [2; 60; 4.981203176013168], [2; 60; 5.035055586226589], [2; 60; 5.090693248564291], [1; 120; 10.2964340640738], [1; 120; 10.538736252032592], [2; 60; 5.333241586900428], [2; 60; 5.399495575500578], [2; 60; 5.468281731703514], [2; 60; 5.539765572643164], [2; 60; 5.6141281694080405], [1; 140; 13.280325515787153], [2; 70; 6.734354168308316], [2; 70; 6.832671108568367], [2; 70; 6.935423808350615], [1; 140; 14.085912342866743], [2; 70; 7.273933856008054], [2; 70; 7.398283613266279], [2; 70; 7.5292368524482285], [2; 70; 7.667399511465568], [2; 80; 8.929666674970926], [2; 80; 9.106508925111191], [1; 160; 18.58858350385277], [2; 80; 9.494191863125408], [2; 80; 9.70757113166233], [1; 160; 19.87203165052999], [2; 80; 10.181386497128582], [2; 80; 10.445882140266022], [2; 80; 10.732123689803235], [2; 90; 12.42367219153568], [1; 180; 25.61205635187522], [1; 180; 27.380439954132683], [2; 90; 14.207012684116814], [2; 90; 14.787127629255025], [1; 180; 30.889302192221397], [2; 90; 16.19848672650173], [2; 90; 17.074704234583486], [2; 90; 18.110458726542955], [1; 200; 43.02421058541844], [2; 100; 23.235729379815968], [2; 100; 25.453466242821452], [2; 100; 28.457840390972468], [1; 200; 65.72056724113345], [2; 100; 40.24546383676213], [2; 100; 56.915680781944936]];
Intervals[4.9E-324=0.5691568078194494, 0.5691568078194494=1.713205037160983, 1.713205037160983=2.2881402348290134, 2.2881402348290134=2.8660314170081835, 2.8660314170081835=3.4469246515035827, 3.4469246515035827=4.030867215268228, 4.030867215268228=4.617907639306041, 4.617907639306041=5.208095755741778, 5.208095755741778=5.801482747187116, 5.801482747187116=6.994759649895475, 6.994759649895475=7.594703602728873, 7.594703602728873=8.198008612408676, 8.198008612408676=8.804731808137571, 8.804731808137571=9.414931956089069, 9.414931956089069=10.642407095584822, 10.642407095584822=11.877081564493603, 11.877081564493603=13.119083542651726, 13.119083542651726=14.368545059219652, 14.368545059219652=16.25413070512135, 16.25413070512135=18.151320064519517, 18.151320064519517=21.969340000942736, 21.969340000942736=23.89039431556476, 23.89039431556476=27.75705340949083, 27.75705340949083=29.702896546941783, 29.702896546941783=31.661499448241663, 31.661499448241663=33.633116465475666, 33.633116465475666=35.61801051499509, 35.61801051499509=39.61489645829565, 39.61489645829565=41.62716965013375, 41.62716965013375=45.67995881107147, 45.67995881107147=47.720776310781204, 47.720776310781204=49.776329146248735, 49.776329146248735=51.84694117817135, 51.84694117817135=56.01895543594598, 56.01895543594598=58.12070623821199, 58.12070623821199=60.944514782113046, 60.944514782113046=66.63608286030754, 66.63608286030754=69.5043635660021, 69.5043635660021=72.39568304104583, 72.39568304104583=75.3106055156766, 75.3106055156766=81.18883175051741, 81.18883175051741=84.15274795001086, 84.15274795001086=90.13146396381875, 90.13146396381875=93.1469303966216, 93.1469303966216=99.23147260865109, 99.23147260865109=102.30127614106621, 102.30127614106621=106.17389770436887, 106.17389770436887=110.08288270923462, 110.08288270923462=117.97566753374396, 117.97566753374396=121.96056224713662, 121.96056224713662=125.98510863081283, 125.98510863081283=130.05051440095176, 130.05051440095176=134.15804985352258, 134.15804985352258=139.13925302953575, 139.13925302953575=144.17430861576233, 144.17430861576233=149.26500186432662, 149.26500186432662=159.5614359284004, 159.5614359284004=170.100172180433, 170.100172180433=175.43341376733343, 175.43341376733343=180.832909342834, 180.832909342834=186.3011910745375, 186.3011910745375=191.8409566471807, 191.8409566471807=197.45508481658874, 197.45508481658874=210.7354103323759, 210.7354103323759=217.46976450068422, 217.46976450068422=224.3024356092526, 224.3024356092526=231.2378594176032, 231.2378594176032=245.32377176046995, 245.5491606692642=252.82309452527227, 252.82309452527227=260.22137813853857, 260.22137813853857=267.7506149909868, 267.7506149909868=275.41801450245237, 275.41801450245237=284.3476811774233, 284.3476811774233=293.4541901025345, 293.4541901025345=312.04277360638724, 312.04277360638724=321.53696546951267, 321.53696546951267=331.244536601175, 331.244536601175=351.116568251705, 351.116568251705=361.2979547488336, 361.2979547488336=371.7438368890996, 371.7438368890996=382.47596057890286, 382.47596057890286=394.89963277043853, 394.89963277043853=420.5116891223137, 420.5116891223137=447.8921290764464, 447.8921290764464=462.0991417605632, 462.0991417605632=476.88626938981827, 476.88626938981827=507.7755715820397, 507.7755715820397=523.9740583085414, 523.9740583085414=541.0487625431249, 541.0487625431249=559.1592212696678, 559.1592212696678=602.1834318550863, 602.1834318550863=625.4191612349023, 625.4191612349023=650.8726274777238, 650.8726274777238=679.3304678686962, 679.3304678686962=745.0510351098297, 745.0510351098297=785.2964989465919, 785.2964989465919=842.2121797285369];

Jobs: [[2; 10; 0.5691568078194494], [2; 10; 0.5749351976680305], [2; 10; 0.5778911821791702], [2; 10; 0.5808932344953991], [2; 10; 0.5839425637646455], [2; 10; 0.5870404240378131], [2; 10; 0.5901881164357371], [2; 10; 0.593386991445338], [2; 10; 0.5999439528333975], [2; 10; 0.6033050096798037], [2; 10; 0.6067231957288957], [2; 10; 0.6102001479514975], [2; 20; 1.2274751394957533], [2; 20; 1.2346744689087807], [2; 20; 1.2420019781581244], [2; 20; 1.2494615165679255], [2; 30; 1.8855856459016984], [2; 30; 1.8971893593981648], [2; 30; 1.921054314622022], [2; 30; 1.9458431374509546], [2; 30; 1.9586029012998791], [2; 30; 1.971617017234003], [2; 30; 1.984894049519422], [2; 30; 2.0122731918381067], [2; 30; 2.0408174997097297], [2; 30; 2.0555528354675285], [2; 30; 2.070612031922613], [2; 30; 2.101750802266007], [2; 40; 2.823808543901061], [2; 40; 2.8682807056945627], [2; 40; 2.8913194750437237], [2; 40; 2.9149224746307683], [2; 40; 2.9639161994934473], [2; 40; 3.015466432802846], [2; 40; 3.0698035324151256], [2; 50; 3.8726215633026606], [2; 50; 3.9089850048657597], [2; 50; 3.984894713392662], [2; 50; 4.0245463836762125], [2; 50; 4.065405770138924], [2; 50; 4.107535452570841], [2; 60; 4.981203176013168], [2; 60; 5.035055586226589], [2; 60; 5.090693248564291], [1; 120; 10.415471938504208], [2; 60; 5.333241586900428], [2; 60; 5.399495575500578], [2; 60; 5.468281731703514], [2; 60; 5.539765572643164], [2; 60; 5.6141281694080405], [2; 70; 6.734354168308316], [2; 70; 6.832671108568367], [2; 70; 6.935423808350615], [1; 140; 14.311301251661021], [2; 70; 7.273933856008054], [2; 70; 7.398283613266279], [2; 70; 7.5292368524482285], [2; 70; 7.667399511465568], [2; 80; 8.929666674970926], [2; 80; 9.106508925111191], [2; 80; 9.494191863125408], [2; 80; 9.70757113166233], [2; 80; 10.181386497128582], [2; 80; 10.445882140266022], [2; 80; 10.732123689803235], [2; 90; 12.42367219153568], [1; 180; 26.452018056783636], [2; 90; 14.207012684116814], [2; 90; 14.787127629255025], [2; 90; 16.19848672650173], [2; 90; 17.074704234583486], [2; 90; 18.110458726542955], [2; 100; 23.235729379815968], [2; 100; 25.453466242821452], [2; 100; 28.457840390972468], [2; 100; 40.24546383676213], [2; 100; 56.915680781944936]];
Intervals[4.9E-324=0.5691568078194494, 1.713205037160983=2.2881402348290134, 2.2881402348290134=2.8660314170081835, 2.8660314170081835=3.4469246515035827, 3.4469246515035827=4.030867215268228, 4.030867215268228=4.617907639306041, 4.617907639306041=5.208095755741778, 5.208095755741778=5.801482747187116, 6.994759649895475=7.594703602728873, 7.594703602728873=8.198008612408676, 8.198008612408676=8.804731808137571, 8.804731808137571=9.414931956089069, 9.414931956089069=10.642407095584822, 10.642407095584822=11.877081564493603, 11.877081564493603=13.119083542651726, 13.119083542651726=14.368545059219652, 14.368545059219652=16.25413070512135, 16.25413070512135=18.151320064519517, 21.969340000942736=23.89039431556476, 27.75705340949083=29.702896546941783, 29.702896546941783=31.661499448241663, 31.661499448241663=33.633116465475666, 33.633116465475666=35.61801051499509, 39.61489645829565=41.62716965013375, 45.67995881107147=47.720776310781204, 47.720776310781204=49.776329146248735, 49.776329146248735=51.84694117817135, 56.01895543594598=58.12070623821199, 58.12070623821199=60.944514782113046, 66.63608286030754=69.5043635660021, 69.5043635660021=72.39568304104583, 72.39568304104583=75.3106055156766, 81.18883175051741=84.15274795001086, 90.13146396381875=93.1469303966216, 99.23147260865109=102.30127614106621, 102.30127614106621=106.17389770436887, 106.17389770436887=110.08288270923462, 117.97566753374396=121.96056224713662, 121.96056224713662=125.98510863081283, 125.98510863081283=130.05051440095176, 130.05051440095176=134.15804985352258, 134.15804985352258=139.13925302953575, 139.13925302953575=144.17430861576233, 144.17430861576233=149.26500186432662, 149.26500186432662=159.68047380283082, 170.100172180433=175.43341376733343, 175.43341376733343=180.832909342834, 180.832909342834=186.3011910745375, 186.3011910745375=191.8409566471807, 191.8409566471807=197.45508481658874, 210.7354103323759=217.46976450068422, 217.46976450068422=224.3024356092526, 224.3024356092526=231.2378594176032, 231.2378594176032=245.5491606692642, 245.5491606692642=252.82309452527227, 252.82309452527227=260.22137813853857, 260.22137813853857=267.7506149909868, 267.7506149909868=275.41801450245237, 275.41801450245237=284.3476811774233, 284.3476811774233=293.4541901025345, 312.04277360638724=321.53696546951267, 321.53696546951267=331.244536601175, 351.116568251705=361.2979547488336, 361.2979547488336=371.7438368890996, 371.7438368890996=382.47596057890286, 382.47596057890286=394.89963277043853, 394.89963277043853=421.35165082722216, 447.8921290764464=462.0991417605632, 462.0991417605632=476.88626938981827, 507.7755715820397=523.9740583085414, 523.9740583085414=541.0487625431249, 541.0487625431249=559.1592212696678, 602.1834318550863=625.4191612349023, 625.4191612349023=650.8726274777238, 650.8726274777238=679.3304678686962, 745.0510351098297=785.2964989465919, 785.2964989465919=842.2121797285369];
