1.0757648410408722
45145.02945680767
48565.435437388194
[1; 10; 0.9502108129968599]
[2; 10; 0.9549977995300439]
[2; 10; 0.959857870609803]
[2; 10; 0.9647929050448601]
[1; 20; 1.9396096999312278]
[1; 20; 1.9497914481040262]
[2; 10; 0.9800676209498025]
[1; 30; 2.9559681386648076]
[1; 30; 2.9719897635410537]
[1; 30; 2.988274760861444]
[1; 30; 3.0048304263904035]
[2; 20; 2.014442894671583]
[2; 20; 2.0258562601977754]
[1; 40; 4.074931693409381]
[2; 20; 2.049277341866904]
[2; 20; 2.061296666876463]
[1; 50; 5.183824972290047]
[1; 50; 5.214959336140119]
[2; 30; 3.147996905161916]
[2; 30; 3.1673693766562003]
[2; 30; 3.187103956224479]
[1; 60; 6.414424134191086]
[1; 60; 6.455411286913257]
[1; 70; 7.580060040511237]
[2; 40; 4.359866219908355]
[1; 80; 8.777671498730083]
[2; 40; 4.418390532789192]
[1; 80; 8.89710109050563]
[2; 40; 4.479336729512414]
[2; 40; 4.510771057128572]
[1; 100; 11.357191485927403]
[1; 100; 11.439193933394929]
[2; 50; 5.761499336161888]
[2; 50; 5.8043363522589715]
[1; 110; 12.865915228811414]
[2; 60; 7.071548759631691]
[1; 120; 14.253162194952901]
[1; 120; 14.365837167281102]
[1; 130; 15.687996210582213]
[2; 70; 8.516341944223292]
[2; 70; 8.58701819295378]
[2; 70; 8.659483766238512]
[1; 150; 18.715318847903184]
[1; 160; 20.13735948555876]
[2; 80; 10.15818087840621]
[1; 160; 20.50022398187419]
[2; 80; 10.34458506629988]
[2; 80; 10.441719451471279]
[2; 80; 10.541642488493855]
[1; 170; 22.61954171014863]
[1; 170; 22.844617320513308]
[1; 170; 23.076548315638025]
[1; 170; 23.31568991850179]
[1; 170; 23.562423667029055]
[1; 180; 25.218169385002593]
[1; 180; 25.496831649795833]
[1; 180; 25.784940587311183]
[2; 90; 13.041521144694283]
[1; 190; 27.857935206967486]
[1; 190; 28.19561947806058]
[1; 200; 30.048304263904036]
[1; 200; 30.431100642163617]
[1; 200; 30.82890969163358]
[2; 100; 15.621369538328402]
[2; 110; 17.420531571609096]
[2; 120; 19.273793075840135]
[2; 120; 19.55517720192894]
[2; 120; 19.84925651883016]
[2; 130; 21.836766556373018]
[2; 130; 22.186177007463087]
[2; 130; 22.55291552209381]
[2; 130; 22.938463373662632]
[2; 130; 23.344485396831793]
[2; 140; 25.601541871296078]
[2; 140; 26.08923410960383]
[2; 140; 26.60590276391208]
[2; 150; 29.094145498968416]
[2; 150; 29.719897635410536]
[2; 150; 30.38784390296663]
[2; 150; 31.10294983374028]
[2; 160; 33.99577553306111]
[2; 160; 34.87892975926684]
[2; 170; 38.07436220085552]
[2; 170; 39.178195485900844]
[2; 170; 40.38395955236655]
[2; 170; 41.70837408006122]
[2; 170; 43.17226873322639]
[2; 170; 44.801980576098885]
[2; 180; 49.374402180356725]
[2; 180; 51.56988117462237]
[2; 190; 57.09177810141767]
[2; 190; 60.1800181564678]
[2; 190; 63.83054839555191]
[2; 190; 68.23772654458523]
[2; 200; 77.58438799724911]
[2; 200; 84.98943883265278]
[2; 200; 95.02108129968599]
[2; 200; 109.72089373412607]
[2; 200; 134.3801018853724]
[2; 200; 190.04216259937198]


Jobs: [[1; 10; 0.9502108129968599], [2; 10; 0.9549977995300439], [2; 10; 0.959857870609803], [2; 10; 0.9647929050448601], [1; 20; 1.9396096999312278], [2; 10; 0.9800676209498025], [1; 30; 2.9559681386648076], [1; 30; 2.988274760861444], [2; 20; 2.014442894671583], [2; 20; 2.0258562601977754], [1; 40; 4.074931693409381], [2; 20; 2.049277341866904], [2; 20; 2.061296666876463], [1; 50; 5.183824972290047], [2; 30; 3.147996905161916], [2; 30; 3.1673693766562003], [2; 30; 3.187103956224479], [1; 60; 6.414424134191086], [1; 70; 7.580060040511237], [2; 40; 4.359866219908355], [1; 80; 8.777671498730083], [2; 40; 4.418390532789192], [1; 80; 8.89710109050563], [2; 40; 4.479336729512414], [2; 40; 4.510771057128572], [1; 100; 11.357191485927403], [2; 50; 5.761499336161888], [2; 50; 5.8043363522589715], [1; 110; 12.865915228811414], [2; 60; 7.071548759631691], [1; 120; 14.253162194952901], [1; 130; 15.687996210582213], [2; 70; 8.516341944223292], [2; 70; 8.58701819295378], [2; 70; 8.659483766238512], [1; 150; 18.715318847903184], [2; 80; 10.15818087840621], [1; 160; 20.50022398187419], [2; 80; 10.34458506629988], [2; 80; 10.441719451471279], [2; 80; 10.541642488493855], [1; 170; 22.61954171014863], [1; 170; 23.076548315638025], [1; 170; 23.562423667029055], [1; 180; 25.496831649795833], [2; 90; 13.041521144694283], [1; 190; 27.857935206967486], [1; 200; 30.048304263904036], [1; 200; 30.82890969163358], [2; 100; 15.621369538328402], [2; 110; 17.420531571609096], [2; 120; 19.273793075840135], [2; 120; 19.55517720192894], [2; 120; 19.84925651883016], [2; 130; 21.836766556373018], [2; 130; 22.186177007463087], [2; 130; 22.55291552209381], [2; 130; 22.938463373662632], [2; 130; 23.344485396831793], [2; 140; 25.601541871296078], [2; 140; 26.08923410960383], [2; 140; 26.60590276391208], [2; 150; 29.094145498968416], [2; 150; 29.719897635410536], [2; 150; 30.38784390296663], [2; 150; 31.10294983374028], [2; 160; 33.99577553306111], [2; 160; 34.87892975926684], [2; 170; 38.07436220085552], [2; 170; 39.178195485900844], [2; 170; 40.38395955236655], [2; 170; 41.70837408006122], [2; 170; 43.17226873322639], [2; 170; 44.801980576098885], [2; 180; 49.374402180356725], [2; 180; 51.56988117462237], [2; 190; 57.09177810141767], [2; 190; 60.1800181564678], [2; 190; 63.83054839555191], [2; 190; 68.23772654458523], [2; 200; 77.58438799724911], [2; 200; 84.98943883265278], [2; 200; 95.02108129968599], [2; 200; 109.72089373412607], [2; 200; 134.3801018853724], [2; 200; 190.04216259937198]];
Intervals[0.0=0.9502108129968599, 0.9502108129968599=1.9052086125269039, 1.9052086125269039=2.8650664831367068, 2.8650664831367068=3.829859388181567, 3.829859388181567=5.769469088112794, 5.779650836285593=6.759718457235396, 6.759718457235396=9.715686595900204, 9.715686595900204=12.703961356761647, 12.736538647166853=14.750981541838435, 14.750981541838435=16.776837802036212, 16.776837802036212=20.851769495445595, 20.851769495445595=22.9010468373125, 22.9010468373125=24.96234350418896, 24.96234350418896=30.14616847647901, 30.17730284032908=33.325299745490994, 33.325299745490994=36.49266912214719, 36.49266912214719=39.67977307837167, 39.67977307837167=46.094197212562754, 46.094197212562754=53.67425725307399, 53.67425725307399=58.034123472982344, 58.034123472982344=66.81179497171243, 66.81179497171243=71.23018550450162, 71.23018550450162=80.12728659500725, 80.12728659500725=84.60662332451966, 84.60662332451966=89.11739438164824, 89.11739438164824=100.47458586757564, 100.55658831504317=106.31808765120506, 106.31808765120506=112.12242400346403, 112.12242400346403=124.98833923227545, 124.98833923227545=132.05988799190715, 132.05988799190715=146.31305018686004, 146.31305018686004=162.00104639744225, 162.00104639744225=170.51738834166554, 170.51738834166554=179.10440653461933, 179.10440653461933=187.76389030085784, 187.76389030085784=206.47920914876102, 207.9012497864166=218.0594306648228, 218.0594306648228=238.559654646697, 238.559654646697=248.90423971299688, 248.90423971299688=259.3459591644682, 259.3459591644682=269.887601652962, 269.887601652962=292.50714336311063, 292.50714336311063=315.58369167874866, 315.58369167874866=339.14611534577773, 339.14611534577773=364.64294699557354, 367.0510188642909=380.09254000898517, 380.09254000898517=407.9504752159527, 407.9504752159527=437.9987794798567, 437.9987794798567=468.82768917149025, 468.82768917149025=484.44905870981864, 484.44905870981864=501.86959028142775, 501.86959028142775=521.1433833572679, 521.1433833572679=540.6985605591968, 540.6985605591968=560.547817078027, 560.547817078027=582.3845836344001, 582.3845836344001=604.5707606418632, 604.5707606418632=627.123676163957, 627.123676163957=650.0621395376197, 650.0621395376197=673.4066249344515, 673.4066249344515=699.0081668057476, 699.0081668057476=725.0974009153514, 725.0974009153514=751.7033036792635, 751.7033036792635=780.7974491782319, 780.7974491782319=810.5173468136425, 810.5173468136425=840.9051907166091, 840.9051907166091=872.0081405503494, 872.0081405503494=906.0039160834104, 906.0039160834104=940.8828458426773, 940.8828458426773=978.9572080435328, 978.9572080435328=1018.1354035294336, 1018.1354035294336=1058.5193630818, 1058.5193630818=1100.2277371618613, 1100.2277371618613=1143.4000058950878, 1143.4000058950878=1188.2019864711867, 1188.2019864711867=1237.5763886515435, 1237.5763886515435=1289.146269826166, 1289.146269826166=1346.2380479275837, 1346.2380479275837=1406.4180660840516, 1406.4180660840516=1470.2486144796035, 1470.2486144796035=1538.4863410241887, 1538.4863410241887=1616.0707290214377, 1616.0707290214377=1701.0601678540904, 1701.0601678540904=1796.0812491537763, 1796.0812491537763=1905.8021428879024, 1905.8021428879024=2040.1822447732748, 2040.1822447732748=2230.224407372647];

Jobs: [[2; 10; 0.9549977995300439], [2; 10; 0.959857870609803], [2; 10; 0.9647929050448601], [1; 20; 1.9497914481040262], [2; 10; 0.9800676209498025], [1; 30; 2.9719897635410537], [1; 30; 3.0048304263904035], [2; 20; 2.014442894671583], [2; 20; 2.0258562601977754], [2; 20; 2.049277341866904], [2; 20; 2.061296666876463], [1; 50; 5.214959336140119], [2; 30; 3.147996905161916], [2; 30; 3.1673693766562003], [2; 30; 3.187103956224479], [1; 60; 6.455411286913257], [2; 40; 4.359866219908355], [2; 40; 4.418390532789192], [2; 40; 4.479336729512414], [2; 40; 4.510771057128572], [1; 100; 11.439193933394929], [2; 50; 5.761499336161888], [2; 50; 5.8043363522589715], [2; 60; 7.071548759631691], [1; 120; 14.365837167281102], [2; 70; 8.516341944223292], [2; 70; 8.58701819295378], [2; 70; 8.659483766238512], [1; 160; 20.13735948555876], [2; 80; 10.15818087840621], [2; 80; 10.34458506629988], [2; 80; 10.441719451471279], [2; 80; 10.541642488493855], [1; 170; 22.844617320513308], [1; 170; 23.31568991850179], [1; 180; 25.218169385002593], [1; 180; 25.784940587311183], [2; 90; 13.041521144694283], [1; 190; 28.19561947806058], [1; 200; 30.431100642163617], [2; 100; 15.621369538328402], [2; 110; 17.420531571609096], [2; 120; 19.273793075840135], [2; 120; 19.55517720192894], [2; 120; 19.84925651883016], [2; 130; 21.836766556373018], [2; 130; 22.186177007463087], [2; 130; 22.55291552209381], [2; 130; 22.938463373662632], [2; 130; 23.344485396831793], [2; 140; 25.601541871296078], [2; 140; 26.08923410960383], [2; 140; 26.60590276391208], [2; 150; 29.094145498968416], [2; 150; 29.719897635410536], [2; 150; 30.38784390296663], [2; 150; 31.10294983374028], [2; 160; 33.99577553306111], [2; 160; 34.87892975926684], [2; 170; 38.07436220085552], [2; 170; 39.178195485900844], [2; 170; 40.38395955236655], [2; 170; 41.70837408006122], [2; 170; 43.17226873322639], [2; 170; 44.801980576098885], [2; 180; 49.374402180356725], [2; 180; 51.56988117462237], [2; 190; 57.09177810141767], [2; 190; 60.1800181564678], [2; 190; 63.83054839555191], [2; 190; 68.23772654458523], [2; 200; 77.58438799724911], [2; 200; 84.98943883265278], [2; 200; 95.02108129968599], [2; 200; 109.72089373412607], [2; 200; 134.3801018853724], [2; 200; 190.04216259937198]];
Intervals[0.9502108129968599=1.9052086125269039, 1.9052086125269039=2.8650664831367068, 2.8650664831367068=3.829859388181567, 3.829859388181567=5.779650836285593, 5.779650836285593=6.759718457235396, 6.759718457235396=9.731708220776449, 9.731708220776449=12.736538647166853, 12.736538647166853=14.750981541838435, 14.750981541838435=16.776837802036212, 20.851769495445595=22.9010468373125, 22.9010468373125=24.96234350418896, 24.96234350418896=30.17730284032908, 30.17730284032908=33.325299745490994, 33.325299745490994=36.49266912214719, 36.49266912214719=39.67977307837167, 39.67977307837167=46.13518436528493, 53.67425725307399=58.034123472982344, 66.81179497171243=71.23018550450162, 80.12728659500725=84.60662332451966, 84.60662332451966=89.11739438164824, 89.11739438164824=100.55658831504317, 100.55658831504317=106.31808765120506, 106.31808765120506=112.12242400346403, 124.98833923227545=132.05988799190715, 132.05988799190715=146.42572515918826, 162.00104639744225=170.51738834166554, 170.51738834166554=179.10440653461933, 179.10440653461933=187.76389030085784, 187.76389030085784=207.9012497864166, 207.9012497864166=218.0594306648228, 238.559654646697=248.90423971299688, 248.90423971299688=259.3459591644682, 259.3459591644682=269.887601652962, 269.887601652962=292.7322189734753, 292.7322189734753=316.0479088919771, 316.0479088919771=341.26607827697967, 341.26607827697967=367.0510188642909, 367.0510188642909=380.09254000898517, 380.09254000898517=408.28815948704573, 408.28815948704573=438.7192601292094, 468.82768917149025=484.44905870981864, 484.44905870981864=501.86959028142775, 501.86959028142775=521.1433833572679, 521.1433833572679=540.6985605591968, 540.6985605591968=560.547817078027, 560.547817078027=582.3845836344001, 582.3845836344001=604.5707606418632, 604.5707606418632=627.123676163957, 627.123676163957=650.0621395376197, 650.0621395376197=673.4066249344515, 673.4066249344515=699.0081668057476, 699.0081668057476=725.0974009153514, 725.0974009153514=751.7033036792635, 751.7033036792635=780.7974491782319, 780.7974491782319=810.5173468136425, 810.5173468136425=840.9051907166091, 840.9051907166091=872.0081405503494, 872.0081405503494=906.0039160834104, 906.0039160834104=940.8828458426773, 940.8828458426773=978.9572080435328, 978.9572080435328=1018.1354035294336, 1018.1354035294336=1058.5193630818, 1058.5193630818=1100.2277371618613, 1100.2277371618613=1143.4000058950878, 1143.4000058950878=1188.2019864711867, 1188.2019864711867=1237.5763886515435, 1237.5763886515435=1289.146269826166, 1289.146269826166=1346.2380479275837, 1346.2380479275837=1406.4180660840516, 1406.4180660840516=1470.2486144796035, 1470.2486144796035=1538.4863410241887, 1538.4863410241887=1616.0707290214377, 1616.0707290214377=1701.0601678540904, 1701.0601678540904=1796.0812491537763, 1796.0812491537763=1905.8021428879024, 1905.8021428879024=2040.1822447732748, 2040.1822447732748=2230.224407372647];
