1.1272627152732704
11803.292251394483
13305.411272470898
[1; 20; 1.374236791904189]
[2; 10; 0.6940943960796417]
[1; 20; 1.4025745524685718]
[1; 20; 1.4174170245605047]
[2; 10; 0.7163704485989403]
[1; 20; 1.4485727689400265]
[2; 20; 1.4649413423810451]
[2; 20; 1.481877643092252]
[1; 40; 2.998830534140106]
[2; 20; 1.5175906611818093]
[2; 20; 1.5364434419394997]
[1; 60; 4.6680502768489776]
[2; 30; 2.3645365659496953]
[2; 30; 2.3962767320061498]
[2; 30; 2.429330386278746]
[2; 40; 3.285054259367605]
[2; 40; 3.3330137927240755]
[1; 100; 8.457842783707083]
[1; 100; 8.58897994940118]
[1; 100; 8.726412355008321]
[2; 50; 4.435330173992027]
[2; 50; 4.511153276238199]
[2; 50; 4.591002896075743]
[1; 120; 11.220596419748572]
[1; 120; 11.434341271937747]
[1; 120; 11.66078585413798]
[1; 120; 11.901239726042572]
[2; 60; 6.078604824551519]
[1; 120; 12.430439486857932]
[1; 140; 14.843453844238217]
[1; 140; 15.210014073870276]
[1; 160; 17.8344516282302]
[1; 160; 18.32315722538919]
[1; 180; 21.21116989161139]
[1; 180; 21.863973476508715]
[1; 180; 22.581014708383712]
[2; 90; 11.686785408944052]
[1; 200; 26.951000839294643]
[1; 200; 28.051491049371435]
[1; 1040; 152.35389960762873]
[1; 1040; 159.79011796170798]
[1; 1120; 181.3900021754797]
[1; 1160; 199.2643348261074]
[2; 580; 106.51126718895725]
[1; 1200; 238.0247945208514]
[1; 1240; 269.4345350228449]
[1; 1280; 310.9542894436795]
[1; 1320; 370.27968185170295]
[2; 680; 233.62025462371213]
[1; 1360; 660.777865067819]


Jobs: [[1; 20; 1.374236791904189], [2; 10; 0.6940943960796417], [1; 20; 1.4025745524685718], [2; 10; 0.7163704485989403], [1; 20; 1.4485727689400265], [2; 20; 1.4649413423810451], [2; 20; 1.481877643092252], [1; 40; 2.998830534140106], [2; 20; 1.5175906611818093], [2; 20; 1.5364434419394997], [1; 60; 4.6680502768489776], [2; 30; 2.3645365659496953], [2; 30; 2.3962767320061498], [2; 30; 2.429330386278746], [2; 40; 3.285054259367605], [2; 40; 3.3330137927240755], [1; 100; 8.457842783707083], [1; 100; 8.726412355008321], [2; 50; 4.435330173992027], [2; 50; 4.511153276238199], [2; 50; 4.591002896075743], [1; 120; 11.220596419748572], [1; 120; 11.66078585413798], [2; 60; 6.078604824551519], [1; 120; 12.430439486857932], [1; 140; 15.210014073870276], [1; 160; 18.32315722538919], [1; 180; 21.863973476508715], [2; 90; 11.686785408944052], [1; 200; 26.951000839294643], [1; 1040; 152.35389960762873], [1; 1120; 181.3900021754797], [2; 580; 106.51126718895725], [1; 1200; 238.0247945208514], [1; 1280; 310.9542894436795], [2; 680; 233.62025462371213], [1; 1360; 660.777865067819]];
Intervals[0.0=1.374236791904189, 1.374236791904189=2.068331187983831, 2.068331187983831=3.4709057404524026, 3.4857482125443355=4.202118661143276, 4.202118661143276=5.650691430083302, 5.650691430083302=7.115632772464347, 7.115632772464347=8.597510415556599, 8.597510415556599=11.596340949696705, 11.596340949696705=13.113931610878515, 13.113931610878515=14.650375052818015, 14.650375052818015=19.318425329666994, 19.318425329666994=21.68296189561669, 21.68296189561669=24.07923862762284, 24.07923862762284=26.508569013901585, 26.508569013901585=29.79362327326919, 29.79362327326919=33.126637065993265, 33.126637065993265=41.584479849700344, 41.584479849700344=50.310892204708665, 50.310892204708665=54.74622237870069, 54.74622237870069=59.25737565493889, 59.25737565493889=63.84837855101463, 63.84837855101463=75.06897497076321, 75.06897497076321=86.72976082490119, 87.18395954899495=93.26256437354647, 93.26256437354647=105.6930038604044, 105.6930038604044=120.90301793427469, 120.90301793427469=139.22617515966388, 139.22617515966388=161.0901486361726, 169.73265444601=181.41943985495405, 181.41943985495405=208.37044069424869, 208.37044069424869=360.7243403018774, 360.7243403018774=542.1143424773571, 568.5253836921408=675.0366508810981, 675.0366508810981=913.0614454019495, 913.0614454019495=1224.0157348456291, 1314.750867755646=1548.371122379358, 1548.371122379358=2209.148987447177];

Jobs: [[2; 10; 0.6940943960796417], [1; 20; 1.4174170245605047], [2; 10; 0.7163704485989403], [2; 20; 1.4649413423810451], [2; 20; 1.481877643092252], [2; 20; 1.5175906611818093], [2; 20; 1.5364434419394997], [2; 30; 2.3645365659496953], [2; 30; 2.3962767320061498], [2; 30; 2.429330386278746], [2; 40; 3.285054259367605], [2; 40; 3.3330137927240755], [1; 100; 8.58897994940118], [2; 50; 4.435330173992027], [2; 50; 4.511153276238199], [2; 50; 4.591002896075743], [1; 120; 11.434341271937747], [1; 120; 11.901239726042572], [2; 60; 6.078604824551519], [1; 140; 14.843453844238217], [1; 160; 17.8344516282302], [1; 180; 21.21116989161139], [1; 180; 22.581014708383712], [2; 90; 11.686785408944052], [1; 200; 28.051491049371435], [1; 1040; 159.79011796170798], [1; 1160; 199.2643348261074], [2; 580; 106.51126718895725], [1; 1240; 269.4345350228449], [1; 1320; 370.27968185170295], [2; 680; 233.62025462371213]];
Intervals[1.374236791904189=2.068331187983831, 2.068331187983831=3.4857482125443355, 3.4857482125443355=4.202118661143276, 5.650691430083302=7.115632772464347, 7.115632772464347=8.597510415556599, 11.596340949696705=13.113931610878515, 13.113931610878515=14.650375052818015, 19.318425329666994=21.68296189561669, 21.68296189561669=24.07923862762284, 24.07923862762284=26.508569013901585, 26.508569013901585=29.79362327326919, 29.79362327326919=33.126637065993265, 33.126637065993265=41.71561701539444, 50.310892204708665=54.74622237870069, 54.74622237870069=59.25737565493889, 59.25737565493889=63.84837855101463, 63.84837855101463=75.28271982295237, 75.28271982295237=87.18395954899495, 87.18395954899495=93.26256437354647, 93.26256437354647=108.10601821778468, 108.10601821778468=125.94046984601488, 125.94046984601488=147.15163973762628, 147.15163973762628=169.73265444601, 169.73265444601=181.41943985495405, 181.41943985495405=209.47093090432548, 209.47093090432548=369.26104886603343, 369.26104886603343=568.5253836921408, 568.5253836921408=675.0366508810981, 675.0366508810981=944.471185903943, 944.471185903943=1314.750867755646, 1314.750867755646=1548.371122379358];
