1.0000000000000002
289880.5279699126
289880.5279699127
[2; 10; 2.407822784051653]
[2; 10; 2.419952950414627]
[2; 10; 2.432268312140566]
[2; 10; 2.4447736301082]
[2; 10; 2.4574738383225667]
[2; 10; 2.470374052094403]
[2; 10; 2.483479576696873]
[2; 10; 2.4967959165328923]
[2; 20; 5.020657569698049]
[2; 20; 5.0481682280698035]
[2; 20; 5.07613613310065]
[2; 30; 7.656861139577291]
[2; 30; 7.70024313625759]
[2; 30; 7.744370965349442]
[2; 30; 7.789266245601407]
[2; 40; 10.446601977810328]
[2; 40; 10.508600159958107]
[2; 40; 10.571715443109827]
[2; 40; 10.635981782424388]
[2; 40; 10.701434595785125]
[2; 50; 13.460138557280729]
[2; 50; 13.545061409552645]
[2; 50; 13.631612203358944]
[2; 50; 13.719843624158834]
[2; 50; 13.809810775836725]
[2; 50; 13.901571325331359]
[2; 50; 13.995185657978688]
[2; 50; 14.090717044519323]
[2; 50; 14.188231820819965]
[2; 50; 14.287799581468805]
[2; 50; 14.389493388528624]
[2; 60; 17.392067996244606]
[2; 60; 17.51948411720073]
[2; 60; 17.64974229816254]
[2; 60; 17.78294979017555]
[2; 60; 17.919219597461748]
[2; 70; 21.06844936045196]
[2; 70; 21.235000959052847]
[2; 70; 21.40556595579585]
[2; 70; 21.5803081690919]
[2; 70; 21.759400934251936]
[2; 70; 21.94302782633501]
[2; 70; 22.1313834512532]
[2; 70; 22.32467431288396]
[2; 80; 25.740708302827038]
[2; 80; 25.973660637495758]
[2; 80; 26.213054275440705]
[2; 80; 26.459191640467004]
[2; 80; 26.712395415780588]
[2; 90; 30.34463661338764]
[2; 90; 30.646580732971124]
[2; 90; 30.957721509235537]
[2; 90; 31.27853548199556]
[2; 90; 31.609534493171804]
[2; 90; 31.951269121941554]
[2; 90; 32.30433253747375]
[2; 90; 32.66936483059746]
[2; 90; 33.04705789639341]
[2; 90; 33.43816095247986]
[2; 100; 37.60387421464434]
[2; 100; 38.071020998254866]
[2; 100; 38.556021710001616]
[2; 100; 39.060043385988834]
[2; 520; 205.83868620060602]
[2; 520; 208.67797461780992]
[2; 520; 211.6380937396457]
[2; 540; 222.98662839892773]
[2; 540; 226.33999895039446]
[2; 560; 238.36229458977536]
[2; 560; 242.1763334796664]
[2; 560; 246.17951928266308]
[2; 580; 259.33045036983174]
[2; 580; 263.92072620537107]
[2; 580; 268.7637122897396]
[2; 580; 273.88348113340606]
[2; 600; 288.93873408619834]
[2; 600; 294.896860598708]
[2; 620; 311.280769321279]
[2; 620; 318.27671629864705]
[2; 620; 325.7666049587013]
[2; 620; 333.8114362205621]
[2; 640; 353.5311558614202]
[2; 640; 363.2187346129911]
[2; 640; 373.74899450028227]
[2; 660; 397.29075936852274]
[2; 660; 410.32013190303644]
[2; 660; 424.7216869966462]
[2; 680; 454.11072206827]
[2; 680; 472.65342506126626]
[2; 680; 493.6704018845839]
[2; 680; 517.7658855762662]
[2; 680; 545.7731643850412]
[2; 680; 578.8798582894545]
[2; 680; 618.8485993781114]
[2; 700; 688.0926747303187]
[2; 700; 753.7677592077208]
[2; 700; 842.7379744180786]
[2; 700; 973.1099927731951]
[2; 700; 1191.811472948877]
[2; 700; 1685.4759488361572]


Jobs: [[2; 10; 2.407822784051653], [2; 10; 2.419952950414627], [2; 10; 2.432268312140566], [2; 10; 2.4447736301082], [2; 10; 2.4574738383225667], [2; 10; 2.470374052094403], [2; 10; 2.483479576696873], [2; 10; 2.4967959165328923], [2; 20; 5.020657569698049], [2; 20; 5.0481682280698035], [2; 20; 5.07613613310065], [2; 30; 7.656861139577291], [2; 30; 7.70024313625759], [2; 30; 7.744370965349442], [2; 30; 7.789266245601407], [2; 40; 10.446601977810328], [2; 40; 10.508600159958107], [2; 40; 10.571715443109827], [2; 40; 10.635981782424388], [2; 40; 10.701434595785125], [2; 50; 13.460138557280729], [2; 50; 13.545061409552645], [2; 50; 13.631612203358944], [2; 50; 13.719843624158834], [2; 50; 13.809810775836725], [2; 50; 13.901571325331359], [2; 50; 13.995185657978688], [2; 50; 14.090717044519323], [2; 50; 14.188231820819965], [2; 50; 14.287799581468805], [2; 50; 14.389493388528624], [2; 60; 17.392067996244606], [2; 60; 17.51948411720073], [2; 60; 17.64974229816254], [2; 60; 17.78294979017555], [2; 60; 17.919219597461748], [2; 70; 21.06844936045196], [2; 70; 21.235000959052847], [2; 70; 21.40556595579585], [2; 70; 21.5803081690919], [2; 70; 21.759400934251936], [2; 70; 21.94302782633501], [2; 70; 22.1313834512532], [2; 70; 22.32467431288396], [2; 80; 25.740708302827038], [2; 80; 25.973660637495758], [2; 80; 26.213054275440705], [2; 80; 26.459191640467004], [2; 80; 26.712395415780588], [2; 90; 30.34463661338764], [2; 90; 30.646580732971124], [2; 90; 30.957721509235537], [2; 90; 31.27853548199556], [2; 90; 31.609534493171804], [2; 90; 31.951269121941554], [2; 90; 32.30433253747375], [2; 90; 32.66936483059746], [2; 90; 33.04705789639341], [2; 90; 33.43816095247986], [2; 100; 37.60387421464434], [2; 100; 38.071020998254866], [2; 100; 38.556021710001616], [2; 100; 39.060043385988834], [2; 520; 205.83868620060602], [2; 520; 208.67797461780992], [2; 520; 211.6380937396457], [2; 540; 222.98662839892773], [2; 540; 226.33999895039446], [2; 560; 238.36229458977536], [2; 560; 242.1763334796664], [2; 560; 246.17951928266308], [2; 580; 259.33045036983174], [2; 580; 263.92072620537107], [2; 580; 268.7637122897396], [2; 580; 273.88348113340606], [2; 600; 288.93873408619834], [2; 600; 294.896860598708], [2; 620; 311.280769321279], [2; 620; 318.27671629864705], [2; 620; 325.7666049587013], [2; 620; 333.8114362205621], [2; 640; 353.5311558614202], [2; 640; 363.2187346129911], [2; 640; 373.74899450028227], [2; 660; 397.29075936852274], [2; 660; 410.32013190303644], [2; 660; 424.7216869966462], [2; 680; 454.11072206827], [2; 680; 472.65342506126626], [2; 680; 493.6704018845839], [2; 680; 517.7658855762662], [2; 680; 545.7731643850412], [2; 680; 578.8798582894545], [2; 680; 618.8485993781114], [2; 700; 688.0926747303187], [2; 700; 753.7677592077208], [2; 700; 842.7379744180786], [2; 700; 973.1099927731951], [2; 700; 1191.811472948877], [2; 700; 1685.4759488361572]];
Intervals[4.9E-324=2.407822784051653, 2.407822784051653=4.82777573446628, 4.82777573446628=7.260044046606845, 7.260044046606845=9.704817676715045, 9.704817676715045=12.162291515037612, 12.162291515037612=14.632665567132015, 14.632665567132015=17.116145143828888, 17.116145143828888=19.61294106036178, 19.61294106036178=24.63359863005983, 24.63359863005983=29.681766858129635, 29.681766858129635=34.75790299123028, 34.75790299123028=42.41476413080757, 42.41476413080757=50.11500726706516, 50.11500726706516=57.8593782324146, 57.8593782324146=65.64864447801601, 65.64864447801601=76.09524645582634, 76.09524645582634=86.60384661578445, 86.60384661578445=97.17556205889427, 97.17556205889427=107.81154384131867, 107.81154384131867=118.5129784371038, 118.5129784371038=131.97311699438453, 131.97311699438453=145.51817840393716, 145.51817840393716=159.1497906072961, 159.1497906072961=172.86963423145494, 172.86963423145494=186.67944500729166, 186.67944500729166=200.58101633262302, 200.58101633262302=214.5762019906017, 214.5762019906017=228.66691903512103, 228.66691903512103=242.855150855941, 242.855150855941=257.1429504374098, 257.1429504374098=271.53244382593846, 271.53244382593846=288.92451182218304, 288.92451182218304=306.44399593938374, 306.44399593938374=324.0937382375463, 324.0937382375463=341.87668802772185, 341.87668802772185=359.7959076251836, 359.7959076251836=380.86435698563554, 380.86435698563554=402.0993579446884, 402.0993579446884=423.50492390048424, 423.50492390048424=445.08523206957614, 445.08523206957614=466.84463300382805, 466.84463300382805=488.7876608301631, 488.7876608301631=510.9190442814163, 510.9190442814163=533.2437185943003, 533.2437185943003=558.9844268971273, 558.9844268971273=584.958087534623, 584.958087534623=611.1711418100638, 611.1711418100638=637.6303334505308, 637.6303334505308=664.3427288663114, 664.3427288663114=694.687365479699, 694.687365479699=725.3339462126701, 725.3339462126701=756.2916677219056, 756.2916677219056=787.5702032039012, 787.5702032039012=819.179737697073, 819.179737697073=851.1310068190146, 851.1310068190146=883.4353393564884, 883.4353393564884=916.1047041870859, 916.1047041870859=949.1517620834793, 949.1517620834793=982.5899230359591, 982.5899230359591=1020.1937972506034, 1020.1937972506034=1058.2648182488583, 1058.2648182488583=1096.82083995886, 1096.82083995886=1135.8808833448488, 1135.8808833448488=1341.7195695454548, 1341.7195695454548=1550.3975441632647, 1550.3975441632647=1762.0356379029104, 1762.0356379029104=1985.022266301838, 1985.022266301838=2211.3622652522326, 2211.3622652522326=2449.724559842008, 2449.724559842008=2691.9008933216746, 2691.9008933216746=2938.0804126043377, 2938.0804126043377=3197.4108629741695, 3197.4108629741695=3461.3315891795405, 3461.3315891795405=3730.09530146928, 3730.09530146928=4003.978782602686, 4003.978782602686=4292.9175166888845, 4292.9175166888845=4587.814377287593, 4587.814377287593=4899.095146608872, 4899.095146608872=5217.371862907519, 5217.371862907519=5543.138467866221, 5543.138467866221=5876.949904086783, 5876.949904086783=6230.481059948203, 6230.481059948203=6593.699794561195, 6593.699794561195=6967.448789061477, 6967.448789061477=7364.7395484300005, 7364.7395484300005=7775.059680333037, 7775.059680333037=8199.781367329684, 8199.781367329684=8653.892089397954, 8653.892089397954=9126.54551445922, 9126.54551445922=9620.215916343803, 9620.215916343803=10137.981801920068, 10137.981801920068=10683.75496630511, 10683.75496630511=11262.634824594565, 11262.634824594565=11881.483423972677, 11881.483423972677=12569.576098702995, 12569.576098702995=13323.343857910717, 13323.343857910717=14166.081832328795, 14166.081832328795=15139.19182510199, 15139.19182510199=16331.003298050868, 16331.003298050868=18016.479246887026];

Jobs: [[2; 10; 2.407822784051653], [2; 10; 2.419952950414627], [2; 10; 2.432268312140566], [2; 10; 2.4447736301082], [2; 10; 2.4574738383225667], [2; 10; 2.470374052094403], [2; 10; 2.483479576696873], [2; 10; 2.4967959165328923], [2; 20; 5.020657569698049], [2; 20; 5.0481682280698035], [2; 20; 5.07613613310065], [2; 30; 7.656861139577291], [2; 30; 7.70024313625759], [2; 30; 7.744370965349442], [2; 30; 7.789266245601407], [2; 40; 10.446601977810328], [2; 40; 10.508600159958107], [2; 40; 10.571715443109827], [2; 40; 10.635981782424388], [2; 40; 10.701434595785125], [2; 50; 13.460138557280729], [2; 50; 13.545061409552645], [2; 50; 13.631612203358944], [2; 50; 13.719843624158834], [2; 50; 13.809810775836725], [2; 50; 13.901571325331359], [2; 50; 13.995185657978688], [2; 50; 14.090717044519323], [2; 50; 14.188231820819965], [2; 50; 14.287799581468805], [2; 50; 14.389493388528624], [2; 60; 17.392067996244606], [2; 60; 17.51948411720073], [2; 60; 17.64974229816254], [2; 60; 17.78294979017555], [2; 60; 17.919219597461748], [2; 70; 21.06844936045196], [2; 70; 21.235000959052847], [2; 70; 21.40556595579585], [2; 70; 21.5803081690919], [2; 70; 21.759400934251936], [2; 70; 21.94302782633501], [2; 70; 22.1313834512532], [2; 70; 22.32467431288396], [2; 80; 25.740708302827038], [2; 80; 25.973660637495758], [2; 80; 26.213054275440705], [2; 80; 26.459191640467004], [2; 80; 26.712395415780588], [2; 90; 30.34463661338764], [2; 90; 30.646580732971124], [2; 90; 30.957721509235537], [2; 90; 31.27853548199556], [2; 90; 31.609534493171804], [2; 90; 31.951269121941554], [2; 90; 32.30433253747375], [2; 90; 32.66936483059746], [2; 90; 33.04705789639341], [2; 90; 33.43816095247986], [2; 100; 37.60387421464434], [2; 100; 38.071020998254866], [2; 100; 38.556021710001616], [2; 100; 39.060043385988834], [2; 520; 205.83868620060602], [2; 520; 208.67797461780992], [2; 520; 211.6380937396457], [2; 540; 222.98662839892773], [2; 540; 226.33999895039446], [2; 560; 238.36229458977536], [2; 560; 242.1763334796664], [2; 560; 246.17951928266308], [2; 580; 259.33045036983174], [2; 580; 263.92072620537107], [2; 580; 268.7637122897396], [2; 580; 273.88348113340606], [2; 600; 288.93873408619834], [2; 600; 294.896860598708], [2; 620; 311.280769321279], [2; 620; 318.27671629864705], [2; 620; 325.7666049587013], [2; 620; 333.8114362205621], [2; 640; 353.5311558614202], [2; 640; 363.2187346129911], [2; 640; 373.74899450028227], [2; 660; 397.29075936852274], [2; 660; 410.32013190303644], [2; 660; 424.7216869966462], [2; 680; 454.11072206827], [2; 680; 472.65342506126626], [2; 680; 493.6704018845839], [2; 680; 517.7658855762662], [2; 680; 545.7731643850412], [2; 680; 578.8798582894545], [2; 680; 618.8485993781114], [2; 700; 688.0926747303187], [2; 700; 753.7677592077208], [2; 700; 842.7379744180786], [2; 700; 973.1099927731951], [2; 700; 1191.811472948877], [2; 700; 1685.4759488361572]];
Intervals[4.9E-324=2.407822784051653, 2.407822784051653=4.82777573446628, 4.82777573446628=7.260044046606845, 7.260044046606845=9.704817676715045, 9.704817676715045=12.162291515037612, 12.162291515037612=14.632665567132015, 14.632665567132015=17.116145143828888, 17.116145143828888=19.61294106036178, 19.61294106036178=24.63359863005983, 24.63359863005983=29.681766858129635, 29.681766858129635=34.75790299123028, 34.75790299123028=42.41476413080757, 42.41476413080757=50.11500726706516, 50.11500726706516=57.8593782324146, 57.8593782324146=65.64864447801601, 65.64864447801601=76.09524645582634, 76.09524645582634=86.60384661578445, 86.60384661578445=97.17556205889427, 97.17556205889427=107.81154384131867, 107.81154384131867=118.5129784371038, 118.5129784371038=131.97311699438453, 131.97311699438453=145.51817840393716, 145.51817840393716=159.1497906072961, 159.1497906072961=172.86963423145494, 172.86963423145494=186.67944500729166, 186.67944500729166=200.58101633262302, 200.58101633262302=214.5762019906017, 214.5762019906017=228.66691903512103, 228.66691903512103=242.855150855941, 242.855150855941=257.1429504374098, 257.1429504374098=271.53244382593846, 271.53244382593846=288.92451182218304, 288.92451182218304=306.44399593938374, 306.44399593938374=324.0937382375463, 324.0937382375463=341.87668802772185, 341.87668802772185=359.7959076251836, 359.7959076251836=380.86435698563554, 380.86435698563554=402.0993579446884, 402.0993579446884=423.50492390048424, 423.50492390048424=445.08523206957614, 445.08523206957614=466.84463300382805, 466.84463300382805=488.7876608301631, 488.7876608301631=510.9190442814163, 510.9190442814163=533.2437185943003, 533.2437185943003=558.9844268971273, 558.9844268971273=584.958087534623, 584.958087534623=611.1711418100638, 611.1711418100638=637.6303334505308, 637.6303334505308=664.3427288663114, 664.3427288663114=694.687365479699, 694.687365479699=725.3339462126701, 725.3339462126701=756.2916677219056, 756.2916677219056=787.5702032039012, 787.5702032039012=819.179737697073, 819.179737697073=851.1310068190146, 851.1310068190146=883.4353393564884, 883.4353393564884=916.1047041870859, 916.1047041870859=949.1517620834793, 949.1517620834793=982.5899230359591, 982.5899230359591=1020.1937972506034, 1020.1937972506034=1058.2648182488583, 1058.2648182488583=1096.82083995886, 1096.82083995886=1135.8808833448488, 1135.8808833448488=1341.7195695454548, 1341.7195695454548=1550.3975441632647, 1550.3975441632647=1762.0356379029104, 1762.0356379029104=1985.022266301838, 1985.022266301838=2211.3622652522326, 2211.3622652522326=2449.724559842008, 2449.724559842008=2691.9008933216746, 2691.9008933216746=2938.0804126043377, 2938.0804126043377=3197.4108629741695, 3197.4108629741695=3461.3315891795405, 3461.3315891795405=3730.09530146928, 3730.09530146928=4003.978782602686, 4003.978782602686=4292.9175166888845, 4292.9175166888845=4587.814377287593, 4587.814377287593=4899.095146608872, 4899.095146608872=5217.371862907519, 5217.371862907519=5543.138467866221, 5543.138467866221=5876.949904086783, 5876.949904086783=6230.481059948203, 6230.481059948203=6593.699794561195, 6593.699794561195=6967.448789061477, 6967.448789061477=7364.7395484300005, 7364.7395484300005=7775.059680333037, 7775.059680333037=8199.781367329684, 8199.781367329684=8653.892089397954, 8653.892089397954=9126.54551445922, 9126.54551445922=9620.215916343803, 9620.215916343803=10137.981801920068, 10137.981801920068=10683.75496630511, 10683.75496630511=11262.634824594565, 11262.634824594565=11881.483423972677, 11881.483423972677=12569.576098702995, 12569.576098702995=13323.343857910717, 13323.343857910717=14166.081832328795, 14166.081832328795=15139.19182510199, 15139.19182510199=16331.003298050868, 16331.003298050868=18016.479246887026];
