1.160058163984932
1490904.7801359296
1729536.261920845
[2; 10; 5.460594803015382]
[1; 20; 10.976208541676773]
[2; 20; 11.032067470069133]
[1; 80; 44.3551519407219]
[2; 40; 22.292784932468848]
[2; 40; 22.409808229609915]
[1; 80; 45.05738797632333]
[1; 100; 56.62373035222953]
[2; 50; 28.465318143846503]
[2; 50; 28.621293657417677]
[1; 100; 57.55972318935697]
[1; 100; 57.88218914770052]
[1; 120; 69.85216342383616]
[1; 120; 70.25246563179492]
[2; 60; 35.329864856965926]
[1; 140; 82.9198531406211]
[2; 70; 41.70598170716744]
[2; 80; 47.95025181252258]
[2; 80; 48.24174538986917]
[2; 80; 48.53862047124784]
[2; 90; 54.946175297060094]
[1; 180; 110.58568460517836]
[2; 90; 55.646154794012844]
[2; 90; 56.00632784077224]
[1; 200; 125.27463641035493]
[1; 200; 126.10703517825608]
[1; 1040; 660.1725020668015]
[2; 520; 332.3394256614375]
[2; 520; 334.6393799254303]
[2; 520; 336.98775526246135]
[2; 540; 352.43959315752136]
[2; 540; 354.9843164070313]
[2; 540; 357.58496887726153]
[2; 560; 373.58598644601756]
[1; 1120; 752.811086649618]
[2; 560; 379.2899191710854]
[2; 560; 382.2416362110767]
[2; 560; 385.2633562472117]
[2; 560; 388.35789074853886]
[1; 1120; 783.0564236945814]
[1; 1160; 817.7533189886599]
[1; 1160; 824.6543132260581]
[2; 580; 415.86651042824764]
[2; 580; 419.4986013140754]
[2; 580; 423.22755110398214]
[2; 580; 427.0577427586139]
[2; 580; 430.993842027731]
[2; 580; 435.04082134973453]
[1; 1200; 908.6979026217296]
[1; 1200; 917.5634579531151]
[2; 600; 463.3468337429036]
[2; 600; 468.0509831156041]
[2; 600; 472.9013819184604]
[1; 1200; 955.811537418343]
[2; 600; 483.07246771551183]
[2; 600; 488.4104470849786]
[2; 600; 493.92938437545473]
[2; 600; 499.639740375298]
[2; 620; 522.4046039523348]
[2; 620; 528.7370121724961]
[2; 620; 535.3054256610199]
[2; 620; 542.1248779803941]
[1; 1240; 1098.4235569638704]
[2; 620; 556.584078534388]
[2; 620; 564.2614629782561]
[2; 620; 572.2655714584927]
[2; 620; 580.6202553072783]
[1; 1280; 1216.7264555939626]
[2; 640; 617.7957783238713]
[2; 640; 627.6811384585056]
[2; 640; 638.0567362148275]
[2; 640; 648.9644791000277]
[2; 640; 660.4514678523627]
[2; 640; 672.5708542840325]
[2; 660; 706.8010938931999]
[2; 660; 720.7985139980303]
[1; 1320; 1471.3238055429435]
[2; 660; 751.4843989975477]
[1; 1320; 1536.7475953243957]
[2; 660; 786.4556550494432]
[2; 660; 805.8772376902149]
[1; 1320; 1653.6252006166853]
[1; 1320; 1698.9383903906462]
[1; 1320; 1748.1931811777229]
[2; 680; 928.3011165126148]
[2; 680; 958.7452705384289]
[1; 1360; 1984.7912741428133]
[2; 680; 1029.8576229712935]
[1; 1360; 2143.8195980303535]
[2; 680; 1119.5732712510307]
[2; 680; 1174.2183530628822]
[2; 680; 1237.7348220168199]
[2; 680; 1312.8160289382265]
[1; 1360; 2806.918738372542]
[2; 700; 1560.4949452728192]
[2; 700; 1709.4365647974255]
[2; 700; 1911.2081810553836]
[2; 700; 2206.8731156194817]
[2; 700; 2702.8565301669373]
[1; 1400; 7644.832724221535]


Jobs: [[2; 10; 5.460594803015382], [1; 20; 10.976208541676773], [2; 20; 11.032067470069133], [1; 80; 44.3551519407219], [2; 40; 22.292784932468848], [2; 40; 22.409808229609915], [1; 80; 45.05738797632333], [2; 50; 28.465318143846503], [2; 50; 28.621293657417677], [1; 100; 57.55972318935697], [1; 120; 69.85216342383616], [2; 60; 35.329864856965926], [1; 140; 82.9198531406211], [2; 70; 41.70598170716744], [2; 80; 47.95025181252258], [2; 80; 48.24174538986917], [2; 80; 48.53862047124784], [2; 90; 54.946175297060094], [1; 180; 110.58568460517836], [2; 90; 55.646154794012844], [2; 90; 56.00632784077224], [1; 200; 125.27463641035493], [1; 1040; 660.1725020668015], [2; 520; 332.3394256614375], [2; 520; 334.6393799254303], [2; 520; 336.98775526246135], [2; 540; 352.43959315752136], [2; 540; 354.9843164070313], [2; 540; 357.58496887726153], [2; 560; 373.58598644601756], [1; 1120; 752.811086649618], [2; 560; 379.2899191710854], [2; 560; 382.2416362110767], [2; 560; 385.2633562472117], [2; 560; 388.35789074853886], [1; 1120; 783.0564236945814], [1; 1160; 824.6543132260581], [2; 580; 415.86651042824764], [2; 580; 419.4986013140754], [2; 580; 423.22755110398214], [2; 580; 427.0577427586139], [2; 580; 430.993842027731], [2; 580; 435.04082134973453], [1; 1200; 908.6979026217296], [2; 600; 463.3468337429036], [2; 600; 468.0509831156041], [2; 600; 472.9013819184604], [1; 1200; 955.811537418343], [2; 600; 483.07246771551183], [2; 600; 488.4104470849786], [2; 600; 493.92938437545473], [2; 600; 499.639740375298], [2; 620; 522.4046039523348], [2; 620; 528.7370121724961], [2; 620; 535.3054256610199], [2; 620; 542.1248779803941], [1; 1240; 1098.4235569638704], [2; 620; 556.584078534388], [2; 620; 564.2614629782561], [2; 620; 572.2655714584927], [2; 620; 580.6202553072783], [1; 1280; 1216.7264555939626], [2; 640; 617.7957783238713], [2; 640; 627.6811384585056], [2; 640; 638.0567362148275], [2; 640; 648.9644791000277], [2; 640; 660.4514678523627], [2; 640; 672.5708542840325], [2; 660; 706.8010938931999], [2; 660; 720.7985139980303], [1; 1320; 1471.3238055429435], [2; 660; 751.4843989975477], [1; 1320; 1536.7475953243957], [2; 660; 786.4556550494432], [2; 660; 805.8772376902149], [1; 1320; 1653.6252006166853], [1; 1320; 1748.1931811777229], [2; 680; 928.3011165126148], [2; 680; 958.7452705384289], [1; 1360; 1984.7912741428133], [2; 680; 1029.8576229712935], [1; 1360; 2143.8195980303535], [2; 680; 1119.5732712510307], [2; 680; 1174.2183530628822], [2; 680; 1237.7348220168199], [2; 680; 1312.8160289382265], [1; 1360; 2806.918738372542], [2; 700; 1560.4949452728192], [2; 700; 1709.4365647974255], [2; 700; 1911.2081810553836], [2; 700; 2206.8731156194817], [2; 700; 2702.8565301669373], [1; 1400; 7644.832724221535]];
Intervals[4.9E-324=5.460594803015382, 5.460594803015382=16.436803344692155, 16.436803344692155=27.46887081476129, 27.46887081476129=71.82402275548318, 71.82402275548318=94.11680768795203, 94.11680768795203=116.52661591756194, 116.52661591756194=161.58400389388527, 173.15034626979147=201.61566441363797, 201.61566441363797=230.23695807105565, 230.23695807105565=287.79668126041264, 287.79668126041264=357.6488446842488, 358.37161285055106=393.701477707517, 393.701477707517=476.6213308481381, 476.6213308481381=518.3273125553055, 518.3273125553055=566.2775643678281, 566.2775643678281=614.5193097576972, 614.5193097576972=663.057930228945, 663.057930228945=718.0041055260051, 718.0041055260051=828.5897901311835, 828.5897901311835=884.2359449251963, 884.2359449251963=940.2422727659686, 940.2422727659686=1065.5169091763235, 1065.5169091763235=1725.689411243125, 1725.689411243125=2058.0288369045625, 2058.0288369045625=2392.6682168299926, 2392.6682168299926=2729.655972092454, 2729.655972092454=3082.095565249975, 3082.095565249975=3437.0798816570064, 3437.0798816570064=3794.6648505342678, 3794.6648505342678=4168.250836980285, 4168.250836980285=4921.0619236299035, 4921.0619236299035=5300.351842800989, 5300.351842800989=5682.593479012066, 5682.593479012066=6067.856835259278, 6067.856835259278=6456.214726007817, 6456.214726007817=7239.271149702398, 7239.271149702398=8063.925462928457, 8063.925462928457=8479.791973356705, 8479.791973356705=8899.29057467078, 8899.29057467078=9322.518125774763, 9322.518125774763=9749.575868533377, 9749.575868533377=10180.569710561107, 10180.569710561107=10615.610531910841, 10615.610531910841=11524.30843453257, 11533.173989863955=11996.52082360686, 11996.52082360686=12464.571806722462, 12464.571806722462=12937.473188640923, 12937.473188640923=13893.284726059266, 13893.284726059266=14376.357193774778, 14376.357193774778=14864.767640859756, 14864.767640859756=15358.697025235211, 15358.697025235211=15858.33676561051, 15858.33676561051=16380.741369562844, 16380.741369562844=16909.47838173534, 16909.47838173534=17444.783807396358, 17444.783807396358=17986.90868537675, 17986.90868537675=19085.33224234062, 19085.33224234062=19641.91632087501, 19641.91632087501=20206.177783853265, 20206.177783853265=20778.44335531176, 20778.44335531176=21359.06361061904, 21359.06361061904=22575.790066213, 22575.790066213=23193.585844536872, 23193.585844536872=23821.266982995377, 23821.266982995377=24459.323719210206, 24459.323719210206=25108.288198310234, 25108.288198310234=25768.739666162597, 25768.739666162597=26441.31052044663, 26441.31052044663=27148.11161433983, 27148.11161433983=27868.91012833786, 27868.91012833786=29340.2339338808, 29340.2339338808=30091.71833287835, 30091.71833287835=31628.465928202746, 31628.465928202746=32414.921583252188, 32414.921583252188=33220.7988209424, 33220.7988209424=34874.42402155908, 34874.42402155908=36622.61720273681, 36622.61720273681=37550.918319249424, 37550.918319249424=38509.66358978785, 38509.66358978785=40494.45486393067, 40494.45486393067=41524.31248690196, 41524.31248690196=43668.13208493231, 43668.13208493231=44787.70535618334, 44787.70535618334=45961.92370924622, 45961.92370924622=47199.65853126304, 47199.65853126304=48512.47456020127, 48512.47456020127=51319.393298573814, 51319.393298573814=52879.88824384663, 52879.88824384663=54589.32480864406, 54589.32480864406=56500.532989699444, 56500.532989699444=58707.40610531893, 58707.40610531893=61410.262635485866, 61410.262635485866=69055.0953597074];

Jobs: [[2; 10; 5.460594803015382], [2; 20; 11.032067470069133], [2; 40; 22.292784932468848], [2; 40; 22.409808229609915], [1; 100; 56.62373035222953], [2; 50; 28.465318143846503], [2; 50; 28.621293657417677], [1; 100; 57.88218914770052], [1; 120; 70.25246563179492], [2; 60; 35.329864856965926], [2; 70; 41.70598170716744], [2; 80; 47.95025181252258], [2; 80; 48.24174538986917], [2; 80; 48.53862047124784], [2; 90; 54.946175297060094], [2; 90; 55.646154794012844], [2; 90; 56.00632784077224], [1; 200; 126.10703517825608], [2; 520; 332.3394256614375], [2; 520; 334.6393799254303], [2; 520; 336.98775526246135], [2; 540; 352.43959315752136], [2; 540; 354.9843164070313], [2; 540; 357.58496887726153], [2; 560; 373.58598644601756], [2; 560; 379.2899191710854], [2; 560; 382.2416362110767], [2; 560; 385.2633562472117], [2; 560; 388.35789074853886], [1; 1160; 817.7533189886599], [2; 580; 415.86651042824764], [2; 580; 419.4986013140754], [2; 580; 423.22755110398214], [2; 580; 427.0577427586139], [2; 580; 430.993842027731], [2; 580; 435.04082134973453], [1; 1200; 917.5634579531151], [2; 600; 463.3468337429036], [2; 600; 468.0509831156041], [2; 600; 472.9013819184604], [2; 600; 483.07246771551183], [2; 600; 488.4104470849786], [2; 600; 493.92938437545473], [2; 600; 499.639740375298], [2; 620; 522.4046039523348], [2; 620; 528.7370121724961], [2; 620; 535.3054256610199], [2; 620; 542.1248779803941], [2; 620; 556.584078534388], [2; 620; 564.2614629782561], [2; 620; 572.2655714584927], [2; 620; 580.6202553072783], [2; 640; 617.7957783238713], [2; 640; 627.6811384585056], [2; 640; 638.0567362148275], [2; 640; 648.9644791000277], [2; 640; 660.4514678523627], [2; 640; 672.5708542840325], [2; 660; 706.8010938931999], [2; 660; 720.7985139980303], [2; 660; 751.4843989975477], [2; 660; 786.4556550494432], [2; 660; 805.8772376902149], [1; 1320; 1698.9383903906462], [2; 680; 928.3011165126148], [2; 680; 958.7452705384289], [2; 680; 1029.8576229712935], [2; 680; 1119.5732712510307], [2; 680; 1174.2183530628822], [2; 680; 1237.7348220168199], [2; 680; 1312.8160289382265], [2; 700; 1560.4949452728192], [2; 700; 1709.4365647974255], [2; 700; 1911.2081810553836], [2; 700; 2206.8731156194817], [2; 700; 2702.8565301669373]];
Intervals[4.9E-324=5.460594803015382, 16.436803344692155=27.46887081476129, 71.82402275548318=94.11680768795203, 94.11680768795203=116.52661591756194, 116.52661591756194=173.15034626979147, 173.15034626979147=201.61566441363797, 201.61566441363797=230.23695807105565, 230.23695807105565=288.11914721875615, 288.11914721875615=358.37161285055106, 358.37161285055106=393.701477707517, 476.6213308481381=518.3273125553055, 518.3273125553055=566.2775643678281, 566.2775643678281=614.5193097576972, 614.5193097576972=663.057930228945, 663.057930228945=718.0041055260051, 828.5897901311835=884.2359449251963, 884.2359449251963=940.2422727659686, 940.2422727659686=1066.3493079442246, 1725.689411243125=2058.0288369045625, 2058.0288369045625=2392.6682168299926, 2392.6682168299926=2729.655972092454, 2729.655972092454=3082.095565249975, 3082.095565249975=3437.0798816570064, 3437.0798816570064=3794.6648505342678, 3794.6648505342678=4168.250836980285, 4921.0619236299035=5300.351842800989, 5300.351842800989=5682.593479012066, 5682.593479012066=6067.856835259278, 6067.856835259278=6456.214726007817, 6456.214726007817=7273.968044996477, 8063.925462928457=8479.791973356705, 8479.791973356705=8899.29057467078, 8899.29057467078=9322.518125774763, 9322.518125774763=9749.575868533377, 9749.575868533377=10180.569710561107, 10180.569710561107=10615.610531910841, 10615.610531910841=11533.173989863955, 11533.173989863955=11996.52082360686, 11996.52082360686=12464.571806722462, 12464.571806722462=12937.473188640923, 13893.284726059266=14376.357193774778, 14376.357193774778=14864.767640859756, 14864.767640859756=15358.697025235211, 15358.697025235211=15858.33676561051, 15858.33676561051=16380.741369562844, 16380.741369562844=16909.47838173534, 16909.47838173534=17444.783807396358, 17444.783807396358=17986.90868537675, 19085.33224234062=19641.91632087501, 19641.91632087501=20206.177783853265, 20206.177783853265=20778.44335531176, 20778.44335531176=21359.06361061904, 22575.790066213=23193.585844536872, 23193.585844536872=23821.266982995377, 23821.266982995377=24459.323719210206, 24459.323719210206=25108.288198310234, 25108.288198310234=25768.739666162597, 25768.739666162597=26441.31052044663, 26441.31052044663=27148.11161433983, 27148.11161433983=27868.91012833786, 29340.2339338808=30091.71833287835, 31628.465928202746=32414.921583252188, 32414.921583252188=33220.7988209424, 33220.7988209424=34919.73721133305, 36622.61720273681=37550.918319249424, 37550.918319249424=38509.66358978785, 40494.45486393067=41524.31248690196, 43668.13208493231=44787.70535618334, 44787.70535618334=45961.92370924622, 45961.92370924622=47199.65853126304, 47199.65853126304=48512.47456020127, 51319.393298573814=52879.88824384663, 52879.88824384663=54589.32480864406, 54589.32480864406=56500.532989699444, 56500.532989699444=58707.40610531893, 58707.40610531893=61410.262635485866];
