0.9999999999999999
449344.20703272906
449344.207032729
[2; 10; 2.997813226446001]
[2; 10; 3.0129156556624586]
[2; 10; 3.028248658786701]
[2; 10; 3.0438181632587886]
[2; 10; 3.0596303120663433]
[2; 10; 3.0756914739281473]
[2; 10; 3.0920082540720286]
[2; 10; 3.1085875056484653]
[2; 10; 3.1254363418246833]
[2; 20; 6.285124297215507]
[2; 20; 6.3199451968983205]
[2; 20; 6.355351329375575]
[2; 20; 6.3913592737861125]
[2; 20; 6.427986274350579]
[2; 20; 6.465250275072391]
[2; 30; 9.754754935016306]
[2; 30; 9.812647163948993]
[2; 30; 9.871582511644538]
[2; 30; 9.931592684513742]
[2; 30; 9.992710754820003]
[2; 40; 13.406628316362458]
[2; 40; 13.49121356124161]
[2; 40; 13.577420275838875]
[2; 40; 13.665300936164538]
[2; 40; 13.754910427039716]
[2; 40; 13.846306186150553]
[2; 50; 17.4244354484669]
[2; 50; 17.543374955148675]
[2; 50; 17.66478384292242]
[2; 50; 17.788748759185253]
[2; 50; 17.915360668446525]
[2; 60; 21.65365815945024]
[2; 60; 21.812295138548006]
[2; 60; 21.974470569533434]
[2; 60; 22.140317983248135]
[2; 60; 22.309978073414907]
[2; 70; 26.230865731402506]
[2; 70; 26.438227580654257]
[2; 70; 26.6505862337045]
[2; 80; 30.706452170857133]
[2; 80; 30.961281869508493]
[2; 80; 31.222563141993184]
[2; 80; 31.4905728915456]
[2; 80; 31.765604950922285]
[2; 80; 32.047971436858006]
[2; 90; 36.38025476928687]
[2; 90; 36.715563744796114]
[2; 90; 37.06031838577155]
[2; 90; 37.41497066151414]
[2; 100; 41.97778156628085]
[2; 100; 42.3954812230138]
[2; 100; 42.82590323494288]
[2; 100; 43.269706831720484]
[2; 520; 227.3835204096673]
[2; 520; 229.8417920729954]
[2; 520; 232.3815574836159]
[2; 520; 235.00742114167178]
[2; 520; 237.7243602017378]
[2; 520; 240.5377641686683]
[2; 540; 252.81707526728547]
[2; 540; 255.9577804743819]
[2; 540; 259.21852059776563]
[2; 560; 272.33333225205337]
[2; 560; 275.98897679266383]
[2; 560; 279.7959011349601]
[2; 560; 283.7648355597731]
[2; 560; 287.9076070399136]
[2; 560; 292.2372876935162]
[2; 560; 296.7683685610966]
[2; 580; 312.2854269743029]
[2; 580; 317.44751928028467]
[2; 600; 334.0079645259175]
[2; 600; 339.92006889412613]
[2; 600; 346.1576546537638]
[2; 600; 352.75172630203167]
[2; 600; 359.7375871735201]
[2; 620; 379.3941586962266]
[2; 620; 387.55410638626074]
[2; 620; 396.2642749747389]
[2; 620; 405.5894161098918]
[2; 620; 415.6054778072361]
[2; 620; 426.4022232382312]
[2; 660; 466.3502934531519]
[2; 660; 479.8704930480561]
[2; 660; 494.6391823635901]
[2; 660; 510.8611508468901]
[2; 660; 528.7915287081571]
[2; 660; 548.7529030355407]
[2; 680; 588.4680129113985]
[2; 680; 614.6347937551415]
[2; 680; 644.6344100836286]
[2; 680; 679.5043313277602]
[2; 680; 720.7231807912348]
[2; 680; 770.4854894933527]
[2; 680; 832.2194448820454]
[2; 680; 911.650725512647]
[2; 700; 1049.2346292561003]
[2; 700; 1211.5517912881735]
[2; 700; 1483.841842805483]
[2; 700; 2098.4692585122007]


Jobs: [[2; 10; 2.997813226446001], [2; 10; 3.0129156556624586], [2; 10; 3.028248658786701], [2; 10; 3.0438181632587886], [2; 10; 3.0596303120663433], [2; 10; 3.0756914739281473], [2; 10; 3.0920082540720286], [2; 10; 3.1085875056484653], [2; 10; 3.1254363418246833], [2; 20; 6.285124297215507], [2; 20; 6.3199451968983205], [2; 20; 6.355351329375575], [2; 20; 6.3913592737861125], [2; 20; 6.427986274350579], [2; 20; 6.465250275072391], [2; 30; 9.754754935016306], [2; 30; 9.812647163948993], [2; 30; 9.871582511644538], [2; 30; 9.931592684513742], [2; 30; 9.992710754820003], [2; 40; 13.406628316362458], [2; 40; 13.49121356124161], [2; 40; 13.577420275838875], [2; 40; 13.665300936164538], [2; 40; 13.754910427039716], [2; 40; 13.846306186150553], [2; 50; 17.4244354484669], [2; 50; 17.543374955148675], [2; 50; 17.66478384292242], [2; 50; 17.788748759185253], [2; 50; 17.915360668446525], [2; 60; 21.65365815945024], [2; 60; 21.812295138548006], [2; 60; 21.974470569533434], [2; 60; 22.140317983248135], [2; 60; 22.309978073414907], [2; 70; 26.230865731402506], [2; 70; 26.438227580654257], [2; 70; 26.6505862337045], [2; 80; 30.706452170857133], [2; 80; 30.961281869508493], [2; 80; 31.222563141993184], [2; 80; 31.4905728915456], [2; 80; 31.765604950922285], [2; 80; 32.047971436858006], [2; 90; 36.38025476928687], [2; 90; 36.715563744796114], [2; 90; 37.06031838577155], [2; 90; 37.41497066151414], [2; 100; 41.97778156628085], [2; 100; 42.3954812230138], [2; 100; 42.82590323494288], [2; 100; 43.269706831720484], [2; 520; 227.3835204096673], [2; 520; 229.8417920729954], [2; 520; 232.3815574836159], [2; 520; 235.00742114167178], [2; 520; 237.7243602017378], [2; 520; 240.5377641686683], [2; 540; 252.81707526728547], [2; 540; 255.9577804743819], [2; 540; 259.21852059776563], [2; 560; 272.33333225205337], [2; 560; 275.98897679266383], [2; 560; 279.7959011349601], [2; 560; 283.7648355597731], [2; 560; 287.9076070399136], [2; 560; 292.2372876935162], [2; 560; 296.7683685610966], [2; 580; 312.2854269743029], [2; 580; 317.44751928028467], [2; 600; 334.0079645259175], [2; 600; 339.92006889412613], [2; 600; 346.1576546537638], [2; 600; 352.75172630203167], [2; 600; 359.7375871735201], [2; 620; 379.3941586962266], [2; 620; 387.55410638626074], [2; 620; 396.2642749747389], [2; 620; 405.5894161098918], [2; 620; 415.6054778072361], [2; 620; 426.4022232382312], [2; 660; 466.3502934531519], [2; 660; 479.8704930480561], [2; 660; 494.6391823635901], [2; 660; 510.8611508468901], [2; 660; 528.7915287081571], [2; 660; 548.7529030355407], [2; 680; 588.4680129113985], [2; 680; 614.6347937551415], [2; 680; 644.6344100836286], [2; 680; 679.5043313277602], [2; 680; 720.7231807912348], [2; 680; 770.4854894933527], [2; 680; 832.2194448820454], [2; 680; 911.650725512647], [2; 700; 1049.2346292561003], [2; 700; 1211.5517912881735], [2; 700; 1483.841842805483], [2; 700; 2098.4692585122007]];
Intervals[4.9E-324=2.997813226446001, 2.997813226446001=6.0107288821084595, 6.0107288821084595=9.03897754089516, 9.03897754089516=12.082795704153948, 12.082795704153948=15.142426016220291, 15.142426016220291=18.218117490148437, 18.218117490148437=21.310125744220464, 21.310125744220464=24.41871324986893, 24.41871324986893=27.544149591693614, 27.544149591693614=33.82927388890912, 33.82927388890912=40.149219085807445, 40.149219085807445=46.50457041518302, 46.50457041518302=52.89592968896913, 52.89592968896913=59.32391596331971, 59.32391596331971=65.7891662383921, 65.7891662383921=75.5439211734084, 75.5439211734084=85.3565683373574, 85.3565683373574=95.22815084900193, 95.22815084900193=105.15974353351568, 105.15974353351568=115.15245428833569, 115.15245428833569=128.55908260469815, 128.55908260469815=142.05029616593976, 142.05029616593976=155.62771644177863, 155.62771644177863=169.29301737794316, 169.29301737794316=183.04792780498286, 183.04792780498286=196.8942339911334, 196.8942339911334=214.3186694396003, 214.3186694396003=231.86204439474898, 231.86204439474898=249.5268282376714, 249.5268282376714=267.31557699685663, 267.31557699685663=285.23093766530314, 285.23093766530314=306.8845958247534, 306.8845958247534=328.69689096330137, 328.69689096330137=350.6713615328348, 350.6713615328348=372.8116795160829, 372.8116795160829=395.12165758949783, 395.12165758949783=421.35252332090033, 421.35252332090033=447.7907509015546, 447.7907509015546=474.4413371352591, 474.4413371352591=505.14778930611624, 505.14778930611624=536.1090711756248, 536.1090711756248=567.331634317618, 567.331634317618=598.8222072091636, 598.8222072091636=630.5878121600858, 630.5878121600858=662.6357835969438, 662.6357835969438=699.0160383662308, 699.0160383662308=735.7316021110269, 735.7316021110269=772.7919204967984, 772.7919204967984=810.2068911583126, 810.2068911583126=852.1846727245935, 852.1846727245935=894.5801539476073, 894.5801539476073=937.4060571825502, 937.4060571825502=980.6757640142706, 980.6757640142706=1208.059284423938, 1208.059284423938=1437.9010764969332, 1437.9010764969332=1670.2826339805492, 1670.2826339805492=1905.290055122221, 1905.290055122221=2143.014415323959, 2143.014415323959=2383.552179492627, 2383.552179492627=2636.3692547599126, 2636.3692547599126=2892.3270352342943, 2892.3270352342943=3151.54555583206, 3151.54555583206=3423.8788880841134, 3423.8788880841134=3699.8678648767773, 3699.8678648767773=3979.6637660117376, 3979.6637660117376=4263.428601571511, 4263.428601571511=4551.336208611424, 4551.336208611424=4843.57349630494, 4843.57349630494=5140.341864866036, 5140.341864866036=5452.627291840339, 5452.627291840339=5770.074811120624, 5770.074811120624=6104.082775646541, 6104.082775646541=6444.002844540668, 6444.002844540668=6790.160499194431, 6790.160499194431=7142.912225496463, 7142.912225496463=7502.6498126699835, 7502.6498126699835=7882.04397136621, 7882.04397136621=8269.598077752471, 8269.598077752471=8665.86235272721, 8665.86235272721=9071.451768837102, 9071.451768837102=9487.057246644337, 9487.057246644337=9913.459469882568, 9913.459469882568=10379.80976333572, 10379.80976333572=10859.680256383775, 10859.680256383775=11354.319438747365, 11354.319438747365=11865.180589594254, 11865.180589594254=12393.972118302412, 12393.972118302412=12942.725021337952, 12942.725021337952=13531.19303424935, 13531.19303424935=14145.827828004492, 14145.827828004492=14790.462238088121, 14790.462238088121=15469.966569415881, 15469.966569415881=16190.689750207115, 16190.689750207115=16961.175239700468, 16961.175239700468=17793.394684582512, 17793.394684582512=18705.045410095157, 18705.045410095157=19754.28003935126, 19754.28003935126=20965.831830639432, 20965.831830639432=22449.673673444915, 22449.673673444915=24548.142931957114];

Jobs: [[2; 10; 2.997813226446001], [2; 10; 3.0129156556624586], [2; 10; 3.028248658786701], [2; 10; 3.0438181632587886], [2; 10; 3.0596303120663433], [2; 10; 3.0756914739281473], [2; 10; 3.0920082540720286], [2; 10; 3.1085875056484653], [2; 10; 3.1254363418246833], [2; 20; 6.285124297215507], [2; 20; 6.3199451968983205], [2; 20; 6.355351329375575], [2; 20; 6.3913592737861125], [2; 20; 6.427986274350579], [2; 20; 6.465250275072391], [2; 30; 9.754754935016306], [2; 30; 9.812647163948993], [2; 30; 9.871582511644538], [2; 30; 9.931592684513742], [2; 30; 9.992710754820003], [2; 40; 13.406628316362458], [2; 40; 13.49121356124161], [2; 40; 13.577420275838875], [2; 40; 13.665300936164538], [2; 40; 13.754910427039716], [2; 40; 13.846306186150553], [2; 50; 17.4244354484669], [2; 50; 17.543374955148675], [2; 50; 17.66478384292242], [2; 50; 17.788748759185253], [2; 50; 17.915360668446525], [2; 60; 21.65365815945024], [2; 60; 21.812295138548006], [2; 60; 21.974470569533434], [2; 60; 22.140317983248135], [2; 60; 22.309978073414907], [2; 70; 26.230865731402506], [2; 70; 26.438227580654257], [2; 70; 26.6505862337045], [2; 80; 30.706452170857133], [2; 80; 30.961281869508493], [2; 80; 31.222563141993184], [2; 80; 31.4905728915456], [2; 80; 31.765604950922285], [2; 80; 32.047971436858006], [2; 90; 36.38025476928687], [2; 90; 36.715563744796114], [2; 90; 37.06031838577155], [2; 90; 37.41497066151414], [2; 100; 41.97778156628085], [2; 100; 42.3954812230138], [2; 100; 42.82590323494288], [2; 100; 43.269706831720484], [2; 520; 227.3835204096673], [2; 520; 229.8417920729954], [2; 520; 232.3815574836159], [2; 520; 235.00742114167178], [2; 520; 237.7243602017378], [2; 520; 240.5377641686683], [2; 540; 252.81707526728547], [2; 540; 255.9577804743819], [2; 540; 259.21852059776563], [2; 560; 272.33333225205337], [2; 560; 275.98897679266383], [2; 560; 279.7959011349601], [2; 560; 283.7648355597731], [2; 560; 287.9076070399136], [2; 560; 292.2372876935162], [2; 560; 296.7683685610966], [2; 580; 312.2854269743029], [2; 580; 317.44751928028467], [2; 600; 334.0079645259175], [2; 600; 339.92006889412613], [2; 600; 346.1576546537638], [2; 600; 352.75172630203167], [2; 600; 359.7375871735201], [2; 620; 379.3941586962266], [2; 620; 387.55410638626074], [2; 620; 396.2642749747389], [2; 620; 405.5894161098918], [2; 620; 415.6054778072361], [2; 620; 426.4022232382312], [2; 660; 466.3502934531519], [2; 660; 479.8704930480561], [2; 660; 494.6391823635901], [2; 660; 510.8611508468901], [2; 660; 528.7915287081571], [2; 660; 548.7529030355407], [2; 680; 588.4680129113985], [2; 680; 614.6347937551415], [2; 680; 644.6344100836286], [2; 680; 679.5043313277602], [2; 680; 720.7231807912348], [2; 680; 770.4854894933527], [2; 680; 832.2194448820454], [2; 680; 911.650725512647], [2; 700; 1049.2346292561003], [2; 700; 1211.5517912881735], [2; 700; 1483.841842805483], [2; 700; 2098.4692585122007]];
Intervals[4.9E-324=2.997813226446001, 2.997813226446001=6.0107288821084595, 6.0107288821084595=9.03897754089516, 9.03897754089516=12.082795704153948, 12.082795704153948=15.142426016220291, 15.142426016220291=18.218117490148437, 18.218117490148437=21.310125744220464, 21.310125744220464=24.41871324986893, 24.41871324986893=27.544149591693614, 27.544149591693614=33.82927388890912, 33.82927388890912=40.149219085807445, 40.149219085807445=46.50457041518302, 46.50457041518302=52.89592968896913, 52.89592968896913=59.32391596331971, 59.32391596331971=65.7891662383921, 65.7891662383921=75.5439211734084, 75.5439211734084=85.3565683373574, 85.3565683373574=95.22815084900193, 95.22815084900193=105.15974353351568, 105.15974353351568=115.15245428833569, 115.15245428833569=128.55908260469815, 128.55908260469815=142.05029616593976, 142.05029616593976=155.62771644177863, 155.62771644177863=169.29301737794316, 169.29301737794316=183.04792780498286, 183.04792780498286=196.8942339911334, 196.8942339911334=214.3186694396003, 214.3186694396003=231.86204439474898, 231.86204439474898=249.5268282376714, 249.5268282376714=267.31557699685663, 267.31557699685663=285.23093766530314, 285.23093766530314=306.8845958247534, 306.8845958247534=328.69689096330137, 328.69689096330137=350.6713615328348, 350.6713615328348=372.8116795160829, 372.8116795160829=395.12165758949783, 395.12165758949783=421.35252332090033, 421.35252332090033=447.7907509015546, 447.7907509015546=474.4413371352591, 474.4413371352591=505.14778930611624, 505.14778930611624=536.1090711756248, 536.1090711756248=567.331634317618, 567.331634317618=598.8222072091636, 598.8222072091636=630.5878121600858, 630.5878121600858=662.6357835969438, 662.6357835969438=699.0160383662308, 699.0160383662308=735.7316021110269, 735.7316021110269=772.7919204967984, 772.7919204967984=810.2068911583126, 810.2068911583126=852.1846727245935, 852.1846727245935=894.5801539476073, 894.5801539476073=937.4060571825502, 937.4060571825502=980.6757640142706, 980.6757640142706=1208.059284423938, 1208.059284423938=1437.9010764969332, 1437.9010764969332=1670.2826339805492, 1670.2826339805492=1905.290055122221, 1905.290055122221=2143.014415323959, 2143.014415323959=2383.552179492627, 2383.552179492627=2636.3692547599126, 2636.3692547599126=2892.3270352342943, 2892.3270352342943=3151.54555583206, 3151.54555583206=3423.8788880841134, 3423.8788880841134=3699.8678648767773, 3699.8678648767773=3979.6637660117376, 3979.6637660117376=4263.428601571511, 4263.428601571511=4551.336208611424, 4551.336208611424=4843.57349630494, 4843.57349630494=5140.341864866036, 5140.341864866036=5452.627291840339, 5452.627291840339=5770.074811120624, 5770.074811120624=6104.082775646541, 6104.082775646541=6444.002844540668, 6444.002844540668=6790.160499194431, 6790.160499194431=7142.912225496463, 7142.912225496463=7502.6498126699835, 7502.6498126699835=7882.04397136621, 7882.04397136621=8269.598077752471, 8269.598077752471=8665.86235272721, 8665.86235272721=9071.451768837102, 9071.451768837102=9487.057246644337, 9487.057246644337=9913.459469882568, 9913.459469882568=10379.80976333572, 10379.80976333572=10859.680256383775, 10859.680256383775=11354.319438747365, 11354.319438747365=11865.180589594254, 11865.180589594254=12393.972118302412, 12393.972118302412=12942.725021337952, 12942.725021337952=13531.19303424935, 13531.19303424935=14145.827828004492, 14145.827828004492=14790.462238088121, 14790.462238088121=15469.966569415881, 15469.966569415881=16190.689750207115, 16190.689750207115=16961.175239700468, 16961.175239700468=17793.394684582512, 17793.394684582512=18705.045410095157, 18705.045410095157=19754.28003935126, 19754.28003935126=20965.831830639432, 20965.831830639432=22449.673673444915, 22449.673673444915=24548.142931957114];
