1.1867359996018916
182583.7531571608
216678.71281402823
[2; 10; 1.9109356512303644]
[1; 20; 3.84112518402701]
[2; 10; 1.9303365105658885]
[1; 20; 3.8805223705877308]
[1; 20; 3.9006810640062257]
[2; 10; 1.9605786103901002]
[1; 20; 3.941959261824762]
[1; 20; 3.963095924128231]
[1; 20; 3.9845762761707397]
[1; 20; 4.006409734272231]
[1; 20; 4.02860607993673]
[1; 20; 4.0511754782655185]
[1; 40; 8.148256995035773]
[1; 40; 8.194952259809991]
[1; 40; 8.24245962741955]
[1; 40; 8.290802913667896]
[1; 40; 8.340006923764646]
[2; 30; 6.292573129356538]
[1; 60; 12.661652411771987]
[1; 60; 12.73957100820243]
[1; 60; 12.818946050336772]
[1; 60; 12.89982348388485]
[2; 30; 6.491125654848864]
[1; 60; 13.066279703489156]
[1; 60; 13.151961144193017]
[2; 30; 6.619675275851421]
[2; 30; 6.664252717407373]
[1; 80; 17.892648067038937]
[1; 80; 18.01647409861496]
[2; 40; 9.07145352347569]
[1; 80; 18.272039687580655]
[1; 80; 18.403969485230185]
[1; 80; 18.538798903014737]
[2; 40; 9.338317868458715]
[1; 80; 18.817593478040614]
[1; 100; 23.702239631741445]
[1; 100; 23.886695640379557]
[1; 100; 24.075526212394305]
[1; 100; 24.2689070395448]
[1; 100; 24.467023853607255]
[1; 100; 24.670073176297418]
[2; 50; 12.43913156940563]
[1; 120; 30.110177254503604]
[2; 60; 15.186576613942673]
[2; 60; 15.321571060876638]
[1; 140; 36.07387149059729]
[1; 140; 36.40635659739144]
[2; 70; 18.374103910586076]
[1; 140; 37.09987332489442]
[1; 140; 37.461831879877636]
[2; 70; 18.917297803545708]
[1; 140; 38.21871302460728]
[1; 140; 38.61477244246663]
[2; 70; 19.51170287638185]
[2; 70; 19.722646335247603]
[1; 160; 45.57847484564186]
[2; 80; 23.04675110416206]
[1; 160; 46.62639276963767]
[1; 160; 47.178203607493906]
[1; 160; 47.75008150075189]
[1; 180; 54.38618207914585]
[1; 180; 55.07902761693122]
[1; 180; 55.7990454657652]
[1; 200; 62.83117717359507]
[1; 200; 63.69785504101215]
[2; 100; 32.300707922995024]
[1; 200; 65.54455209687724]
[1; 200; 66.53023976967135]
[2; 100; 33.78088893490304]
[1; 1040; 356.94274178467987]
[1; 1040; 362.8430215348277]
[1; 1080; 383.2399893489919]
[1; 1080; 390.02352464078774]
[1; 1120; 411.8909060529773]
[1; 1120; 419.73715214711603]
[1; 1120; 428.04958587560157]
[2; 580; 226.23950171236106]
[1; 1160; 462.21084803580584]
[1; 1160; 472.5989057120747]
[1; 1200; 500.40041542587863]
[2; 600; 256.3789210067354]
[1; 1240; 543.6143939599781]
[2; 620; 279.2553485285319]
[1; 1240; 574.7027659934569]
[2; 640; 305.74970419685826]
[1; 1280; 631.5538733132139]
[1; 1280; 653.72036526407]
[1; 1320; 699.5976112694376]
[1; 1320; 728.1642803436564]
[2; 660; 380.271393218674]
[1; 1320; 797.6640038274726]
[1; 1320; 840.8116865413602]
[1; 1320; 891.8154678814404]
[1; 1360; 982.2814694656875]
[2; 680; 530.4926247048467]
[1; 1360; 1162.2511085638673]
[2; 680; 649.7181214183239]
[1; 1400; 1544.590897698665]
[2; 700; 945.8648901772852]
[1; 1400; 2675.30991172251]


Jobs: [[2; 10; 1.9109356512303644], [1; 20; 3.84112518402701], [2; 10; 1.9303365105658885], [1; 20; 3.8805223705877308], [2; 10; 1.9605786103901002], [1; 20; 3.941959261824762], [1; 20; 3.9845762761707397], [1; 20; 4.02860607993673], [1; 40; 8.148256995035773], [1; 40; 8.24245962741955], [1; 40; 8.340006923764646], [2; 30; 6.292573129356538], [1; 60; 12.661652411771987], [1; 60; 12.818946050336772], [2; 30; 6.491125654848864], [1; 60; 13.066279703489156], [2; 30; 6.619675275851421], [2; 30; 6.664252717407373], [1; 80; 17.892648067038937], [2; 40; 9.07145352347569], [1; 80; 18.272039687580655], [1; 80; 18.538798903014737], [2; 40; 9.338317868458715], [1; 80; 18.817593478040614], [1; 100; 23.886695640379557], [1; 100; 24.2689070395448], [1; 100; 24.670073176297418], [2; 50; 12.43913156940563], [1; 120; 30.110177254503604], [2; 60; 15.186576613942673], [2; 60; 15.321571060876638], [1; 140; 36.07387149059729], [2; 70; 18.374103910586076], [1; 140; 37.09987332489442], [2; 70; 18.917297803545708], [1; 140; 38.21871302460728], [2; 70; 19.51170287638185], [2; 70; 19.722646335247603], [1; 160; 45.57847484564186], [2; 80; 23.04675110416206], [1; 160; 46.62639276963767], [1; 160; 47.75008150075189], [1; 180; 55.07902761693122], [1; 200; 62.83117717359507], [2; 100; 32.300707922995024], [1; 200; 65.54455209687724], [2; 100; 33.78088893490304], [1; 1040; 356.94274178467987], [1; 1080; 383.2399893489919], [1; 1120; 411.8909060529773], [1; 1120; 428.04958587560157], [2; 580; 226.23950171236106], [1; 1160; 462.21084803580584], [1; 1200; 500.40041542587863], [2; 600; 256.3789210067354], [1; 1240; 543.6143939599781], [2; 620; 279.2553485285319], [1; 1240; 574.7027659934569], [2; 640; 305.74970419685826], [1; 1280; 631.5538733132139], [1; 1320; 699.5976112694376], [2; 660; 380.271393218674], [1; 1320; 797.6640038274726], [1; 1320; 891.8154678814404], [2; 680; 530.4926247048467], [1; 1360; 1162.2511085638673], [2; 680; 649.7181214183239], [1; 1400; 1544.590897698665], [2; 700; 945.8648901772852], [1; 1400; 2675.30991172251]];
Intervals[4.9E-324=1.9109356512303644, 1.9109356512303644=5.7520608352573745, 5.7520608352573745=7.682397345823263, 7.682397345823263=11.562919716410994, 11.58307840982949=13.543657020219591, 13.543657020219591=17.485616282044354, 17.485616282044354=21.470192558215093, 21.470192558215093=25.498798638151822, 25.498798638151822=33.64705563318759, 33.64705563318759=41.88951526060714, 41.88951526060714=50.22952218437179, 50.22952218437179=56.52209531372833, 56.52209531372833=69.18374772550031, 69.18374772550031=82.00269377583709, 82.1614898058156=88.65261546066446, 88.65261546066446=101.71889516415362, 101.80457660485749=108.42425188070891, 108.42425188070891=115.08850459811629, 115.08850459811629=132.98115266515524, 133.10497869673125=142.17643222020695, 142.17643222020695=160.4484719077876, 160.4484719077876=178.98727081080233, 178.98727081080233=188.32558867926105, 188.32558867926105=207.14318215730165, 207.14318215730165=231.0298777976812, 231.0298777976812=255.29878483722598, 255.29878483722598=279.9688580135234, 279.9688580135234=292.407989582929, 292.407989582929=322.5181668374326, 322.5181668374326=337.7047434513753, 337.7047434513753=353.02631451225193, 353.02631451225193=389.1001860028492, 389.43267110964337=407.80677502022945, 407.80677502022945=444.90664834512387, 445.2686069001071=464.1859047036528, 464.1859047036528=502.40461772826006, 502.8006771461194=522.3123800225013, 522.3123800225013=542.035026357749, 542.035026357749=587.6135012033908, 587.6135012033908=610.6602523075528, 610.6602523075528=657.2866450771904, 657.2866450771904=705.0367265779423, 705.0367265779423=760.1157541948735, 760.1157541948735=822.9469313684685, 831.7215385009699=864.0222464239649, 864.0222464239649=929.5667985208422, 930.5524861936362=964.3333751285393, 964.3333751285393=1321.276116913219, 1321.276116913219=1704.516106262211, 1704.516106262211=2116.4070123151882, 2116.4070123151882=2544.45659819079, 2544.45659819079=2770.6960999031508, 2770.6960999031508=3232.9069479389564, 3232.9069479389564=3733.307363364835, 3733.307363364835=3989.6862843715703, 3989.6862843715703=4533.300678331549, 4533.300678331549=4812.55602686008, 4812.55602686008=5387.258792853537, 5387.258792853537=5693.008497050395, 5693.008497050395=6324.562370363608, 6324.562370363608=7024.159981633046, 7074.893142658121=7455.1645358767955, 7455.1645358767955=8252.828539704267, 8252.828539704267=9144.644007585708, 9278.257691883844=9808.75031658869, 9808.75031658869=10971.001425152557, 10971.001425152557=11620.719546570881, 11620.719546570881=13165.310444269546, 13165.310444269546=14111.17533444683, 14111.17533444683=16786.48524616934];

Jobs: [[2; 10; 1.9109356512303644], [2; 10; 1.9303365105658885], [1; 20; 3.9006810640062257], [2; 10; 1.9605786103901002], [1; 20; 3.963095924128231], [1; 20; 4.006409734272231], [1; 20; 4.0511754782655185], [1; 40; 8.194952259809991], [1; 40; 8.290802913667896], [2; 30; 6.292573129356538], [1; 60; 12.73957100820243], [1; 60; 12.89982348388485], [2; 30; 6.491125654848864], [1; 60; 13.151961144193017], [2; 30; 6.619675275851421], [2; 30; 6.664252717407373], [1; 80; 18.01647409861496], [2; 40; 9.07145352347569], [1; 80; 18.403969485230185], [2; 40; 9.338317868458715], [1; 100; 23.702239631741445], [1; 100; 24.075526212394305], [1; 100; 24.467023853607255], [2; 50; 12.43913156940563], [2; 60; 15.186576613942673], [2; 60; 15.321571060876638], [1; 140; 36.40635659739144], [2; 70; 18.374103910586076], [1; 140; 37.461831879877636], [2; 70; 18.917297803545708], [1; 140; 38.61477244246663], [2; 70; 19.51170287638185], [2; 70; 19.722646335247603], [2; 80; 23.04675110416206], [1; 160; 47.178203607493906], [1; 180; 54.38618207914585], [1; 180; 55.7990454657652], [1; 200; 63.69785504101215], [2; 100; 32.300707922995024], [1; 200; 66.53023976967135], [2; 100; 33.78088893490304], [1; 1040; 362.8430215348277], [1; 1080; 390.02352464078774], [1; 1120; 419.73715214711603], [2; 580; 226.23950171236106], [1; 1160; 472.5989057120747], [2; 600; 256.3789210067354], [2; 620; 279.2553485285319], [2; 640; 305.74970419685826], [1; 1280; 653.72036526407], [1; 1320; 728.1642803436564], [2; 660; 380.271393218674], [1; 1320; 840.8116865413602], [1; 1360; 982.2814694656875], [2; 680; 530.4926247048467], [2; 680; 649.7181214183239], [2; 700; 945.8648901772852]];
Intervals[4.9E-324=1.9109356512303644, 5.7520608352573745=7.682397345823263, 7.682397345823263=11.58307840982949, 11.58307840982949=13.543657020219591, 13.543657020219591=17.506752944347824, 17.506752944347824=21.513162678620056, 21.513162678620056=25.564338156885576, 25.564338156885576=33.75929041669556, 33.75929041669556=42.05009333036346, 50.22952218437179=56.52209531372833, 56.52209531372833=69.26166632193076, 69.26166632193076=82.1614898058156, 82.1614898058156=88.65261546066446, 88.65261546066446=101.80457660485749, 101.80457660485749=108.42425188070891, 108.42425188070891=115.08850459811629, 115.08850459811629=133.10497869673125, 133.10497869673125=142.17643222020695, 142.17643222020695=160.58040170543714, 178.98727081080233=188.32558867926105, 188.32558867926105=212.02782831100248, 212.02782831100248=236.10335452339677, 236.10335452339677=260.57037837700403, 279.9688580135234=292.407989582929, 322.5181668374326=337.7047434513753, 337.7047434513753=353.02631451225193, 353.02631451225193=389.43267110964337, 389.43267110964337=407.80677502022945, 407.80677502022945=445.2686069001071, 445.2686069001071=464.1859047036528, 464.1859047036528=502.8006771461194, 502.8006771461194=522.3123800225013, 522.3123800225013=542.035026357749, 587.6135012033908=610.6602523075528, 610.6602523075528=657.8384559150467, 657.8384559150467=712.2246379941926, 712.2246379941926=768.0236834599577, 768.0236834599577=831.7215385009699, 831.7215385009699=864.0222464239649, 864.0222464239649=930.5524861936362, 930.5524861936362=964.3333751285393, 964.3333751285393=1327.176396663367, 1327.176396663367=1717.199921304155, 1717.199921304155=2136.937073451271, 2544.45659819079=2770.6960999031508, 2770.6960999031508=3243.2950056152254, 3733.307363364835=3989.6862843715703, 4533.300678331549=4812.55602686008, 5387.258792853537=5693.008497050395, 5693.008497050395=6346.728862314465, 6346.728862314465=7074.893142658121, 7074.893142658121=7455.1645358767955, 7455.1645358767955=8295.976222418156, 8295.976222418156=9278.257691883844, 9278.257691883844=9808.75031658869, 10971.001425152557=11620.719546570881, 13165.310444269546=14111.17533444683];
