1.0
36879.24576859453
36879.24576859453
[2; 10; 1.2145656963473739]
[2; 10; 1.2268966286911276]
[2; 20; 2.479221845949334]
[2; 20; 2.505457728379575]
[2; 30; 3.798816817615435]
[2; 30; 3.840793968366152]
[2; 40; 5.178925530444218]
[2; 40; 5.238799490996104]
[2; 40; 5.300799276198656]
[2; 40; 5.365053734631967]
[2; 50; 6.78962865043024]
[2; 50; 6.87612422216985]
[2; 50; 6.966012014038567]
[2; 50; 7.059519714981242]
[2; 50; 7.156897000698244]
[2; 60; 8.710102009143187]
[2; 60; 8.837263509338978]
[2; 60; 8.970162147344984]
[2; 70; 10.627449843039521]
[2; 70; 10.797499838033392]
[2; 70; 10.975983001265785]
[2; 70; 11.163620234281105]
[2; 70; 11.361221773650968]
[2; 70; 11.569701947763557]
[2; 70; 11.790097026615607]
[2; 80; 13.741242241340627]
[2; 80; 14.024596634692832]
[2; 80; 14.326235371847329]
[2; 80; 14.64821344734898]
[2; 90; 16.867040012589662]
[2; 100; 19.20396984183076]
[2; 520; 102.45485812543549]
[2; 520; 105.26236035010574]
[2; 520; 108.31407521282433]
[2; 540; 115.94173141131154]
[2; 540; 119.74410530305677]
[2; 560; 128.53755133940567]
[2; 580; 138.15363953865722]
[2; 580; 143.79486706506137]
[2; 600; 155.36776591332654]
[2; 600; 162.95108761032574]
[2; 620; 177.49104561731642]
[2; 620; 188.25768293384291]
[2; 640; 207.74805528961772]
[2; 640; 224.39354615508532]
[2; 640; 245.81081397543372]
[2; 640; 274.8248448268125]
[2; 700; 347.0910584329067]
[2; 700; 425.09799372158085]
[2; 700; 601.1793480586525]


Jobs: [[2; 10; 1.2145656963473739], [2; 10; 1.2268966286911276], [2; 20; 2.479221845949334], [2; 20; 2.505457728379575], [2; 30; 3.798816817615435], [2; 30; 3.840793968366152], [2; 40; 5.178925530444218], [2; 40; 5.238799490996104], [2; 40; 5.300799276198656], [2; 40; 5.365053734631967], [2; 50; 6.78962865043024], [2; 50; 6.87612422216985], [2; 50; 6.966012014038567], [2; 50; 7.059519714981242], [2; 50; 7.156897000698244], [2; 60; 8.710102009143187], [2; 60; 8.837263509338978], [2; 60; 8.970162147344984], [2; 70; 10.627449843039521], [2; 70; 10.797499838033392], [2; 70; 10.975983001265785], [2; 70; 11.163620234281105], [2; 70; 11.361221773650968], [2; 70; 11.569701947763557], [2; 70; 11.790097026615607], [2; 80; 13.741242241340627], [2; 80; 14.024596634692832], [2; 80; 14.326235371847329], [2; 80; 14.64821344734898], [2; 90; 16.867040012589662], [2; 100; 19.20396984183076], [2; 520; 102.45485812543549], [2; 520; 105.26236035010574], [2; 520; 108.31407521282433], [2; 540; 115.94173141131154], [2; 540; 119.74410530305677], [2; 560; 128.53755133940567], [2; 580; 138.15363953865722], [2; 580; 143.79486706506137], [2; 600; 155.36776591332654], [2; 600; 162.95108761032574], [2; 620; 177.49104561731642], [2; 620; 188.25768293384291], [2; 640; 207.74805528961772], [2; 640; 224.39354615508532], [2; 640; 245.81081397543372], [2; 640; 274.8248448268125], [2; 700; 347.0910584329067], [2; 700; 425.09799372158085], [2; 700; 601.1793480586525]];
Intervals[4.9E-324=1.2145656963473739, 1.2145656963473739=2.4414623250385015, 2.4414623250385015=4.920684170987835, 4.920684170987835=7.42614189936741, 7.42614189936741=11.224958716982846, 11.224958716982846=15.065752685348997, 15.065752685348997=20.244678215793215, 20.244678215793215=25.48347770678932, 25.48347770678932=30.784276982987976, 30.784276982987976=36.14933071761995, 36.14933071761995=42.938959368050185, 42.938959368050185=49.815083590220034, 49.815083590220034=56.7810956042586, 56.7810956042586=63.840615319239845, 63.840615319239845=70.9975123199381, 70.9975123199381=79.70761432908128, 79.70761432908128=88.54487783842026, 88.54487783842026=97.51503998576524, 97.51503998576524=108.14248982880477, 108.14248982880477=118.93998966683816, 118.93998966683816=129.91597266810393, 129.91597266810393=141.07959290238503, 141.07959290238503=152.44081467603598, 152.44081467603598=164.01051662379953, 164.01051662379953=175.80061365041513, 175.80061365041513=189.54185589175574, 189.54185589175574=203.5664525264486, 203.5664525264486=217.89268789829592, 217.89268789829592=232.5409013456449, 232.5409013456449=249.40794135823455, 249.40794135823455=268.6119112000653, 268.6119112000653=371.0667693255008, 371.0667693255008=476.3291296756065, 476.3291296756065=584.6432048884309, 584.6432048884309=700.5849362997424, 700.5849362997424=820.3290416027992, 820.3290416027992=948.8665929422049, 948.8665929422049=1087.020232480862, 1087.020232480862=1230.8150995459234, 1230.8150995459234=1386.18286545925, 1386.18286545925=1549.1339530695757, 1549.1339530695757=1726.624998686892, 1726.624998686892=1914.882681620735, 1914.882681620735=2122.630736910353, 2122.630736910353=2347.0242830654383, 2347.0242830654383=2592.835097040872, 2592.835097040872=2867.659941867684, 2867.659941867684=3214.751000300591, 3214.751000300591=3639.8489940221716, 3639.8489940221716=4241.028342080825];

Jobs: [[2; 10; 1.2145656963473739], [2; 10; 1.2268966286911276], [2; 20; 2.479221845949334], [2; 20; 2.505457728379575], [2; 30; 3.798816817615435], [2; 30; 3.840793968366152], [2; 40; 5.178925530444218], [2; 40; 5.238799490996104], [2; 40; 5.300799276198656], [2; 40; 5.365053734631967], [2; 50; 6.78962865043024], [2; 50; 6.87612422216985], [2; 50; 6.966012014038567], [2; 50; 7.059519714981242], [2; 50; 7.156897000698244], [2; 60; 8.710102009143187], [2; 60; 8.837263509338978], [2; 60; 8.970162147344984], [2; 70; 10.627449843039521], [2; 70; 10.797499838033392], [2; 70; 10.975983001265785], [2; 70; 11.163620234281105], [2; 70; 11.361221773650968], [2; 70; 11.569701947763557], [2; 70; 11.790097026615607], [2; 80; 13.741242241340627], [2; 80; 14.024596634692832], [2; 80; 14.326235371847329], [2; 80; 14.64821344734898], [2; 90; 16.867040012589662], [2; 100; 19.20396984183076], [2; 520; 102.45485812543549], [2; 520; 105.26236035010574], [2; 520; 108.31407521282433], [2; 540; 115.94173141131154], [2; 540; 119.74410530305677], [2; 560; 128.53755133940567], [2; 580; 138.15363953865722], [2; 580; 143.79486706506137], [2; 600; 155.36776591332654], [2; 600; 162.95108761032574], [2; 620; 177.49104561731642], [2; 620; 188.25768293384291], [2; 640; 207.74805528961772], [2; 640; 224.39354615508532], [2; 640; 245.81081397543372], [2; 640; 274.8248448268125], [2; 700; 347.0910584329067], [2; 700; 425.09799372158085], [2; 700; 601.1793480586525]];
Intervals[4.9E-324=1.2145656963473739, 1.2145656963473739=2.4414623250385015, 2.4414623250385015=4.920684170987835, 4.920684170987835=7.42614189936741, 7.42614189936741=11.224958716982846, 11.224958716982846=15.065752685348997, 15.065752685348997=20.244678215793215, 20.244678215793215=25.48347770678932, 25.48347770678932=30.784276982987976, 30.784276982987976=36.14933071761995, 36.14933071761995=42.938959368050185, 42.938959368050185=49.815083590220034, 49.815083590220034=56.7810956042586, 56.7810956042586=63.840615319239845, 63.840615319239845=70.9975123199381, 70.9975123199381=79.70761432908128, 79.70761432908128=88.54487783842026, 88.54487783842026=97.51503998576524, 97.51503998576524=108.14248982880477, 108.14248982880477=118.93998966683816, 118.93998966683816=129.91597266810393, 129.91597266810393=141.07959290238503, 141.07959290238503=152.44081467603598, 152.44081467603598=164.01051662379953, 164.01051662379953=175.80061365041513, 175.80061365041513=189.54185589175574, 189.54185589175574=203.5664525264486, 203.5664525264486=217.89268789829592, 217.89268789829592=232.5409013456449, 232.5409013456449=249.40794135823455, 249.40794135823455=268.6119112000653, 268.6119112000653=371.0667693255008, 371.0667693255008=476.3291296756065, 476.3291296756065=584.6432048884309, 584.6432048884309=700.5849362997424, 700.5849362997424=820.3290416027992, 820.3290416027992=948.8665929422049, 948.8665929422049=1087.020232480862, 1087.020232480862=1230.8150995459234, 1230.8150995459234=1386.18286545925, 1386.18286545925=1549.1339530695757, 1549.1339530695757=1726.624998686892, 1726.624998686892=1914.882681620735, 1914.882681620735=2122.630736910353, 2122.630736910353=2347.0242830654383, 2347.0242830654383=2592.835097040872, 2592.835097040872=2867.659941867684, 2867.659941867684=3214.751000300591, 3214.751000300591=3639.8489940221716, 3639.8489940221716=4241.028342080825];
