1.057795970740971
30139.16107968164
31881.08315160033
[1; 10; 0.7763911524441999]
[1; 10; 0.7803024676391006]
[1; 10; 0.7842734982093319]
[2; 10; 0.7883057792778895]
[1; 20; 1.5848018035830655]
[1; 20; 1.5931210303163879]
[1; 20; 1.6015726600765947]
[1; 30; 2.4152403639021633]
[1; 30; 2.4283311934649907]
[2; 20; 1.6277581449446203]
[2; 20; 1.636776264617784]
[1; 40; 3.2918919025861864]
[1; 40; 3.3105429974652276]
[1; 40; 3.3295147458903513]
[1; 40; 3.348816442346863]
[2; 20; 1.6842288814607436]
[1; 40; 3.388448785685281]
[2; 20; 1.7044000062116094]
[1; 50; 4.28690298977109]
[1; 50; 4.313284180245555]
[1; 50; 4.340158484986582]
[1; 50; 4.367541460004908]
[1; 60; 5.27453922855374]
[1; 60; 5.30867899744222]
[1; 60; 5.3434903802579194]
[2; 30; 2.6894978451606155]
[1; 60; 5.415218292793852]
[1; 70; 6.360879780849653]
[1; 80; 7.319885983287098]
[1; 80; 7.371254234438115]
[1; 80; 7.423719339483266]
[1; 80; 7.477320897219078]
[1; 80; 7.532100537229316]
[1; 90; 8.536614812753342]
[1; 100; 9.556714453751896]
[1; 100; 9.629947053082603]
[1; 100; 9.7048894055525]
[2; 50; 4.890804546376644]
[1; 100; 9.860177496223764]
[1; 110; 10.934737084310685]
[1; 110; 11.025483346383623]
[1; 110; 11.11852704950429]
[1; 110; 11.213966800442664]
[1; 120; 12.340262437816342]
[1; 120; 12.449955816723316]
[1; 120; 12.562627396693381]
[1; 120; 12.678414428664524]
[1; 130; 13.863918450786025]
[1; 130; 13.996590549770707]
[1; 140; 15.220310954564344]
[2; 70; 7.6858802824514525]
[2; 70; 7.763911524441999]
[1; 140; 15.68873743010359]
[1; 150; 16.987243327547066]
[1; 150; 17.170894538659166]
[1; 150; 17.36063393994633]
[1; 160; 18.72725922333841]
[1; 160; 18.94376652265981]
[1; 160; 19.167960912491075]
[1; 160; 19.40030831587855]
[1; 170; 20.86889737387674]
[1; 170; 21.134753918153926]
[1; 180; 22.670509698512753]
[2; 90; 11.487412729319917]
[1; 180; 23.291734573325996]
[1; 180; 23.622130289584508]
[2; 90; 11.983498574520794]
[1; 180; 24.32742334600125]
[1; 190; 26.077093815460287]
[1; 190; 26.49435381087471]
[1; 190; 26.93230668393763]
[1; 200; 28.834443522159347]
[1; 200; 29.34482727825986]
[1; 200; 29.883309390673507]
[1; 200; 30.452566434567434]
[1; 200; 31.055646097767998]
[1; 200; 31.696036071661307]
[1; 200; 32.377749246199876]
[2; 110; 18.20798648605875]
[2; 110; 18.636468321269046]
[2; 120; 20.832760727935593]
[2; 120; 21.373961521031678]
[2; 120; 21.959657949861295]
[2; 130; 24.479326745995277]
[2; 130; 25.2327124544365]
[2; 140; 28.064866699885588]
[2; 140; 29.04989690568774]
[2; 140; 30.14650272258306]
[2; 150; 33.6187230645077]
[2; 160; 37.45451844667682]
[2; 170; 41.73779474775348]
[2; 170; 43.995498638504664]
[2; 180; 49.409230387187904]
[2; 180; 52.820689100867746]
[2; 180; 57.05286492899035]
[2; 180; 62.49828218380678]
[2; 190; 73.75715948219899]
[2; 190; 85.1674317634195]
[2; 190; 104.30837526184115]
[2; 200; 155.27823048884]


Jobs: [[1; 10; 0.7763911524441999], [1; 10; 0.7842734982093319], [2; 10; 0.7883057792778895], [1; 20; 1.5848018035830655], [1; 20; 1.6015726600765947], [1; 30; 2.4283311934649907], [2; 20; 1.6277581449446203], [2; 20; 1.636776264617784], [1; 40; 3.2918919025861864], [1; 40; 3.3295147458903513], [2; 20; 1.6842288814607436], [1; 40; 3.388448785685281], [2; 20; 1.7044000062116094], [1; 50; 4.28690298977109], [1; 50; 4.340158484986582], [1; 60; 5.27453922855374], [1; 60; 5.3434903802579194], [2; 30; 2.6894978451606155], [1; 60; 5.415218292793852], [1; 80; 7.319885983287098], [1; 80; 7.423719339483266], [1; 80; 7.532100537229316], [1; 100; 9.556714453751896], [1; 100; 9.7048894055525], [2; 50; 4.890804546376644], [1; 100; 9.860177496223764], [1; 110; 11.025483346383623], [1; 110; 11.213966800442664], [1; 120; 12.449955816723316], [1; 120; 12.678414428664524], [1; 130; 13.996590549770707], [2; 70; 7.6858802824514525], [2; 70; 7.763911524441999], [1; 140; 15.68873743010359], [1; 150; 17.170894538659166], [1; 160; 18.72725922333841], [1; 160; 19.167960912491075], [1; 170; 20.86889737387674], [1; 180; 22.670509698512753], [2; 90; 11.487412729319917], [1; 180; 23.291734573325996], [2; 90; 11.983498574520794], [1; 180; 24.32742334600125], [1; 190; 26.49435381087471], [1; 200; 28.834443522159347], [1; 200; 29.883309390673507], [1; 200; 31.055646097767998], [1; 200; 32.377749246199876], [2; 110; 18.20798648605875], [2; 110; 18.636468321269046], [2; 120; 20.832760727935593], [2; 120; 21.373961521031678], [2; 120; 21.959657949861295], [2; 130; 24.479326745995277], [2; 130; 25.2327124544365], [2; 140; 28.064866699885588], [2; 140; 29.04989690568774], [2; 140; 30.14650272258306], [2; 150; 33.6187230645077], [2; 160; 37.45451844667682], [2; 170; 41.73779474775348], [2; 170; 43.995498638504664], [2; 180; 49.409230387187904], [2; 180; 52.820689100867746], [2; 180; 57.05286492899035], [2; 180; 62.49828218380678], [2; 190; 73.75715948219899], [2; 190; 85.1674317634195], [2; 190; 104.30837526184115], [2; 200; 155.27823048884]];
Intervals[0.0=0.7763911524441999, 0.7763911524441999=1.5606646506535318, 1.5606646506535318=2.348970429931421, 2.348970429931421=3.9337722335144867, 3.9337722335144867=5.535344893591081, 5.535344893591081=7.963676087056072, 7.963676087056072=9.591434232000692, 9.591434232000692=11.228210496618477, 11.228210496618477=14.520102399204664, 14.520102399204664=17.849617145095014, 17.887569936430566=19.57179881789131, 19.57179881789131=22.96024760357659, 22.96024760357659=24.6646476097882, 24.6646476097882=28.95155059955929, 28.95155059955929=33.29170908454587, 33.29170908454587=38.566248313099614, 38.566248313099614=43.90973869335753, 43.90973869335753=46.59923653851815, 46.59923653851815=52.014454831312, 52.014454831312=59.3343408145991, 59.3343408145991=66.75806015408237, 66.75806015408237=74.29016069131168, 74.29016069131168=83.84687514506358, 83.84687514506358=93.55176455061607, 93.55176455061607=98.44256909699271, 98.44256909699271=108.30274659321648, 108.30274659321648=119.3282299396001, 119.3282299396001=130.54219674004278, 130.54219674004278=142.9921525567661, 142.9921525567661=155.6705669854306, 155.6705669854306=169.6671575352013, 174.4829524706678=182.16883275311926, 182.16883275311926=189.93274427756126, 189.93274427756126=205.62148170766486, 205.62148170766486=222.792376246324, 222.792376246324=241.51963546966243, 241.51963546966243=260.6875963821535, 260.6875963821535=281.55649375603025, 281.55649375603025=304.227003454543, 304.227003454543=315.71441618386297, 315.71441618386297=339.00615075718895, 339.33654647344747=351.3200450479683, 351.3200450479683=375.6474683939695, 375.6474683939695=402.14182220484423, 402.14182220484423=430.9762657270036, 430.9762657270036=460.8595751176771, 460.8595751176771=491.91522121544506, 491.91522121544506=524.2929704616449, 524.2929704616449=542.5009569477037, 542.5009569477037=561.1374252689727, 561.1374252689727=581.9701859969083, 581.9701859969083=603.34414751794, 603.34414751794=625.3038054678012, 625.3038054678012=649.7831322137965, 649.7831322137965=675.0158446682331, 675.0158446682331=703.0807113681186, 703.0807113681186=732.1306082738064, 732.1306082738064=762.2771109963894, 762.2771109963894=795.8958340608971, 795.8958340608971=833.3503525075739, 833.3503525075739=875.0881472553274, 875.0881472553274=919.083645893832, 919.083645893832=968.4928762810199, 968.4928762810199=1021.3135653818877, 1021.3135653818877=1078.366430310878, 1078.366430310878=1140.864712494685, 1140.864712494685=1214.621871976884, 1214.621871976884=1299.7893037403035, 1299.7893037403035=1404.0976790021446, 1404.0976790021446=1559.3759094909847];

Jobs: [[1; 10; 0.7803024676391006], [2; 10; 0.7883057792778895], [1; 20; 1.5931210303163879], [1; 30; 2.4152403639021633], [2; 20; 1.6277581449446203], [2; 20; 1.636776264617784], [1; 40; 3.3105429974652276], [1; 40; 3.348816442346863], [2; 20; 1.6842288814607436], [2; 20; 1.7044000062116094], [1; 50; 4.313284180245555], [1; 50; 4.367541460004908], [1; 60; 5.30867899744222], [2; 30; 2.6894978451606155], [1; 70; 6.360879780849653], [1; 80; 7.371254234438115], [1; 80; 7.477320897219078], [1; 90; 8.536614812753342], [1; 100; 9.629947053082603], [2; 50; 4.890804546376644], [1; 110; 10.934737084310685], [1; 110; 11.11852704950429], [1; 120; 12.340262437816342], [1; 120; 12.562627396693381], [1; 130; 13.863918450786025], [1; 140; 15.220310954564344], [2; 70; 7.6858802824514525], [2; 70; 7.763911524441999], [1; 150; 16.987243327547066], [1; 150; 17.36063393994633], [1; 160; 18.94376652265981], [1; 160; 19.40030831587855], [1; 170; 21.134753918153926], [2; 90; 11.487412729319917], [1; 180; 23.622130289584508], [2; 90; 11.983498574520794], [1; 190; 26.077093815460287], [1; 190; 26.93230668393763], [1; 200; 29.34482727825986], [1; 200; 30.452566434567434], [1; 200; 31.696036071661307], [2; 110; 18.20798648605875], [2; 110; 18.636468321269046], [2; 120; 20.832760727935593], [2; 120; 21.373961521031678], [2; 120; 21.959657949861295], [2; 130; 24.479326745995277], [2; 130; 25.2327124544365], [2; 140; 28.064866699885588], [2; 140; 29.04989690568774], [2; 140; 30.14650272258306], [2; 150; 33.6187230645077], [2; 160; 37.45451844667682], [2; 170; 41.73779474775348], [2; 170; 43.995498638504664], [2; 180; 49.409230387187904], [2; 180; 52.820689100867746], [2; 180; 57.05286492899035], [2; 180; 62.49828218380678], [2; 190; 73.75715948219899], [2; 190; 85.1674317634195], [2; 190; 104.30837526184115], [2; 200; 155.27823048884]];
Intervals[0.0=0.7803024676391006, 1.5606646506535318=2.348970429931421, 2.348970429931421=3.942091460247809, 3.942091460247809=6.3573318241499726, 7.963676087056072=9.591434232000692, 9.591434232000692=11.228210496618477, 11.228210496618477=14.538753494083704, 14.538753494083704=17.887569936430566, 17.887569936430566=19.57179881789131, 22.96024760357659=24.6646476097882, 24.6646476097882=28.977931790033757, 28.977931790033757=33.345473250038665, 33.345473250038665=38.65415224748089, 43.90973869335753=46.59923653851815, 46.59923653851815=52.9601163193678, 52.9601163193678=60.33137055380591, 60.33137055380591=67.80869145102498, 67.80869145102498=76.34530626377833, 76.34530626377833=85.97525331686093, 93.55176455061607=98.44256909699271, 98.44256909699271=109.3773061813034, 109.3773061813034=120.49583323080769, 120.49583323080769=132.83609566862404, 132.83609566862404=145.39872306531743, 145.39872306531743=159.26264151610346, 159.26264151610346=174.4829524706678, 174.4829524706678=182.16883275311926, 182.16883275311926=189.93274427756126, 189.93274427756126=206.91998760510833, 206.91998760510833=224.28062154505466, 224.28062154505466=243.22438806771447, 243.22438806771447=262.624696383593, 262.624696383593=283.75945030174694, 304.227003454543=315.71441618386297, 315.71441618386297=339.33654647344747, 339.33654647344747=351.3200450479683, 351.3200450479683=377.39713886342855, 377.39713886342855=404.32944554736616, 404.32944554736616=433.674272825626, 433.674272825626=464.12683926019344, 464.12683926019344=495.82287533185473, 524.2929704616449=542.5009569477037, 542.5009569477037=561.1374252689727, 561.1374252689727=581.9701859969083, 581.9701859969083=603.34414751794, 603.34414751794=625.3038054678012, 625.3038054678012=649.7831322137965, 649.7831322137965=675.0158446682331, 675.0158446682331=703.0807113681186, 703.0807113681186=732.1306082738064, 732.1306082738064=762.2771109963894, 762.2771109963894=795.8958340608971, 795.8958340608971=833.3503525075739, 833.3503525075739=875.0881472553274, 875.0881472553274=919.083645893832, 919.083645893832=968.4928762810199, 968.4928762810199=1021.3135653818877, 1021.3135653818877=1078.366430310878, 1078.366430310878=1140.864712494685, 1140.864712494685=1214.621871976884, 1214.621871976884=1299.7893037403035, 1299.7893037403035=1404.0976790021446, 1404.0976790021446=1559.3759094909847];
