1.1252219071020395
3548.7405296461384
3993.1205865787297
[1; 10; 0.3767620219526452]
[1; 10; 0.3805871151661005]
[1; 30; 1.153593385304069]
[1; 30; 1.1658010626761408]
[1; 40; 1.5712062449282913]
[2; 20; 0.7942840834804791]
[2; 20; 0.8032593297589219]
[1; 50; 2.031364683244424]
[1; 50; 2.0554053387888223]
[1; 50; 2.0803202525637725]
[1; 50; 2.106163731065957]
[1; 60; 2.5595939087691733]
[1; 60; 2.5930540728246845]
[1; 60; 2.6278617252205207]
[1; 70; 3.1081281071898204]
[1; 70; 3.152217232839321]
[2; 40; 1.8275642496847482]
[2; 40; 1.855047961061568]
[1; 90; 4.238572746967258]
[1; 90; 4.306394217315106]
[1; 100; 4.863976788353427]
[2; 50; 2.473563856980917]
[2; 60; 3.020816576775002]
[1; 120; 6.152498054955034]
[1; 120; 6.269699025220392]
[1; 120; 6.393863534790488]
[1; 130; 7.069518780830593]
[1; 140; 7.7770741330201245]
[1; 150; 8.519851786858421]
[1; 160; 9.301702740125501]
[2; 80; 4.765704500882874]
[1; 160; 9.779019300681227]
[2; 80; 5.02349362603527]
[2; 90; 5.815273833027856]
[1; 180; 11.988494127732165]
[1; 180; 12.381663494083224]
[1; 190; 13.528252612336134]
[2; 100; 7.388911161220043]
[2; 110; 8.459684825563173]
[2; 120; 9.639111957107064]
[2; 120; 10.109585909116594]
[2; 120; 10.656439224650814]
[2; 130; 12.24476571346097]
[2; 150; 15.10408288387501]
[2; 160; 17.401892383582997]
[2; 160; 19.062818003531497]
[2; 160; 21.31287844930163]
[2; 160; 24.609992219820136]
[2; 180; 33.908581975738066]
[2; 180; 47.95397651092866]


Jobs: [[1; 10; 0.3767620219526452], [1; 30; 1.153593385304069], [1; 40; 1.5712062449282913], [2; 20; 0.7942840834804791], [2; 20; 0.8032593297589219], [1; 50; 2.031364683244424], [1; 50; 2.0803202525637725], [1; 60; 2.5595939087691733], [1; 60; 2.6278617252205207], [1; 70; 3.152217232839321], [2; 40; 1.8275642496847482], [2; 40; 1.855047961061568], [1; 90; 4.238572746967258], [1; 100; 4.863976788353427], [2; 50; 2.473563856980917], [2; 60; 3.020816576775002], [1; 120; 6.152498054955034], [1; 120; 6.393863534790488], [1; 140; 7.7770741330201245], [1; 160; 9.301702740125501], [2; 80; 4.765704500882874], [1; 160; 9.779019300681227], [2; 80; 5.02349362603527], [2; 90; 5.815273833027856], [1; 180; 11.988494127732165], [1; 190; 13.528252612336134], [2; 100; 7.388911161220043], [2; 110; 8.459684825563173], [2; 120; 9.639111957107064], [2; 120; 10.109585909116594], [2; 120; 10.656439224650814], [2; 130; 12.24476571346097], [2; 150; 15.10408288387501], [2; 160; 17.401892383582997], [2; 160; 19.062818003531497], [2; 160; 21.31287844930163], [2; 160; 24.609992219820136], [2; 180; 33.908581975738066], [2; 180; 47.95397651092866]];
Intervals[0.0=0.3767620219526452, 0.3767620219526452=1.5303554072567143, 1.5303554072567143=3.101561652185006, 3.101561652185006=3.895845735665485, 3.895845735665485=4.699105065424407, 4.699105065424407=6.730469748668831, 6.730469748668831=8.810790001232604, 8.810790001232604=11.370383910001777, 11.370383910001777=13.998245635222299, 13.998245635222299=17.15046286806162, 17.15046286806162=18.978027117746368, 18.978027117746368=20.833075078807937, 20.833075078807937=25.071647825775194, 25.071647825775194=29.93562461412862, 29.93562461412862=32.40918847110954, 32.40918847110954=35.43000504788454, 35.43000504788454=41.582503102839574, 41.582503102839574=47.976366637630065, 47.976366637630065=55.75344077065019, 55.75344077065019=65.0551435107757, 65.0551435107757=69.82084801165857, 69.82084801165857=79.5998673123398, 79.5998673123398=84.62336093837507, 84.62336093837507=90.43863477140293, 90.43863477140293=102.4271288991351, 102.4271288991351=115.95538151147123, 115.95538151147123=123.34429267269127, 123.34429267269127=131.80397749825443, 131.80397749825443=141.4430894553615, 141.4430894553615=151.5526753644781, 151.5526753644781=162.20911458912892, 162.20911458912892=174.45388030258988, 174.45388030258988=189.5579631864649, 189.5579631864649=206.9598555700479, 206.9598555700479=226.0226735735794, 226.0226735735794=247.33555202288102, 247.33555202288102=271.94554424270115, 271.94554424270115=305.8541262184392, 305.8541262184392=353.8081027293679];

Jobs: [[1; 10; 0.3805871151661005], [1; 30; 1.1658010626761408], [2; 20; 0.7942840834804791], [2; 20; 0.8032593297589219], [1; 50; 2.0554053387888223], [1; 50; 2.106163731065957], [1; 60; 2.5930540728246845], [1; 70; 3.1081281071898204], [2; 40; 1.8275642496847482], [2; 40; 1.855047961061568], [1; 90; 4.306394217315106], [2; 50; 2.473563856980917], [2; 60; 3.020816576775002], [1; 120; 6.269699025220392], [1; 130; 7.069518780830593], [1; 150; 8.519851786858421], [2; 80; 4.765704500882874], [2; 80; 5.02349362603527], [2; 90; 5.815273833027856], [1; 180; 12.381663494083224], [2; 100; 7.388911161220043], [2; 110; 8.459684825563173], [2; 120; 9.639111957107064], [2; 120; 10.109585909116594], [2; 120; 10.656439224650814], [2; 130; 12.24476571346097], [2; 150; 15.10408288387501], [2; 160; 17.401892383582997], [2; 160; 19.062818003531497], [2; 160; 21.31287844930163], [2; 160; 24.609992219820136], [2; 180; 33.908581975738066], [2; 180; 47.95397651092866]];
Intervals[0.0=0.3805871151661005, 0.3805871151661005=1.5463881778422413, 3.101561652185006=3.895845735665485, 3.895845735665485=4.699105065424407, 4.699105065424407=6.754510404213229, 6.754510404213229=8.860674135279186, 8.860674135279186=11.453728208103872, 11.453728208103872=14.561856315293692, 17.15046286806162=18.978027117746368, 18.978027117746368=20.833075078807937, 20.833075078807937=25.139469296123043, 29.93562461412862=32.40918847110954, 32.40918847110954=35.43000504788454, 35.43000504788454=41.69970407310493, 41.69970407310493=48.769222853935524, 48.769222853935524=57.28907464079394, 65.0551435107757=69.82084801165857, 79.5998673123398=84.62336093837507, 84.62336093837507=90.43863477140293, 90.43863477140293=102.82029826548616, 115.95538151147123=123.34429267269127, 123.34429267269127=131.80397749825443, 131.80397749825443=141.4430894553615, 141.4430894553615=151.5526753644781, 151.5526753644781=162.20911458912892, 162.20911458912892=174.45388030258988, 174.45388030258988=189.5579631864649, 189.5579631864649=206.9598555700479, 206.9598555700479=226.0226735735794, 226.0226735735794=247.33555202288102, 247.33555202288102=271.94554424270115, 271.94554424270115=305.8541262184392, 305.8541262184392=353.8081027293679];
