1.2120395925824972
794254.3970082228
962667.7757567033
[2; 10; 3.9856101088998224]
[1; 40; 16.022755505294832]
[1; 40; 16.10429677239268]
[1; 40; 16.187095759156882]
[1; 40; 16.271185134138435]
[1; 60; 24.53489814949783]
[2; 30; 12.332528836869301]
[1; 60; 24.79731094175031]
[2; 30; 12.465857347758009]
[1; 80; 33.42443713796222]
[1; 80; 33.609615492040454]
[1; 80; 33.79790612772584]
[1; 80; 33.98939721326419]
[1; 80; 34.18418045382182]
[1; 80; 34.382351276026085]
[1; 80; 34.584009024412104]
[1; 80; 34.789257170694526]
[1; 80; 34.998203536865454]
[1; 100; 44.01370066651427]
[1; 100; 44.28455676555358]
[2; 60; 26.736285405931028]
[1; 120; 53.80994053597971]
[1; 120; 54.15377752034172]
[2; 60; 27.252145533215046]
[2; 60; 27.43085004165547]
[1; 140; 64.43060593922976]
[1; 140; 64.86448697583411]
[2; 70; 32.65362655954911]
[1; 140; 65.75921182060344]
[1; 160; 75.68078358326905]
[1; 160; 76.21944364495097]
[2; 80; 38.384885842173645]
[1; 160; 77.33219511305165]
[1; 160; 77.90716358802631]
[1; 180; 88.30704433802038]
[2; 90; 44.491868283011016]
[1; 180; 89.676227450246]
[2; 100; 50.213967481019004]
[1; 200; 101.23459800070411]
[2; 100; 51.03050829725431]
[1; 200; 102.90801050829961]
[1; 1040; 539.637529258704]
[2; 520; 272.1348480080287]
[1; 1040; 549.0232333958681]
[1; 1040; 553.9035358913055]
[1; 1040; 558.9163397484924]
[1; 1040; 564.067751316799]
[1; 1080; 591.2629044171215]
[1; 1080; 596.9210515606769]
[1; 1080; 602.7448094848579]
[2; 540; 304.3712089982216]
[2; 540; 307.4613512579863]
[1; 1080; 621.2951286997157]
[1; 1080; 627.8698634204828]
[1; 1080; 634.6578430010762]
[2; 540; 320.8354248711723]
[1; 1080; 648.9215979644407]
[1; 1120; 680.7358247316478]
[1; 1120; 688.792150419543]
[2; 560; 348.57072551175963]
[1; 1120; 705.8019253328496]
[1; 1160; 740.3217306890242]
[1; 1160; 749.9995496890805]
[2; 580; 380.0335541043329]
[1; 1160; 770.5512877206324]
[2; 580; 390.7408195821779]
[1; 1160; 792.8907337429602]
[2; 580; 402.4072858801565]
[1; 1200; 845.4755805506155]
[1; 1200; 859.0040488439039]
[2; 620; 451.155102826778]
[1; 1240; 917.735429097396]
[1; 1240; 933.9797951469535]
[2; 620; 475.5592343133626]
[1; 1240; 969.2366388991364]
[1; 1240; 988.431307007156]
[1; 1240; 1008.8134783165831]
[1; 1280; 1063.7531603420166]
[2; 640; 543.830355412227]
[2; 640; 556.6281147311124]
[1; 1280; 1140.748177319724]
[2; 640; 585.1914675553168]
[1; 1280; 1202.45415900532]
[2; 660; 637.9906096826761]
[2; 660; 657.6256679684707]
[1; 1320; 1358.3857387095547]
[2; 660; 703.0314109389645]
[1; 1320; 1459.1403482594324]
[1; 1360; 1564.7432870955802]
[1; 1360; 1634.3210615400726]
[1; 1360; 1714.0903900940632]
[1; 1360; 1806.8099160345862]
[2; 680; 958.2056579573642]
[1; 1360; 2048.7298732255754]
[1; 1360; 2212.8811782428274]
[1; 1400; 2495.3866378868956]
[2; 700; 1394.963538114938]
[2; 700; 1610.7651484807445]
[2; 700; 1972.7763546181027]
[1; 1400; 5579.854152459752]


Jobs: [[2; 10; 3.9856101088998224], [1; 40; 16.022755505294832], [1; 40; 16.187095759156882], [1; 60; 24.53489814949783], [2; 30; 12.332528836869301], [1; 60; 24.79731094175031], [2; 30; 12.465857347758009], [1; 80; 33.42443713796222], [1; 80; 33.79790612772584], [1; 80; 34.18418045382182], [1; 80; 34.584009024412104], [1; 80; 34.998203536865454], [1; 100; 44.28455676555358], [2; 60; 26.736285405931028], [1; 120; 53.80994053597971], [2; 60; 27.252145533215046], [2; 60; 27.43085004165547], [1; 140; 64.43060593922976], [2; 70; 32.65362655954911], [1; 140; 65.75921182060344], [1; 160; 76.21944364495097], [2; 80; 38.384885842173645], [1; 160; 77.33219511305165], [1; 180; 88.30704433802038], [2; 90; 44.491868283011016], [1; 180; 89.676227450246], [2; 100; 50.213967481019004], [1; 200; 101.23459800070411], [2; 100; 51.03050829725431], [1; 200; 102.90801050829961], [2; 520; 272.1348480080287], [1; 1040; 549.0232333958681], [1; 1040; 558.9163397484924], [1; 1080; 591.2629044171215], [1; 1080; 602.7448094848579], [2; 540; 304.3712089982216], [2; 540; 307.4613512579863], [1; 1080; 621.2951286997157], [1; 1080; 634.6578430010762], [2; 540; 320.8354248711723], [1; 1080; 648.9215979644407], [1; 1120; 688.792150419543], [2; 560; 348.57072551175963], [1; 1120; 705.8019253328496], [1; 1160; 749.9995496890805], [2; 580; 380.0335541043329], [1; 1160; 770.5512877206324], [2; 580; 390.7408195821779], [1; 1160; 792.8907337429602], [2; 580; 402.4072858801565], [1; 1200; 845.4755805506155], [2; 620; 451.155102826778], [1; 1240; 917.735429097396], [2; 620; 475.5592343133626], [1; 1240; 969.2366388991364], [1; 1240; 1008.8134783165831], [2; 640; 543.830355412227], [2; 640; 556.6281147311124], [1; 1280; 1140.748177319724], [2; 640; 585.1914675553168], [1; 1280; 1202.45415900532], [2; 660; 637.9906096826761], [2; 660; 657.6256679684707], [1; 1320; 1358.3857387095547], [2; 660; 703.0314109389645], [1; 1320; 1459.1403482594324], [1; 1360; 1634.3210615400726], [1; 1360; 1806.8099160345862], [2; 680; 958.2056579573642], [1; 1360; 2048.7298732255754], [1; 1400; 2495.3866378868956], [2; 700; 1394.963538114938], [2; 700; 1610.7651484807445], [2; 700; 1972.7763546181027], [1; 1400; 5579.854152459752]];
Intervals[4.9E-324=3.9856101088998224, 3.9856101088998224=20.008365614194656, 20.008365614194656=36.195461373351534, 36.195461373351534=60.73035952284937, 60.73035952284937=73.06288835971867, 73.06288835971867=97.86019930146898, 97.86019930146898=110.32605664922698, 110.32605664922698=143.7504937871892, 143.7504937871892=177.54839991491505, 177.54839991491505=211.73258036873688, 211.73258036873688=246.31658939314897, 246.31658939314897=281.31479293001445, 281.31479293001445=325.59934969556804, 325.59934969556804=352.33563510149907, 352.33563510149907=406.14557563747877, 406.48941262184076=433.7415581550558, 433.7415581550558=461.1724081967113, 461.1724081967113=525.6030141359411, 526.0368951725454=558.6905217320946, 558.6905217320946=624.449733552698, 624.449733552698=700.669177197649, 700.669177197649=739.0540630398226, 739.0540630398226=816.3862581528742, 816.3862581528742=904.6933024908947, 904.6933024908947=949.1851707739057, 949.1851707739057=1038.8613982241518, 1038.8613982241518=1089.0753657051707, 1089.0753657051707=1190.309963705875, 1190.309963705875=1241.3404720031292, 1241.3404720031292=1344.2484825114288, 1780.9780012618332=2053.1128492698617, 2053.1128492698617=2602.13608266573, 2602.13608266573=3161.0524224142227, 3161.0524224142227=3752.3153268313445, 3752.3153268313445=4355.060136316202, 4355.060136316202=4659.431345314424, 4659.431345314424=4966.89269657241, 4966.89269657241=5588.187825272126, 5588.187825272126=6222.845668273202, 6222.845668273202=6543.681093144374, 6543.681093144374=7192.602691108815, 7192.602691108815=7881.394841528358, 7881.394841528358=8229.965567040117, 8229.965567040117=8935.767492372966, 8935.767492372966=9685.767042062047, 9685.767042062047=10065.80059616638, 10065.80059616638=10836.351883887013, 10836.351883887013=11227.09270346919, 11227.09270346919=12019.983437212151, 12019.983437212151=12422.390723092309, 12422.390723092309=13267.866303642924, 13281.394771936213=13732.549874762992, 13732.549874762992=14650.285303860388, 14666.529669909945=15142.088904223308, 15142.088904223308=16111.325543122444, 16111.325543122444=17120.139021439027, 17194.273371572483=17738.10372698471, 17738.10372698471=18294.731841715824, 18294.731841715824=19435.48001903555, 19435.48001903555=20020.671486590865, 20020.671486590865=21223.125645596185, 21223.125645596185=21861.11625527886, 21861.11625527886=22518.74192324733, 22518.74192324733=23877.127661956885, 23877.127661956885=24580.15907289585, 24580.15907289585=26039.299421155283, 26039.299421155283=27673.620482695354, 27673.620482695354=29480.43039872994, 29480.43039872994=30438.636056687305, 30438.636056687305=32487.36592991288, 32487.36592991288=34982.75256779978, 34982.75256779978=36377.71610591471, 36377.71610591471=37988.481254395454, 37988.481254395454=39961.257609013555, 39961.257609013555=45541.11176147331];

Jobs: [[2; 10; 3.9856101088998224], [1; 40; 16.10429677239268], [1; 40; 16.271185134138435], [2; 30; 12.332528836869301], [2; 30; 12.465857347758009], [1; 80; 33.609615492040454], [1; 80; 33.98939721326419], [1; 80; 34.382351276026085], [1; 80; 34.789257170694526], [1; 100; 44.01370066651427], [2; 60; 26.736285405931028], [1; 120; 54.15377752034172], [2; 60; 27.252145533215046], [2; 60; 27.43085004165547], [1; 140; 64.86448697583411], [2; 70; 32.65362655954911], [1; 160; 75.68078358326905], [2; 80; 38.384885842173645], [1; 160; 77.90716358802631], [2; 90; 44.491868283011016], [2; 100; 50.213967481019004], [2; 100; 51.03050829725431], [1; 1040; 539.637529258704], [2; 520; 272.1348480080287], [1; 1040; 553.9035358913055], [1; 1040; 564.067751316799], [1; 1080; 596.9210515606769], [2; 540; 304.3712089982216], [2; 540; 307.4613512579863], [1; 1080; 627.8698634204828], [2; 540; 320.8354248711723], [1; 1120; 680.7358247316478], [2; 560; 348.57072551175963], [1; 1160; 740.3217306890242], [2; 580; 380.0335541043329], [2; 580; 390.7408195821779], [2; 580; 402.4072858801565], [1; 1200; 859.0040488439039], [2; 620; 451.155102826778], [1; 1240; 933.9797951469535], [2; 620; 475.5592343133626], [1; 1240; 988.431307007156], [1; 1280; 1063.7531603420166], [2; 640; 543.830355412227], [2; 640; 556.6281147311124], [2; 640; 585.1914675553168], [2; 660; 637.9906096826761], [2; 660; 657.6256679684707], [2; 660; 703.0314109389645], [1; 1360; 1564.7432870955802], [1; 1360; 1714.0903900940632], [2; 680; 958.2056579573642], [1; 1360; 2212.8811782428274], [2; 700; 1394.963538114938], [2; 700; 1610.7651484807445], [2; 700; 1972.7763546181027]];
Intervals[4.9E-324=3.9856101088998224, 3.9856101088998224=20.089906881292503, 20.089906881292503=36.36109201543094, 60.73035952284937=73.06288835971867, 97.86019930146898=110.32605664922698, 110.32605664922698=143.93567214126745, 143.93567214126745=177.92506935453164, 177.92506935453164=212.30742063055771, 212.30742063055771=247.09667780125224, 247.09667780125224=291.1103784677665, 325.59934969556804=352.33563510149907, 352.33563510149907=406.48941262184076, 406.48941262184076=433.7415581550558, 433.7415581550558=461.1724081967113, 461.1724081967113=526.0368951725454, 526.0368951725454=558.6905217320946, 558.6905217320946=634.3713053153637, 700.669177197649=739.0540630398226, 739.0540630398226=816.9612266278489, 904.6933024908947=949.1851707739057, 1038.8613982241518=1089.0753657051707, 1190.309963705875=1241.3404720031292, 1241.3404720031292=1780.9780012618332, 1780.9780012618332=2053.1128492698617, 2053.1128492698617=2607.0163851611674, 2607.0163851611674=3171.0841364779662, 3171.0841364779662=3768.005188038643, 4355.060136316202=4659.431345314424, 4659.431345314424=4966.89269657241, 4966.89269657241=5594.762559992893, 6222.845668273202=6543.681093144374, 6543.681093144374=7224.416917876022, 7881.394841528358=8229.965567040117, 8229.965567040117=8970.28729772914, 9685.767042062047=10065.80059616638, 10836.351883887013=11227.09270346919, 12019.983437212151=12422.390723092309, 12422.390723092309=13281.394771936213, 13281.394771936213=13732.549874762992, 13732.549874762992=14666.529669909945, 14666.529669909945=15142.088904223308, 15142.088904223308=16130.520211230465, 16130.520211230465=17194.273371572483, 17194.273371572483=17738.10372698471, 17738.10372698471=18294.731841715824, 19435.48001903555=20020.671486590865, 21223.125645596185=21861.11625527886, 21861.11625527886=22518.74192324733, 23877.127661956885=24580.15907289585, 24580.15907289585=26144.902359991433, 26144.902359991433=27858.992750085497, 29480.43039872994=30438.636056687305, 30438.636056687305=32651.517234930132, 34982.75256779978=36377.71610591471, 36377.71610591471=37988.481254395454, 37988.481254395454=39961.257609013555];
