1.0
2026.9554857117262
2026.9554857117262
[2; 10; 0.2847423737845652]
[2; 10; 0.28763323342031527]
[2; 10; 0.2906139683004276]
[2; 10; 0.29368933403156344]
[2; 10; 0.2968644461345459]
[2; 10; 0.3001448158407483]
[2; 10; 0.30353639033833146]
[2; 10; 0.3070455981371971]
[2; 10; 0.3106794003402808]
[2; 10; 0.31444534875203917]
[2; 20; 0.6367033038569418]
[2; 20; 0.6448145009681588]
[2; 30; 0.9798657096874775]
[2; 30; 0.993018858082971]
[2; 30; 1.0067163169711035]
[2; 30; 1.0209966943113]
[2; 30; 1.03590254400253]
[2; 30; 1.0514809000240979]
[2; 30; 1.0677839016921196]
[2; 40; 1.4464927053190197]
[2; 40; 1.470403295502918]
[2; 40; 1.4955402154264417]
[2; 50; 1.9025150110688662]
[2; 50; 1.937426455336184]
[2; 50; 1.9743331326491984]
[2; 60; 2.416119160730648]
[2; 60; 2.4659412923131767]
[2; 60; 2.518978355459112]
[2; 60; 2.575591679341452]
[2; 60; 2.636202129066993]
[2; 60; 2.7013033425667348]
[2; 70; 3.233391877203527]
[2; 70; 3.321994360819928]
[2; 70; 3.4183039963920634]
[2; 80; 4.026865267884414]
[2; 80; 4.158928565316641]
[2; 80; 4.304900050035183]
[2; 80; 4.467405908536089]
[2; 80; 4.649823492806842]
[2; 80; 4.856582245413303]
[2; 90; 5.730329734712476]
[2; 90; 6.04029790182662]
[2; 90; 6.4067034101527165]
[2; 90; 6.8490540398479185]
[2; 90; 7.397823876939531]
[2; 100; 9.004344475222448]
[2; 100; 10.067163169711034]
[2; 100; 11.624558732017105]
[2; 100; 14.237118689228257]
[2; 100; 20.134326339422067]


Jobs: [[2; 10; 0.2847423737845652], [2; 10; 0.28763323342031527], [2; 10; 0.2906139683004276], [2; 10; 0.29368933403156344], [2; 10; 0.2968644461345459], [2; 10; 0.3001448158407483], [2; 10; 0.30353639033833146], [2; 10; 0.3070455981371971], [2; 10; 0.3106794003402808], [2; 10; 0.31444534875203917], [2; 20; 0.6367033038569418], [2; 20; 0.6448145009681588], [2; 30; 0.9798657096874775], [2; 30; 0.993018858082971], [2; 30; 1.0067163169711035], [2; 30; 1.0209966943113], [2; 30; 1.03590254400253], [2; 30; 1.0514809000240979], [2; 30; 1.0677839016921196], [2; 40; 1.4464927053190197], [2; 40; 1.470403295502918], [2; 40; 1.4955402154264417], [2; 50; 1.9025150110688662], [2; 50; 1.937426455336184], [2; 50; 1.9743331326491984], [2; 60; 2.416119160730648], [2; 60; 2.4659412923131767], [2; 60; 2.518978355459112], [2; 60; 2.575591679341452], [2; 60; 2.636202129066993], [2; 60; 2.7013033425667348], [2; 70; 3.233391877203527], [2; 70; 3.321994360819928], [2; 70; 3.4183039963920634], [2; 80; 4.026865267884414], [2; 80; 4.158928565316641], [2; 80; 4.304900050035183], [2; 80; 4.467405908536089], [2; 80; 4.649823492806842], [2; 80; 4.856582245413303], [2; 90; 5.730329734712476], [2; 90; 6.04029790182662], [2; 90; 6.4067034101527165], [2; 90; 6.8490540398479185], [2; 90; 7.397823876939531], [2; 100; 9.004344475222448], [2; 100; 10.067163169711034], [2; 100; 11.624558732017105], [2; 100; 14.237118689228257], [2; 100; 20.134326339422067]];
Intervals[4.9E-324=0.2847423737845652, 0.2847423737845652=0.5723756072048805, 0.5723756072048805=0.8629895755053081, 0.8629895755053081=1.1566789095368715, 1.1566789095368715=1.4535433556714175, 1.4535433556714175=1.7536881715121657, 1.7536881715121657=2.0572245618504974, 2.0572245618504974=2.3642701599876945, 2.3642701599876945=2.6749495603279754, 2.6749495603279754=2.9893949090800147, 2.9893949090800147=3.6260982129369568, 3.6260982129369568=4.2709127139051155, 4.2709127139051155=5.250778423592593, 5.250778423592593=6.2437972816755645, 6.2437972816755645=7.250513598646668, 7.250513598646668=8.271510292957968, 8.271510292957968=9.307412836960498, 9.307412836960498=10.358893736984596, 10.358893736984596=11.426677638676715, 11.426677638676715=12.873170343995735, 12.873170343995735=14.343573639498652, 14.343573639498652=15.839113854925094, 15.839113854925094=17.74162886599396, 17.74162886599396=19.679055321330143, 19.679055321330143=21.653388453979343, 21.653388453979343=24.06950761470999, 24.06950761470999=26.535448907023166, 26.535448907023166=29.054427262482278, 29.054427262482278=31.63001894182373, 31.63001894182373=34.26622107089072, 34.26622107089072=36.967524413457454, 36.967524413457454=40.200916290660984, 40.200916290660984=43.52291065148091, 43.52291065148091=46.941214647872975, 46.941214647872975=50.968079915757386, 50.968079915757386=55.12700848107403, 55.12700848107403=59.431908531109215, 59.431908531109215=63.8993144396453, 63.8993144396453=68.54913793245214, 68.54913793245214=73.40572017786545, 73.40572017786545=79.13604991257792, 79.13604991257792=85.17634781440454, 85.17634781440454=91.58305122455725, 91.58305122455725=98.43210526440517, 98.43210526440517=105.82992914134469, 105.82992914134469=114.83427361656715, 114.83427361656715=124.90143678627818, 124.90143678627818=136.52599551829528, 136.52599551829528=150.76311420752353, 150.76311420752353=170.8974405469456];

Jobs: [[2; 10; 0.2847423737845652], [2; 10; 0.28763323342031527], [2; 10; 0.2906139683004276], [2; 10; 0.29368933403156344], [2; 10; 0.2968644461345459], [2; 10; 0.3001448158407483], [2; 10; 0.30353639033833146], [2; 10; 0.3070455981371971], [2; 10; 0.3106794003402808], [2; 10; 0.31444534875203917], [2; 20; 0.6367033038569418], [2; 20; 0.6448145009681588], [2; 30; 0.9798657096874775], [2; 30; 0.993018858082971], [2; 30; 1.0067163169711035], [2; 30; 1.0209966943113], [2; 30; 1.03590254400253], [2; 30; 1.0514809000240979], [2; 30; 1.0677839016921196], [2; 40; 1.4464927053190197], [2; 40; 1.470403295502918], [2; 40; 1.4955402154264417], [2; 50; 1.9025150110688662], [2; 50; 1.937426455336184], [2; 50; 1.9743331326491984], [2; 60; 2.416119160730648], [2; 60; 2.4659412923131767], [2; 60; 2.518978355459112], [2; 60; 2.575591679341452], [2; 60; 2.636202129066993], [2; 60; 2.7013033425667348], [2; 70; 3.233391877203527], [2; 70; 3.321994360819928], [2; 70; 3.4183039963920634], [2; 80; 4.026865267884414], [2; 80; 4.158928565316641], [2; 80; 4.304900050035183], [2; 80; 4.467405908536089], [2; 80; 4.649823492806842], [2; 80; 4.856582245413303], [2; 90; 5.730329734712476], [2; 90; 6.04029790182662], [2; 90; 6.4067034101527165], [2; 90; 6.8490540398479185], [2; 90; 7.397823876939531], [2; 100; 9.004344475222448], [2; 100; 10.067163169711034], [2; 100; 11.624558732017105], [2; 100; 14.237118689228257], [2; 100; 20.134326339422067]];
Intervals[4.9E-324=0.2847423737845652, 0.2847423737845652=0.5723756072048805, 0.5723756072048805=0.8629895755053081, 0.8629895755053081=1.1566789095368715, 1.1566789095368715=1.4535433556714175, 1.4535433556714175=1.7536881715121657, 1.7536881715121657=2.0572245618504974, 2.0572245618504974=2.3642701599876945, 2.3642701599876945=2.6749495603279754, 2.6749495603279754=2.9893949090800147, 2.9893949090800147=3.6260982129369568, 3.6260982129369568=4.2709127139051155, 4.2709127139051155=5.250778423592593, 5.250778423592593=6.2437972816755645, 6.2437972816755645=7.250513598646668, 7.250513598646668=8.271510292957968, 8.271510292957968=9.307412836960498, 9.307412836960498=10.358893736984596, 10.358893736984596=11.426677638676715, 11.426677638676715=12.873170343995735, 12.873170343995735=14.343573639498652, 14.343573639498652=15.839113854925094, 15.839113854925094=17.74162886599396, 17.74162886599396=19.679055321330143, 19.679055321330143=21.653388453979343, 21.653388453979343=24.06950761470999, 24.06950761470999=26.535448907023166, 26.535448907023166=29.054427262482278, 29.054427262482278=31.63001894182373, 31.63001894182373=34.26622107089072, 34.26622107089072=36.967524413457454, 36.967524413457454=40.200916290660984, 40.200916290660984=43.52291065148091, 43.52291065148091=46.941214647872975, 46.941214647872975=50.968079915757386, 50.968079915757386=55.12700848107403, 55.12700848107403=59.431908531109215, 59.431908531109215=63.8993144396453, 63.8993144396453=68.54913793245214, 68.54913793245214=73.40572017786545, 73.40572017786545=79.13604991257792, 79.13604991257792=85.17634781440454, 85.17634781440454=91.58305122455725, 91.58305122455725=98.43210526440517, 98.43210526440517=105.82992914134469, 105.82992914134469=114.83427361656715, 114.83427361656715=124.90143678627818, 124.90143678627818=136.52599551829528, 136.52599551829528=150.76311420752353, 150.76311420752353=170.8974405469456];
