1.0798281557054126
27052.319448288898
29211.85621739946
[2; 10; 1.0402368854888562]
[2; 10; 1.0507979368136349]
[1; 20; 2.123374650891394]
[1; 20; 2.145844849670564]
[1; 40; 4.3380876931653045]
[2; 20; 2.193011909509695]
[2; 20; 2.2177924916575322]
[2; 30; 3.3651488445231292]
[1; 60; 6.8099489549111345]
[2; 30; 3.4462484023163937]
[2; 30; 3.4890605829836208]
[1; 60; 7.067018013054802]
[2; 30; 3.5797006272548026]
[2; 30; 3.627752450169128]
[2; 40; 4.903723705130296]
[2; 40; 4.9732835440847465]
[2; 50; 6.307362580197203]
[2; 50; 6.402215460326037]
[1; 100; 13.002961068610702]
[2; 50; 6.60551082836837]
[1; 100; 13.429400445363374]
[2; 60; 8.195387685758964]
[2; 60; 8.340450056965924]
[1; 140; 19.818163408319677]
[1; 140; 20.195686157548643]
[2; 80; 11.768936892312711]
[1; 160; 24.023241834318764]
[2; 80; 12.269964900876376]
[1; 160; 25.091457761850414]
[1; 180; 28.892166513311434]
[1; 180; 29.60566077838088]
[1; 200; 33.74974117532811]
[2; 100; 17.33728142481427]
[1; 1040; 185.53512023736442]
[1; 1080; 198.60081005777698]
[1; 1080; 205.11403463921937]
[1; 1080; 212.3131965634199]
[1; 1080; 220.3278166190767]
[1; 1120; 237.81796089983615]
[1; 1120; 248.39275906564367]
[1; 1120; 260.5165235294437]
[2; 580; 142.2079874487786]
[2; 620; 161.2367172507727]
[2; 620; 172.36930117729577]
[1; 1280; 384.3718693491002]
[1; 1280; 421.0582866258615]
[2; 680; 250.08990896164508]
[2; 680; 288.7789525212296]
[2; 700; 364.08290992109966]
[2; 700; 514.890989038681]


Jobs: [[2; 10; 1.0402368854888562], [2; 10; 1.0507979368136349], [1; 20; 2.123374650891394], [1; 40; 4.3380876931653045], [2; 20; 2.193011909509695], [2; 20; 2.2177924916575322], [2; 30; 3.3651488445231292], [1; 60; 6.8099489549111345], [2; 30; 3.4462484023163937], [2; 30; 3.4890605829836208], [1; 60; 7.067018013054802], [2; 30; 3.5797006272548026], [2; 30; 3.627752450169128], [2; 40; 4.903723705130296], [2; 40; 4.9732835440847465], [2; 50; 6.307362580197203], [2; 50; 6.402215460326037], [1; 100; 13.002961068610702], [2; 50; 6.60551082836837], [1; 100; 13.429400445363374], [2; 60; 8.195387685758964], [2; 60; 8.340450056965924], [1; 140; 19.818163408319677], [2; 80; 11.768936892312711], [1; 160; 24.023241834318764], [2; 80; 12.269964900876376], [1; 160; 25.091457761850414], [1; 180; 29.60566077838088], [2; 100; 17.33728142481427], [1; 1040; 185.53512023736442], [1; 1080; 205.11403463921937], [1; 1080; 220.3278166190767], [1; 1120; 248.39275906564367], [2; 580; 142.2079874487786], [2; 620; 161.2367172507727], [2; 620; 172.36930117729577], [1; 1280; 384.3718693491002], [2; 680; 250.08990896164508], [2; 680; 288.7789525212296], [2; 700; 364.08290992109966], [2; 700; 514.890989038681]];
Intervals[4.9E-324=1.0402368854888562, 1.0402368854888562=2.091034822302491, 2.091034822302491=4.214409473193886, 4.214409473193886=8.55249716635919, 8.55249716635919=10.745509075868885, 10.745509075868885=12.963301567526416, 12.963301567526416=16.328450412049545, 16.328450412049545=23.13839936696068, 23.13839936696068=26.584647769277073, 26.584647769277073=30.073708352260695, 30.073708352260695=37.140726365315494, 37.140726365315494=40.720426992570296, 40.720426992570296=44.34817944273942, 44.34817944273942=49.25190314786972, 49.25190314786972=54.22518669195446, 54.22518669195446=60.53254927215166, 60.53254927215166=66.9347647324777, 66.9347647324777=79.9377258010884, 79.9377258010884=86.54323662945677, 86.54323662945677=99.97263707482014, 99.97263707482014=108.1680247605791, 108.1680247605791=116.50847481754502, 116.50847481754502=136.3266382258647, 136.70416097509366=148.47309786740638, 148.47309786740638=172.49633970172513, 172.49633970172513=184.7663046026015, 184.7663046026015=209.85776236445193, 209.85776236445193=239.46342314283282, 247.40821229124106=264.7454937160553, 264.7454937160553=450.28061395341973, 450.28061395341973=655.3946485926391, 655.3946485926391=875.7224652117159, 875.7224652117159=1124.1152242773596, 1173.993984766532=1316.2019722153107, 1316.2019722153107=1477.4386894660834, 1477.4386894660834=1649.807990643379, 1649.807990643379=2034.1798599924794, 2070.8662772692405=2320.9561862308856, 2320.9561862308856=2609.7351387521153, 2609.7351387521153=2973.818048673215, 2973.818048673215=3488.7090377118957];

Jobs: [[2; 10; 1.0402368854888562], [2; 10; 1.0507979368136349], [1; 20; 2.145844849670564], [2; 20; 2.193011909509695], [2; 20; 2.2177924916575322], [2; 30; 3.3651488445231292], [2; 30; 3.4462484023163937], [2; 30; 3.4890605829836208], [2; 30; 3.5797006272548026], [2; 30; 3.627752450169128], [2; 40; 4.903723705130296], [2; 40; 4.9732835440847465], [2; 50; 6.307362580197203], [2; 50; 6.402215460326037], [2; 50; 6.60551082836837], [2; 60; 8.195387685758964], [2; 60; 8.340450056965924], [1; 140; 20.195686157548643], [2; 80; 11.768936892312711], [2; 80; 12.269964900876376], [1; 180; 28.892166513311434], [1; 200; 33.74974117532811], [2; 100; 17.33728142481427], [1; 1080; 198.60081005777698], [1; 1080; 212.3131965634199], [1; 1120; 237.81796089983615], [1; 1120; 260.5165235294437], [2; 580; 142.2079874487786], [2; 620; 161.2367172507727], [2; 620; 172.36930117729577], [1; 1280; 421.0582866258615], [2; 680; 250.08990896164508], [2; 680; 288.7789525212296], [2; 700; 364.08290992109966], [2; 700; 514.890989038681]];
Intervals[4.9E-324=1.0402368854888562, 1.0402368854888562=2.091034822302491, 2.091034822302491=4.236879671973055, 8.55249716635919=10.745509075868885, 10.745509075868885=12.963301567526416, 12.963301567526416=16.328450412049545, 23.13839936696068=26.584647769277073, 26.584647769277073=30.073708352260695, 37.140726365315494=40.720426992570296, 40.720426992570296=44.34817944273942, 44.34817944273942=49.25190314786972, 49.25190314786972=54.22518669195446, 54.22518669195446=60.53254927215166, 60.53254927215166=66.9347647324777, 79.9377258010884=86.54323662945677, 99.97263707482014=108.1680247605791, 108.1680247605791=116.50847481754502, 116.50847481754502=136.70416097509366, 136.70416097509366=148.47309786740638, 172.49633970172513=184.7663046026015, 184.7663046026015=213.65847111591293, 213.65847111591293=247.40821229124106, 247.40821229124106=264.7454937160553, 264.7454937160553=463.3463037738323, 463.3463037738323=675.6595003372522, 675.6595003372522=913.4774612370884, 913.4774612370884=1173.993984766532, 1173.993984766532=1316.2019722153107, 1316.2019722153107=1477.4386894660834, 1477.4386894660834=1649.807990643379, 1649.807990643379=2070.8662772692405, 2070.8662772692405=2320.9561862308856, 2320.9561862308856=2609.7351387521153, 2609.7351387521153=2973.818048673215, 2973.818048673215=3488.7090377118957];
