0.9999999999999999
3004.241348536278
3004.2413485362777
[2; 10; 0.3466549493970209]
[2; 10; 0.3501743792150186]
[2; 10; 0.35380322618042687]
[2; 10; 0.35754727992885427]
[2; 20; 0.7228255365350472]
[2; 20; 0.7308128015099995]
[2; 20; 0.7390708353966274]
[2; 30; 1.1214229361453514]
[2; 30; 1.134694675459239]
[2; 30; 1.1484490524993518]
[2; 30; 1.162716047382733]
[2; 30; 1.1775283139244113]
[2; 40; 1.5905619923156002]
[2; 40; 1.6119127730504736]
[2; 40; 1.6341471030034198]
[2; 50; 2.0716595654334298]
[2; 50; 2.1019043705986213]
[2; 50; 2.133513728832223]
[2; 60; 2.5999121204776565]
[2; 60; 2.6415133559199764]
[2; 60; 2.685177691790074]
[2; 60; 2.7310814903094274]
[2; 60; 2.779422968728093]
[2; 60; 2.8304258094434145]
[2; 60; 2.8843435267946154]
[2; 60; 2.9414647854061555]
[2; 70; 3.5024732461300077]
[2; 70; 3.577803869491156]
[2; 70; 3.6582139964031337]
[2; 70; 3.744301398102985]
[2; 70; 3.8367672079274975]
[2; 70; 3.936440097323812]
[2; 70; 4.044307742965245]
[2; 70; 4.161558334796595]
[2; 70; 4.2896361453839775]
[2; 80; 5.063219612148273]
[2; 80; 5.240930210595414]
[2; 80; 5.438770312181321]
[2; 90; 6.368458071247683]
[2; 90; 6.651637518569647]
[2; 90; 6.976296284296396]
[2; 90; 7.353661963515389]
[2; 90; 7.79973636143297]
[2; 90; 8.338268906184279]
[2; 100; 10.007066417514308]
[2; 100; 10.962192022649992]
[2; 100; 12.256103272525648]
[2; 100; 14.152129047217075]
[2; 100; 17.332747469851043]
[2; 100; 24.512206545051296]


Jobs: [[2; 10; 0.3466549493970209], [2; 10; 0.3501743792150186], [2; 10; 0.35380322618042687], [2; 10; 0.35754727992885427], [2; 20; 0.7228255365350472], [2; 20; 0.7308128015099995], [2; 20; 0.7390708353966274], [2; 30; 1.1214229361453514], [2; 30; 1.134694675459239], [2; 30; 1.1484490524993518], [2; 30; 1.162716047382733], [2; 30; 1.1775283139244113], [2; 40; 1.5905619923156002], [2; 40; 1.6119127730504736], [2; 40; 1.6341471030034198], [2; 50; 2.0716595654334298], [2; 50; 2.1019043705986213], [2; 50; 2.133513728832223], [2; 60; 2.5999121204776565], [2; 60; 2.6415133559199764], [2; 60; 2.685177691790074], [2; 60; 2.7310814903094274], [2; 60; 2.779422968728093], [2; 60; 2.8304258094434145], [2; 60; 2.8843435267946154], [2; 60; 2.9414647854061555], [2; 70; 3.5024732461300077], [2; 70; 3.577803869491156], [2; 70; 3.6582139964031337], [2; 70; 3.744301398102985], [2; 70; 3.8367672079274975], [2; 70; 3.936440097323812], [2; 70; 4.044307742965245], [2; 70; 4.161558334796595], [2; 70; 4.2896361453839775], [2; 80; 5.063219612148273], [2; 80; 5.240930210595414], [2; 80; 5.438770312181321], [2; 90; 6.368458071247683], [2; 90; 6.651637518569647], [2; 90; 6.976296284296396], [2; 90; 7.353661963515389], [2; 90; 7.79973636143297], [2; 90; 8.338268906184279], [2; 100; 10.007066417514308], [2; 100; 10.962192022649992], [2; 100; 12.256103272525648], [2; 100; 14.152129047217075], [2; 100; 17.332747469851043], [2; 100; 24.512206545051296]];
Intervals[4.9E-324=0.3466549493970209, 0.3466549493970209=0.6968293286120395, 0.6968293286120395=1.0506325547924664, 1.0506325547924664=1.4081798347213206, 1.4081798347213206=2.131005371256368, 2.131005371256368=2.8618181727663674, 2.8618181727663674=3.6008890081629947, 3.6008890081629947=4.7223119443083466, 4.7223119443083466=5.857006619767586, 5.857006619767586=7.005455672266938, 7.005455672266938=8.16817171964967, 8.16817171964967=9.345700033574081, 9.345700033574081=10.93626202588968, 10.93626202588968=12.548174798940154, 12.548174798940154=14.182321901943574, 14.182321901943574=16.253981467377002, 16.253981467377002=18.355885837975624, 18.355885837975624=20.489399566807847, 20.489399566807847=23.089311687285505, 23.089311687285505=25.73082504320548, 25.73082504320548=28.416002734995555, 28.416002734995555=31.147084225304983, 31.147084225304983=33.92650719403308, 33.92650719403308=36.75693300347649, 36.75693300347649=39.64127653027111, 39.64127653027111=42.58274131567726, 42.58274131567726=46.08521456180727, 46.08521456180727=49.663018431298426, 49.663018431298426=53.32123242770156, 53.32123242770156=57.06553382580454, 57.06553382580454=60.902301033732044, 60.902301033732044=64.83874113105585, 64.83874113105585=68.8830488740211, 68.8830488740211=73.0446072088177, 73.0446072088177=77.33424335420167, 77.33424335420167=82.39746296634995, 82.39746296634995=87.63839317694536, 87.63839317694536=93.07716348912668, 93.07716348912668=99.44562156037436, 99.44562156037436=106.097259078944, 106.097259078944=113.0735553632404, 113.0735553632404=120.4272173267558, 120.4272173267558=128.22695368818876, 128.22695368818876=136.56522259437304, 136.56522259437304=146.57228901188734, 146.57228901188734=157.53448103453732, 157.53448103453732=169.79058430706297, 169.79058430706297=183.94271335428004, 183.94271335428004=201.27546082413107, 201.27546082413107=225.78766736918237];

Jobs: [[2; 10; 0.3466549493970209], [2; 10; 0.3501743792150186], [2; 10; 0.35380322618042687], [2; 10; 0.35754727992885427], [2; 20; 0.7228255365350472], [2; 20; 0.7308128015099995], [2; 20; 0.7390708353966274], [2; 30; 1.1214229361453514], [2; 30; 1.134694675459239], [2; 30; 1.1484490524993518], [2; 30; 1.162716047382733], [2; 30; 1.1775283139244113], [2; 40; 1.5905619923156002], [2; 40; 1.6119127730504736], [2; 40; 1.6341471030034198], [2; 50; 2.0716595654334298], [2; 50; 2.1019043705986213], [2; 50; 2.133513728832223], [2; 60; 2.5999121204776565], [2; 60; 2.6415133559199764], [2; 60; 2.685177691790074], [2; 60; 2.7310814903094274], [2; 60; 2.779422968728093], [2; 60; 2.8304258094434145], [2; 60; 2.8843435267946154], [2; 60; 2.9414647854061555], [2; 70; 3.5024732461300077], [2; 70; 3.577803869491156], [2; 70; 3.6582139964031337], [2; 70; 3.744301398102985], [2; 70; 3.8367672079274975], [2; 70; 3.936440097323812], [2; 70; 4.044307742965245], [2; 70; 4.161558334796595], [2; 70; 4.2896361453839775], [2; 80; 5.063219612148273], [2; 80; 5.240930210595414], [2; 80; 5.438770312181321], [2; 90; 6.368458071247683], [2; 90; 6.651637518569647], [2; 90; 6.976296284296396], [2; 90; 7.353661963515389], [2; 90; 7.79973636143297], [2; 90; 8.338268906184279], [2; 100; 10.007066417514308], [2; 100; 10.962192022649992], [2; 100; 12.256103272525648], [2; 100; 14.152129047217075], [2; 100; 17.332747469851043], [2; 100; 24.512206545051296]];
Intervals[4.9E-324=0.3466549493970209, 0.3466549493970209=0.6968293286120395, 0.6968293286120395=1.0506325547924664, 1.0506325547924664=1.4081798347213206, 1.4081798347213206=2.131005371256368, 2.131005371256368=2.8618181727663674, 2.8618181727663674=3.6008890081629947, 3.6008890081629947=4.7223119443083466, 4.7223119443083466=5.857006619767586, 5.857006619767586=7.005455672266938, 7.005455672266938=8.16817171964967, 8.16817171964967=9.345700033574081, 9.345700033574081=10.93626202588968, 10.93626202588968=12.548174798940154, 12.548174798940154=14.182321901943574, 14.182321901943574=16.253981467377002, 16.253981467377002=18.355885837975624, 18.355885837975624=20.489399566807847, 20.489399566807847=23.089311687285505, 23.089311687285505=25.73082504320548, 25.73082504320548=28.416002734995555, 28.416002734995555=31.147084225304983, 31.147084225304983=33.92650719403308, 33.92650719403308=36.75693300347649, 36.75693300347649=39.64127653027111, 39.64127653027111=42.58274131567726, 42.58274131567726=46.08521456180727, 46.08521456180727=49.663018431298426, 49.663018431298426=53.32123242770156, 53.32123242770156=57.06553382580454, 57.06553382580454=60.902301033732044, 60.902301033732044=64.83874113105585, 64.83874113105585=68.8830488740211, 68.8830488740211=73.0446072088177, 73.0446072088177=77.33424335420167, 77.33424335420167=82.39746296634995, 82.39746296634995=87.63839317694536, 87.63839317694536=93.07716348912668, 93.07716348912668=99.44562156037436, 99.44562156037436=106.097259078944, 106.097259078944=113.0735553632404, 113.0735553632404=120.4272173267558, 120.4272173267558=128.22695368818876, 128.22695368818876=136.56522259437304, 136.56522259437304=146.57228901188734, 146.57228901188734=157.53448103453732, 157.53448103453732=169.79058430706297, 169.79058430706297=183.94271335428004, 183.94271335428004=201.27546082413107, 201.27546082413107=225.78766736918237];
