1.139313330105457
27962.427339771155
31857.96621030655
[1; 10; 0.7478292230151368]
[1; 10; 0.7515966484861272]
[1; 10; 0.755421592519243]
[1; 10; 0.759305533763273]
[1; 20; 1.5265000092742427]
[2; 10; 0.7672565938701912]
[1; 20; 1.5426538983820348]
[2; 10; 0.7754627801744832]
[2; 10; 0.7796658612587937]
[2; 10; 0.7839380349443017]
[1; 30; 2.3648436455618436]
[1; 30; 2.378092173008545]
[1; 40; 3.1887545211697343]
[2; 20; 1.6035141678250733]
[1; 40; 3.225619960011792]
[1; 40; 3.2445387143768705]
[2; 20; 1.631897153031846]
[1; 40; 3.283396850516864]
[1; 50; 4.129196117046415]
[1; 50; 4.154606794528537]
[1; 50; 4.180492445556739]
[1; 50; 4.206868053866199]
[1; 60; 5.080499128093418]
[2; 30; 2.5566914804450436]
[2; 30; 2.5734568501180437]
[1; 60; 5.181112838587894]
[2; 30; 2.60800144077404]
[1; 60; 5.251607410108954]
[1; 70; 6.169276338907151]
[1; 70; 6.2125700373500745]
[1; 70; 6.256788175708014]
[1; 70; 6.301964128260163]
[1; 80; 7.255009120976458]
[2; 40; 3.6544752259666686]
[1; 80; 7.364113124707927]
[2; 40; 3.710271967789459]
[1; 100; 9.347865287689208]
[2; 50; 4.7108813029636005]
[1; 110; 10.447184692711376]
[1; 110; 10.532469248124995]
[2; 60; 5.792660253089713]
[2; 60; 5.841544328638578]
[2; 60; 5.891687259742532]
[1; 120; 11.886288041308312]
[1; 130; 12.991274847292875]
[1; 130; 13.108845341872758]
[2; 70; 7.123666709946465]
[2; 70; 7.190557066746839]
[2; 70; 7.259367793115497]
[1; 140; 14.660385141391314]
[1; 150; 15.863853442904105]
[1; 150; 16.024911921752928]
[1; 160; 17.270376128626317]
[2; 80; 8.7265682605584]
[1; 160; 17.64182456178377]
[2; 80; 8.918383883854379]
[2; 80; 9.019159781833524]
[1; 160; 18.24686197804015]
[2; 80; 9.231404344862714]
[2; 80; 9.34330424068058]
[1; 160; 18.91874916449475]
[1; 160; 19.15976205486506]
[1; 170; 20.623366284507004]
[1; 170; 20.900202379976914]
[1; 170; 21.188494652095542]
[1; 180; 22.753117787096283]
[2; 90; 11.542648830778589]
[2; 90; 11.716232237788123]
[1; 180; 23.795780164356156]
[2; 90; 12.088268411767386]
[2; 90; 12.288088038208558]
[1; 180; 24.996312083966]
[2; 90; 12.719379518001722]
[1; 190; 27.344762203658334]
[2; 100; 14.666137696111974]
[2; 100; 14.956584460302734]
[2; 100; 15.265000092742428]
[2; 100; 15.593317225175873]
[2; 100; 15.94377260584867]
[2; 100; 16.31897153031846]
[2; 100; 16.721969782226957]
[1; 200; 34.31275800157391]
[2; 110; 19.389154207993904]
[2; 110; 19.951275082685257]
[2; 110; 20.56530363291626]
[2; 110; 21.239754261328947]
[2; 120; 23.98389202577146]
[2; 130; 26.963366088714704]
[2; 130; 28.06436120901776]
[2; 150; 33.82184918187571]
[2; 150; 35.472654683427656]
[2; 160; 39.88422522747396]
[2; 170; 44.947584754894955]
[2; 180; 50.877518072006886]
[2; 180; 54.95400033387274]
[2; 180; 60.19909121601705]
[2; 190; 71.04377618643798]
[2; 190; 82.03428661097499]
[2; 190; 100.47107180505932]
[2; 200; 149.56584460302733]


Jobs: [[1; 10; 0.7478292230151368], [1; 10; 0.755421592519243], [1; 20; 1.5265000092742427], [2; 10; 0.7672565938701912], [1; 20; 1.5426538983820348], [2; 10; 0.7754627801744832], [2; 10; 0.7796658612587937], [2; 10; 0.7839380349443017], [1; 30; 2.3648436455618436], [1; 40; 3.1887545211697343], [2; 20; 1.6035141678250733], [1; 40; 3.225619960011792], [2; 20; 1.631897153031846], [1; 40; 3.283396850516864], [1; 50; 4.154606794528537], [1; 50; 4.206868053866199], [2; 30; 2.5566914804450436], [2; 30; 2.5734568501180437], [1; 60; 5.181112838587894], [2; 30; 2.60800144077404], [1; 60; 5.251607410108954], [1; 70; 6.2125700373500745], [1; 70; 6.301964128260163], [2; 40; 3.6544752259666686], [1; 80; 7.364113124707927], [2; 40; 3.710271967789459], [1; 100; 9.347865287689208], [2; 50; 4.7108813029636005], [1; 110; 10.447184692711376], [2; 60; 5.792660253089713], [2; 60; 5.841544328638578], [2; 60; 5.891687259742532], [1; 120; 11.886288041308312], [1; 130; 13.108845341872758], [2; 70; 7.123666709946465], [2; 70; 7.190557066746839], [2; 70; 7.259367793115497], [1; 140; 14.660385141391314], [1; 150; 16.024911921752928], [2; 80; 8.7265682605584], [1; 160; 17.64182456178377], [2; 80; 8.918383883854379], [2; 80; 9.019159781833524], [1; 160; 18.24686197804015], [2; 80; 9.231404344862714], [2; 80; 9.34330424068058], [1; 160; 18.91874916449475], [1; 170; 20.623366284507004], [1; 170; 21.188494652095542], [2; 90; 11.542648830778589], [2; 90; 11.716232237788123], [1; 180; 23.795780164356156], [2; 90; 12.088268411767386], [2; 90; 12.288088038208558], [1; 180; 24.996312083966], [2; 90; 12.719379518001722], [1; 190; 27.344762203658334], [2; 100; 14.666137696111974], [2; 100; 14.956584460302734], [2; 100; 15.265000092742428], [2; 100; 15.593317225175873], [2; 100; 15.94377260584867], [2; 100; 16.31897153031846], [2; 100; 16.721969782226957], [1; 200; 34.31275800157391], [2; 110; 19.389154207993904], [2; 110; 19.951275082685257], [2; 110; 20.56530363291626], [2; 110; 21.239754261328947], [2; 120; 23.98389202577146], [2; 130; 26.963366088714704], [2; 130; 28.06436120901776], [2; 150; 33.82184918187571], [2; 150; 35.472654683427656], [2; 160; 39.88422522747396], [2; 170; 44.947584754894955], [2; 180; 50.877518072006886], [2; 180; 54.95400033387274], [2; 180; 60.19909121601705], [2; 190; 71.04377618643798], [2; 190; 82.03428661097499], [2; 190; 100.47107180505932], [2; 200; 149.56584460302733]];
Intervals[0.0=0.7478292230151368, 0.7478292230151368=1.5032508155343798, 1.5032508155343798=3.0297508248086222, 3.0297508248086222=3.797007418678813, 3.797007418678813=5.339661317060848, 5.339661317060848=6.115124097235332, 6.115124097235332=6.894789958494125, 6.894789958494125=7.678727993438427, 7.678727993438427=10.04357163900027, 10.04357163900027=13.232326160170004, 13.232326160170004=14.835840327995077, 14.835840327995077=18.06146028800687, 18.08037904237195=19.712276195403795, 19.712276195403795=22.99567304592066, 22.99567304592066=27.150279840449198, 27.150279840449198=31.357147894315396, 33.10246388610037=35.65915536654541, 35.65915536654541=38.232612216663455, 38.232612216663455=43.41372505525135, 43.41372505525135=46.02172649602539, 46.02172649602539=51.27333390613434, 51.27333390613434=57.485903943484416, 57.485903943484416=63.78786807174458, 65.70280013161701=69.35727535758367, 69.35727535758367=76.7213884822916, 76.7213884822916=80.43166045008105, 80.43166045008105=89.77952573777026, 89.77952573777026=94.49040704073386, 94.49040704073386=104.93759173344523, 105.02287628885885=110.81553654194856, 110.81553654194856=116.65708087058714, 116.65708087058714=122.54876813032966, 122.54876813032966=134.43505617163797, 134.43505617163797=147.54390151351072, 147.54390151351072=154.66756822345718, 154.66756822345718=161.85812529020401, 161.85812529020401=169.11749308331952, 169.11749308331952=183.77787822471083, 183.77787822471083=199.80279014646376, 202.25172265484994=210.97829091540834, 210.97829091540834=228.62011547719212, 228.62011547719212=237.5384993610465, 237.5384993610465=246.55765914288003, 246.55765914288003=264.8045211209202, 264.8045211209202=274.0359254657829, 274.0359254657829=283.3792297064635, 283.3792297064635=302.2979788709582, 302.2979788709582=322.92134515546525, 322.92134515546525=344.1098398075608, 346.19231192840175=357.73496075918035, 357.73496075918035=369.4511929969685, 369.4511929969685=393.2469731613246, 393.2469731613246=405.335241573092, 405.335241573092=417.62332961130056, 417.62332961130056=442.6196416952666, 442.6196416952666=455.3390212132683, 455.3390212132683=482.68378341692664, 482.68378341692664=497.3499211130386, 497.3499211130386=512.3065055733413, 512.3065055733413=527.5715056660837, 527.5715056660837=543.1648228912595, 543.1648228912595=559.1085954971082, 559.1085954971082=575.4275670274267, 575.4275670274267=592.1495368096537, 592.1495368096537=626.4622948112276, 626.4622948112276=645.8514490192215, 645.8514490192215=665.8027241019067, 665.8027241019067=686.368027734823, 686.368027734823=707.607781996152, 707.607781996152=731.5916740219234, 731.5916740219234=758.5550401106381, 758.5550401106381=786.6194013196558, 786.6194013196558=820.4412505015315, 820.4412505015315=855.9139051849592, 855.9139051849592=895.7981304124331, 895.7981304124331=940.7457151673281, 940.7457151673281=991.6232332393349, 991.6232332393349=1046.5772335732076, 1046.5772335732076=1106.7763247892246, 1106.7763247892246=1177.8201009756626, 1177.8201009756626=1259.8543875866376, 1259.8543875866376=1360.325459391697, 1360.325459391697=1509.8913039947242];

Jobs: [[1; 10; 0.7515966484861272], [1; 10; 0.759305533763273], [2; 10; 0.7672565938701912], [2; 10; 0.7754627801744832], [2; 10; 0.7796658612587937], [2; 10; 0.7839380349443017], [1; 30; 2.378092173008545], [2; 20; 1.6035141678250733], [1; 40; 3.2445387143768705], [2; 20; 1.631897153031846], [1; 50; 4.129196117046415], [1; 50; 4.180492445556739], [1; 60; 5.080499128093418], [2; 30; 2.5566914804450436], [2; 30; 2.5734568501180437], [2; 30; 2.60800144077404], [1; 70; 6.169276338907151], [1; 70; 6.256788175708014], [1; 80; 7.255009120976458], [2; 40; 3.6544752259666686], [2; 40; 3.710271967789459], [2; 50; 4.7108813029636005], [1; 110; 10.532469248124995], [2; 60; 5.792660253089713], [2; 60; 5.841544328638578], [2; 60; 5.891687259742532], [1; 130; 12.991274847292875], [2; 70; 7.123666709946465], [2; 70; 7.190557066746839], [2; 70; 7.259367793115497], [1; 150; 15.863853442904105], [1; 160; 17.270376128626317], [2; 80; 8.7265682605584], [2; 80; 8.918383883854379], [2; 80; 9.019159781833524], [2; 80; 9.231404344862714], [2; 80; 9.34330424068058], [1; 160; 19.15976205486506], [1; 170; 20.900202379976914], [1; 180; 22.753117787096283], [2; 90; 11.542648830778589], [2; 90; 11.716232237788123], [2; 90; 12.088268411767386], [2; 90; 12.288088038208558], [2; 90; 12.719379518001722], [2; 100; 14.666137696111974], [2; 100; 14.956584460302734], [2; 100; 15.265000092742428], [2; 100; 15.593317225175873], [2; 100; 15.94377260584867], [2; 100; 16.31897153031846], [2; 100; 16.721969782226957], [2; 110; 19.389154207993904], [2; 110; 19.951275082685257], [2; 110; 20.56530363291626], [2; 110; 21.239754261328947], [2; 120; 23.98389202577146], [2; 130; 26.963366088714704], [2; 130; 28.06436120901776], [2; 150; 33.82184918187571], [2; 150; 35.472654683427656], [2; 160; 39.88422522747396], [2; 170; 44.947584754894955], [2; 180; 50.877518072006886], [2; 180; 54.95400033387274], [2; 180; 60.19909121601705], [2; 190; 71.04377618643798], [2; 190; 82.03428661097499], [2; 190; 100.47107180505932], [2; 200; 149.56584460302733]];
Intervals[0.0=0.7515966484861272, 0.7515966484861272=1.5109021822494002, 3.0297508248086222=3.797007418678813, 5.339661317060848=6.115124097235332, 6.115124097235332=6.894789958494125, 6.894789958494125=7.678727993438427, 7.678727993438427=10.056820166446972, 13.232326160170004=14.835840327995077, 14.835840327995077=18.08037904237195, 18.08037904237195=19.712276195403795, 19.712276195403795=23.84147231245021, 23.84147231245021=28.021964758006952, 28.021964758006952=33.10246388610037, 33.10246388610037=35.65915536654541, 35.65915536654541=38.232612216663455, 43.41372505525135=46.02172649602539, 46.02172649602539=52.19100283493254, 52.19100283493254=58.44779101064056, 58.44779101064056=65.70280013161701, 65.70280013161701=69.35727535758367, 76.7213884822916=80.43166045008105, 89.77952573777026=94.49040704073386, 94.49040704073386=105.02287628885885, 105.02287628885885=110.81553654194856, 110.81553654194856=116.65708087058714, 116.65708087058714=122.54876813032966, 122.54876813032966=135.54004297762253, 147.54390151351072=154.66756822345718, 154.66756822345718=161.85812529020401, 161.85812529020401=169.11749308331952, 169.11749308331952=184.98134652622363, 184.98134652622363=202.25172265484994, 202.25172265484994=210.97829091540834, 228.62011547719212=237.5384993610465, 237.5384993610465=246.55765914288003, 264.8045211209202=274.0359254657829, 274.0359254657829=283.3792297064635, 283.3792297064635=302.53899176132853, 302.53899176132853=323.43919414130545, 323.43919414130545=346.19231192840175, 346.19231192840175=357.73496075918035, 357.73496075918035=369.4511929969685, 393.2469731613246=405.335241573092, 405.335241573092=417.62332961130056, 442.6196416952666=455.3390212132683, 482.68378341692664=497.3499211130386, 497.3499211130386=512.3065055733413, 512.3065055733413=527.5715056660837, 527.5715056660837=543.1648228912595, 543.1648228912595=559.1085954971082, 559.1085954971082=575.4275670274267, 575.4275670274267=592.1495368096537, 626.4622948112276=645.8514490192215, 645.8514490192215=665.8027241019067, 665.8027241019067=686.368027734823, 686.368027734823=707.607781996152, 707.607781996152=731.5916740219234, 731.5916740219234=758.5550401106381, 758.5550401106381=786.6194013196558, 786.6194013196558=820.4412505015315, 820.4412505015315=855.9139051849592, 855.9139051849592=895.7981304124331, 895.7981304124331=940.7457151673281, 940.7457151673281=991.6232332393349, 991.6232332393349=1046.5772335732076, 1046.5772335732076=1106.7763247892246, 1106.7763247892246=1177.8201009756626, 1177.8201009756626=1259.8543875866376, 1259.8543875866376=1360.325459391697, 1360.325459391697=1509.8913039947242];
