1.0000000000000002
42959.71487468768
42959.714874687685
[2; 10; 1.3108732185026541]
[2; 10; 1.3241819172558023]
[2; 30; 4.013713128514279]
[2; 30; 4.0561874661458495]
[2; 40; 5.466719221183853]
[2; 40; 5.527126792245288]
[2; 40; 5.589582184723009]
[2; 40; 5.654203778770323]
[2; 50; 7.1513997027128555]
[2; 50; 7.238086500494694]
[2; 50; 7.328004066139674]
[2; 50; 7.421358199928829]
[2; 50; 7.5183735358512935]
[2; 50; 7.619295817172211]
[2; 60; 9.269273420790617]
[2; 70; 10.967552217752397]
[2; 70; 11.127670938752575]
[2; 70; 11.295013726525783]
[2; 80; 13.108732185026541]
[2; 80; 13.318485218478845]
[2; 80; 13.538640384666923]
[2; 80; 13.770086900234174]
[2; 80; 14.013824174670248]
[2; 80; 14.270980012495214]
[2; 90; 16.36068670942095]
[2; 90; 16.684692157423108]
[2; 90; 17.028742625459518]
[2; 90; 17.394994044638754]
[2; 90; 17.78594160067721]
[2; 100; 20.227212899054884]
[2; 100; 20.726725470919828]
[2; 560; 119.08496119954401]
[2; 560; 122.34816706024773]
[2; 560; 125.89522527367072]
[2; 600; 139.03910131185924]
[2; 600; 143.59896636066043]
[2; 620; 153.59368661611222]
[2; 620; 159.39170134671352]
[2; 620; 165.9001426452569]
[2; 640; 178.8666299111363]
[2; 640; 187.59690409317565]
[2; 640; 197.74449964353315]
[2; 640; 209.73971496042466]
[2; 660; 231.2280988820591]
[2; 660; 249.7548918400729]
[2; 680; 281.8834664045097]
[2; 680; 315.1552963068809]
[2; 680; 363.909990318628]
[2; 700; 458.80562647592893]
[2; 700; 648.8491394553431]


Jobs: [[2; 10; 1.3108732185026541], [2; 10; 1.3241819172558023], [2; 30; 4.013713128514279], [2; 30; 4.0561874661458495], [2; 40; 5.466719221183853], [2; 40; 5.527126792245288], [2; 40; 5.589582184723009], [2; 40; 5.654203778770323], [2; 50; 7.1513997027128555], [2; 50; 7.238086500494694], [2; 50; 7.328004066139674], [2; 50; 7.421358199928829], [2; 50; 7.5183735358512935], [2; 50; 7.619295817172211], [2; 60; 9.269273420790617], [2; 70; 10.967552217752397], [2; 70; 11.127670938752575], [2; 70; 11.295013726525783], [2; 80; 13.108732185026541], [2; 80; 13.318485218478845], [2; 80; 13.538640384666923], [2; 80; 13.770086900234174], [2; 80; 14.013824174670248], [2; 80; 14.270980012495214], [2; 90; 16.36068670942095], [2; 90; 16.684692157423108], [2; 90; 17.028742625459518], [2; 90; 17.394994044638754], [2; 90; 17.78594160067721], [2; 100; 20.227212899054884], [2; 100; 20.726725470919828], [2; 560; 119.08496119954401], [2; 560; 122.34816706024773], [2; 560; 125.89522527367072], [2; 600; 139.03910131185924], [2; 600; 143.59896636066043], [2; 620; 153.59368661611222], [2; 620; 159.39170134671352], [2; 620; 165.9001426452569], [2; 640; 178.8666299111363], [2; 640; 187.59690409317565], [2; 640; 197.74449964353315], [2; 640; 209.73971496042466], [2; 660; 231.2280988820591], [2; 660; 249.7548918400729], [2; 680; 281.8834664045097], [2; 680; 315.1552963068809], [2; 680; 363.909990318628], [2; 700; 458.80562647592893], [2; 700; 648.8491394553431]];
Intervals[4.9E-324=1.3108732185026541, 1.3108732185026541=2.6350551357584564, 2.6350551357584564=6.648768264272736, 6.648768264272736=10.704955730418586, 10.704955730418586=16.17167495160244, 16.17167495160244=21.698801743847728, 21.698801743847728=27.288383928570738, 27.288383928570738=32.94258770734106, 32.94258770734106=40.09398741005392, 40.09398741005392=47.332073910548615, 47.332073910548615=54.66007797668829, 54.66007797668829=62.08143617661712, 62.08143617661712=69.59980971246841, 69.59980971246841=77.21910552964063, 77.21910552964063=86.48837895043124, 86.48837895043124=97.45593116818364, 97.45593116818364=108.58360210693621, 108.58360210693621=119.87861583346199, 119.87861583346199=132.98734801848855, 132.98734801848855=146.3058332369674, 146.3058332369674=159.84447362163434, 159.84447362163434=173.6145605218685, 173.6145605218685=187.62838469653875, 187.62838469653875=201.89936470903396, 201.89936470903396=218.2600514184549, 218.2600514184549=234.94474357587802, 234.94474357587802=251.97348620133755, 251.97348620133755=269.3684802459763, 269.3684802459763=287.1544218466535, 287.1544218466535=307.3816347457084, 307.3816347457084=328.1083602166282, 328.1083602166282=447.19332141617224, 447.19332141617224=569.54148847642, 569.54148847642=695.4367137500907, 695.4367137500907=834.4758150619499, 834.4758150619499=978.0747814226104, 978.0747814226104=1131.6684680387225, 1131.6684680387225=1291.060169385436, 1291.060169385436=1456.9603120306929, 1456.9603120306929=1635.826941941829, 1635.826941941829=1823.4238460350048, 1823.4238460350048=2021.168345678538, 2021.168345678538=2230.9080606389625, 2230.9080606389625=2462.1361595210215, 2462.1361595210215=2711.8910513610945, 2711.8910513610945=2993.7745177656043, 2993.7745177656043=3308.929814072485, 3308.929814072485=3672.839804391113, 3672.839804391113=4131.645430867042, 4131.645430867042=4780.494570322385];

Jobs: [[2; 10; 1.3108732185026541], [2; 10; 1.3241819172558023], [2; 30; 4.013713128514279], [2; 30; 4.0561874661458495], [2; 40; 5.466719221183853], [2; 40; 5.527126792245288], [2; 40; 5.589582184723009], [2; 40; 5.654203778770323], [2; 50; 7.1513997027128555], [2; 50; 7.238086500494694], [2; 50; 7.328004066139674], [2; 50; 7.421358199928829], [2; 50; 7.5183735358512935], [2; 50; 7.619295817172211], [2; 60; 9.269273420790617], [2; 70; 10.967552217752397], [2; 70; 11.127670938752575], [2; 70; 11.295013726525783], [2; 80; 13.108732185026541], [2; 80; 13.318485218478845], [2; 80; 13.538640384666923], [2; 80; 13.770086900234174], [2; 80; 14.013824174670248], [2; 80; 14.270980012495214], [2; 90; 16.36068670942095], [2; 90; 16.684692157423108], [2; 90; 17.028742625459518], [2; 90; 17.394994044638754], [2; 90; 17.78594160067721], [2; 100; 20.227212899054884], [2; 100; 20.726725470919828], [2; 560; 119.08496119954401], [2; 560; 122.34816706024773], [2; 560; 125.89522527367072], [2; 600; 139.03910131185924], [2; 600; 143.59896636066043], [2; 620; 153.59368661611222], [2; 620; 159.39170134671352], [2; 620; 165.9001426452569], [2; 640; 178.8666299111363], [2; 640; 187.59690409317565], [2; 640; 197.74449964353315], [2; 640; 209.73971496042466], [2; 660; 231.2280988820591], [2; 660; 249.7548918400729], [2; 680; 281.8834664045097], [2; 680; 315.1552963068809], [2; 680; 363.909990318628], [2; 700; 458.80562647592893], [2; 700; 648.8491394553431]];
Intervals[4.9E-324=1.3108732185026541, 1.3108732185026541=2.6350551357584564, 2.6350551357584564=6.648768264272736, 6.648768264272736=10.704955730418586, 10.704955730418586=16.17167495160244, 16.17167495160244=21.698801743847728, 21.698801743847728=27.288383928570738, 27.288383928570738=32.94258770734106, 32.94258770734106=40.09398741005392, 40.09398741005392=47.332073910548615, 47.332073910548615=54.66007797668829, 54.66007797668829=62.08143617661712, 62.08143617661712=69.59980971246841, 69.59980971246841=77.21910552964063, 77.21910552964063=86.48837895043124, 86.48837895043124=97.45593116818364, 97.45593116818364=108.58360210693621, 108.58360210693621=119.87861583346199, 119.87861583346199=132.98734801848855, 132.98734801848855=146.3058332369674, 146.3058332369674=159.84447362163434, 159.84447362163434=173.6145605218685, 173.6145605218685=187.62838469653875, 187.62838469653875=201.89936470903396, 201.89936470903396=218.2600514184549, 218.2600514184549=234.94474357587802, 234.94474357587802=251.97348620133755, 251.97348620133755=269.3684802459763, 269.3684802459763=287.1544218466535, 287.1544218466535=307.3816347457084, 307.3816347457084=328.1083602166282, 328.1083602166282=447.19332141617224, 447.19332141617224=569.54148847642, 569.54148847642=695.4367137500907, 695.4367137500907=834.4758150619499, 834.4758150619499=978.0747814226104, 978.0747814226104=1131.6684680387225, 1131.6684680387225=1291.060169385436, 1291.060169385436=1456.9603120306929, 1456.9603120306929=1635.826941941829, 1635.826941941829=1823.4238460350048, 1823.4238460350048=2021.168345678538, 2021.168345678538=2230.9080606389625, 2230.9080606389625=2462.1361595210215, 2462.1361595210215=2711.8910513610945, 2711.8910513610945=2993.7745177656043, 2993.7745177656043=3308.929814072485, 3308.929814072485=3672.839804391113, 3672.839804391113=4131.645430867042, 4131.645430867042=4780.494570322385];
