1.182285603407905
437375.7479524965
517103.05008400115
[1; 20; 5.915239626270412]
[2; 10; 2.9725197553607665]
[2; 10; 2.987647180056563]
[2; 10; 3.003007935190043]
[2; 10; 3.018608081386245]
[2; 10; 3.0344539019748606]
[2; 10; 3.050551913623613]
[1; 20; 6.133817755197671]
[2; 20; 6.167063623394824]
[1; 40; 12.4017120115918]
[2; 20; 6.235210041565893]
[2; 20; 6.270141463576251]
[2; 20; 6.305666628679726]
[2; 30; 9.512703824840612]
[2; 30; 9.567850395954139]
[1; 60; 19.247934603508455]
[1; 60; 19.36216667227604]
[2; 40; 12.985638004785287]
[2; 40; 13.06457878054893]
[2; 40; 13.144976947267583]
[1; 80; 26.453755815082186]
[1; 80; 26.620658138380065]
[2; 40; 13.395379960576097]
[2; 50; 16.852602942666735]
[2; 50; 16.963112998513175]
[2; 50; 17.075825952741816]
[2; 50; 17.190815978945185]
[2; 50; 17.308160794967492]
[2; 60; 20.913530260395937]
[2; 60; 21.060293676837563]
[2; 60; 21.21019089716065]
[1; 120; 42.72667011691861]
[2; 60; 21.519845099957685]
[2; 60; 21.679846151275648]
[2; 70; 25.48404827841796]
[1; 140; 51.358662395321346]
[2; 70; 25.879173364933052]
[2; 70; 26.08375499411027]
[2; 80; 30.04944735091607]
[2; 80; 30.294753032123733]
[2; 80; 30.546166081828655]
[2; 80; 30.803944205390422]
[2; 90; 34.95190566762208]
[1; 180; 70.51433656309648]
[2; 90; 35.57057149634885]
[2; 90; 35.89248368221769]
[1; 180; 72.44659395326987]
[2; 90; 36.56342929302613]
[2; 90; 36.9133265408788]
[2; 90; 37.27346508413885]
[2; 100; 41.82706052079187]
[2; 100; 42.25171161621723]
[2; 100; 42.68956488185455]
[2; 100; 43.14131888969713]
[1; 1040; 453.5203408435815]
[2; 520; 229.26588373071226]
[2; 520; 231.85654091813979]
[1; 1080; 487.1154165377447]
[2; 540; 246.44014834375002]
[2; 540; 249.42741072494465]
[2; 540; 252.52600668341861]
[1; 1080; 511.4860563614624]
[2; 560; 268.68200198072435]
[2; 560; 272.28863318366524]
[1; 1120; 552.0890317852384]
[2; 560; 279.96023652134494]
[2; 560; 284.04746347159795]
[1; 1160; 597.2324081632986]
[2; 580; 303.2461887757411]
[2; 580; 308.0984358947429]
[2; 580; 313.19131704781756]
[2; 580; 318.5454026115888]
[2; 600; 335.36256420998916]
[2; 600; 341.51651905483635]
[2; 600; 348.0221801761169]
[2; 600; 354.9143775762247]
[2; 600; 362.23296976634936]
[2; 600; 370.0238174036895]
[1; 1240; 781.9026619562859]
[1; 1240; 800.3028891207432]
[2; 620; 410.0332151337738]
[2; 620; 420.68520236312673]
[2; 620; 432.2129587148494]
[2; 620; 444.74346539912545]
[2; 640; 473.219170101633]
[2; 640; 488.7386573092585]
[1; 1280; 1011.7851447850338]
[1; 1320; 1082.790911865778]
[1; 1320; 1127.00451288096]
[2; 660; 588.5589115614317]
[1; 1320; 1234.5715882300467]
[1; 1320; 1301.3527177794906]
[2; 680; 711.0600288534617]
[1; 1360; 1520.3102910852842]
[2; 680; 821.0613981370586]
[2; 700; 925.8814535278764]
[1; 1400; 2070.333869194644]
[2; 700; 1195.3078166919274]
[1; 1400; 2927.8942364554314]
[2; 700; 2070.333869194644]


Jobs: [[1; 20; 5.915239626270412], [2; 10; 2.9725197553607665], [2; 10; 2.987647180056563], [2; 10; 3.003007935190043], [2; 10; 3.018608081386245], [2; 10; 3.0344539019748606], [2; 10; 3.050551913623613], [1; 20; 6.133817755197671], [2; 20; 6.167063623394824], [1; 40; 12.4017120115918], [2; 20; 6.235210041565893], [2; 20; 6.270141463576251], [2; 20; 6.305666628679726], [2; 30; 9.512703824840612], [2; 30; 9.567850395954139], [1; 60; 19.247934603508455], [2; 40; 12.985638004785287], [2; 40; 13.06457878054893], [2; 40; 13.144976947267583], [1; 80; 26.453755815082186], [2; 40; 13.395379960576097], [2; 50; 16.852602942666735], [2; 50; 16.963112998513175], [2; 50; 17.075825952741816], [2; 50; 17.190815978945185], [2; 50; 17.308160794967492], [2; 60; 20.913530260395937], [2; 60; 21.060293676837563], [2; 60; 21.21019089716065], [1; 120; 42.72667011691861], [2; 60; 21.519845099957685], [2; 60; 21.679846151275648], [2; 70; 25.48404827841796], [1; 140; 51.358662395321346], [2; 70; 25.879173364933052], [2; 70; 26.08375499411027], [2; 80; 30.04944735091607], [2; 80; 30.294753032123733], [2; 80; 30.546166081828655], [2; 80; 30.803944205390422], [2; 90; 34.95190566762208], [1; 180; 70.51433656309648], [2; 90; 35.57057149634885], [2; 90; 35.89248368221769], [1; 180; 72.44659395326987], [2; 90; 36.56342929302613], [2; 90; 36.9133265408788], [2; 90; 37.27346508413885], [2; 100; 41.82706052079187], [2; 100; 42.25171161621723], [2; 100; 42.68956488185455], [2; 100; 43.14131888969713], [1; 1040; 453.5203408435815], [2; 520; 229.26588373071226], [2; 520; 231.85654091813979], [1; 1080; 487.1154165377447], [2; 540; 246.44014834375002], [2; 540; 249.42741072494465], [2; 540; 252.52600668341861], [1; 1080; 511.4860563614624], [2; 560; 268.68200198072435], [2; 560; 272.28863318366524], [1; 1120; 552.0890317852384], [2; 560; 279.96023652134494], [2; 560; 284.04746347159795], [1; 1160; 597.2324081632986], [2; 580; 303.2461887757411], [2; 580; 308.0984358947429], [2; 580; 313.19131704781756], [2; 580; 318.5454026115888], [2; 600; 335.36256420998916], [2; 600; 341.51651905483635], [2; 600; 348.0221801761169], [2; 600; 354.9143775762247], [2; 600; 362.23296976634936], [2; 600; 370.0238174036895], [1; 1240; 781.9026619562859], [2; 620; 410.0332151337738], [2; 620; 420.68520236312673], [2; 620; 432.2129587148494], [2; 620; 444.74346539912545], [2; 640; 473.219170101633], [2; 640; 488.7386573092585], [1; 1280; 1011.7851447850338], [1; 1320; 1127.00451288096], [2; 660; 588.5589115614317], [1; 1320; 1234.5715882300467], [2; 680; 711.0600288534617], [1; 1360; 1520.3102910852842], [2; 680; 821.0613981370586], [2; 700; 925.8814535278764], [1; 1400; 2070.333869194644], [2; 700; 1195.3078166919274], [1; 1400; 2927.8942364554314], [2; 700; 2070.333869194644]];
Intervals[0.0=5.915239626270412, 5.915239626270412=8.887759381631179, 8.887759381631179=11.875406561687742, 11.875406561687742=14.878414496877785, 14.878414496877785=17.89702257826403, 17.89702257826403=20.93147648023889, 20.93147648023889=23.982028393862503, 23.982028393862503=30.115846149060175, 30.115846149060175=36.282909772455, 36.282909772455=48.6846217840468, 48.6846217840468=54.91983182561269, 54.91983182561269=61.18997328918894, 61.18997328918894=67.49563991786867, 67.49563991786867=77.00834374270929, 77.00834374270929=86.57619413866342, 86.57619413866342=105.82412874217188, 105.93836081093946=118.92399881572474, 118.92399881572474=131.98857759627367, 131.98857759627367=145.13355454354127, 145.13355454354127=171.58731035862345, 171.75421268192133=185.14959264249742, 185.14959264249742=202.00219558516415, 202.00219558516415=218.9653085836773, 218.9653085836773=236.04113453641912, 236.04113453641912=253.2319505153643, 253.2319505153643=270.5401113103318, 270.5401113103318=291.4536415707277, 291.4536415707277=312.51393524756526, 312.51393524756526=333.7241261447259, 333.7241261447259=376.45079626164454, 376.45079626164454=397.97064136160225, 397.97064136160225=419.6504875128779, 419.6504875128779=445.13453579129583, 445.13453579129583=496.4931981866172, 496.4931981866172=522.3723715515503, 522.3723715515503=548.4561265456605, 548.4561265456605=578.5055738965766, 578.5055738965766=608.8003269287003, 608.8003269287003=639.346493010529, 639.346493010529=670.1504372159194, 670.1504372159194=705.1023428835415, 705.1023428835415=775.6166794466379, 775.6166794466379=811.1872509429868, 811.1872509429868=847.0797346252045, 847.0797346252045=919.5263285784744, 919.5263285784744=956.0897578715005, 956.0897578715005=993.0030844123793, 993.0030844123793=1030.276549496518, 1030.276549496518=1072.10361001731, 1072.10361001731=1114.3553216335274, 1114.3553216335274=1157.044886515382, 1157.044886515382=1200.1862054050791, 1200.1862054050791=1653.7065462486607, 1653.7065462486607=1882.972429979373, 1882.972429979373=2114.8289708975126, 2114.8289708975126=2601.9443874352573, 2601.9443874352573=2848.3845357790074, 2848.3845357790074=3097.811946503952, 3097.811946503952=3350.3379531873707, 3350.3379531873707=3861.824009548833, 3861.824009548833=4130.506011529557, 4130.506011529557=4402.794644713223, 4402.794644713223=4954.883676498461, 4954.883676498461=5234.843913019806, 5234.843913019806=5518.891376491404, 5518.891376491404=6116.123784654703, 6116.123784654703=6419.369973430444, 6419.369973430444=6727.468409325186, 6727.468409325186=7040.659726373004, 7040.659726373004=7359.205128984592, 7359.205128984592=7694.567693194582, 7694.567693194582=8036.084212249418, 8036.084212249418=8384.106392425534, 8384.106392425534=8739.020770001758, 8739.020770001758=9101.253739768108, 9101.253739768108=9471.277557171798, 9471.277557171798=10253.180219128084, 10271.58044629254=10681.613661426314, 10681.613661426314=11102.298863789441, 11102.298863789441=11534.511822504292, 11534.511822504292=11979.255287903417, 11979.255287903417=12452.47445800505, 12452.47445800505=12941.21311531431, 12941.21311531431=13952.998260099343, 13952.998260099343=15080.002772980302, 15080.002772980302=15668.561684541733, 15668.561684541733=16903.13327277178, 16969.914402321225=17680.974431174687, 17680.974431174687=19201.28472225997, 19201.28472225997=20022.34612039703, 20022.34612039703=20948.227573924905, 20948.227573924905=23018.56144311955, 23018.56144311955=24213.869259811476, 24213.869259811476=27141.763496266907, 27141.763496266907=29212.09736546155];

Jobs: [[2; 10; 2.9725197553607665], [2; 10; 2.987647180056563], [2; 10; 3.003007935190043], [2; 10; 3.018608081386245], [2; 10; 3.0344539019748606], [2; 10; 3.050551913623613], [2; 20; 6.167063623394824], [2; 20; 6.235210041565893], [2; 20; 6.270141463576251], [2; 20; 6.305666628679726], [2; 30; 9.512703824840612], [2; 30; 9.567850395954139], [1; 60; 19.36216667227604], [2; 40; 12.985638004785287], [2; 40; 13.06457878054893], [2; 40; 13.144976947267583], [1; 80; 26.620658138380065], [2; 40; 13.395379960576097], [2; 50; 16.852602942666735], [2; 50; 16.963112998513175], [2; 50; 17.075825952741816], [2; 50; 17.190815978945185], [2; 50; 17.308160794967492], [2; 60; 20.913530260395937], [2; 60; 21.060293676837563], [2; 60; 21.21019089716065], [2; 60; 21.519845099957685], [2; 60; 21.679846151275648], [2; 70; 25.48404827841796], [2; 70; 25.879173364933052], [2; 70; 26.08375499411027], [2; 80; 30.04944735091607], [2; 80; 30.294753032123733], [2; 80; 30.546166081828655], [2; 80; 30.803944205390422], [2; 90; 34.95190566762208], [2; 90; 35.57057149634885], [2; 90; 35.89248368221769], [2; 90; 36.56342929302613], [2; 90; 36.9133265408788], [2; 90; 37.27346508413885], [2; 100; 41.82706052079187], [2; 100; 42.25171161621723], [2; 100; 42.68956488185455], [2; 100; 43.14131888969713], [2; 520; 229.26588373071226], [2; 520; 231.85654091813979], [2; 540; 246.44014834375002], [2; 540; 249.42741072494465], [2; 540; 252.52600668341861], [2; 560; 268.68200198072435], [2; 560; 272.28863318366524], [2; 560; 279.96023652134494], [2; 560; 284.04746347159795], [2; 580; 303.2461887757411], [2; 580; 308.0984358947429], [2; 580; 313.19131704781756], [2; 580; 318.5454026115888], [2; 600; 335.36256420998916], [2; 600; 341.51651905483635], [2; 600; 348.0221801761169], [2; 600; 354.9143775762247], [2; 600; 362.23296976634936], [2; 600; 370.0238174036895], [1; 1240; 800.3028891207432], [2; 620; 410.0332151337738], [2; 620; 420.68520236312673], [2; 620; 432.2129587148494], [2; 620; 444.74346539912545], [2; 640; 473.219170101633], [2; 640; 488.7386573092585], [1; 1320; 1082.790911865778], [2; 660; 588.5589115614317], [1; 1320; 1301.3527177794906], [2; 680; 711.0600288534617], [2; 680; 821.0613981370586], [2; 700; 925.8814535278764], [2; 700; 1195.3078166919274], [2; 700; 2070.333869194644]];
Intervals[5.915239626270412=8.887759381631179, 8.887759381631179=11.875406561687742, 11.875406561687742=14.878414496877785, 14.878414496877785=17.89702257826403, 17.89702257826403=20.93147648023889, 20.93147648023889=23.982028393862503, 30.115846149060175=36.282909772455, 48.6846217840468=54.91983182561269, 54.91983182561269=61.18997328918894, 61.18997328918894=67.49563991786867, 67.49563991786867=77.00834374270929, 77.00834374270929=86.57619413866342, 86.57619413866342=105.93836081093946, 105.93836081093946=118.92399881572474, 118.92399881572474=131.98857759627367, 131.98857759627367=145.13355454354127, 145.13355454354127=171.75421268192133, 171.75421268192133=185.14959264249742, 185.14959264249742=202.00219558516415, 202.00219558516415=218.9653085836773, 218.9653085836773=236.04113453641912, 236.04113453641912=253.2319505153643, 253.2319505153643=270.5401113103318, 270.5401113103318=291.4536415707277, 291.4536415707277=312.51393524756526, 312.51393524756526=333.7241261447259, 376.45079626164454=397.97064136160225, 397.97064136160225=419.6504875128779, 419.6504875128779=445.13453579129583, 496.4931981866172=522.3723715515503, 522.3723715515503=548.4561265456605, 548.4561265456605=578.5055738965766, 578.5055738965766=608.8003269287003, 608.8003269287003=639.346493010529, 639.346493010529=670.1504372159194, 670.1504372159194=705.1023428835415, 775.6166794466379=811.1872509429868, 811.1872509429868=847.0797346252045, 919.5263285784744=956.0897578715005, 956.0897578715005=993.0030844123793, 993.0030844123793=1030.276549496518, 1030.276549496518=1072.10361001731, 1072.10361001731=1114.3553216335274, 1114.3553216335274=1157.044886515382, 1157.044886515382=1200.1862054050791, 1653.7065462486607=1882.972429979373, 1882.972429979373=2114.8289708975126, 2601.9443874352573=2848.3845357790074, 2848.3845357790074=3097.811946503952, 3097.811946503952=3350.3379531873707, 3861.824009548833=4130.506011529557, 4130.506011529557=4402.794644713223, 4954.883676498461=5234.843913019806, 5234.843913019806=5518.891376491404, 6116.123784654703=6419.369973430444, 6419.369973430444=6727.468409325186, 6727.468409325186=7040.659726373004, 7040.659726373004=7359.205128984592, 7359.205128984592=7694.567693194582, 7694.567693194582=8036.084212249418, 8036.084212249418=8384.106392425534, 8384.106392425534=8739.020770001758, 8739.020770001758=9101.253739768108, 9101.253739768108=9471.277557171798, 9471.277557171798=10271.58044629254, 10271.58044629254=10681.613661426314, 10681.613661426314=11102.298863789441, 11102.298863789441=11534.511822504292, 11534.511822504292=11979.255287903417, 11979.255287903417=12452.47445800505, 12452.47445800505=12941.21311531431, 12941.21311531431=14024.004027180086, 15080.002772980302=15668.561684541733, 15668.561684541733=16969.914402321225, 16969.914402321225=17680.974431174687, 19201.28472225997=20022.34612039703, 20022.34612039703=20948.227573924905, 23018.56144311955=24213.869259811476, 27141.763496266907=29212.09736546155];
