1.2531407436329312
82103.60228243629
102887.36921915463
[1; 20; 3.624441524592417]
[2; 20; 3.661238828647724]
[2; 20; 3.6991801407527296]
[2; 20; 3.7383259942872327]
[2; 20; 3.7787415039225927]
[1; 40; 7.640993642536816]
[1; 60; 11.591002941481863]
[2; 40; 7.816671618209974]
[1; 100; 19.772949569507023]
[2; 60; 12.007578261893523]
[1; 120; 24.313492888384864]
[2; 60; 12.311615699688058]
[2; 70; 14.551318464117875]
[1; 140; 29.493293829924188]
[2; 70; 14.95005855031154]
[2; 70; 15.162126710683486]
[2; 80; 17.581123811493228]
[2; 80; 17.84551644917946]
[2; 90; 20.387483575832345]
[1; 200; 46.03045339280011]
[1; 200; 46.79133888016351]
[1; 200; 47.59124877028847]
[2; 100; 24.216818577538255]
[2; 520; 128.23824487942792]
[1; 1040; 261.3621952367767]
[2; 540; 138.39482772288397]
[2; 540; 141.24862956727057]
[2; 560; 149.63052953938427]
[2; 560; 152.9934332392675]
[1; 1120; 313.1875426323402]
[2; 560; 160.4608664932731]
[2; 560; 164.62937537892427]
[2; 560; 169.1406044809795]
[2; 580; 180.2601120858136]
[2; 580; 185.807870553872]
[1; 1200; 397.03767627553646]
[2; 600; 205.48651961929997]
[2; 600; 213.2434391512237]
[2; 600; 221.9508084451638]
[1; 1240; 479.09478824791705]
[2; 620; 251.23942651331024]
[1; 1240; 529.6592172110375]
[2; 640; 289.9553219673934]
[1; 1280; 619.9505555849794]
[2; 660; 345.27442783110587]
[2; 660; 378.22918530557234]
[1; 1360; 871.3748412181584]
[1; 1360; 1006.1769982847425]
[1; 1360; 1232.3101183614217]
[2; 700; 897.0035130186925]


Jobs: [[1; 20; 3.624441524592417], [2; 20; 3.661238828647724], [2; 20; 3.6991801407527296], [2; 20; 3.7383259942872327], [2; 20; 3.7787415039225927], [1; 40; 7.640993642536816], [2; 40; 7.816671618209974], [1; 100; 19.772949569507023], [2; 60; 12.007578261893523], [1; 120; 24.313492888384864], [2; 60; 12.311615699688058], [2; 70; 14.551318464117875], [1; 140; 29.493293829924188], [2; 70; 14.95005855031154], [2; 70; 15.162126710683486], [2; 80; 17.581123811493228], [2; 80; 17.84551644917946], [2; 90; 20.387483575832345], [1; 200; 46.03045339280011], [1; 200; 47.59124877028847], [2; 100; 24.216818577538255], [2; 520; 128.23824487942792], [1; 1040; 261.3621952367767], [2; 540; 138.39482772288397], [2; 540; 141.24862956727057], [2; 560; 149.63052953938427], [2; 560; 152.9934332392675], [1; 1120; 313.1875426323402], [2; 560; 160.4608664932731], [2; 560; 164.62937537892427], [2; 560; 169.1406044809795], [2; 580; 180.2601120858136], [2; 580; 185.807870553872], [1; 1200; 397.03767627553646], [2; 600; 205.48651961929997], [2; 600; 213.2434391512237], [2; 600; 221.9508084451638], [1; 1240; 479.09478824791705], [2; 620; 251.23942651331024], [1; 1240; 529.6592172110375], [2; 640; 289.9553219673934], [1; 1280; 619.9505555849794], [2; 660; 345.27442783110587], [2; 660; 378.22918530557234], [1; 1360; 871.3748412181584], [1; 1360; 1232.3101183614217], [2; 700; 897.0035130186925]];
Intervals[0.0=3.624441524592417, 3.624441524592417=7.285680353240141, 7.285680353240141=10.984860493992871, 10.984860493992871=14.723186488280103, 14.723186488280103=18.501927992202695, 18.501927992202695=26.142921634739512, 30.092930933684556=37.90960255189453, 37.90960255189453=57.68255212140156, 57.68255212140156=69.69013038329508, 69.69013038329508=94.00362327167994, 94.00362327167994=106.315238971368, 106.315238971368=120.86655743548587, 120.86655743548587=150.35985126541007, 150.35985126541007=165.30990981572162, 165.30990981572162=180.4720365264051, 180.4720365264051=198.05316033789833, 198.05316033789833=215.8986767870778, 215.8986767870778=236.28616036291012, 236.28616036291012=282.31661375571025, 282.31661375571025=329.9078625259987, 329.9078625259987=354.124681103537, 354.124681103537=482.36292598296495, 482.36292598296495=743.7251212197416, 743.7251212197416=882.1199489426256, 882.1199489426256=1023.3685785098961, 1023.3685785098961=1172.9991080492805, 1172.9991080492805=1325.992541288548, 1325.992541288548=1639.1800839208881, 1639.1800839208881=1799.6409504141611, 1799.6409504141611=1964.2703257930855, 1964.2703257930855=2133.410930274065, 2133.410930274065=2313.6710423598784, 2313.6710423598784=2499.4789129137503, 2499.4789129137503=2896.5165891892866, 2896.5165891892866=3102.0031088085866, 3102.0031088085866=3315.2465479598104, 3315.2465479598104=3537.197356404974, 3537.197356404974=4016.2921446528912, 4016.2921446528912=4267.5315711662015, 4267.5315711662015=4797.190788377239, 4797.190788377239=5087.146110344633, 5087.146110344633=5707.096665929612, 5707.096665929612=6052.3710937607175, 6052.3710937607175=6430.60027906629, 6430.60027906629=7301.975120284448, 7301.975120284448=8534.285238645869, 8534.285238645869=9431.28875166456];

Jobs: [[2; 20; 3.661238828647724], [2; 20; 3.6991801407527296], [2; 20; 3.7383259942872327], [2; 20; 3.7787415039225927], [1; 60; 11.591002941481863], [2; 40; 7.816671618209974], [2; 60; 12.007578261893523], [2; 60; 12.311615699688058], [2; 70; 14.551318464117875], [2; 70; 14.95005855031154], [2; 70; 15.162126710683486], [2; 80; 17.581123811493228], [2; 80; 17.84551644917946], [2; 90; 20.387483575832345], [1; 200; 46.79133888016351], [2; 100; 24.216818577538255], [2; 520; 128.23824487942792], [2; 540; 138.39482772288397], [2; 540; 141.24862956727057], [2; 560; 149.63052953938427], [2; 560; 152.9934332392675], [2; 560; 160.4608664932731], [2; 560; 164.62937537892427], [2; 560; 169.1406044809795], [2; 580; 180.2601120858136], [2; 580; 185.807870553872], [2; 600; 205.48651961929997], [2; 600; 213.2434391512237], [2; 600; 221.9508084451638], [2; 620; 251.23942651331024], [2; 640; 289.9553219673934], [2; 660; 345.27442783110587], [2; 660; 378.22918530557234], [1; 1360; 1006.1769982847425], [2; 700; 897.0035130186925]];
Intervals[3.624441524592417=7.285680353240141, 7.285680353240141=10.984860493992871, 10.984860493992871=14.723186488280103, 14.723186488280103=18.501927992202695, 18.501927992202695=30.092930933684556, 30.092930933684556=37.90960255189453, 57.68255212140156=69.69013038329508, 94.00362327167994=106.315238971368, 106.315238971368=120.86655743548587, 150.35985126541007=165.30990981572162, 165.30990981572162=180.4720365264051, 180.4720365264051=198.05316033789833, 198.05316033789833=215.8986767870778, 215.8986767870778=236.28616036291012, 236.28616036291012=283.07749924307365, 329.9078625259987=354.124681103537, 354.124681103537=482.36292598296495, 743.7251212197416=882.1199489426256, 882.1199489426256=1023.3685785098961, 1023.3685785098961=1172.9991080492805, 1172.9991080492805=1325.992541288548, 1639.1800839208881=1799.6409504141611, 1799.6409504141611=1964.2703257930855, 1964.2703257930855=2133.410930274065, 2133.410930274065=2313.6710423598784, 2313.6710423598784=2499.4789129137503, 2896.5165891892866=3102.0031088085866, 3102.0031088085866=3315.2465479598104, 3315.2465479598104=3537.197356404974, 4016.2921446528912=4267.5315711662015, 4797.190788377239=5087.146110344633, 5707.096665929612=6052.3710937607175, 6052.3710937607175=6430.60027906629, 6430.60027906629=7436.777277351032, 8534.285238645869=9431.28875166456];
