0.9999999999999998
151989.54478024298
151989.54478024296
[2; 10; 2.465680796698899]
[2; 10; 2.4907137308389156]
[2; 20; 5.033049850409507]
[2; 20; 5.086311120415107]
[2; 20; 5.141299865754522]
[2; 30; 7.797167300507101]
[2; 30; 7.885273682407164]
[2; 50; 13.294059907125288]
[2; 50; 13.451391536275867]
[2; 50; 13.614444659645146]
[2; 60; 16.540289616703735]
[2; 70; 19.542836177434598]
[2; 70; 19.79830893128303]
[2; 80; 22.930365640978092]
[2; 100; 29.058326859787346]
[2; 520; 153.24671594444916]
[2; 520; 155.48401262353727]
[2; 540; 163.89233579417933]
[2; 540; 166.43345377717569]
[2; 540; 169.09655813425323]
[2; 540; 171.89173192820894]
[2; 540; 174.83026499203567]
[2; 540; 177.92484620904824]
[2; 560; 187.9005277486216]
[2; 560; 191.47990704607224]
[2; 560; 195.271956497771]
[2; 580; 206.41641339792108]
[2; 580; 210.85598395293357]
[2; 600; 223.02921969367696]
[2; 600; 228.27768412070392]
[2; 600; 233.915019015213]
[2; 600; 239.99174573719574]
[2; 600; 246.56807966988993]
[2; 600; 253.7164608281491]
[2; 600; 261.5249417380861]
[2; 620; 279.10519167158793]
[2; 620; 288.90132030931403]
[2; 640; 309.47826453313706]
[2; 640; 322.11519042620847]
[2; 640; 336.4383437827056]
[2; 640; 352.85951182301295]
[2; 640; 371.94658380527807]
[2; 640; 394.5089274718239]
[2; 660; 434.9274018443401]
[2; 700; 498.2465150984303]
[2; 700; 545.801711035497]
[2; 700; 610.2248640555342]
[2; 700; 704.626979057331]
[2; 700; 862.9882788446147]
[2; 700; 1220.4497281110685]


Jobs: [[2; 10; 2.465680796698899], [2; 10; 2.4907137308389156], [2; 20; 5.033049850409507], [2; 20; 5.086311120415107], [2; 20; 5.141299865754522], [2; 30; 7.797167300507101], [2; 30; 7.885273682407164], [2; 50; 13.294059907125288], [2; 50; 13.451391536275867], [2; 50; 13.614444659645146], [2; 60; 16.540289616703735], [2; 70; 19.542836177434598], [2; 70; 19.79830893128303], [2; 80; 22.930365640978092], [2; 100; 29.058326859787346], [2; 520; 153.24671594444916], [2; 520; 155.48401262353727], [2; 540; 163.89233579417933], [2; 540; 166.43345377717569], [2; 540; 169.09655813425323], [2; 540; 171.89173192820894], [2; 540; 174.83026499203567], [2; 540; 177.92484620904824], [2; 560; 187.9005277486216], [2; 560; 191.47990704607224], [2; 560; 195.271956497771], [2; 580; 206.41641339792108], [2; 580; 210.85598395293357], [2; 600; 223.02921969367696], [2; 600; 228.27768412070392], [2; 600; 233.915019015213], [2; 600; 239.99174573719574], [2; 600; 246.56807966988993], [2; 600; 253.7164608281491], [2; 600; 261.5249417380861], [2; 620; 279.10519167158793], [2; 620; 288.90132030931403], [2; 640; 309.47826453313706], [2; 640; 322.11519042620847], [2; 640; 336.4383437827056], [2; 640; 352.85951182301295], [2; 640; 371.94658380527807], [2; 640; 394.5089274718239], [2; 660; 434.9274018443401], [2; 700; 498.2465150984303], [2; 700; 545.801711035497], [2; 700; 610.2248640555342], [2; 700; 704.626979057331], [2; 700; 862.9882788446147], [2; 700; 1220.4497281110685]];
Intervals[4.9E-324=2.465680796698899, 2.465680796698899=4.956394527537815, 4.956394527537815=9.989444377947322, 9.989444377947322=15.07575549836243, 15.07575549836243=20.217055364116952, 20.217055364116952=28.014222664624054, 28.014222664624054=35.89949634703122, 35.89949634703122=49.193556254156505, 49.193556254156505=62.64494779043237, 62.64494779043237=76.25939245007751, 76.25939245007751=92.79968206678124, 92.79968206678124=112.34251824421584, 112.34251824421584=132.14082717549888, 132.14082717549888=155.07119281647698, 155.07119281647698=184.12951967626432, 184.12951967626432=337.3762356207135, 337.3762356207135=492.8602482442508, 492.8602482442508=656.7525840384301, 656.7525840384301=823.1860378156058, 823.1860378156058=992.282595949859, 992.282595949859=1164.174327878068, 1164.174327878068=1339.0045928701036, 1339.0045928701036=1516.9294390791517, 1516.9294390791517=1704.8299668277734, 1704.8299668277734=1896.3098738738456, 1896.3098738738456=2091.5818303716164, 2091.5818303716164=2297.9982437695376, 2297.9982437695376=2508.854227722471, 2508.854227722471=2731.883447416148, 2731.883447416148=2960.161131536852, 2960.161131536852=3194.076150552065, 3194.076150552065=3434.0678962892607, 3434.0678962892607=3680.6359759591505, 3680.6359759591505=3934.3524367872997, 3934.3524367872997=4195.877378525386, 4195.877378525386=4474.982570196974, 4474.982570196974=4763.883890506288, 4763.883890506288=5073.362155039425, 5073.362155039425=5395.477345465633, 5395.477345465633=5731.915689248339, 5731.915689248339=6084.775201071352, 6084.775201071352=6456.72178487663, 6456.72178487663=6851.230712348454, 6851.230712348454=7286.1581141927945, 7286.1581141927945=7784.404629291224, 7784.404629291224=8330.206340326722, 8330.206340326722=8940.431204382256, 8940.431204382256=9645.058183439587, 9645.058183439587=10508.046462284201, 10508.046462284201=11728.49619039527];

Jobs: [[2; 10; 2.465680796698899], [2; 10; 2.4907137308389156], [2; 20; 5.033049850409507], [2; 20; 5.086311120415107], [2; 20; 5.141299865754522], [2; 30; 7.797167300507101], [2; 30; 7.885273682407164], [2; 50; 13.294059907125288], [2; 50; 13.451391536275867], [2; 50; 13.614444659645146], [2; 60; 16.540289616703735], [2; 70; 19.542836177434598], [2; 70; 19.79830893128303], [2; 80; 22.930365640978092], [2; 100; 29.058326859787346], [2; 520; 153.24671594444916], [2; 520; 155.48401262353727], [2; 540; 163.89233579417933], [2; 540; 166.43345377717569], [2; 540; 169.09655813425323], [2; 540; 171.89173192820894], [2; 540; 174.83026499203567], [2; 540; 177.92484620904824], [2; 560; 187.9005277486216], [2; 560; 191.47990704607224], [2; 560; 195.271956497771], [2; 580; 206.41641339792108], [2; 580; 210.85598395293357], [2; 600; 223.02921969367696], [2; 600; 228.27768412070392], [2; 600; 233.915019015213], [2; 600; 239.99174573719574], [2; 600; 246.56807966988993], [2; 600; 253.7164608281491], [2; 600; 261.5249417380861], [2; 620; 279.10519167158793], [2; 620; 288.90132030931403], [2; 640; 309.47826453313706], [2; 640; 322.11519042620847], [2; 640; 336.4383437827056], [2; 640; 352.85951182301295], [2; 640; 371.94658380527807], [2; 640; 394.5089274718239], [2; 660; 434.9274018443401], [2; 700; 498.2465150984303], [2; 700; 545.801711035497], [2; 700; 610.2248640555342], [2; 700; 704.626979057331], [2; 700; 862.9882788446147], [2; 700; 1220.4497281110685]];
Intervals[4.9E-324=2.465680796698899, 2.465680796698899=4.956394527537815, 4.956394527537815=9.989444377947322, 9.989444377947322=15.07575549836243, 15.07575549836243=20.217055364116952, 20.217055364116952=28.014222664624054, 28.014222664624054=35.89949634703122, 35.89949634703122=49.193556254156505, 49.193556254156505=62.64494779043237, 62.64494779043237=76.25939245007751, 76.25939245007751=92.79968206678124, 92.79968206678124=112.34251824421584, 112.34251824421584=132.14082717549888, 132.14082717549888=155.07119281647698, 155.07119281647698=184.12951967626432, 184.12951967626432=337.3762356207135, 337.3762356207135=492.8602482442508, 492.8602482442508=656.7525840384301, 656.7525840384301=823.1860378156058, 823.1860378156058=992.282595949859, 992.282595949859=1164.174327878068, 1164.174327878068=1339.0045928701036, 1339.0045928701036=1516.9294390791517, 1516.9294390791517=1704.8299668277734, 1704.8299668277734=1896.3098738738456, 1896.3098738738456=2091.5818303716164, 2091.5818303716164=2297.9982437695376, 2297.9982437695376=2508.854227722471, 2508.854227722471=2731.883447416148, 2731.883447416148=2960.161131536852, 2960.161131536852=3194.076150552065, 3194.076150552065=3434.0678962892607, 3434.0678962892607=3680.6359759591505, 3680.6359759591505=3934.3524367872997, 3934.3524367872997=4195.877378525386, 4195.877378525386=4474.982570196974, 4474.982570196974=4763.883890506288, 4763.883890506288=5073.362155039425, 5073.362155039425=5395.477345465633, 5395.477345465633=5731.915689248339, 5731.915689248339=6084.775201071352, 6084.775201071352=6456.72178487663, 6456.72178487663=6851.230712348454, 6851.230712348454=7286.1581141927945, 7286.1581141927945=7784.404629291224, 7784.404629291224=8330.206340326722, 8330.206340326722=8940.431204382256, 8940.431204382256=9645.058183439587, 9645.058183439587=10508.046462284201, 10508.046462284201=11728.49619039527];
