1.0000000000000002
152035.2521505967
152035.25215059673
[2; 10; 2.466051517309374]
[2; 50; 12.455441076034525]
[2; 50; 12.584516451717096]
[2; 50; 12.717689646608118]
[2; 50; 12.85518217915811]
[2; 60; 15.596679244023543]
[2; 60; 15.772918501805963]
[2; 70; 18.61448217818119]
[2; 70; 18.834779576218185]
[2; 70; 19.063088270496557]
[2; 80; 22.057035314881045]
[2; 80; 22.338027984534712]
[2; 90; 25.458795837276416]
[2; 100; 28.66726659078276]
[2; 100; 29.06269584408056]
[2; 100; 29.474953255806554]
[2; 520; 155.5073899918309]
[2; 520; 157.8459782106775]
[2; 520; 160.29334862510933]
[2; 540; 169.12198217914366]
[2; 540; 171.91757623371734]
[2; 540; 174.8565511125482]
[2; 540; 177.95159760675293]
[2; 540; 181.2170369047262]
[2; 560; 191.50869647742482]
[2; 560; 195.30131607222134]
[2; 580; 206.44744856633764]
[2; 600; 218.15967581450784]
[2; 600; 223.06275263459509]
[2; 600; 228.31200617996168]
[2; 600; 233.9501886603531]
[2; 600; 240.02782903176]
[2; 620; 254.82532345530205]
[2; 620; 262.2130945863988]
[2; 620; 270.2830713499492]
[2; 620; 279.14715576003846]
[2; 620; 288.94475726756735]
[2; 640; 309.5247952808763]
[2; 640; 322.1636211639577]
[2; 660; 347.00420703973117]
[2; 660; 363.94108269553726]
[2; 680; 395.2526634794956]
[2; 680; 419.22875794259363]
[2; 680; 448.17439397256294]
[2; 680; 484.08367250037793]
[2; 700; 545.883773540824]
[2; 700; 610.3166127256917]
[2; 700; 704.7329212961574]
[2; 700; 863.1180310582812]
[2; 700; 1220.6332254513834]


Jobs: [[2; 10; 2.466051517309374], [2; 50; 12.455441076034525], [2; 50; 12.584516451717096], [2; 50; 12.717689646608118], [2; 50; 12.85518217915811], [2; 60; 15.596679244023543], [2; 60; 15.772918501805963], [2; 70; 18.61448217818119], [2; 70; 18.834779576218185], [2; 70; 19.063088270496557], [2; 80; 22.057035314881045], [2; 80; 22.338027984534712], [2; 90; 25.458795837276416], [2; 100; 28.66726659078276], [2; 100; 29.06269584408056], [2; 100; 29.474953255806554], [2; 520; 155.5073899918309], [2; 520; 157.8459782106775], [2; 520; 160.29334862510933], [2; 540; 169.12198217914366], [2; 540; 171.91757623371734], [2; 540; 174.8565511125482], [2; 540; 177.95159760675293], [2; 540; 181.2170369047262], [2; 560; 191.50869647742482], [2; 560; 195.30131607222134], [2; 580; 206.44744856633764], [2; 600; 218.15967581450784], [2; 600; 223.06275263459509], [2; 600; 228.31200617996168], [2; 600; 233.9501886603531], [2; 600; 240.02782903176], [2; 620; 254.82532345530205], [2; 620; 262.2130945863988], [2; 620; 270.2830713499492], [2; 620; 279.14715576003846], [2; 620; 288.94475726756735], [2; 640; 309.5247952808763], [2; 640; 322.1636211639577], [2; 660; 347.00420703973117], [2; 660; 363.94108269553726], [2; 680; 395.2526634794956], [2; 680; 419.22875794259363], [2; 680; 448.17439397256294], [2; 680; 484.08367250037793], [2; 700; 545.883773540824], [2; 700; 610.3166127256917], [2; 700; 704.7329212961574], [2; 700; 863.1180310582812], [2; 700; 1220.6332254513834]];
Intervals[4.9E-324=2.466051517309374, 2.466051517309374=14.921492593343899, 14.921492593343899=27.506009045060996, 27.506009045060996=40.223698691669114, 40.223698691669114=53.07888087082722, 53.07888087082722=68.67556011485077, 68.67556011485077=84.44847861665673, 84.44847861665673=103.06296079483792, 103.06296079483792=121.8977403710561, 121.8977403710561=140.96082864155267, 140.96082864155267=163.0178639564337, 163.0178639564337=185.3558919409684, 185.3558919409684=210.81468777824483, 210.81468777824483=239.4819543690276, 239.4819543690276=268.5446502131081, 268.5446502131081=298.0196034689147, 298.0196034689147=453.5269934607456, 453.5269934607456=611.3729716714231, 611.3729716714231=771.6663202965324, 771.6663202965324=940.788302475676, 940.788302475676=1112.7058787093933, 1112.7058787093933=1287.5624298219416, 1287.5624298219416=1465.5140274286946, 1465.5140274286946=1646.7310643334208, 1646.7310643334208=1838.2397608108456, 1838.2397608108456=2033.541076883067, 2033.541076883067=2239.9885254494047, 2239.9885254494047=2458.1482012639126, 2458.1482012639126=2681.210953898508, 2681.210953898508=2909.5229600784696, 2909.5229600784696=3143.4731487388226, 3143.4731487388226=3383.5009777705827, 3383.5009777705827=3638.326301225885, 3638.326301225885=3900.5393958122836, 3900.5393958122836=4170.822467162233, 4170.822467162233=4449.969622922272, 4449.969622922272=4738.914380189839, 4738.914380189839=5048.439175470715, 5048.439175470715=5370.602796634673, 5370.602796634673=5717.607003674404, 5717.607003674404=6081.548086369941, 6081.548086369941=6476.800749849437, 6476.800749849437=6896.029507792031, 6896.029507792031=7344.203901764594, 7344.203901764594=7828.287574264972, 7828.287574264972=8374.171347805795, 8374.171347805795=8984.487960531487, 8984.487960531487=9689.220881827645, 9689.220881827645=10552.338912885925, 10552.338912885925=11772.972138337309];

Jobs: [[2; 10; 2.466051517309374], [2; 50; 12.455441076034525], [2; 50; 12.584516451717096], [2; 50; 12.717689646608118], [2; 50; 12.85518217915811], [2; 60; 15.596679244023543], [2; 60; 15.772918501805963], [2; 70; 18.61448217818119], [2; 70; 18.834779576218185], [2; 70; 19.063088270496557], [2; 80; 22.057035314881045], [2; 80; 22.338027984534712], [2; 90; 25.458795837276416], [2; 100; 28.66726659078276], [2; 100; 29.06269584408056], [2; 100; 29.474953255806554], [2; 520; 155.5073899918309], [2; 520; 157.8459782106775], [2; 520; 160.29334862510933], [2; 540; 169.12198217914366], [2; 540; 171.91757623371734], [2; 540; 174.8565511125482], [2; 540; 177.95159760675293], [2; 540; 181.2170369047262], [2; 560; 191.50869647742482], [2; 560; 195.30131607222134], [2; 580; 206.44744856633764], [2; 600; 218.15967581450784], [2; 600; 223.06275263459509], [2; 600; 228.31200617996168], [2; 600; 233.9501886603531], [2; 600; 240.02782903176], [2; 620; 254.82532345530205], [2; 620; 262.2130945863988], [2; 620; 270.2830713499492], [2; 620; 279.14715576003846], [2; 620; 288.94475726756735], [2; 640; 309.5247952808763], [2; 640; 322.1636211639577], [2; 660; 347.00420703973117], [2; 660; 363.94108269553726], [2; 680; 395.2526634794956], [2; 680; 419.22875794259363], [2; 680; 448.17439397256294], [2; 680; 484.08367250037793], [2; 700; 545.883773540824], [2; 700; 610.3166127256917], [2; 700; 704.7329212961574], [2; 700; 863.1180310582812], [2; 700; 1220.6332254513834]];
Intervals[4.9E-324=2.466051517309374, 2.466051517309374=14.921492593343899, 14.921492593343899=27.506009045060996, 27.506009045060996=40.223698691669114, 40.223698691669114=53.07888087082722, 53.07888087082722=68.67556011485077, 68.67556011485077=84.44847861665673, 84.44847861665673=103.06296079483792, 103.06296079483792=121.8977403710561, 121.8977403710561=140.96082864155267, 140.96082864155267=163.0178639564337, 163.0178639564337=185.3558919409684, 185.3558919409684=210.81468777824483, 210.81468777824483=239.4819543690276, 239.4819543690276=268.5446502131081, 268.5446502131081=298.0196034689147, 298.0196034689147=453.5269934607456, 453.5269934607456=611.3729716714231, 611.3729716714231=771.6663202965324, 771.6663202965324=940.788302475676, 940.788302475676=1112.7058787093933, 1112.7058787093933=1287.5624298219416, 1287.5624298219416=1465.5140274286946, 1465.5140274286946=1646.7310643334208, 1646.7310643334208=1838.2397608108456, 1838.2397608108456=2033.541076883067, 2033.541076883067=2239.9885254494047, 2239.9885254494047=2458.1482012639126, 2458.1482012639126=2681.210953898508, 2681.210953898508=2909.5229600784696, 2909.5229600784696=3143.4731487388226, 3143.4731487388226=3383.5009777705827, 3383.5009777705827=3638.326301225885, 3638.326301225885=3900.5393958122836, 3900.5393958122836=4170.822467162233, 4170.822467162233=4449.969622922272, 4449.969622922272=4738.914380189839, 4738.914380189839=5048.439175470715, 5048.439175470715=5370.602796634673, 5370.602796634673=5717.607003674404, 5717.607003674404=6081.548086369941, 6081.548086369941=6476.800749849437, 6476.800749849437=6896.029507792031, 6896.029507792031=7344.203901764594, 7344.203901764594=7828.287574264972, 7828.287574264972=8374.171347805795, 8374.171347805795=8984.487960531487, 8984.487960531487=9689.220881827645, 9689.220881827645=10552.338912885925, 10552.338912885925=11772.972138337309];
