0.9999999999999998
1831.1435149545941
1831.1435149545937
[2; 10; 0.2706395030260434]
[2; 10; 0.2733871826381035]
[2; 10; 0.2762202861059293]
[2; 10; 0.2791433334979822]
[2; 10; 0.2821611869708668]
[2; 10; 0.2852790847927765]
[2; 10; 0.28850267959639425]
[2; 10; 0.2918380814969863]
[2; 20; 0.5905838136486067]
[2; 20; 0.5977426667060806]
[2; 30; 0.9077524892444898]
[2; 30; 0.9193166814260874]
[2; 30; 0.9313344030162582]
[2; 30; 0.9438360953273486]
[2; 30; 0.9568551392333624]
[2; 30; 0.970428230498308]
[2; 30; 0.9845958153891595]
[2; 30; 0.9994025983614395]
[2; 40; 1.353197515130217]
[2; 40; 1.3748500502230383]
[2; 40; 1.3975763840609574]
[2; 40; 1.421468309331114]
[2; 40; 1.446628993786034]
[2; 40; 1.4731748592316227]
[2; 40; 1.501237854348448]
[2; 40; 1.5309682227733796]
[2; 50; 1.9531723740679092]
[2; 50; 1.9951808869474525]
[2; 50; 2.040022011331002]
[2; 50; 2.0880290974497107]
[2; 50; 2.139593135945824]
[2; 60; 2.634211487700484]
[2; 60; 2.7063950302604343]
[2; 60; 2.7848575111582914]
[2; 60; 2.870565417700087]
[2; 70; 3.4588250843848716]
[2; 70; 3.5802240997851182]
[2; 70; 3.715374134443055]
[2; 80; 4.419524577694869]
[2; 80; 4.616042873542308]
[2; 90; 5.446514935466937]
[2; 90; 5.741130835400174]
[2; 90; 6.089388818085976]
[2; 90; 6.509830472037153]
[2; 90; 7.031420546644473]
[2; 100; 8.558372543783296]
[2; 100; 9.568551392333623]
[2; 100; 11.048811444237172]
[2; 100; 13.531975151302168]
[2; 100; 19.137102784667245]


Jobs: [[2; 10; 0.2706395030260434], [2; 10; 0.2733871826381035], [2; 10; 0.2762202861059293], [2; 10; 0.2791433334979822], [2; 10; 0.2821611869708668], [2; 10; 0.2852790847927765], [2; 10; 0.28850267959639425], [2; 10; 0.2918380814969863], [2; 20; 0.5905838136486067], [2; 20; 0.5977426667060806], [2; 30; 0.9077524892444898], [2; 30; 0.9193166814260874], [2; 30; 0.9313344030162582], [2; 30; 0.9438360953273486], [2; 30; 0.9568551392333624], [2; 30; 0.970428230498308], [2; 30; 0.9845958153891595], [2; 30; 0.9994025983614395], [2; 40; 1.353197515130217], [2; 40; 1.3748500502230383], [2; 40; 1.3975763840609574], [2; 40; 1.421468309331114], [2; 40; 1.446628993786034], [2; 40; 1.4731748592316227], [2; 40; 1.501237854348448], [2; 40; 1.5309682227733796], [2; 50; 1.9531723740679092], [2; 50; 1.9951808869474525], [2; 50; 2.040022011331002], [2; 50; 2.0880290974497107], [2; 50; 2.139593135945824], [2; 60; 2.634211487700484], [2; 60; 2.7063950302604343], [2; 60; 2.7848575111582914], [2; 60; 2.870565417700087], [2; 70; 3.4588250843848716], [2; 70; 3.5802240997851182], [2; 70; 3.715374134443055], [2; 80; 4.419524577694869], [2; 80; 4.616042873542308], [2; 90; 5.446514935466937], [2; 90; 5.741130835400174], [2; 90; 6.089388818085976], [2; 90; 6.509830472037153], [2; 90; 7.031420546644473], [2; 100; 8.558372543783296], [2; 100; 9.568551392333623], [2; 100; 11.048811444237172], [2; 100; 13.531975151302168], [2; 100; 19.137102784667245]];
Intervals[4.9E-324=0.2706395030260434, 0.2706395030260434=0.5440266856641469, 0.5440266856641469=0.8202469717700762, 0.8202469717700762=1.0993903052680585, 1.0993903052680585=1.3815514922389251, 1.3815514922389251=1.6668305770317016, 1.6668305770317016=1.9553332566280959, 1.9553332566280959=2.2471713381250824, 2.2471713381250824=2.837755151773689, 2.837755151773689=3.43549781847977, 3.43549781847977=4.34325030772426, 4.34325030772426=5.262566989150347, 5.262566989150347=6.193901392166605, 6.193901392166605=7.137737487493954, 7.137737487493954=8.094592626727316, 8.094592626727316=9.065020857225624, 9.065020857225624=10.049616672614784, 10.049616672614784=11.049019270976224, 11.049019270976224=12.402216786106441, 12.402216786106441=13.77706683632948, 13.77706683632948=15.174643220390438, 15.174643220390438=16.59611152972155, 16.59611152972155=18.042740523507586, 18.042740523507586=19.51591538273921, 19.51591538273921=21.01715323708766, 21.01715323708766=22.548121459861036, 22.548121459861036=24.501293833928944, 24.501293833928944=26.496474720876396, 26.496474720876396=28.536496732207397, 28.536496732207397=30.624525829657106, 30.624525829657106=32.76411896560293, 32.76411896560293=35.398330453303416, 35.398330453303416=38.10472548356385, 38.10472548356385=40.88958299472214, 40.88958299472214=43.760148412422225, 43.760148412422225=47.218973496807095, 47.218973496807095=50.799197596592215, 50.799197596592215=54.51457173103527, 54.51457173103527=58.93409630873013, 58.93409630873013=63.55013918227244, 63.55013918227244=68.99665411773938, 68.99665411773938=74.73778495313955, 74.73778495313955=80.82717377122553, 80.82717377122553=87.33700424326268, 87.33700424326268=94.36842478990715, 94.36842478990715=102.92679733369044, 102.92679733369044=112.49534872602406, 112.49534872602406=123.54416017026124, 123.54416017026124=137.0761353215634, 137.0761353215634=156.21323810623065];

Jobs: [[2; 10; 0.2706395030260434], [2; 10; 0.2733871826381035], [2; 10; 0.2762202861059293], [2; 10; 0.2791433334979822], [2; 10; 0.2821611869708668], [2; 10; 0.2852790847927765], [2; 10; 0.28850267959639425], [2; 10; 0.2918380814969863], [2; 20; 0.5905838136486067], [2; 20; 0.5977426667060806], [2; 30; 0.9077524892444898], [2; 30; 0.9193166814260874], [2; 30; 0.9313344030162582], [2; 30; 0.9438360953273486], [2; 30; 0.9568551392333624], [2; 30; 0.970428230498308], [2; 30; 0.9845958153891595], [2; 30; 0.9994025983614395], [2; 40; 1.353197515130217], [2; 40; 1.3748500502230383], [2; 40; 1.3975763840609574], [2; 40; 1.421468309331114], [2; 40; 1.446628993786034], [2; 40; 1.4731748592316227], [2; 40; 1.501237854348448], [2; 40; 1.5309682227733796], [2; 50; 1.9531723740679092], [2; 50; 1.9951808869474525], [2; 50; 2.040022011331002], [2; 50; 2.0880290974497107], [2; 50; 2.139593135945824], [2; 60; 2.634211487700484], [2; 60; 2.7063950302604343], [2; 60; 2.7848575111582914], [2; 60; 2.870565417700087], [2; 70; 3.4588250843848716], [2; 70; 3.5802240997851182], [2; 70; 3.715374134443055], [2; 80; 4.419524577694869], [2; 80; 4.616042873542308], [2; 90; 5.446514935466937], [2; 90; 5.741130835400174], [2; 90; 6.089388818085976], [2; 90; 6.509830472037153], [2; 90; 7.031420546644473], [2; 100; 8.558372543783296], [2; 100; 9.568551392333623], [2; 100; 11.048811444237172], [2; 100; 13.531975151302168], [2; 100; 19.137102784667245]];
Intervals[4.9E-324=0.2706395030260434, 0.2706395030260434=0.5440266856641469, 0.5440266856641469=0.8202469717700762, 0.8202469717700762=1.0993903052680585, 1.0993903052680585=1.3815514922389251, 1.3815514922389251=1.6668305770317016, 1.6668305770317016=1.9553332566280959, 1.9553332566280959=2.2471713381250824, 2.2471713381250824=2.837755151773689, 2.837755151773689=3.43549781847977, 3.43549781847977=4.34325030772426, 4.34325030772426=5.262566989150347, 5.262566989150347=6.193901392166605, 6.193901392166605=7.137737487493954, 7.137737487493954=8.094592626727316, 8.094592626727316=9.065020857225624, 9.065020857225624=10.049616672614784, 10.049616672614784=11.049019270976224, 11.049019270976224=12.402216786106441, 12.402216786106441=13.77706683632948, 13.77706683632948=15.174643220390438, 15.174643220390438=16.59611152972155, 16.59611152972155=18.042740523507586, 18.042740523507586=19.51591538273921, 19.51591538273921=21.01715323708766, 21.01715323708766=22.548121459861036, 22.548121459861036=24.501293833928944, 24.501293833928944=26.496474720876396, 26.496474720876396=28.536496732207397, 28.536496732207397=30.624525829657106, 30.624525829657106=32.76411896560293, 32.76411896560293=35.398330453303416, 35.398330453303416=38.10472548356385, 38.10472548356385=40.88958299472214, 40.88958299472214=43.760148412422225, 43.760148412422225=47.218973496807095, 47.218973496807095=50.799197596592215, 50.799197596592215=54.51457173103527, 54.51457173103527=58.93409630873013, 58.93409630873013=63.55013918227244, 63.55013918227244=68.99665411773938, 68.99665411773938=74.73778495313955, 74.73778495313955=80.82717377122553, 80.82717377122553=87.33700424326268, 87.33700424326268=94.36842478990715, 94.36842478990715=102.92679733369044, 102.92679733369044=112.49534872602406, 112.49534872602406=123.54416017026124, 123.54416017026124=137.0761353215634, 137.0761353215634=156.21323810623065];
