1.2044938167435606
2499.7795447561816
3010.9690048808534
[2; 10; 0.31621382289559585]
[1; 20; 0.6388483956411366]
[1; 20; 0.6454687630908489]
[2; 10; 0.32614965529523293]
[1; 20; 0.6593513999782279]
[1; 40; 1.3332745439722442]
[2; 20; 0.6741701356288717]
[1; 40; 1.3639285379237214]
[2; 20; 0.6900351329573468]
[1; 40; 1.3967990011328764]
[2; 20; 0.7070756034196317]
[1; 60; 2.148249897262499]
[1; 60; 2.1763327871882696]
[1; 80; 2.9407288199815422]
[2; 40; 1.4906462564959855]
[2; 40; 1.5117912311672612]
[2; 40; 1.533862343622233]
[2; 40; 1.5569292371397423]
[2; 40; 1.5810691144779792]
[1; 100; 4.015919566695643]
[2; 50; 2.0411514498587073]
[2; 50; 2.0760454552678382]
[2; 50; 2.1127924754238094]
[1; 120; 5.16375010472679]
[1; 120; 5.262116088279507]
[2; 70; 3.1303571386415694]
[2; 70; 3.194907375979427]
[1; 140; 6.52724584553228]
[2; 70; 3.3369719220364074]
[2; 70; 3.4154996523977057]
[2; 70; 3.499845677927141]
[2; 70; 3.5907659011920376]
[2; 70; 3.6891612671152854]
[1; 140; 7.592231252073797]
[1; 140; 7.8258928466039235]
[2; 70; 4.041273688546767]
[1; 140; 8.36623136502769]
[2; 80; 4.961170625884359]
[2; 80; 5.163750104726791]
[2; 80; 5.393361085030974]
[1; 160; 11.313209654714107]
[2; 80; 5.962585025983942]
[2; 80; 6.324276457911917]
[1; 180; 15.212105823051427]
[2; 100; 9.128306788512647]
[2; 100; 9.999559079791831]
[1; 200; 22.35969384743978]
[2; 100; 12.909375261816978]
[2; 100; 15.810691144779792]
[1; 200; 44.71938769487956]


Jobs: [[2; 10; 0.31621382289559585], [1; 20; 0.6388483956411366], [2; 10; 0.32614965529523293], [1; 20; 0.6593513999782279], [2; 20; 0.6741701356288717], [1; 40; 1.3639285379237214], [2; 20; 0.6900351329573468], [1; 40; 1.3967990011328764], [2; 20; 0.7070756034196317], [1; 60; 2.148249897262499], [1; 80; 2.9407288199815422], [2; 40; 1.4906462564959855], [2; 40; 1.5117912311672612], [2; 40; 1.533862343622233], [2; 40; 1.5569292371397423], [2; 40; 1.5810691144779792], [1; 100; 4.015919566695643], [2; 50; 2.0411514498587073], [2; 50; 2.0760454552678382], [2; 50; 2.1127924754238094], [1; 120; 5.16375010472679], [2; 70; 3.1303571386415694], [2; 70; 3.194907375979427], [1; 140; 6.52724584553228], [2; 70; 3.3369719220364074], [2; 70; 3.4154996523977057], [2; 70; 3.499845677927141], [2; 70; 3.5907659011920376], [2; 70; 3.6891612671152854], [1; 140; 7.592231252073797], [2; 70; 4.041273688546767], [1; 140; 8.36623136502769], [2; 80; 4.961170625884359], [2; 80; 5.163750104726791], [2; 80; 5.393361085030974], [1; 160; 11.313209654714107], [2; 80; 5.962585025983942], [2; 80; 6.324276457911917], [1; 180; 15.212105823051427], [2; 100; 9.128306788512647], [2; 100; 9.999559079791831], [1; 200; 22.35969384743978], [2; 100; 12.909375261816978], [2; 100; 15.810691144779792], [1; 200; 44.71938769487956]];
Intervals[4.9E-324=0.31621382289559585, 0.31621382289559585=0.9550622185367325, 0.9616825859864447=1.2878322412816776, 1.2878322412816776=1.9471836412599055, 2.6211067852539216=3.2952769208827934, 3.2952769208827934=4.659205458806515, 4.659205458806515=5.349240591763861, 5.349240591763861=6.746039592896738, 6.746039592896738=7.45311519631637, 7.45311519631637=9.601365093578869, 9.601365093578869=12.54209391356041, 12.54209391356041=14.032740170056396, 14.032740170056396=15.544531401223658, 15.544531401223658=17.07839374484589, 17.07839374484589=18.63532298198563, 18.63532298198563=20.21639209646361, 20.21639209646361=24.232311663159255, 24.232311663159255=26.27346311301796, 26.27346311301796=28.3495085682858, 28.3495085682858=30.46230104370961, 30.46230104370961=35.626051148436396, 35.724417131989114=38.854774270630685, 38.854774270630685=42.04968164661011, 42.04968164661011=48.57692749214239, 48.57692749214239=51.91389941417879, 51.91389941417879=55.3293990665765, 55.3293990665765=58.82924474450364, 58.82924474450364=62.420010645695676, 62.420010645695676=66.10917191281096, 66.10917191281096=73.70140316488477, 73.93506475941489=77.97633844796165, 77.97633844796165=86.34256981298934, 86.34256981298934=91.3037404388737, 91.3037404388737=96.46749054360049, 96.46749054360049=101.86085162863147, 101.86085162863147=113.17406128334557, 113.17406128334557=119.1366463093295, 119.1366463093295=125.46092276724143, 125.46092276724143=140.67302859029286, 140.67302859029286=149.8013353788055, 149.8013353788055=159.80089445859733, 159.80089445859733=182.1605883060371, 182.1605883060371=195.0699635678541, 195.0699635678541=210.88065471263388, 210.88065471263388=255.60004240751346];

Jobs: [[2; 10; 0.31621382289559585], [1; 20; 0.6454687630908489], [2; 10; 0.32614965529523293], [1; 40; 1.3332745439722442], [2; 20; 0.6741701356288717], [2; 20; 0.6900351329573468], [2; 20; 0.7070756034196317], [1; 60; 2.1763327871882696], [2; 40; 1.4906462564959855], [2; 40; 1.5117912311672612], [2; 40; 1.533862343622233], [2; 40; 1.5569292371397423], [2; 40; 1.5810691144779792], [2; 50; 2.0411514498587073], [2; 50; 2.0760454552678382], [2; 50; 2.1127924754238094], [1; 120; 5.262116088279507], [2; 70; 3.1303571386415694], [2; 70; 3.194907375979427], [2; 70; 3.3369719220364074], [2; 70; 3.4154996523977057], [2; 70; 3.499845677927141], [2; 70; 3.5907659011920376], [2; 70; 3.6891612671152854], [1; 140; 7.8258928466039235], [2; 70; 4.041273688546767], [2; 80; 4.961170625884359], [2; 80; 5.163750104726791], [2; 80; 5.393361085030974], [2; 80; 5.962585025983942], [2; 80; 6.324276457911917], [2; 100; 9.128306788512647], [2; 100; 9.999559079791831], [2; 100; 12.909375261816978], [2; 100; 15.810691144779792]];
Intervals[4.9E-324=0.31621382289559585, 0.31621382289559585=0.9616825859864447, 0.9616825859864447=1.2878322412816776, 1.2878322412816776=2.6211067852539216, 2.6211067852539216=3.2952769208827934, 4.659205458806515=5.349240591763861, 6.746039592896738=7.45311519631637, 7.45311519631637=9.62944798350464, 12.54209391356041=14.032740170056396, 14.032740170056396=15.544531401223658, 15.544531401223658=17.07839374484589, 17.07839374484589=18.63532298198563, 18.63532298198563=20.21639209646361, 24.232311663159255=26.27346311301796, 26.27346311301796=28.3495085682858, 28.3495085682858=30.46230104370961, 30.46230104370961=35.724417131989114, 35.724417131989114=38.854774270630685, 38.854774270630685=42.04968164661011, 48.57692749214239=51.91389941417879, 51.91389941417879=55.3293990665765, 55.3293990665765=58.82924474450364, 58.82924474450364=62.420010645695676, 62.420010645695676=66.10917191281096, 66.10917191281096=73.93506475941489, 73.93506475941489=77.97633844796165, 86.34256981298934=91.3037404388737, 91.3037404388737=96.46749054360049, 96.46749054360049=101.86085162863147, 113.17406128334557=119.1366463093295, 119.1366463093295=125.46092276724143, 140.67302859029286=149.8013353788055, 149.8013353788055=159.80089445859733, 182.1605883060371=195.0699635678541, 195.0699635678541=210.88065471263388];
