1.194675443953867
70258.27336997392
83935.83392970574
[2; 10; 1.676404168092813]
[2; 10; 1.6934239360968872]
[2; 20; 3.4219456787519276]
[1; 40; 6.916315505150901]
[1; 40; 6.991088656654215]
[1; 60; 10.60251090034612]
[2; 40; 7.148211390778378]
[1; 80; 14.461704836420095]
[2; 40; 7.316427614880752]
[2; 50; 9.256393530036146]
[2; 50; 9.371384194048787]
[2; 60; 11.388923636854614]
[1; 120; 23.07560954920088]
[2; 60; 11.692681567265174]
[1; 140; 27.659257622915824]
[2; 80; 16.029489780095634]
[1; 160; 32.52701861775234]
[2; 80; 16.508087082760984]
[1; 180; 37.719093782088294]
[2; 90; 19.16131880262924]
[2; 90; 19.478056273608495]
[1; 180; 39.62207724181885]
[2; 100; 22.401892995582497]
[2; 100; 22.812971191679512]
[1; 200; 46.49508604969378]
[2; 520; 123.28126254785339]
[1; 1080; 261.32554738412904]
[1; 1080; 266.9460946378136]
[1; 1080; 272.94563237981293]
[1; 1080; 279.3687613493057]
[1; 1080; 286.2677943093452]
[1; 1120; 304.58250652205584]
[2; 560; 156.4643890219959]
[2; 580; 166.75054691385478]
[2; 580; 171.88252951383407]
[2; 600; 183.6408756720232]
[2; 620; 196.42257756253835]
[1; 1240; 407.6746839061224]
[2; 620; 212.1606320826195]
[1; 1240; 443.18910622825945]
[2; 620; 232.4103280124099]
[1; 1280; 505.76928224760366]
[2; 640; 268.2246668948501]
[2; 640; 286.7442303434559]
[1; 1320; 638.7957824945375]
[1; 1360; 720.970741223536]
[1; 1360; 806.0697935821183]
[1; 1360; 930.7692246205243]
[1; 1400; 1173.4829176649691]
[2; 700; 829.7777286874748]


Jobs: [[2; 10; 1.676404168092813], [2; 10; 1.6934239360968872], [2; 20; 3.4219456787519276], [1; 40; 6.916315505150901], [1; 60; 10.60251090034612], [2; 40; 7.148211390778378], [1; 80; 14.461704836420095], [2; 40; 7.316427614880752], [2; 50; 9.256393530036146], [2; 50; 9.371384194048787], [2; 60; 11.388923636854614], [1; 120; 23.07560954920088], [2; 60; 11.692681567265174], [1; 140; 27.659257622915824], [2; 80; 16.029489780095634], [1; 160; 32.52701861775234], [2; 80; 16.508087082760984], [1; 180; 37.719093782088294], [2; 90; 19.16131880262924], [2; 90; 19.478056273608495], [1; 180; 39.62207724181885], [2; 100; 22.401892995582497], [2; 100; 22.812971191679512], [1; 200; 46.49508604969378], [2; 520; 123.28126254785339], [1; 1080; 261.32554738412904], [1; 1080; 272.94563237981293], [1; 1080; 286.2677943093452], [2; 560; 156.4643890219959], [2; 580; 166.75054691385478], [2; 580; 171.88252951383407], [2; 600; 183.6408756720232], [2; 620; 196.42257756253835], [1; 1240; 407.6746839061224], [2; 620; 212.1606320826195], [1; 1240; 443.18910622825945], [2; 620; 232.4103280124099], [1; 1280; 505.76928224760366], [2; 640; 268.2246668948501], [2; 640; 286.7442303434559], [1; 1320; 638.7957824945375], [1; 1360; 806.0697935821183], [1; 1400; 1173.4829176649691], [2; 700; 829.7777286874748]];
Intervals[4.9E-324=1.676404168092813, 1.676404168092813=3.3698281041897005, 3.3698281041897005=6.791773782941628, 6.791773782941628=13.708089288092529, 13.708089288092529=24.31060018843865, 24.31060018843865=31.458811579217027, 31.458811579217027=45.920516415637124, 45.920516415637124=53.236944030517876, 53.236944030517876=62.493337560554025, 62.493337560554025=71.86472175460281, 71.86472175460281=83.25364539145743, 83.25364539145743=106.3292549406583, 106.3292549406583=118.02193650792347, 118.02193650792347=145.6811941308393, 145.6811941308393=161.71068391093493, 161.71068391093493=194.23770252868727, 194.23770252868727=210.74578961144826, 210.74578961144826=248.46488339353655, 248.46488339353655=267.62620219616576, 267.62620219616576=287.10425846977427, 287.10425846977427=326.7263357115931, 326.7263357115931=349.1282287071756, 349.1282287071756=371.94119989885513, 371.94119989885513=418.4362859485489, 418.4362859485489=541.7175484964023, 541.7175484964023=803.0430958805314, 803.0430958805314=1075.9887282603443, 1075.9887282603443=1362.2565225696894, 1392.6149110055774=1549.0793000275733, 1549.0793000275733=1715.829846941428, 1715.829846941428=1887.712376455262, 1887.712376455262=2071.3532521272855, 2071.3532521272855=2267.7758296898237, 2267.7758296898237=2675.450513595946, 2675.450513595946=2887.6111456785657, 2887.6111456785657=3330.800251906825, 3330.800251906825=3563.210579919235, 3563.210579919235=4068.9798621668388, 4068.9798621668388=4337.204529061689, 4337.204529061689=4623.948759405144, 4623.948759405144=5262.744541899682, 5262.744541899682=6068.8143354818, 6068.8143354818=7242.297253146769, 7242.297253146769=8072.074981834245];

Jobs: [[2; 10; 1.676404168092813], [2; 10; 1.6934239360968872], [2; 20; 3.4219456787519276], [1; 40; 6.991088656654215], [2; 40; 7.148211390778378], [2; 40; 7.316427614880752], [2; 50; 9.256393530036146], [2; 50; 9.371384194048787], [2; 60; 11.388923636854614], [2; 60; 11.692681567265174], [2; 80; 16.029489780095634], [2; 80; 16.508087082760984], [2; 90; 19.16131880262924], [2; 90; 19.478056273608495], [2; 100; 22.401892995582497], [2; 100; 22.812971191679512], [2; 520; 123.28126254785339], [1; 1080; 266.9460946378136], [1; 1080; 279.3687613493057], [1; 1120; 304.58250652205584], [2; 560; 156.4643890219959], [2; 580; 166.75054691385478], [2; 580; 171.88252951383407], [2; 600; 183.6408756720232], [2; 620; 196.42257756253835], [2; 620; 212.1606320826195], [2; 620; 232.4103280124099], [2; 640; 268.2246668948501], [2; 640; 286.7442303434559], [1; 1360; 720.970741223536], [1; 1360; 930.7692246205243], [2; 700; 829.7777286874748]];
Intervals[4.9E-324=1.676404168092813, 1.676404168092813=3.3698281041897005, 3.3698281041897005=6.791773782941628, 6.791773782941628=13.782862439595842, 24.31060018843865=31.458811579217027, 45.920516415637124=53.236944030517876, 53.236944030517876=62.493337560554025, 62.493337560554025=71.86472175460281, 71.86472175460281=83.25364539145743, 106.3292549406583=118.02193650792347, 145.6811941308393=161.71068391093493, 194.23770252868727=210.74578961144826, 248.46488339353655=267.62620219616576, 267.62620219616576=287.10425846977427, 326.7263357115931=349.1282287071756, 349.1282287071756=371.94119989885513, 418.4362859485489=541.7175484964023, 541.7175484964023=808.6636431342158, 808.6636431342158=1088.0324044835215, 1088.0324044835215=1392.6149110055774, 1392.6149110055774=1549.0793000275733, 1549.0793000275733=1715.829846941428, 1715.829846941428=1887.712376455262, 1887.712376455262=2071.3532521272855, 2071.3532521272855=2267.7758296898237, 2675.450513595946=2887.6111456785657, 3330.800251906825=3563.210579919235, 4068.9798621668388=4337.204529061689, 4337.204529061689=4623.948759405144, 4623.948759405144=5344.91950062868, 5344.91950062868=6275.688725249204, 7242.297253146769=8072.074981834245];
