1.0634520294071907
42936.20602838482
45660.59543593109
[1; 10; 0.9266736861310438]
[2; 10; 0.9313420969673452]
[2; 10; 0.9360817820148507]
[2; 10; 0.9408945735433903]
[2; 10; 0.9457823704521126]
[2; 10; 0.9507471414174038]
[2; 10; 0.9557909282245111]
[1; 30; 2.8827475478870284]
[1; 30; 2.8983723102858634]
[2; 20; 1.9428359475207593]
[2; 20; 1.9535996639453899]
[1; 40; 3.9290885710263423]
[1; 50; 4.939187342775816]
[1; 50; 4.9674923730271825]
[1; 50; 4.996289671508157]
[1; 50; 5.025593674522726]
[1; 60; 6.066503301741798]
[2; 30; 3.0514695423027782]
[2; 30; 3.0700196799856356]
[2; 30; 3.0889122871034798]
[2; 30; 3.108158032723977]
[2; 30; 3.127768057117672]
[2; 30; 3.1477539988568948]
[1; 60; 6.3362560476882805]
[2; 40; 4.251870475245841]
[2; 40; 4.280122417109607]
[1; 80; 8.617890231901198]
[2; 40; 4.338358052049776]
[2; 40; 4.368381649402637]
[1; 90; 9.897834004480895]
[2; 50; 5.537934505905919]
[2; 50; 5.577920111851002]
[1; 110; 12.361325991878346]
[1; 110; 12.453233026766268]
[1; 110; 12.547221024490282]
[1; 110; 12.643369718107424]
[2; 60; 6.950052645982829]
[2; 60; 7.004994628600761]
[1; 120; 14.122521099165269]
[1; 130; 15.424292973457497]
[1; 130; 15.552297599601411]
[2; 70; 8.444984662239047]
[2; 70; 8.517475130558626]
[2; 70; 8.591864972049128]
[2; 70; 8.668238607103143]
[2; 80; 9.996212347805685]
[1; 160; 20.176690569645068]
[1; 160; 20.3661472197393]
[2; 80; 10.28052151067293]
[1; 170; 22.059246020396102]
[2; 90; 11.794630453387118]
[2; 90; 11.914375964541993]
[2; 90; 12.03784429812077]
[1; 180; 24.330464882788917]
[1; 190; 25.959810390081753]
[2; 100; 13.814035700995456]
[2; 100; 13.970131454510177]
[2; 100; 14.1316412299829]
[2; 100; 14.298885409174018]
[1; 200; 28.944423121253305]
[1; 200; 29.303994959180848]
[1; 200; 29.677309307983766]
[2; 110; 16.535895451752616]
[2; 110; 16.757863711871273]
[2; 110; 16.989017579069138]
[2; 110; 17.230008588729415]
[2; 110; 17.481554866629406]
[2; 110; 17.744450142927]
[2; 110; 18.01957430378587]
[2; 110; 18.307905800561407]
[2; 120; 20.3024032536174]
[2; 120; 20.64947802310553]
[2; 120; 21.014983885802284]
[2; 120; 21.400612085548037]
[2; 120; 21.808279422992992]
[2; 130; 24.09351583940714]
[2; 130; 24.59034163175493]
[2; 130; 25.119226689144153]
[2; 140; 27.659449119544572]
[2; 140; 28.31034874146172]
[2; 140; 29.00947497209045]
[2; 140; 29.763093326720888]
[2; 150; 32.76286237051978]
[2; 150; 33.7127072505773]
[2; 160; 37.06694744524176]
[2; 160; 38.28257870671116]
[2; 160; 39.62623363247151]
[2; 160; 41.12208604269172]
[2; 160; 42.80122417109608]
[2; 180; 50.29247323623663]
[2; 180; 52.74719092652551]
[2; 180; 55.600421167862635]
[2; 180; 58.97315226693559]
[2; 190; 66.54744897170723]
[2; 190; 71.87946015436056]
[2; 190; 78.74000349567409]
[2; 190; 88.03400018244918]
[2; 190; 101.65290740635318]
[2; 200; 131.05144948207908]
[2; 200; 185.33473722620877]


Jobs: [[1; 10; 0.9266736861310438], [2; 10; 0.9313420969673452], [2; 10; 0.9360817820148507], [2; 10; 0.9408945735433903], [2; 10; 0.9457823704521126], [2; 10; 0.9507471414174038], [2; 10; 0.9557909282245111], [1; 30; 2.8827475478870284], [2; 20; 1.9428359475207593], [2; 20; 1.9535996639453899], [1; 40; 3.9290885710263423], [1; 50; 4.9674923730271825], [1; 50; 5.025593674522726], [2; 30; 3.0514695423027782], [2; 30; 3.0700196799856356], [2; 30; 3.0889122871034798], [2; 30; 3.108158032723977], [2; 30; 3.127768057117672], [2; 30; 3.1477539988568948], [1; 60; 6.3362560476882805], [2; 40; 4.251870475245841], [2; 40; 4.280122417109607], [1; 80; 8.617890231901198], [2; 40; 4.338358052049776], [2; 40; 4.368381649402637], [1; 90; 9.897834004480895], [2; 50; 5.537934505905919], [2; 50; 5.577920111851002], [1; 110; 12.361325991878346], [1; 110; 12.547221024490282], [2; 60; 6.950052645982829], [2; 60; 7.004994628600761], [1; 120; 14.122521099165269], [1; 130; 15.552297599601411], [2; 70; 8.444984662239047], [2; 70; 8.517475130558626], [2; 70; 8.591864972049128], [2; 70; 8.668238607103143], [2; 80; 9.996212347805685], [1; 160; 20.176690569645068], [2; 80; 10.28052151067293], [1; 170; 22.059246020396102], [2; 90; 11.794630453387118], [2; 90; 11.914375964541993], [2; 90; 12.03784429812077], [1; 180; 24.330464882788917], [2; 100; 13.814035700995456], [2; 100; 13.970131454510177], [2; 100; 14.1316412299829], [2; 100; 14.298885409174018], [1; 200; 28.944423121253305], [1; 200; 29.677309307983766], [2; 110; 16.535895451752616], [2; 110; 16.757863711871273], [2; 110; 16.989017579069138], [2; 110; 17.230008588729415], [2; 110; 17.481554866629406], [2; 110; 17.744450142927], [2; 110; 18.01957430378587], [2; 110; 18.307905800561407], [2; 120; 20.3024032536174], [2; 120; 20.64947802310553], [2; 120; 21.014983885802284], [2; 120; 21.400612085548037], [2; 120; 21.808279422992992], [2; 130; 24.09351583940714], [2; 130; 24.59034163175493], [2; 130; 25.119226689144153], [2; 140; 27.659449119544572], [2; 140; 28.31034874146172], [2; 140; 29.00947497209045], [2; 140; 29.763093326720888], [2; 150; 32.76286237051978], [2; 150; 33.7127072505773], [2; 160; 37.06694744524176], [2; 160; 38.28257870671116], [2; 160; 39.62623363247151], [2; 160; 41.12208604269172], [2; 160; 42.80122417109608], [2; 180; 50.29247323623663], [2; 180; 52.74719092652551], [2; 180; 55.600421167862635], [2; 180; 58.97315226693559], [2; 190; 66.54744897170723], [2; 190; 71.87946015436056], [2; 190; 78.74000349567409], [2; 190; 88.03400018244918], [2; 190; 101.65290740635318], [2; 200; 131.05144948207908], [2; 200; 185.33473722620877]];
Intervals[0.0=0.9266736861310438, 0.9266736861310438=1.858015783098389, 1.858015783098389=2.7940975651132396, 2.7940975651132396=3.73499213865663, 3.73499213865663=4.680774509108742, 4.680774509108742=5.631521650526146, 5.631521650526146=6.587312578750657, 6.587312578750657=9.470060126637685, 9.48568488903652=11.42852083655728, 11.42852083655728=13.382120500502669, 13.382120500502669=17.31120907152901, 17.31120907152901=22.27870144455619, 22.27870144455619=27.304295119078915, 29.384100816528438=32.435570358831214, 32.435570358831214=35.50559003881685, 35.50559003881685=38.59450232592033, 38.59450232592033=41.70266035864431, 41.70266035864431=44.83042841576198, 44.83042841576198=47.97818241461887, 47.97818241461887=54.31443846230715, 54.31443846230715=58.56630893755299, 58.56630893755299=62.8464313546626, 62.8464313546626=71.4643215865638, 71.4643215865638=75.80267963861357, 75.80267963861357=80.1710612880162, 80.1710612880162=90.0688952924971, 90.0688952924971=95.60682979840303, 95.60682979840303=101.18474991025403, 101.18474991025403=113.54607590213237, 113.54607590213237=126.09329692662266, 126.28135265512772=133.23140530111056, 133.23140530111056=140.23639992971133, 140.23639992971133=154.35892102887658, 154.35892102887658=169.911218628478, 169.911218628478=178.35620329071705, 178.35620329071705=186.87367842127568, 186.87367842127568=195.46554339332482, 195.46554339332482=204.13378200042797, 204.13378200042797=214.12999434823365, 214.12999434823365=234.30668491787873, 234.49614156797296=244.7766630786459, 244.7766630786459=266.835909099042, 266.835909099042=278.6305395524291, 278.6305395524291=290.5449155169711, 290.5449155169711=302.5827598150919, 302.5827598150919=326.9132246978808, 328.54257020517366=342.35660590616914, 342.35660590616914=356.3267373606793, 356.3267373606793=370.4583785906622, 370.4583785906622=384.75726399983625, 384.75726399983625=413.70168712108955, 413.70168712108955=443.3789964290733, 443.3789964290733=459.9148918808259, 459.9148918808259=476.6727555926972, 476.6727555926972=493.6617731717663, 493.6617731717663=510.8917817604957, 510.8917817604957=528.3733366271251, 528.3733366271251=546.1177867700521, 546.1177867700521=564.137361073838, 564.137361073838=582.4452668743994, 582.4452668743994=602.7476701280168, 602.7476701280168=623.3971481511223, 623.3971481511223=644.4121320369246, 644.4121320369246=665.8127441224726, 665.8127441224726=687.6210235454656, 687.6210235454656=711.7145393848728, 711.7145393848728=736.3048810166276, 736.3048810166276=761.4241077057718, 761.4241077057718=789.0835568253164, 789.0835568253164=817.393905566778, 817.393905566778=846.4033805388684, 846.4033805388684=876.1664738655893, 876.1664738655893=908.9293362361091, 908.9293362361091=942.6420434866864, 942.6420434866864=979.7089909319282, 979.7089909319282=1017.9915696386394, 1017.9915696386394=1057.617803271111, 1057.617803271111=1098.7398893138027, 1098.7398893138027=1141.5411134848987, 1141.5411134848987=1191.8335867211354, 1191.8335867211354=1244.5807776476609, 1244.5807776476609=1300.1811988155234, 1300.1811988155234=1359.154351082459, 1359.154351082459=1425.7018000541661, 1425.7018000541661=1497.5812602085266, 1497.5812602085266=1576.3212637042006, 1576.3212637042006=1664.35526388665, 1664.35526388665=1766.0081712930032, 1766.0081712930032=1897.0596207750823, 1897.0596207750823=2082.394358001291];

Jobs: [[2; 10; 0.9313420969673452], [2; 10; 0.9360817820148507], [2; 10; 0.9408945735433903], [2; 10; 0.9457823704521126], [2; 10; 0.9507471414174038], [2; 10; 0.9557909282245111], [1; 30; 2.8983723102858634], [2; 20; 1.9428359475207593], [2; 20; 1.9535996639453899], [1; 50; 4.939187342775816], [1; 50; 4.996289671508157], [1; 60; 6.066503301741798], [2; 30; 3.0514695423027782], [2; 30; 3.0700196799856356], [2; 30; 3.0889122871034798], [2; 30; 3.108158032723977], [2; 30; 3.127768057117672], [2; 30; 3.1477539988568948], [2; 40; 4.251870475245841], [2; 40; 4.280122417109607], [2; 40; 4.338358052049776], [2; 40; 4.368381649402637], [2; 50; 5.537934505905919], [2; 50; 5.577920111851002], [1; 110; 12.453233026766268], [1; 110; 12.643369718107424], [2; 60; 6.950052645982829], [2; 60; 7.004994628600761], [1; 130; 15.424292973457497], [2; 70; 8.444984662239047], [2; 70; 8.517475130558626], [2; 70; 8.591864972049128], [2; 70; 8.668238607103143], [2; 80; 9.996212347805685], [1; 160; 20.3661472197393], [2; 80; 10.28052151067293], [2; 90; 11.794630453387118], [2; 90; 11.914375964541993], [2; 90; 12.03784429812077], [1; 190; 25.959810390081753], [2; 100; 13.814035700995456], [2; 100; 13.970131454510177], [2; 100; 14.1316412299829], [2; 100; 14.298885409174018], [1; 200; 29.303994959180848], [2; 110; 16.535895451752616], [2; 110; 16.757863711871273], [2; 110; 16.989017579069138], [2; 110; 17.230008588729415], [2; 110; 17.481554866629406], [2; 110; 17.744450142927], [2; 110; 18.01957430378587], [2; 110; 18.307905800561407], [2; 120; 20.3024032536174], [2; 120; 20.64947802310553], [2; 120; 21.014983885802284], [2; 120; 21.400612085548037], [2; 120; 21.808279422992992], [2; 130; 24.09351583940714], [2; 130; 24.59034163175493], [2; 130; 25.119226689144153], [2; 140; 27.659449119544572], [2; 140; 28.31034874146172], [2; 140; 29.00947497209045], [2; 140; 29.763093326720888], [2; 150; 32.76286237051978], [2; 150; 33.7127072505773], [2; 160; 37.06694744524176], [2; 160; 38.28257870671116], [2; 160; 39.62623363247151], [2; 160; 41.12208604269172], [2; 160; 42.80122417109608], [2; 180; 50.29247323623663], [2; 180; 52.74719092652551], [2; 180; 55.600421167862635], [2; 180; 58.97315226693559], [2; 190; 66.54744897170723], [2; 190; 71.87946015436056], [2; 190; 78.74000349567409], [2; 190; 88.03400018244918], [2; 190; 101.65290740635318], [2; 200; 131.05144948207908], [2; 200; 185.33473722620877]];
Intervals[0.9266736861310438=1.858015783098389, 1.858015783098389=2.7940975651132396, 2.7940975651132396=3.73499213865663, 3.73499213865663=4.680774509108742, 4.680774509108742=5.631521650526146, 5.631521650526146=6.587312578750657, 6.587312578750657=9.48568488903652, 9.48568488903652=11.42852083655728, 11.42852083655728=13.382120500502669, 13.382120500502669=18.321307843278486, 18.321307843278486=23.31759751478664, 23.31759751478664=29.384100816528438, 29.384100816528438=32.435570358831214, 32.435570358831214=35.50559003881685, 35.50559003881685=38.59450232592033, 38.59450232592033=41.70266035864431, 41.70266035864431=44.83042841576198, 44.83042841576198=47.97818241461887, 54.31443846230715=58.56630893755299, 58.56630893755299=62.8464313546626, 71.4643215865638=75.80267963861357, 75.80267963861357=80.1710612880162, 90.0688952924971=95.60682979840303, 95.60682979840303=101.18474991025403, 101.18474991025403=113.6379829370203, 113.6379829370203=126.28135265512772, 126.28135265512772=133.23140530111056, 133.23140530111056=140.23639992971133, 140.23639992971133=155.6606929031688, 169.911218628478=178.35620329071705, 178.35620329071705=186.87367842127568, 186.87367842127568=195.46554339332482, 195.46554339332482=204.13378200042797, 204.13378200042797=214.12999434823365, 214.12999434823365=234.49614156797296, 234.49614156797296=244.7766630786459, 266.835909099042=278.6305395524291, 278.6305395524291=290.5449155169711, 290.5449155169711=302.5827598150919, 302.5827598150919=328.54257020517366, 328.54257020517366=342.35660590616914, 342.35660590616914=356.3267373606793, 356.3267373606793=370.4583785906622, 370.4583785906622=384.75726399983625, 384.75726399983625=414.0612589590171, 443.3789964290733=459.9148918808259, 459.9148918808259=476.6727555926972, 476.6727555926972=493.6617731717663, 493.6617731717663=510.8917817604957, 510.8917817604957=528.3733366271251, 528.3733366271251=546.1177867700521, 546.1177867700521=564.137361073838, 564.137361073838=582.4452668743994, 582.4452668743994=602.7476701280168, 602.7476701280168=623.3971481511223, 623.3971481511223=644.4121320369246, 644.4121320369246=665.8127441224726, 665.8127441224726=687.6210235454656, 687.6210235454656=711.7145393848728, 711.7145393848728=736.3048810166276, 736.3048810166276=761.4241077057718, 761.4241077057718=789.0835568253164, 789.0835568253164=817.393905566778, 817.393905566778=846.4033805388684, 846.4033805388684=876.1664738655893, 876.1664738655893=908.9293362361091, 908.9293362361091=942.6420434866864, 942.6420434866864=979.7089909319282, 979.7089909319282=1017.9915696386394, 1017.9915696386394=1057.617803271111, 1057.617803271111=1098.7398893138027, 1098.7398893138027=1141.5411134848987, 1141.5411134848987=1191.8335867211354, 1191.8335867211354=1244.5807776476609, 1244.5807776476609=1300.1811988155234, 1300.1811988155234=1359.154351082459, 1359.154351082459=1425.7018000541661, 1425.7018000541661=1497.5812602085266, 1497.5812602085266=1576.3212637042006, 1576.3212637042006=1664.35526388665, 1664.35526388665=1766.0081712930032, 1766.0081712930032=1897.0596207750823, 1897.0596207750823=2082.394358001291];
