1.1050931251209826
7060.596754848105
7802.61693303416
[1; 20; 1.0628713378277244]
[2; 10; 0.5368310932191441]
[2; 10; 0.5423942583140094]
[1; 40; 2.1925361597500452]
[1; 40; 2.2162399422520713]
[1; 50; 2.800911906038243]
[1; 50; 2.832561632733961]
[1; 50; 2.8653090979103046]
[1; 60; 3.4790631139960917]
[1; 60; 3.5212351157258817]
[1; 60; 3.5649788440784036]
[2; 30; 1.805197209109312]
[1; 70; 4.267189639610331]
[2; 40; 2.4711256662191445]
[2; 50; 3.131514710445008]
[1; 100; 6.351871155066089]
[2; 60; 3.8667624637987585]
[1; 130; 8.503977150006824]
[2; 80; 5.314356689138623]
[1; 160; 10.798783591118672]
[2; 80; 5.488643987423965]
[2; 90; 6.2802829781549825]
[2; 90; 6.391447059171546]
[1; 180; 13.017462199536226]
[1; 190; 14.002404816811254]
[2; 100; 7.5156353050680185]
[2; 100; 7.670613162609681]
[2; 100; 7.835591459514612]
[1; 200; 16.02338830908018]
[2; 110; 9.020253440302952]
[2; 110; 9.243009289926201]
[2; 120; 10.345229934094096]
[2; 130; 11.514439493133683]
[2; 140; 12.75966514381862]
[2; 140; 13.152361783869033]
[2; 150; 14.553965186348465]
[2; 150; 15.06478519045006]
[2; 150; 15.633466419294336]
[2; 170; 18.441404782676322]
[2; 170; 19.261419102590935]
[2; 170; 20.20154678311095]
[2; 170; 21.29430003102605]
[2; 170; 22.586015928839146]
[2; 170; 24.145466667981395]
[2; 180; 27.61420738539485]
[2; 190; 31.93039572883597]
[2; 190; 35.69926769907308]
[2; 190; 41.22196363186472]
[2; 200; 53.143566891386214]
[2; 200; 75.15635305068018]


Jobs: [[1; 20; 1.0628713378277244], [2; 10; 0.5368310932191441], [2; 10; 0.5423942583140094], [1; 40; 2.1925361597500452], [1; 50; 2.800911906038243], [1; 50; 2.8653090979103046], [1; 60; 3.5212351157258817], [2; 30; 1.805197209109312], [1; 70; 4.267189639610331], [2; 40; 2.4711256662191445], [2; 50; 3.131514710445008], [1; 100; 6.351871155066089], [2; 60; 3.8667624637987585], [1; 130; 8.503977150006824], [2; 80; 5.314356689138623], [1; 160; 10.798783591118672], [2; 80; 5.488643987423965], [2; 90; 6.2802829781549825], [2; 90; 6.391447059171546], [1; 180; 13.017462199536226], [2; 100; 7.5156353050680185], [2; 100; 7.670613162609681], [2; 100; 7.835591459514612], [1; 200; 16.02338830908018], [2; 110; 9.020253440302952], [2; 110; 9.243009289926201], [2; 120; 10.345229934094096], [2; 130; 11.514439493133683], [2; 140; 12.75966514381862], [2; 140; 13.152361783869033], [2; 150; 14.553965186348465], [2; 150; 15.06478519045006], [2; 150; 15.633466419294336], [2; 170; 18.441404782676322], [2; 170; 19.261419102590935], [2; 170; 20.20154678311095], [2; 170; 21.29430003102605], [2; 170; 22.586015928839146], [2; 170; 24.145466667981395], [2; 180; 27.61420738539485], [2; 190; 31.93039572883597], [2; 190; 35.69926769907308], [2; 190; 41.22196363186472], [2; 200; 53.143566891386214], [2; 200; 75.15635305068018]];
Intervals[0.0=1.0628713378277244, 1.0628713378277244=1.5997024310468686, 1.5997024310468686=2.142096689360878, 2.142096689360878=4.334632849110923, 4.334632849110923=7.135544755149166, 7.135544755149166=10.000853853059471, 10.000853853059471=13.522088968785352, 14.234940222421407=16.04013743153072, 16.04013743153072=20.307327071141053, 20.307327071141053=22.778452737360197, 22.778452737360197=25.909967447805204, 25.909967447805204=32.26183860287129, 32.26183860287129=36.12860106667005, 36.12860106667005=44.632578216676876, 44.632578216676876=49.946934905815496, 49.946934905815496=60.74571849693417, 60.74571849693417=66.23436248435813, 66.23436248435813=72.51464546251312, 72.51464546251312=78.90609252168466, 78.90609252168466=91.92355472122088, 92.9084973384959=100.42413264356392, 100.42413264356392=108.0947458061736, 108.0947458061736=115.93033726568822, 115.93033726568822=131.9537255747684, 131.9537255747684=140.97397901507136, 140.97397901507136=150.21698830499756, 150.21698830499756=160.56221823909166, 160.56221823909166=172.07665773222536, 172.07665773222536=184.83632287604397, 184.83632287604397=197.988684659913, 197.988684659913=212.54264984626147, 212.54264984626147=227.60743503671154, 227.60743503671154=243.24090145600587, 243.24090145600587=261.6823062386822, 261.6823062386822=280.94372534127314, 280.94372534127314=301.14527212438406, 301.14527212438406=322.43957215541013, 322.43957215541013=345.0255880842493, 345.0255880842493=369.1710547522307, 369.1710547522307=396.7852621376255, 396.7852621376255=428.71565786646147, 428.71565786646147=464.41492556553453, 464.41492556553453=505.6368891973992, 505.6368891973992=558.7804560887854, 558.7804560887854=633.9368091394656];

Jobs: [[2; 10; 0.5368310932191441], [2; 10; 0.5423942583140094], [1; 40; 2.2162399422520713], [1; 50; 2.832561632733961], [1; 60; 3.4790631139960917], [1; 60; 3.5649788440784036], [2; 30; 1.805197209109312], [2; 40; 2.4711256662191445], [2; 50; 3.131514710445008], [2; 60; 3.8667624637987585], [2; 80; 5.314356689138623], [2; 80; 5.488643987423965], [2; 90; 6.2802829781549825], [2; 90; 6.391447059171546], [1; 190; 14.002404816811254], [2; 100; 7.5156353050680185], [2; 100; 7.670613162609681], [2; 100; 7.835591459514612], [2; 110; 9.020253440302952], [2; 110; 9.243009289926201], [2; 120; 10.345229934094096], [2; 130; 11.514439493133683], [2; 140; 12.75966514381862], [2; 140; 13.152361783869033], [2; 150; 14.553965186348465], [2; 150; 15.06478519045006], [2; 150; 15.633466419294336], [2; 170; 18.441404782676322], [2; 170; 19.261419102590935], [2; 170; 20.20154678311095], [2; 170; 21.29430003102605], [2; 170; 22.586015928839146], [2; 170; 24.145466667981395], [2; 180; 27.61420738539485], [2; 190; 31.93039572883597], [2; 190; 35.69926769907308], [2; 190; 41.22196363186472], [2; 200; 53.143566891386214], [2; 200; 75.15635305068018]];
Intervals[1.0628713378277244=1.5997024310468686, 1.5997024310468686=2.142096689360878, 2.142096689360878=4.35833663161295, 4.35833663161295=7.190898264346911, 7.190898264346911=10.669961378343004, 10.669961378343004=14.234940222421407, 14.234940222421407=16.04013743153072, 20.307327071141053=22.778452737360197, 22.778452737360197=25.909967447805204, 32.26183860287129=36.12860106667005, 44.632578216676876=49.946934905815496, 60.74571849693417=66.23436248435813, 66.23436248435813=72.51464546251312, 72.51464546251312=78.90609252168466, 78.90609252168466=92.9084973384959, 92.9084973384959=100.42413264356392, 100.42413264356392=108.0947458061736, 108.0947458061736=115.93033726568822, 131.9537255747684=140.97397901507136, 140.97397901507136=150.21698830499756, 150.21698830499756=160.56221823909166, 160.56221823909166=172.07665773222536, 172.07665773222536=184.83632287604397, 184.83632287604397=197.988684659913, 197.988684659913=212.54264984626147, 212.54264984626147=227.60743503671154, 227.60743503671154=243.24090145600587, 243.24090145600587=261.6823062386822, 261.6823062386822=280.94372534127314, 280.94372534127314=301.14527212438406, 301.14527212438406=322.43957215541013, 322.43957215541013=345.0255880842493, 345.0255880842493=369.1710547522307, 369.1710547522307=396.7852621376255, 396.7852621376255=428.71565786646147, 428.71565786646147=464.41492556553453, 464.41492556553453=505.6368891973992, 505.6368891973992=558.7804560887854, 558.7804560887854=633.9368091394656];
