1.1534019810769849
1279788.4145322146
1476110.49268083
[2; 10; 5.059226056487721]
[1; 20; 10.169427005429796]
[2; 20; 10.221180148851836]
[2; 20; 10.27373154999778]
[2; 20; 10.327101943156716]
[2; 20; 10.38131282452309]
[2; 20; 10.43638648857505]
[2; 20; 10.492346066598536]
[2; 20; 10.549215567508222]
[2; 30; 15.910529881693515]
[2; 30; 15.998677536172885]
[2; 30; 16.088306683049762]
[2; 30; 16.17945929172228]
[2; 30; 16.272179015215414]
[2; 40; 21.822015037366658]
[2; 40; 21.950004492839117]
[2; 40; 22.080272725474202]
[2; 50; 27.7661102105467]
[1; 120; 67.043766501068]
[1; 160; 89.94179655978171]
[2; 80; 45.25109350337894]
[2; 80; 45.53659219363213]
[1; 160; 91.65512758891158]
[2; 80; 46.12418542695692]
[1; 160; 92.85328468529589]
[1; 200; 116.83782102417416]
[2; 100; 58.812308293790196]
[2; 100; 59.21376215758785]
[2; 520; 310.04246451517236]
[2; 520; 312.21822780179446]
[2; 520; 314.4404496378156]
[2; 520; 316.71080727729367]
[2; 520; 319.0310639906914]
[2; 520; 321.40307482090395]
[2; 520; 323.82879281717294]
[2; 540; 338.8606710173616]
[1; 1080; 682.9955176258424]
[1; 1080; 688.3947756989755]
[2; 540; 346.9620699161713]
[2; 540; 349.79446033986443]
[2; 540; 352.69736870656016]
[1; 1080; 711.34754115594]
[2; 540; 358.72682031451643]
[1; 1080; 723.7197302606533]
[1; 1080; 730.152921045207]
[1; 1080; 736.7607744741659]
[1; 1080; 743.5513399072836]
[1; 1120; 778.330721574622]
[2; 560; 392.8895160794143]
[2; 560; 396.722675299738]
[1; 1120; 801.340523669984]
[2; 560; 404.73808451901766]
[1; 1160; 847.0742024252627]
[2; 580; 428.0191001149946]
[1; 1160; 865.2929362221158]
[2; 580; 437.4272371993298]
[1; 1200; 915.2484304886816]
[2; 600; 462.91484436230326]
[1; 1200; 936.7866344778707]
[1; 1200; 948.1420385838536]
[2; 600; 479.9603260851866]
[2; 600; 486.0747168647821]
[2; 600; 492.42890442313296]
[2; 600; 499.0389841412747]
[2; 600; 505.9226056487721]
[2; 600; 513.0991712728766]
[2; 600; 520.5900663622551]
[2; 620; 546.0328919752903]
[2; 620; 554.4990230752121]
[2; 620; 563.371570816268]
[2; 620; 572.6841284956209]
[2; 620; 582.4743099536566]
[2; 620; 592.784390185229]
[2; 620; 603.6620752915666]
[2; 620; 615.1614338130361]
[2; 640; 647.5809352304283]
[1; 1280; 1321.8690487240597]
[2; 640; 675.1497963205262]
[1; 1280; 1380.6471928936348]
[2; 660; 728.6489999406488]
[2; 660; 746.6430428057525]
[2; 660; 766.039598653691]
[2; 660; 787.0308714615913]
[2; 660; 809.848085514832]
[2; 660; 834.7722993204738]
[1; 1320; 1724.2982470098498]
[2; 660; 892.4091257219197]
[2; 660; 926.0967164729052]
[2; 680; 993.1214787054805]
[2; 680; 1037.2815545538392]
[1; 1360; 2175.8201449195126]
[2; 680; 1146.7579061372167]
[1; 1360; 2432.640875426737]
[2; 680; 1300.3012429869539]
[1; 1400; 2891.588544083881]
[1; 1400; 3167.5765452365254]
[2; 700; 1770.7291197707023]
[2; 700; 2044.661867923048]
[2; 700; 2504.1891364686994]
[2; 700; 3541.4582395414045]


Jobs: [[2; 10; 5.059226056487721], [1; 20; 10.169427005429796], [2; 20; 10.221180148851836], [2; 20; 10.27373154999778], [2; 20; 10.327101943156716], [2; 20; 10.38131282452309], [2; 20; 10.43638648857505], [2; 20; 10.492346066598536], [2; 20; 10.549215567508222], [2; 30; 15.910529881693515], [2; 30; 15.998677536172885], [2; 30; 16.088306683049762], [2; 30; 16.17945929172228], [2; 30; 16.272179015215414], [2; 40; 21.822015037366658], [2; 40; 21.950004492839117], [2; 40; 22.080272725474202], [2; 50; 27.7661102105467], [1; 120; 67.043766501068], [2; 80; 45.25109350337894], [2; 80; 45.53659219363213], [1; 160; 91.65512758891158], [2; 80; 46.12418542695692], [1; 160; 92.85328468529589], [2; 100; 58.812308293790196], [2; 100; 59.21376215758785], [2; 520; 310.04246451517236], [2; 520; 312.21822780179446], [2; 520; 314.4404496378156], [2; 520; 316.71080727729367], [2; 520; 319.0310639906914], [2; 520; 321.40307482090395], [2; 520; 323.82879281717294], [2; 540; 338.8606710173616], [1; 1080; 682.9955176258424], [2; 540; 346.9620699161713], [2; 540; 349.79446033986443], [2; 540; 352.69736870656016], [1; 1080; 711.34754115594], [2; 540; 358.72682031451643], [1; 1080; 723.7197302606533], [1; 1080; 736.7607744741659], [1; 1120; 778.330721574622], [2; 560; 392.8895160794143], [2; 560; 396.722675299738], [1; 1120; 801.340523669984], [2; 560; 404.73808451901766], [1; 1160; 847.0742024252627], [2; 580; 428.0191001149946], [1; 1160; 865.2929362221158], [2; 580; 437.4272371993298], [1; 1200; 915.2484304886816], [2; 600; 462.91484436230326], [1; 1200; 936.7866344778707], [2; 600; 479.9603260851866], [2; 600; 486.0747168647821], [2; 600; 492.42890442313296], [2; 600; 499.0389841412747], [2; 600; 505.9226056487721], [2; 600; 513.0991712728766], [2; 600; 520.5900663622551], [2; 620; 546.0328919752903], [2; 620; 554.4990230752121], [2; 620; 563.371570816268], [2; 620; 572.6841284956209], [2; 620; 582.4743099536566], [2; 620; 592.784390185229], [2; 620; 603.6620752915666], [2; 620; 615.1614338130361], [2; 640; 647.5809352304283], [1; 1280; 1321.8690487240597], [2; 640; 675.1497963205262], [1; 1280; 1380.6471928936348], [2; 660; 728.6489999406488], [2; 660; 746.6430428057525], [2; 660; 766.039598653691], [2; 660; 787.0308714615913], [2; 660; 809.848085514832], [2; 660; 834.7722993204738], [1; 1320; 1724.2982470098498], [2; 660; 892.4091257219197], [2; 660; 926.0967164729052], [2; 680; 993.1214787054805], [2; 680; 1037.2815545538392], [1; 1360; 2175.8201449195126], [2; 680; 1146.7579061372167], [1; 1360; 2432.640875426737], [2; 680; 1300.3012429869539], [1; 1400; 2891.588544083881], [2; 700; 1770.7291197707023], [2; 700; 2044.661867923048], [2; 700; 2504.1891364686994], [2; 700; 3541.4582395414045]];
Intervals[4.9E-324=5.059226056487721, 5.059226056487721=15.228653061917516, 15.228653061917516=25.449833210769352, 25.449833210769352=35.72356476076713, 35.72356476076713=46.05066670392385, 46.05066670392385=56.431979528446945, 56.431979528446945=66.868366017022, 66.868366017022=77.36071208362054, 77.36071208362054=87.90992765112877, 87.90992765112877=103.82045753282229, 103.82045753282229=119.81913506899517, 119.81913506899517=135.90744175204492, 135.90744175204492=152.0869010437672, 152.0869010437672=168.3590800589826, 168.3590800589826=190.18109509634928, 190.18109509634928=212.1310995891884, 212.1310995891884=234.2113723146626, 234.2113723146626=261.9774825252093, 261.9774825252093=329.02124902627736, 351.91927908499105=397.17037258837, 397.17037258837=442.70696478200216, 442.70696478200216=534.3620923709137, 534.3620923709137=580.4862777978707, 580.4862777978707=673.3395624831666, 697.3240988220448=756.136407115835, 756.136407115835=815.3501692734229, 815.3501692734229=1125.3926337885953, 1125.3926337885953=1437.6108615903897, 1437.6108615903897=1752.0513112282053, 1752.0513112282053=2068.762118505499, 2068.762118505499=2387.7931824961906, 2387.7931824961906=2709.1962573170945, 2709.1962573170945=3033.0250501342675, 3033.0250501342675=3371.8857211516292, 3371.8857211516292=4054.8812387774715, 4060.280496850605=4407.242566766776, 4407.242566766776=4757.03702710664, 4757.03702710664=5109.7343958132005, 5109.7343958132005=5821.081936969141, 5821.081936969141=6179.8087572836575, 6179.8087572836575=6903.52848754431, 6903.52848754431=7640.289262018477, 7640.289262018477=8418.619983593098, 8418.619983593098=8811.509499672513, 8811.509499672513=9208.23217497225, 9208.23217497225=10009.572698642234, 10009.572698642234=10414.310783161252, 10414.310783161252=11261.384985586516, 11261.384985586516=11689.40408570151, 11689.40408570151=12554.697021923626, 12554.697021923626=12992.124259122957, 12992.124259122957=13907.372689611639, 13907.372689611639=14370.287533973942, 14370.287533973942=15307.074168451813, 15318.429572557796=15798.389898642983, 15798.389898642983=16284.464615507764, 16284.464615507764=16776.893519930898, 16776.893519930898=17275.932504072174, 17275.932504072174=17781.855109720946, 17781.855109720946=18294.95428099382, 18294.95428099382=18815.544347356077, 18815.544347356077=19361.577239331367, 19361.577239331367=19916.07626240658, 19916.07626240658=20479.447833222846, 20479.447833222846=21052.131961718467, 21052.131961718467=21634.606271672124, 21634.606271672124=22227.390661857353, 22227.390661857353=22831.05273714892, 22831.05273714892=23446.214170961954, 23446.214170961954=24093.79510619238, 24093.79510619238=25415.66415491644, 25415.66415491644=26090.813951236967, 26090.813951236967=27471.4611441306, 27471.4611441306=28200.11014407125, 28200.11014407125=28946.753186877002, 28946.753186877002=29712.79278553069, 29712.79278553069=30499.823656992285, 30499.823656992285=31309.67174250712, 31309.67174250712=32144.44404182759, 32144.44404182759=33868.74228883744, 33868.74228883744=34761.15141455936, 34761.15141455936=35687.24813103227, 35687.24813103227=36680.36960973775, 36680.36960973775=37717.65116429159, 37717.65116429159=39893.4713092111, 39893.4713092111=41040.229215348314, 41040.229215348314=43472.87009077505, 43472.87009077505=44773.17133376201, 44773.17133376201=47664.75987784589, 47940.74787899853=49711.476998769234, 49711.476998769234=51756.13886669228, 51756.13886669228=54260.328003160976, 54260.328003160976=57801.78624270238];

Jobs: [[2; 10; 5.059226056487721], [2; 20; 10.221180148851836], [2; 20; 10.27373154999778], [2; 20; 10.327101943156716], [2; 20; 10.38131282452309], [2; 20; 10.43638648857505], [2; 20; 10.492346066598536], [2; 20; 10.549215567508222], [2; 30; 15.910529881693515], [2; 30; 15.998677536172885], [2; 30; 16.088306683049762], [2; 30; 16.17945929172228], [2; 30; 16.272179015215414], [2; 40; 21.822015037366658], [2; 40; 21.950004492839117], [2; 40; 22.080272725474202], [2; 50; 27.7661102105467], [1; 160; 89.94179655978171], [2; 80; 45.25109350337894], [2; 80; 45.53659219363213], [2; 80; 46.12418542695692], [1; 200; 116.83782102417416], [2; 100; 58.812308293790196], [2; 100; 59.21376215758785], [2; 520; 310.04246451517236], [2; 520; 312.21822780179446], [2; 520; 314.4404496378156], [2; 520; 316.71080727729367], [2; 520; 319.0310639906914], [2; 520; 321.40307482090395], [2; 520; 323.82879281717294], [2; 540; 338.8606710173616], [1; 1080; 688.3947756989755], [2; 540; 346.9620699161713], [2; 540; 349.79446033986443], [2; 540; 352.69736870656016], [2; 540; 358.72682031451643], [1; 1080; 730.152921045207], [1; 1080; 743.5513399072836], [2; 560; 392.8895160794143], [2; 560; 396.722675299738], [2; 560; 404.73808451901766], [2; 580; 428.0191001149946], [2; 580; 437.4272371993298], [2; 600; 462.91484436230326], [1; 1200; 948.1420385838536], [2; 600; 479.9603260851866], [2; 600; 486.0747168647821], [2; 600; 492.42890442313296], [2; 600; 499.0389841412747], [2; 600; 505.9226056487721], [2; 600; 513.0991712728766], [2; 600; 520.5900663622551], [2; 620; 546.0328919752903], [2; 620; 554.4990230752121], [2; 620; 563.371570816268], [2; 620; 572.6841284956209], [2; 620; 582.4743099536566], [2; 620; 592.784390185229], [2; 620; 603.6620752915666], [2; 620; 615.1614338130361], [2; 640; 647.5809352304283], [2; 640; 675.1497963205262], [2; 660; 728.6489999406488], [2; 660; 746.6430428057525], [2; 660; 766.039598653691], [2; 660; 787.0308714615913], [2; 660; 809.848085514832], [2; 660; 834.7722993204738], [2; 660; 892.4091257219197], [2; 660; 926.0967164729052], [2; 680; 993.1214787054805], [2; 680; 1037.2815545538392], [2; 680; 1146.7579061372167], [2; 680; 1300.3012429869539], [1; 1400; 3167.5765452365254], [2; 700; 1770.7291197707023], [2; 700; 2044.661867923048], [2; 700; 2504.1891364686994], [2; 700; 3541.4582395414045]];
Intervals[4.9E-324=5.059226056487721, 15.228653061917516=25.449833210769352, 25.449833210769352=35.72356476076713, 35.72356476076713=46.05066670392385, 46.05066670392385=56.431979528446945, 56.431979528446945=66.868366017022, 66.868366017022=77.36071208362054, 77.36071208362054=87.90992765112877, 87.90992765112877=103.82045753282229, 103.82045753282229=119.81913506899517, 119.81913506899517=135.90744175204492, 135.90744175204492=152.0869010437672, 152.0869010437672=168.3590800589826, 168.3590800589826=190.18109509634928, 190.18109509634928=212.1310995891884, 212.1310995891884=234.2113723146626, 234.2113723146626=261.9774825252093, 261.9774825252093=351.91927908499105, 351.91927908499105=397.17037258837, 397.17037258837=442.70696478200216, 534.3620923709137=580.4862777978707, 580.4862777978707=697.3240988220448, 697.3240988220448=756.136407115835, 756.136407115835=815.3501692734229, 815.3501692734229=1125.3926337885953, 1125.3926337885953=1437.6108615903897, 1437.6108615903897=1752.0513112282053, 1752.0513112282053=2068.762118505499, 2068.762118505499=2387.7931824961906, 2387.7931824961906=2709.1962573170945, 2709.1962573170945=3033.0250501342675, 3033.0250501342675=3371.8857211516292, 3371.8857211516292=4060.280496850605, 4060.280496850605=4407.242566766776, 4407.242566766776=4757.03702710664, 4757.03702710664=5109.7343958132005, 5821.081936969141=6179.8087572836575, 6179.8087572836575=6909.961678328865, 6909.961678328865=7653.513018236148, 8418.619983593098=8811.509499672513, 8811.509499672513=9208.23217497225, 10009.572698642234=10414.310783161252, 11261.384985586516=11689.40408570151, 12554.697021923626=12992.124259122957, 13907.372689611639=14370.287533973942, 14370.287533973942=15318.429572557796, 15318.429572557796=15798.389898642983, 15798.389898642983=16284.464615507764, 16284.464615507764=16776.893519930898, 16776.893519930898=17275.932504072174, 17275.932504072174=17781.855109720946, 17781.855109720946=18294.95428099382, 18294.95428099382=18815.544347356077, 18815.544347356077=19361.577239331367, 19361.577239331367=19916.07626240658, 19916.07626240658=20479.447833222846, 20479.447833222846=21052.131961718467, 21052.131961718467=21634.606271672124, 21634.606271672124=22227.390661857353, 22227.390661857353=22831.05273714892, 22831.05273714892=23446.214170961954, 23446.214170961954=24093.79510619238, 25415.66415491644=26090.813951236967, 27471.4611441306=28200.11014407125, 28200.11014407125=28946.753186877002, 28946.753186877002=29712.79278553069, 29712.79278553069=30499.823656992285, 30499.823656992285=31309.67174250712, 31309.67174250712=32144.44404182759, 33868.74228883744=34761.15141455936, 34761.15141455936=35687.24813103227, 35687.24813103227=36680.36960973775, 36680.36960973775=37717.65116429159, 39893.4713092111=41040.229215348314, 43472.87009077505=44773.17133376201, 44773.17133376201=47940.74787899853, 47940.74787899853=49711.476998769234, 49711.476998769234=51756.13886669228, 51756.13886669228=54260.328003160976, 54260.328003160976=57801.78624270238];
