1.1788708228789777
21863.8106390661
25774.608439346
[2; 10; 0.6612686388914282]
[1; 20; 1.3291999762617477]
[1; 20; 1.3359643964175063]
[1; 20; 1.3428331532430793]
[2; 10; 0.6749044784119779]
[2; 10; 0.6784473084154203]
[1; 20; 1.3640930472745054]
[1; 20; 1.3714072715410963]
[1; 40; 2.7576808554553103]
[1; 40; 2.7727915485985037]
[1; 40; 2.7881533921817527]
[1; 40; 2.8037734213584202]
[2; 20; 1.4098294751515197]
[2; 20; 1.4179087933012546]
[2; 20; 1.4261286232825157]
[1; 40; 2.8689861715167426]
[2; 20; 1.4430064725811376]
[2; 20; 1.4516732560461478]
[1; 60; 4.381494296293021]
[1; 60; 4.408457592609522]
[1; 60; 4.435924883849983]
[2; 30; 2.2319560346356973]
[1; 60; 4.492435759300919]
[1; 60; 4.521513316964839]
[1; 60; 4.551162902305935]
[2; 30; 2.2907017600237407]
[2; 30; 2.306127535394035]
[1; 60; 4.643738406040593]
[2; 40; 3.117250258307515]
[2; 40; 3.1391259671006457]
[1; 80; 6.322937565269191]
[2; 40; 3.1842955684724012]
[1; 100; 8.019060132522885]
[1; 100; 8.078682218361603]
[1; 100; 8.139654269901985]
[1; 100; 8.202028011706544]
[1; 100; 8.265857986142853]
[1; 100; 8.331201753870921]
[1; 100; 8.398120112045449]
[1; 100; 8.466677332113134]
[2; 50; 4.268470709659579]
[2; 50; 4.304492198152335]
[2; 60; 5.209729568090246]
[1; 120; 10.510460507088679]
[1; 120; 10.603888660071696]
[1; 120; 10.699853409404549]
[2; 60; 5.399235827295823]
[2; 60; 5.449933989582514]
[2; 60; 5.502087656259982]
[2; 60; 5.555767831391861]
[2; 60; 5.611050464953526]
[1; 120; 11.33603380956734]
[2; 60; 5.726754400059353]
[1; 120; 11.5747133267667]
[2; 60; 5.849924499722308]
[1; 140; 13.800655194199948]
[1; 140; 13.956599750748353]
[1; 140; 14.117953085142231]
[1; 140; 14.28503526881483]
[1; 140; 14.458193533648554]
[1; 140; 14.6378053089542]
[2; 70; 7.412140842042106]
[1; 140; 15.018071369024153]
[2; 80; 8.696951565643424]
[2; 80; 8.816915185219043]
[2; 80; 8.941984058842008]
[2; 80; 9.072530877519402]
[1; 160; 18.41793513843754]
[1; 160; 18.70350154984509]
[1; 160; 19.00277657742869]
[2; 80; 9.658446669108619]
[2; 80; 9.823560281985804]
[2; 80; 9.997442104645106]
[1; 160; 20.361793422433255]
[2; 80; 10.374835979797949]
[1; 160; 21.1605964445257]
[2; 80; 10.798471654591646]
[2; 90; 12.4095638495489]
[2; 90; 12.688465276363678]
[1; 180; 25.97411650646048]
[1; 180; 26.615549303099897]
[2; 90; 13.653488706917804]
[1; 180; 28.055252324767633]
[2; 90; 14.434308238541194]
[1; 180; 29.757088750114267]
[1; 180; 30.73298910954897]
[1; 180; 31.81166598021509]
[2; 90; 16.506262968779943]
[2; 90; 17.180263200178057]
[2; 90; 17.944199679533593]
[1; 200; 41.82230088272629]
[2; 100; 22.042287963047606]
[1; 200; 46.758753874612715]
[1; 200; 49.98721052322553]
[1; 200; 53.99235827295823]
[1; 200; 59.145665117999776]
[1; 200; 66.12686388914283]
[2; 100; 38.17836266706235]
[2; 100; 46.758753874612715]
[1; 200; 132.25372777828565]


Jobs: [[2; 10; 0.6612686388914282], [1; 20; 1.3291999762617477], [1; 20; 1.3428331532430793], [2; 10; 0.6749044784119779], [2; 10; 0.6784473084154203], [1; 20; 1.3640930472745054], [1; 40; 2.7576808554553103], [1; 40; 2.7881533921817527], [2; 20; 1.4098294751515197], [2; 20; 1.4179087933012546], [2; 20; 1.4261286232825157], [1; 40; 2.8689861715167426], [2; 20; 1.4430064725811376], [2; 20; 1.4516732560461478], [1; 60; 4.381494296293021], [1; 60; 4.435924883849983], [2; 30; 2.2319560346356973], [1; 60; 4.492435759300919], [1; 60; 4.551162902305935], [2; 30; 2.2907017600237407], [2; 30; 2.306127535394035], [1; 60; 4.643738406040593], [2; 40; 3.117250258307515], [2; 40; 3.1391259671006457], [1; 80; 6.322937565269191], [2; 40; 3.1842955684724012], [1; 100; 8.019060132522885], [1; 100; 8.139654269901985], [1; 100; 8.265857986142853], [1; 100; 8.398120112045449], [2; 50; 4.268470709659579], [2; 50; 4.304492198152335], [2; 60; 5.209729568090246], [1; 120; 10.510460507088679], [1; 120; 10.699853409404549], [2; 60; 5.399235827295823], [2; 60; 5.449933989582514], [2; 60; 5.502087656259982], [2; 60; 5.555767831391861], [2; 60; 5.611050464953526], [1; 120; 11.33603380956734], [2; 60; 5.726754400059353], [1; 120; 11.5747133267667], [2; 60; 5.849924499722308], [1; 140; 13.800655194199948], [1; 140; 14.117953085142231], [1; 140; 14.458193533648554], [2; 70; 7.412140842042106], [1; 140; 15.018071369024153], [2; 80; 8.696951565643424], [2; 80; 8.816915185219043], [2; 80; 8.941984058842008], [2; 80; 9.072530877519402], [1; 160; 18.41793513843754], [1; 160; 19.00277657742869], [2; 80; 9.658446669108619], [2; 80; 9.823560281985804], [2; 80; 9.997442104645106], [1; 160; 20.361793422433255], [2; 80; 10.374835979797949], [1; 160; 21.1605964445257], [2; 80; 10.798471654591646], [2; 90; 12.4095638495489], [2; 90; 12.688465276363678], [1; 180; 25.97411650646048], [2; 90; 13.653488706917804], [1; 180; 28.055252324767633], [2; 90; 14.434308238541194], [1; 180; 29.757088750114267], [1; 180; 31.81166598021509], [2; 90; 16.506262968779943], [2; 90; 17.180263200178057], [2; 90; 17.944199679533593], [1; 200; 41.82230088272629], [2; 100; 22.042287963047606], [1; 200; 46.758753874612715], [1; 200; 53.99235827295823], [1; 200; 66.12686388914283], [2; 100; 38.17836266706235], [2; 100; 46.758753874612715], [1; 200; 132.25372777828565]];
Intervals[4.9E-324=0.6612686388914282, 0.6612686388914282=1.9904686151531759, 1.9904686151531759=3.333301768396255, 3.333301768396255=4.008206246808233, 4.008206246808233=4.6866535552236535, 4.6866535552236535=6.050746602498159, 6.050746602498159=8.808427457953469, 8.808427457953469=11.596580850135222, 11.634625796721673=13.044455271873193, 13.044455271873193=14.462364065174448, 14.462364065174448=15.888492688456964, 15.888492688456964=18.757478859973705, 18.757478859973705=20.200485332554845, 20.200485332554845=21.652158588600994, 21.652158588600994=26.033652884894014, 26.033652884894014=30.469577768743996, 30.469577768743996=32.70153380337969, 32.70153380337969=37.19396956268061, 37.19396956268061=41.74513246498654, 41.74513246498654=44.035834225010284, 44.035834225010284=46.34196176040432, 46.34196176040432=50.98570016644491, 50.98570016644491=54.10295042475242, 54.10295042475242=57.24207639185307, 57.24207639185307=63.56501395712226, 63.56501395712226=66.74930952559467, 66.74930952559467=74.76836965811755, 74.76836965811755=82.90802392801953, 82.90802392801953=91.17388191416238, 91.17388191416238=99.57200202620783, 99.82789884164688=104.09636955130647, 104.09636955130647=108.4008617494588, 108.4008617494588=113.61059131754905, 113.61059131754905=124.12105182463773, 124.12105182463773=134.82090523404227, 134.82090523404227=140.2201410613381, 140.2201410613381=145.67007505092062, 145.67007505092062=151.1721627071806, 151.1721627071806=156.72793053857245, 156.72793053857245=162.338981003526, 162.338981003526=173.67501481309333, 173.67501481309333=179.40176921315268, 179.40176921315268=190.97648253991937, 190.97648253991937=196.82640703964168, 196.82640703964168=210.62706223384163, 210.62706223384163=224.74501531898386, 224.74501531898386=239.20320885263243, 239.70584736815906=247.11798821020116, 247.11798821020116=262.13605957922533, 262.13605957922533=270.83301114486875, 270.83301114486875=279.6499263300878, 279.6499263300878=288.5919103889298, 288.5919103889298=297.6644412664492, 297.6644412664492=316.08237640488676, 316.08237640488676=335.08515298231544, 335.08515298231544=344.74359965142406, 344.74359965142406=354.56715993340987, 354.56715993340987=364.564602038055, 364.564602038055=384.92639546048827, 384.92639546048827=395.3012314402862, 395.3012314402862=416.4618278848119, 416.4618278848119=427.26029953940355, 427.26029953940355=439.6698633889524, 439.6698633889524=452.3583286653161, 452.3583286653161=478.33244517177656, 478.973877968416=492.6273666753338, 492.6273666753338=520.6826190001015, 520.6826190001015=535.1169272386427, 535.1169272386427=564.8740159887569, 564.8740159887569=596.6856819689721, 596.6856819689721=613.191944937752, 613.191944937752=630.3722081379301, 630.3722081379301=648.3164078174636, 648.3164078174636=690.1387087001899, 690.1387087001899=712.1809966632375, 712.1809966632375=758.9397505378502, 758.9397505378502=812.9321088108084, 812.9321088108084=879.0589726999511, 879.0589726999511=917.2373353670135, 917.2373353670135=963.9960892416262, 963.9960892416262=1096.249817019912];

Jobs: [[2; 10; 0.6612686388914282], [1; 20; 1.3359643964175063], [2; 10; 0.6749044784119779], [2; 10; 0.6784473084154203], [1; 20; 1.3714072715410963], [1; 40; 2.7727915485985037], [1; 40; 2.8037734213584202], [2; 20; 1.4098294751515197], [2; 20; 1.4179087933012546], [2; 20; 1.4261286232825157], [2; 20; 1.4430064725811376], [2; 20; 1.4516732560461478], [1; 60; 4.408457592609522], [2; 30; 2.2319560346356973], [1; 60; 4.521513316964839], [2; 30; 2.2907017600237407], [2; 30; 2.306127535394035], [2; 40; 3.117250258307515], [2; 40; 3.1391259671006457], [2; 40; 3.1842955684724012], [1; 100; 8.078682218361603], [1; 100; 8.202028011706544], [1; 100; 8.331201753870921], [1; 100; 8.466677332113134], [2; 50; 4.268470709659579], [2; 50; 4.304492198152335], [2; 60; 5.209729568090246], [1; 120; 10.603888660071696], [2; 60; 5.399235827295823], [2; 60; 5.449933989582514], [2; 60; 5.502087656259982], [2; 60; 5.555767831391861], [2; 60; 5.611050464953526], [2; 60; 5.726754400059353], [2; 60; 5.849924499722308], [1; 140; 13.956599750748353], [1; 140; 14.28503526881483], [1; 140; 14.6378053089542], [2; 70; 7.412140842042106], [2; 80; 8.696951565643424], [2; 80; 8.816915185219043], [2; 80; 8.941984058842008], [2; 80; 9.072530877519402], [1; 160; 18.70350154984509], [2; 80; 9.658446669108619], [2; 80; 9.823560281985804], [2; 80; 9.997442104645106], [2; 80; 10.374835979797949], [2; 80; 10.798471654591646], [2; 90; 12.4095638495489], [2; 90; 12.688465276363678], [1; 180; 26.615549303099897], [2; 90; 13.653488706917804], [2; 90; 14.434308238541194], [1; 180; 30.73298910954897], [2; 90; 16.506262968779943], [2; 90; 17.180263200178057], [2; 90; 17.944199679533593], [2; 100; 22.042287963047606], [1; 200; 49.98721052322553], [1; 200; 59.145665117999776], [2; 100; 38.17836266706235], [2; 100; 46.758753874612715]];
Intervals[4.9E-324=0.6612686388914282, 0.6612686388914282=1.9972330353089345, 3.333301768396255=4.008206246808233, 4.008206246808233=4.6866535552236535, 4.6866535552236535=6.05806082676475, 6.05806082676475=8.830852375363254, 8.830852375363254=11.634625796721673, 11.634625796721673=13.044455271873193, 13.044455271873193=14.462364065174448, 14.462364065174448=15.888492688456964, 18.757478859973705=20.200485332554845, 20.200485332554845=21.652158588600994, 21.652158588600994=26.060616181210516, 30.469577768743996=32.70153380337969, 32.70153380337969=37.22304712034453, 41.74513246498654=44.035834225010284, 44.035834225010284=46.34196176040432, 50.98570016644491=54.10295042475242, 54.10295042475242=57.24207639185307, 63.56501395712226=66.74930952559467, 66.74930952559467=74.82799174395628, 74.82799174395628=83.03001975566282, 83.03001975566282=91.36122150953375, 91.36122150953375=99.82789884164688, 99.82789884164688=104.09636955130647, 104.09636955130647=108.4008617494588, 108.4008617494588=113.61059131754905, 113.61059131754905=124.21447997762075, 134.82090523404227=140.2201410613381, 140.2201410613381=145.67007505092062, 145.67007505092062=151.1721627071806, 151.1721627071806=156.72793053857245, 156.72793053857245=162.338981003526, 173.67501481309333=179.40176921315268, 190.97648253991937=196.82640703964168, 196.82640703964168=210.78300679039003, 210.78300679039003=225.06804205920486, 225.06804205920486=239.70584736815906, 239.70584736815906=247.11798821020116, 262.13605957922533=270.83301114486875, 270.83301114486875=279.6499263300878, 279.6499263300878=288.5919103889298, 288.5919103889298=297.6644412664492, 297.6644412664492=316.3679428162943, 335.08515298231544=344.74359965142406, 344.74359965142406=354.56715993340987, 354.56715993340987=364.564602038055, 384.92639546048827=395.3012314402862, 416.4618278848119=427.26029953940355, 427.26029953940355=439.6698633889524, 439.6698633889524=452.3583286653161, 452.3583286653161=478.973877968416, 478.973877968416=492.6273666753338, 520.6826190001015=535.1169272386427, 535.1169272386427=565.8499163481916, 596.6856819689721=613.191944937752, 613.191944937752=630.3722081379301, 630.3722081379301=648.3164078174636, 690.1387087001899=712.1809966632375, 712.1809966632375=762.168207186463, 762.168207186463=821.3138723044627, 879.0589726999511=917.2373353670135, 917.2373353670135=963.9960892416262];
