1.150529071705901
21075.65952424091
24248.158988014522
[2; 10; 0.9181646807461263]
[1; 20; 1.8549727771473357]
[2; 10; 0.9370979031972618]
[2; 20; 1.894029118571954]
[2; 20; 1.9145057041367965]
[2; 20; 1.9356611055194053]
[2; 20; 1.957533676674945]
[2; 20; 1.98016487564609]
[2; 30; 3.0053993928243483]
[2; 30; 3.0418298064845706]
[2; 30; 3.079617961031597]
[2; 30; 3.1188503447146307]
[2; 30; 3.15962136071104]
[1; 80; 8.53875808917679]
[2; 50; 5.41033726667973]
[2; 50; 5.487083472540752]
[1; 100; 11.134382236552344]
[2; 60; 6.781095571056224]
[2; 60; 6.886235105595948]
[2; 60; 6.9964218637108475]
[2; 60; 7.1120730352111945]
[2; 60; 7.2336557403935915]
[2; 70; 8.588644149971705]
[2; 70; 8.746247096507776]
[2; 70; 8.912857250096648]
[2; 70; 9.089366608021946]
[2; 70; 9.276795947810703]
[1; 140; 18.952639524216373]
[2; 70; 9.689297360245218]
[2; 70; 9.917312023920136]
[2; 80; 11.613966633116432]
[2; 80; 11.915678347416762]
[2; 90; 13.772470211191898]
[2; 100; 15.746394367578402]
[2; 100; 16.231011800039187]
[2; 100; 16.763316904972758]
[2; 540; 93.69908001735166]
[2; 580; 104.43880699282268]
[1; 1200; 224.90349676734286]
[1; 1200; 234.90404120099342]
[2; 620; 127.29087572263933]
[2; 620; 134.17636421365728]
[1; 1280; 293.81269783876047]
[2; 640; 157.04949302805403]
[2; 640; 169.63284018853855]
[2; 660; 191.63044944642112]
[2; 680; 220.74176048053297]
[1; 1360; 509.7812593393104]
[2; 700; 321.35763826114425]
[1; 1400; 908.9366608021945]


Jobs: [[2; 10; 0.9181646807461263], [1; 20; 1.8549727771473357], [2; 10; 0.9370979031972618], [2; 20; 1.894029118571954], [2; 20; 1.9145057041367965], [2; 20; 1.9356611055194053], [2; 20; 1.957533676674945], [2; 20; 1.98016487564609], [2; 30; 3.0053993928243483], [2; 30; 3.0418298064845706], [2; 30; 3.079617961031597], [2; 30; 3.1188503447146307], [2; 30; 3.15962136071104], [1; 80; 8.53875808917679], [2; 50; 5.41033726667973], [2; 50; 5.487083472540752], [1; 100; 11.134382236552344], [2; 60; 6.781095571056224], [2; 60; 6.886235105595948], [2; 60; 6.9964218637108475], [2; 60; 7.1120730352111945], [2; 60; 7.2336557403935915], [2; 70; 8.588644149971705], [2; 70; 8.746247096507776], [2; 70; 8.912857250096648], [2; 70; 9.089366608021946], [2; 70; 9.276795947810703], [1; 140; 18.952639524216373], [2; 70; 9.689297360245218], [2; 70; 9.917312023920136], [2; 80; 11.613966633116432], [2; 80; 11.915678347416762], [2; 90; 13.772470211191898], [2; 100; 15.746394367578402], [2; 100; 16.231011800039187], [2; 100; 16.763316904972758], [2; 540; 93.69908001735166], [2; 580; 104.43880699282268], [1; 1200; 224.90349676734286], [2; 620; 127.29087572263933], [2; 620; 134.17636421365728], [1; 1280; 293.81269783876047], [2; 640; 157.04949302805403], [2; 640; 169.63284018853855], [2; 660; 191.63044944642112], [2; 680; 220.74176048053297], [1; 1360; 509.7812593393104], [2; 700; 321.35763826114425], [1; 1400; 908.9366608021945]];
Intervals[4.9E-324=0.9181646807461263, 0.9181646807461263=2.773137457893462, 2.773137457893462=3.710235361090724, 3.710235361090724=5.604264479662678, 5.604264479662678=7.518770183799475, 7.518770183799475=9.45443128931888, 9.45443128931888=11.411964965993825, 11.411964965993825=13.392129841639914, 13.392129841639914=16.397529234464262, 16.397529234464262=19.439359040948833, 19.439359040948833=22.51897700198043, 22.51897700198043=25.63782734669506, 25.63782734669506=28.7974487074061, 28.7974487074061=37.33620679658289, 37.33620679658289=42.746544063262625, 42.746544063262625=48.23362753580338, 48.23362753580338=59.36800977235572, 59.36800977235572=66.14910534341195, 66.14910534341195=73.03534044900789, 73.03534044900789=80.03176231271874, 80.03176231271874=87.14383534792994, 87.14383534792994=94.37749108832352, 94.37749108832352=102.96613523829522, 102.96613523829522=111.712382334803, 111.712382334803=120.62523958489965, 120.62523958489965=129.7146061929216, 129.7146061929216=138.9914021407323, 138.9914021407323=157.94404166494868, 157.94404166494868=167.6333390251939, 167.6333390251939=177.55065104911404, 177.55065104911404=189.16461768223047, 189.16461768223047=201.08029602964723, 201.08029602964723=214.85276624083912, 214.85276624083912=230.59916060841752, 230.59916060841752=246.83017240845672, 246.83017240845672=263.5934893134295, 263.5934893134295=357.29256933078113, 357.29256933078113=461.7313763236038, 461.7313763236038=686.6348730909467, 696.6354175245972=823.9262932472366, 823.9262932472366=958.1026574608939, 958.1026574608939=1251.9153552996543, 1251.9153552996543=1408.9648483277083, 1408.9648483277083=1578.5976885162468, 1578.5976885162468=1770.228137962668, 1770.228137962668=1990.969898443201, 1990.969898443201=2500.751157782511, 2500.751157782511=2822.1087960436553, 2822.1087960436553=3731.04545684585];

Jobs: [[2; 10; 0.9181646807461263], [2; 10; 0.9370979031972618], [2; 20; 1.894029118571954], [2; 20; 1.9145057041367965], [2; 20; 1.9356611055194053], [2; 20; 1.957533676674945], [2; 20; 1.98016487564609], [2; 30; 3.0053993928243483], [2; 30; 3.0418298064845706], [2; 30; 3.079617961031597], [2; 30; 3.1188503447146307], [2; 30; 3.15962136071104], [2; 50; 5.41033726667973], [2; 50; 5.487083472540752], [2; 60; 6.781095571056224], [2; 60; 6.886235105595948], [2; 60; 6.9964218637108475], [2; 60; 7.1120730352111945], [2; 60; 7.2336557403935915], [2; 70; 8.588644149971705], [2; 70; 8.746247096507776], [2; 70; 8.912857250096648], [2; 70; 9.089366608021946], [2; 70; 9.276795947810703], [2; 70; 9.689297360245218], [2; 70; 9.917312023920136], [2; 80; 11.613966633116432], [2; 80; 11.915678347416762], [2; 90; 13.772470211191898], [2; 100; 15.746394367578402], [2; 100; 16.231011800039187], [2; 100; 16.763316904972758], [2; 540; 93.69908001735166], [2; 580; 104.43880699282268], [1; 1200; 234.90404120099342], [2; 620; 127.29087572263933], [2; 620; 134.17636421365728], [2; 640; 157.04949302805403], [2; 640; 169.63284018853855], [2; 660; 191.63044944642112], [2; 680; 220.74176048053297], [2; 700; 321.35763826114425]];
Intervals[4.9E-324=0.9181646807461263, 2.773137457893462=3.710235361090724, 3.710235361090724=5.604264479662678, 5.604264479662678=7.518770183799475, 7.518770183799475=9.45443128931888, 9.45443128931888=11.411964965993825, 11.411964965993825=13.392129841639914, 13.392129841639914=16.397529234464262, 16.397529234464262=19.439359040948833, 19.439359040948833=22.51897700198043, 22.51897700198043=25.63782734669506, 25.63782734669506=28.7974487074061, 37.33620679658289=42.746544063262625, 42.746544063262625=48.23362753580338, 59.36800977235572=66.14910534341195, 66.14910534341195=73.03534044900789, 73.03534044900789=80.03176231271874, 80.03176231271874=87.14383534792994, 87.14383534792994=94.37749108832352, 94.37749108832352=102.96613523829522, 102.96613523829522=111.712382334803, 111.712382334803=120.62523958489965, 120.62523958489965=129.7146061929216, 129.7146061929216=138.9914021407323, 157.94404166494868=167.6333390251939, 167.6333390251939=177.55065104911404, 177.55065104911404=189.16461768223047, 189.16461768223047=201.08029602964723, 201.08029602964723=214.85276624083912, 214.85276624083912=230.59916060841752, 230.59916060841752=246.83017240845672, 246.83017240845672=263.5934893134295, 263.5934893134295=357.29256933078113, 357.29256933078113=461.7313763236038, 461.7313763236038=696.6354175245972, 696.6354175245972=823.9262932472366, 823.9262932472366=958.1026574608939, 1251.9153552996543=1408.9648483277083, 1408.9648483277083=1578.5976885162468, 1578.5976885162468=1770.228137962668, 1770.228137962668=1990.969898443201, 2500.751157782511=2822.1087960436553];
