1.1678788537612232
41342.378017675976
48282.889051046615
[1; 20; 2.571921554563466]
[2; 10; 1.2990165513654814]
[1; 20; 2.62495644464424]
[1; 40; 5.305469070175407]
[2; 30; 4.0221203696292145]
[1; 60; 8.13313007570158]
[1; 60; 8.225032767650493]
[1; 60; 8.32012301070831]
[1; 60; 8.4185894323397]
[2; 40; 5.680424444304706]
[1; 80; 11.501982857601687]
[2; 50; 7.280319274634198]
[1; 100; 14.750981772442342]
[1; 100; 14.948990387616798]
[2; 50; 7.577596549631976]
[2; 60; 9.22210266893413]
[1; 120; 18.71347805341402]
[1; 120; 18.994899529986018]
[1; 120; 19.289411659225994]
[1; 120; 19.598061843845258]
[2; 70; 11.621177573338894]
[1; 140; 23.63968914473327]
[1; 140; 24.05812320708878]
[1; 160; 27.999535409538563]
[1; 160; 28.532907819845022]
[1; 180; 32.73521709441013]
[2; 90; 16.705120520945453]
[1; 180; 34.128823057360336]
[2; 100; 19.386588151624068]
[1; 200; 39.6856111708854]
[1; 1040; 211.46138196824103]
[1; 1040; 216.95480020142523]
[1; 1080; 231.47293991071197]
[1; 1080; 238.1836901607844]
[1; 1080; 245.51412820807602]
[1; 1120; 262.9572309593907]
[1; 1160; 281.9075427475793]
[1; 1160; 292.5492827925547]
[2; 580; 152.24747378936593]
[2; 600; 164.50065535300985]
[1; 1240; 356.5614685856524]
[2; 620; 187.92439443087295]
[1; 1280; 411.5074487301545]
[2; 640; 219.95998360766882]
[1; 1320; 490.0168686143999]
[1; 1360; 553.0528451477073]
[1; 1400; 636.518110169086]
[1; 1400; 734.9878045003873]
[1; 1400; 900.1725440972131]
[1; 1400; 1273.036220338172]


Jobs: [[1; 20; 2.571921554563466], [2; 10; 1.2990165513654814], [1; 20; 2.62495644464424], [2; 30; 4.0221203696292145], [1; 60; 8.13313007570158], [1; 60; 8.32012301070831], [2; 40; 5.680424444304706], [1; 80; 11.501982857601687], [2; 50; 7.280319274634198], [1; 100; 14.750981772442342], [2; 50; 7.577596549631976], [2; 60; 9.22210266893413], [1; 120; 18.71347805341402], [1; 120; 19.289411659225994], [2; 70; 11.621177573338894], [1; 140; 23.63968914473327], [1; 160; 27.999535409538563], [1; 180; 32.73521709441013], [2; 90; 16.705120520945453], [1; 180; 34.128823057360336], [2; 100; 19.386588151624068], [1; 200; 39.6856111708854], [1; 1040; 216.95480020142523], [1; 1080; 238.1836901607844], [1; 1120; 262.9572309593907], [1; 1160; 292.5492827925547], [2; 580; 152.24747378936593], [2; 600; 164.50065535300985], [1; 1240; 356.5614685856524], [2; 620; 187.92439443087295], [1; 1280; 411.5074487301545], [2; 640; 219.95998360766882], [1; 1320; 490.0168686143999], [1; 1400; 636.518110169086], [1; 1400; 900.1725440972131]];
Intervals[0.0=2.571921554563466, 2.571921554563466=3.870938105928947, 3.870938105928947=6.495894550573187, 9.176407176104355=13.198527545733569, 13.198527545733569=21.33165762143515, 21.33165762143515=29.651780632143456, 29.842149745723763=35.52257419002847, 35.52257419002847=47.02455704763016, 47.02455704763016=54.304876322264356, 54.304876322264356=69.0558580947067, 69.25386670988115=76.83146325951313, 76.83146325951313=86.05356592844726, 86.05356592844726=104.76704398186128, 104.76704398186128=124.05645564108727, 124.64652730227853=136.26770487561743, 136.26770487561743=159.9073940203507, 159.9073940203507=187.90692942988926, 187.90692942988926=220.6421465242994, 220.6421465242994=237.34726704524485, 237.34726704524485=271.4760901026052, 271.4760901026052=290.8626782542293, 290.8626782542293=330.5482894251147, 330.5482894251147=547.5030896265399, 547.5030896265399=785.6867797873243, 785.6867797873243=1048.6440107467151, 1048.6440107467151=1341.19329353927, 1341.19329353927=1493.440767328636, 1493.440767328636=1657.9414226816457, 1657.9414226816457=2014.502891267298, 2014.502891267298=2202.427285698171, 2202.427285698171=2613.9347344283256, 2613.9347344283256=2833.894718035994, 2833.894718035994=3323.911586650394, 3323.911586650394=3960.42969681948, 3960.42969681948=4860.602240916693];

Jobs: [[2; 10; 1.2990165513654814], [1; 40; 5.305469070175407], [2; 30; 4.0221203696292145], [1; 60; 8.225032767650493], [1; 60; 8.4185894323397], [2; 40; 5.680424444304706], [2; 50; 7.280319274634198], [1; 100; 14.948990387616798], [2; 50; 7.577596549631976], [2; 60; 9.22210266893413], [1; 120; 18.994899529986018], [1; 120; 19.598061843845258], [2; 70; 11.621177573338894], [1; 140; 24.05812320708878], [1; 160; 28.532907819845022], [2; 90; 16.705120520945453], [2; 100; 19.386588151624068], [1; 1040; 211.46138196824103], [1; 1080; 231.47293991071197], [1; 1080; 245.51412820807602], [1; 1160; 281.9075427475793], [2; 580; 152.24747378936593], [2; 600; 164.50065535300985], [2; 620; 187.92439443087295], [2; 640; 219.95998360766882], [1; 1360; 553.0528451477073], [1; 1400; 734.9878045003873], [1; 1400; 1273.036220338172]];
Intervals[2.571921554563466=3.870938105928947, 3.870938105928947=9.176407176104355, 9.176407176104355=13.198527545733569, 13.198527545733569=21.423560313384062, 21.423560313384062=29.842149745723763, 29.842149745723763=35.52257419002847, 47.02455704763016=54.304876322264356, 54.304876322264356=69.25386670988115, 69.25386670988115=76.83146325951313, 76.83146325951313=86.05356592844726, 86.05356592844726=105.04846545843327, 105.04846545843327=124.64652730227853, 124.64652730227853=136.26770487561743, 136.26770487561743=160.3258280827062, 160.3258280827062=188.85873590255125, 220.6421465242994=237.34726704524485, 271.4760901026052=290.8626782542293, 290.8626782542293=502.32406022247034, 502.32406022247034=733.7970001331823, 733.7970001331823=979.3111283412584, 979.3111283412584=1261.2186710888377, 1341.19329353927=1493.440767328636, 1493.440767328636=1657.9414226816457, 2014.502891267298=2202.427285698171, 2613.9347344283256=2833.894718035994, 2833.894718035994=3386.9475631837013, 3386.9475631837013=4121.935367684088, 4121.935367684088=5394.97158802226];
