1.101233505520036
1209028.156527883
1331422.3150856271
[1; 20; 9.834747201744976]
[1; 20; 9.88429284126842]
[1; 40; 19.869189821740846]
[1; 60; 29.957018569051062]
[2; 30; 15.056320245962429]
[2; 40; 20.180475454440785]
[2; 40; 20.287534430927966]
[1; 80; 40.79263111237905]
[1; 80; 41.01373100342619]
[1; 100; 51.548081822912884]
[1; 100; 51.83366894913603]
[1; 100; 52.12405592124079]
[1; 120; 62.90325445765092]
[2; 60; 31.63186725585515]
[1; 120; 63.630483871135]
[2; 60; 32.00184319507928]
[1; 120; 64.38353356107356]
[1; 120; 64.7702249271129]
[1; 120; 65.16396852294146]
[2; 70; 38.24623911789713]
[1; 140; 76.96907149619662]
[2; 80; 44.25982034139738]
[1; 160; 89.08526714522931]
[1; 160; 89.66187683565352]
[2; 90; 50.76552930119499]
[2; 90; 51.10284549905442]
[2; 90; 51.446976293035696]
[2; 90; 51.79815426942752]
[1; 180; 104.31324656413943]
[2; 90; 52.522639164019175]
[1; 200; 117.54771221096968]
[2; 100; 59.19822158824753]
[1; 1040; 620.1719055088817]
[2; 520; 312.39145626569695]
[1; 1040; 629.4983221631569]
[2; 520; 317.1610673193037]
[1; 1080; 663.8454361177859]
[1; 1080; 669.0933077915722]
[1; 1080; 674.4676375636453]
[1; 1080; 679.9735871857115]
[1; 1080; 685.6166182773292]
[1; 1080; 691.4025151021171]
[1; 1080; 697.3374094946664]
[1; 1120; 729.4806899669027]
[2; 560; 367.9825451446344]
[2; 560; 371.31277180352424]
[1; 1120; 749.4701633545742]
[1; 1160; 783.5257247161993]
[2; 580; 395.51187469092594]
[1; 1160; 798.7412370071139]
[1; 1160; 806.6891067626782]
[1; 1160; 814.8790538588696]
[1; 1200; 851.7140916509073]
[2; 600; 430.363595089942]
[2; 600; 435.016309714254]
[2; 600; 439.82326569255207]
[2; 600; 444.7931778570789]
[2; 600; 449.93546635460797]
[2; 600; 455.2603317778677]
[2; 620; 476.138134993186]
[2; 620; 482.0531212269652]
[2; 620; 488.1941728921027]
[1; 1240; 989.1521338678934]
[2; 620; 501.2149689150319]
[2; 620; 508.12860542349046]
[2; 620; 515.3364633875166]
[1; 1240; 1045.720042806777]
[1; 1280; 1095.6862334698394]
[2; 640; 556.3373150087436]
[2; 640; 565.2392772884435]
[1; 1280; 1149.165416481394]
[1; 1280; 1168.8106928088628]
[1; 1280; 1189.4992138516839]
[1; 1280; 1211.3267081257345]
[2; 640; 617.2008356055344]
[1; 1320; 1298.186630630337]
[2; 660; 662.4780908223468]
[1; 1320; 1353.4531231130645]
[1; 1320; 1383.8715980683203]
[2; 660; 708.2188691718092]
[1; 1320; 1451.4167767854221]
[1; 1360; 1534.2471077694486]
[2; 680; 788.1445295957202]
[1; 1360; 1621.9880605616904]
[1; 1360; 1671.907024296646]
[2; 680; 863.3690748677478]
[1; 1360; 1787.34379070251]
[1; 1360; 1854.814308895377]
[1; 1360; 1930.5519410753895]
[1; 1400; 2075.7014966663683]
[2; 700; 1088.5070479318565]
[2; 700; 1147.387173536914]
[2; 700; 1216.9878765816266]
[1; 1400; 2602.0295303005582]
[1; 1400; 2810.5131125796534]
[2; 700; 1539.3814299239323]
[1; 1400; 3442.1615206107417]
[2; 700; 1987.3328805187834]
[1; 1400; 4867.951506326506]
[1; 1400; 6884.323041221483]


Jobs: [[1; 20; 9.834747201744976], [1; 40; 19.869189821740846], [2; 30; 15.056320245962429], [2; 40; 20.180475454440785], [2; 40; 20.287534430927966], [1; 80; 40.79263111237905], [1; 100; 51.548081822912884], [1; 100; 52.12405592124079], [2; 60; 31.63186725585515], [1; 120; 63.630483871135], [2; 60; 32.00184319507928], [1; 120; 64.38353356107356], [1; 120; 65.16396852294146], [2; 70; 38.24623911789713], [1; 140; 76.96907149619662], [2; 80; 44.25982034139738], [1; 160; 89.08526714522931], [2; 90; 50.76552930119499], [2; 90; 51.10284549905442], [2; 90; 51.446976293035696], [2; 90; 51.79815426942752], [1; 180; 104.31324656413943], [2; 90; 52.522639164019175], [1; 200; 117.54771221096968], [2; 100; 59.19822158824753], [1; 1040; 620.1719055088817], [2; 520; 312.39145626569695], [1; 1040; 629.4983221631569], [2; 520; 317.1610673193037], [1; 1080; 663.8454361177859], [1; 1080; 674.4676375636453], [1; 1080; 685.6166182773292], [1; 1080; 697.3374094946664], [2; 560; 367.9825451446344], [2; 560; 371.31277180352424], [1; 1120; 749.4701633545742], [2; 580; 395.51187469092594], [1; 1160; 798.7412370071139], [1; 1160; 814.8790538588696], [2; 600; 430.363595089942], [2; 600; 435.016309714254], [2; 600; 439.82326569255207], [2; 600; 444.7931778570789], [2; 600; 449.93546635460797], [2; 600; 455.2603317778677], [2; 620; 476.138134993186], [2; 620; 482.0531212269652], [2; 620; 488.1941728921027], [1; 1240; 989.1521338678934], [2; 620; 501.2149689150319], [2; 620; 508.12860542349046], [2; 620; 515.3364633875166], [1; 1240; 1045.720042806777], [2; 640; 556.3373150087436], [2; 640; 565.2392772884435], [1; 1280; 1149.165416481394], [1; 1280; 1189.4992138516839], [2; 640; 617.2008356055344], [1; 1320; 1298.186630630337], [2; 660; 662.4780908223468], [1; 1320; 1353.4531231130645], [2; 660; 708.2188691718092], [1; 1320; 1451.4167767854221], [2; 680; 788.1445295957202], [1; 1360; 1621.9880605616904], [2; 680; 863.3690748677478], [1; 1360; 1787.34379070251], [1; 1360; 1930.5519410753895], [2; 700; 1088.5070479318565], [2; 700; 1147.387173536914], [2; 700; 1216.9878765816266], [1; 1400; 2602.0295303005582], [2; 700; 1539.3814299239323], [1; 1400; 3442.1615206107417], [2; 700; 1987.3328805187834], [1; 1400; 4867.951506326506]];
Intervals[0.0=9.834747201744976, 9.834747201744976=29.70393702348582, 39.841311410319484=54.897631656281916, 54.897631656281916=75.0781071107227, 75.0781071107227=95.36564154165066, 95.36564154165066=136.1582726540297, 136.1582726540297=187.70635447694258, 187.70635447694258=239.83041039818337, 251.1162959518638=282.74816320771896, 282.74816320771896=346.378647078854, 346.378647078854=378.3804902739333, 378.3804902739333=442.7640238350068, 442.7640238350068=507.92799235794826, 507.92799235794826=546.1742314758454, 546.1742314758454=623.1433029720421, 623.1433029720421=667.4031233134394, 667.4031233134394=756.4883904586687, 757.065000149093=807.8305294502879, 807.8305294502879=858.9333749493424, 858.9333749493424=910.3803512423781, 910.3803512423781=962.1785055118056, 962.1785055118056=1066.491752075945, 1066.491752075945=1119.0143912399642, 1119.0143912399642=1236.5621034509338, 1236.5621034509338=1295.7603250391815, 1295.7603250391815=1915.9322305480632, 1915.9322305480632=2228.32368681376, 2228.32368681376=2857.822008976917, 2857.822008976917=3174.9830762962206, 3174.9830762962206=3838.8285124140066, 3838.8285124140066=4513.296149977652, 4513.296149977652=5198.9127682549815, 5198.9127682549815=5896.250177749648, 5944.933176342523=6312.9157214871575, 6312.9157214871575=6684.228493290681, 6684.228493290681=7433.698656645256, 7467.75421800688=7863.266092697806, 7863.266092697806=8662.00732970492, 8662.00732970492=9476.88638356379, 9521.669291111391=9952.032886201334, 9952.032886201334=10387.049195915588, 10387.049195915588=10826.87246160814, 10826.87246160814=11271.665639465218, 11271.665639465218=11721.601105819826, 11721.601105819826=12176.861437597694, 12176.861437597694=12652.99957259088, 12652.99957259088=13135.052693817845, 13135.052693817845=13623.246866709947, 13623.246866709947=14612.399000577841, 14612.399000577841=15113.613969492873, 15113.613969492873=15621.742574916363, 15621.742574916363=16137.07903830388, 16137.07903830388=17182.799081110657, 17232.76527177372=17789.10258678246, 17789.10258678246=18354.341864070906, 18354.341864070906=19503.5072805523, 19503.5072805523=20693.006494403984, 20734.479265005502=21351.680100611036, 21351.680100611036=22649.866731241375, 22649.866731241375=23312.344822063722, 23312.344822063722=24665.797945176786, 24696.21642013204=25404.43528930385, 25404.43528930385=26855.852066089272, 26938.6823970733=27726.82692666902, 27726.82692666902=29348.814987230708, 29398.733950965663=30262.10302583341, 30262.10302583341=32049.44681653592, 32049.44681653592=33979.99875761131, 34192.61883139516=35281.12587932701, 35281.12587932701=36428.51305286393, 36428.51305286393=37645.50092944555, 37645.50092944555=40247.53045974611, 40456.01404202521=41995.39547194914, 41995.39547194914=45437.55699255988, 45437.55699255988=47424.88987307867, 47424.88987307867=52292.841379405174];

Jobs: [[1; 20; 9.88429284126842], [1; 60; 29.957018569051062], [2; 30; 15.056320245962429], [2; 40; 20.180475454440785], [2; 40; 20.287534430927966], [1; 80; 41.01373100342619], [1; 100; 51.83366894913603], [1; 120; 62.90325445765092], [2; 60; 31.63186725585515], [2; 60; 32.00184319507928], [1; 120; 64.7702249271129], [2; 70; 38.24623911789713], [2; 80; 44.25982034139738], [1; 160; 89.66187683565352], [2; 90; 50.76552930119499], [2; 90; 51.10284549905442], [2; 90; 51.446976293035696], [2; 90; 51.79815426942752], [2; 90; 52.522639164019175], [2; 100; 59.19822158824753], [2; 520; 312.39145626569695], [2; 520; 317.1610673193037], [1; 1080; 669.0933077915722], [1; 1080; 679.9735871857115], [1; 1080; 691.4025151021171], [1; 1120; 729.4806899669027], [2; 560; 367.9825451446344], [2; 560; 371.31277180352424], [1; 1160; 783.5257247161993], [2; 580; 395.51187469092594], [1; 1160; 806.6891067626782], [1; 1200; 851.7140916509073], [2; 600; 430.363595089942], [2; 600; 435.016309714254], [2; 600; 439.82326569255207], [2; 600; 444.7931778570789], [2; 600; 449.93546635460797], [2; 600; 455.2603317778677], [2; 620; 476.138134993186], [2; 620; 482.0531212269652], [2; 620; 488.1941728921027], [2; 620; 501.2149689150319], [2; 620; 508.12860542349046], [2; 620; 515.3364633875166], [1; 1280; 1095.6862334698394], [2; 640; 556.3373150087436], [2; 640; 565.2392772884435], [1; 1280; 1168.8106928088628], [1; 1280; 1211.3267081257345], [2; 640; 617.2008356055344], [2; 660; 662.4780908223468], [1; 1320; 1383.8715980683203], [2; 660; 708.2188691718092], [1; 1360; 1534.2471077694486], [2; 680; 788.1445295957202], [1; 1360; 1671.907024296646], [2; 680; 863.3690748677478], [1; 1360; 1854.814308895377], [1; 1400; 2075.7014966663683], [2; 700; 1088.5070479318565], [2; 700; 1147.387173536914], [2; 700; 1216.9878765816266], [1; 1400; 2810.5131125796534], [2; 700; 1539.3814299239323], [2; 700; 1987.3328805187834], [1; 1400; 6884.323041221483]];
Intervals[0.0=9.88429284126842, 9.88429284126842=39.841311410319484, 39.841311410319484=54.897631656281916, 54.897631656281916=75.0781071107227, 75.0781071107227=95.36564154165066, 95.36564154165066=136.37937254507685, 136.37937254507685=188.2130414942129, 188.2130414942129=251.1162959518638, 251.1162959518638=282.74816320771896, 346.378647078854=378.3804902739333, 378.3804902739333=443.1507152010462, 507.92799235794826=546.1742314758454, 623.1433029720421=667.4031233134394, 667.4031233134394=757.065000149093, 757.065000149093=807.8305294502879, 807.8305294502879=858.9333749493424, 858.9333749493424=910.3803512423781, 910.3803512423781=962.1785055118056, 1066.491752075945=1119.0143912399642, 1236.5621034509338=1295.7603250391815, 1915.9322305480632=2228.32368681376, 2857.822008976917=3174.9830762962206, 3174.9830762962206=3844.0763840877926, 3844.0763840877926=4524.049971273504, 4524.049971273504=5215.4524863756205, 5215.4524863756205=5944.933176342523, 5944.933176342523=6312.9157214871575, 6312.9157214871575=6684.228493290681, 6684.228493290681=7467.75421800688, 7467.75421800688=7863.266092697806, 7863.266092697806=8669.955199460484, 8669.955199460484=9521.669291111391, 9521.669291111391=9952.032886201334, 9952.032886201334=10387.049195915588, 10387.049195915588=10826.87246160814, 10826.87246160814=11271.665639465218, 11271.665639465218=11721.601105819826, 11721.601105819826=12176.861437597694, 12176.861437597694=12652.99957259088, 12652.99957259088=13135.052693817845, 13135.052693817845=13623.246866709947, 14612.399000577841=15113.613969492873, 15113.613969492873=15621.742574916363, 15621.742574916363=16137.07903830388, 16137.07903830388=17232.76527177372, 17232.76527177372=17789.10258678246, 17789.10258678246=18354.341864070906, 18354.341864070906=19523.15255687977, 19523.15255687977=20734.479265005502, 20734.479265005502=21351.680100611036, 22649.866731241375=23312.344822063722, 23312.344822063722=24696.21642013204, 24696.21642013204=25404.43528930385, 25404.43528930385=26938.6823970733, 26938.6823970733=27726.82692666902, 27726.82692666902=29398.733950965663, 29398.733950965663=30262.10302583341, 30262.10302583341=32116.917334728787, 32116.917334728787=34192.61883139516, 34192.61883139516=35281.12587932701, 35281.12587932701=36428.51305286393, 36428.51305286393=37645.50092944555, 37645.50092944555=40456.01404202521, 40456.01404202521=41995.39547194914, 45437.55699255988=47424.88987307867, 47424.88987307867=54309.21291430015];
