1.0893143790427775
2388.7273163230298
2602.0750132829417
[2; 10; 0.30911016264904845]
[1; 20; 0.624496834693768]
[1; 40; 1.261936954664807]
[1; 40; 1.2752911567629595]
[2; 20; 0.6445392444385342]
[2; 20; 0.6516614412507333]
[1; 40; 1.3180501621915275]
[1; 40; 1.333288242552512]
[1; 40; 1.349067350875596]
[2; 30; 1.0240652095973535]
[1; 60; 2.0735740086578662]
[1; 60; 2.099990029129309]
[1; 60; 2.127442044329405]
[2; 30; 1.0779997955900942]
[1; 60; 2.185738921428188]
[1; 60; 2.2167438590049025]
[1; 80; 2.99880906012678]
[1; 80; 3.0439064637868336]
[1; 80; 3.091101626490484]
[1; 80; 3.140562393078296]
[1; 80; 3.1924760322219483]
[1; 80; 3.2470522254508167]
[2; 50; 2.0653291489334045]
[1; 100; 4.206456515549355]
[1; 100; 4.286586696915992]
[1; 120; 5.245773411427652]
[1; 120; 5.353945068440314]
[1; 120; 5.469096845800096]
[1; 120; 5.592013245777948]
[2; 60; 2.8618040162445166]
[1; 140; 6.8424451331327]
[1; 140; 7.020200581924572]
[1; 140; 7.21257046181113]
[1; 140; 7.4216737766475624]
[2; 70; 3.8250431124993294]
[1; 140; 7.900975079058819]
[1; 160; 9.34661277819553]
[2; 80; 4.849719234453347]
[2; 80; 5.047747818659228]
[2; 80; 5.27220064876611]
[1; 180; 12.441444051947197]
[1; 180; 13.11443352856913]
[1; 180; 13.909957319207178]
[1; 180; 14.870369872320515]
[2; 90; 8.030917602660471]
[2; 100; 9.774921618760999]
[1; 200; 21.857389214281884]
[2; 100; 12.61936954664807]
[1; 200; 30.91101626490484]
[1; 200; 43.71477842856377]


Jobs: [[2; 10; 0.30911016264904845], [1; 20; 0.624496834693768], [1; 40; 1.2752911567629595], [2; 20; 0.6445392444385342], [2; 20; 0.6516614412507333], [1; 40; 1.3180501621915275], [1; 40; 1.349067350875596], [2; 30; 1.0240652095973535], [1; 60; 2.0735740086578662], [1; 60; 2.127442044329405], [2; 30; 1.0779997955900942], [1; 60; 2.185738921428188], [1; 80; 2.99880906012678], [1; 80; 3.091101626490484], [1; 80; 3.1924760322219483], [2; 50; 2.0653291489334045], [1; 100; 4.206456515549355], [1; 120; 5.245773411427652], [1; 120; 5.469096845800096], [2; 60; 2.8618040162445166], [1; 140; 6.8424451331327], [1; 140; 7.21257046181113], [2; 70; 3.8250431124993294], [1; 140; 7.900975079058819], [2; 80; 4.849719234453347], [2; 80; 5.047747818659228], [2; 80; 5.27220064876611], [1; 180; 12.441444051947197], [1; 180; 13.909957319207178], [2; 90; 8.030917602660471], [2; 100; 9.774921618760999], [1; 200; 21.857389214281884], [2; 100; 12.61936954664807], [1; 200; 30.91101626490484]];
Intervals[4.9E-324=0.30911016264904845, 0.30911016264904845=0.9336069973428165, 0.9336069973428165=2.2088981541057757, 2.2088981541057757=2.85343739854431, 2.85343739854431=3.5050988397950436, 3.5050988397950436=4.823149001986571, 4.823149001986571=6.172216352862167, 6.172216352862167=7.19628156245952, 7.19628156245952=9.269855571117386, 9.269855571117386=11.39729761544679, 11.39729761544679=12.475297411036884, 12.475297411036884=14.661036332465072, 14.661036332465072=17.65984539259185, 17.65984539259185=20.750947019082336, 20.750947019082336=23.943423051304283, 24.12356235235773=26.188891501291135, 26.188891501291135=30.39534801684049, 30.39534801684049=35.64112142826814, 35.64112142826814=41.11021827406824, 41.42143651242539=44.28324052866991, 44.28324052866991=51.125685661802606, 51.125685661802606=58.33825612361374, 58.72511488724204=62.55015799974137, 62.55015799974137=70.4511330788002, 71.89677077793691=76.74649001239025, 76.74649001239025=81.79423783104949, 81.79423783104949=87.0664384798156, 87.0664384798156=99.5078825317628, 99.5078825317628=113.41783985096998, 115.05124188070525=123.08215948336571, 123.08215948336571=132.8570811021267, 132.8570811021267=154.71447031640858, 154.71447031640858=167.33383986305665, 167.33383986305665=198.2448561279615];

Jobs: [[2; 10; 0.30911016264904845], [1; 40; 1.261936954664807], [2; 20; 0.6445392444385342], [2; 20; 0.6516614412507333], [1; 40; 1.333288242552512], [2; 30; 1.0240652095973535], [1; 60; 2.099990029129309], [2; 30; 1.0779997955900942], [1; 60; 2.2167438590049025], [1; 80; 3.0439064637868336], [1; 80; 3.140562393078296], [1; 80; 3.2470522254508167], [2; 50; 2.0653291489334045], [1; 100; 4.286586696915992], [1; 120; 5.353945068440314], [1; 120; 5.592013245777948], [2; 60; 2.8618040162445166], [1; 140; 7.020200581924572], [1; 140; 7.4216737766475624], [2; 70; 3.8250431124993294], [1; 160; 9.34661277819553], [2; 80; 4.849719234453347], [2; 80; 5.047747818659228], [2; 80; 5.27220064876611], [1; 180; 13.11443352856913], [1; 180; 14.870369872320515], [2; 90; 8.030917602660471], [2; 100; 9.774921618760999], [2; 100; 12.61936954664807], [1; 200; 43.71477842856377]];
Intervals[4.9E-324=0.30911016264904845, 0.30911016264904845=1.5710471173138554, 2.2088981541057757=2.85343739854431, 2.85343739854431=3.5050988397950436, 3.5050988397950436=4.838387082347555, 6.172216352862167=7.19628156245952, 7.19628156245952=9.296271591588829, 11.39729761544679=12.475297411036884, 12.475297411036884=14.692041270041786, 14.692041270041786=17.73594773382862, 17.73594773382862=20.876510126906915, 20.876510126906915=24.12356235235773, 24.12356235235773=26.188891501291135, 26.188891501291135=30.475478198207128, 30.475478198207128=35.82942326664744, 35.82942326664744=41.42143651242539, 41.42143651242539=44.28324052866991, 44.28324052866991=51.30344111059448, 51.30344111059448=58.72511488724204, 58.72511488724204=62.55015799974137, 62.55015799974137=71.89677077793691, 71.89677077793691=76.74649001239025, 76.74649001239025=81.79423783104949, 81.79423783104949=87.0664384798156, 87.0664384798156=100.18087200838474, 100.18087200838474=115.05124188070525, 115.05124188070525=123.08215948336571, 123.08215948336571=132.8570811021267, 154.71447031640858=167.33383986305665, 167.33383986305665=211.04861829162041];
