1.1724223285721675
2208.303605952516
2589.064455885163
[2; 10; 0.29720724122756603]
[1; 20; 0.6004493019707372]
[1; 20; 0.6066717407231741]
[2; 10; 0.30654586314407406]
[1; 20; 0.6197199375808561]
[2; 10; 0.31328393979140223]
[1; 40; 1.267295934715836]
[1; 40; 1.2819472415084698]
[1; 60; 1.9456781143061737]
[2; 30; 0.9846314762776549]
[1; 60; 1.9937267843700472]
[1; 60; 2.0191256017406753]
[2; 30; 1.0227602603680073]
[1; 60; 2.072978400616155]
[2; 30; 1.05078627844879]
[1; 80; 2.8418447809322838]
[2; 40; 1.4416668803290384]
[1; 80; 2.9266945962044257]
[2; 40; 1.4860362061378303]
[2; 40; 1.5098142952510858]
[1; 80; 3.0695431883909703]
[2; 50; 1.9512611332835386]
[1; 100; 3.97159881979224]
[2; 50; 2.022239135743913]
[2; 50; 2.0607614378561236]
[2; 50; 2.10157255689758]
[2; 60; 2.57389021091762]
[1; 120; 5.258498043599128]
[1; 120; 5.376681295246271]
[1; 120; 5.5032087545285995]
[1; 120; 5.63911091624524]
[1; 140; 6.749873345920478]
[1; 140; 6.934835628643209]
[1; 140; 7.135886991049025]
[1; 140; 7.3555039491415295]
[1; 140; 7.596731812796809]
[1; 140; 7.863364481357229]
[1; 140; 8.16019896784851]
[1; 140; 8.493404370124434]
[2; 70; 4.435535771505426]
[1; 160; 10.633209516640251]
[1; 160; 11.208386970120428]
[2; 80; 5.944144824551321]
[1; 180; 14.297755751252064]
[1; 180; 15.443341265505719]
[1; 200; 18.79703638748413]
[1; 200; 21.0157255689758]
[1; 200; 24.26686962892696]
[1; 200; 29.7207241227566]
[1; 200; 42.0314511379516]


Jobs: [[2; 10; 0.29720724122756603], [1; 20; 0.6004493019707372], [2; 10; 0.30654586314407406], [1; 20; 0.6197199375808561], [2; 10; 0.31328393979140223], [1; 40; 1.267295934715836], [1; 60; 1.9456781143061737], [2; 30; 0.9846314762776549], [1; 60; 1.9937267843700472], [2; 30; 1.0227602603680073], [1; 60; 2.072978400616155], [2; 30; 1.05078627844879], [1; 80; 2.8418447809322838], [2; 40; 1.4416668803290384], [1; 80; 2.9266945962044257], [2; 40; 1.4860362061378303], [2; 40; 1.5098142952510858], [1; 80; 3.0695431883909703], [2; 50; 1.9512611332835386], [1; 100; 3.97159881979224], [2; 50; 2.022239135743913], [2; 50; 2.0607614378561236], [2; 50; 2.10157255689758], [2; 60; 2.57389021091762], [1; 120; 5.258498043599128], [1; 120; 5.5032087545285995], [1; 140; 6.749873345920478], [1; 140; 7.135886991049025], [1; 140; 7.596731812796809], [1; 140; 8.16019896784851], [2; 70; 4.435535771505426], [1; 160; 10.633209516640251], [2; 80; 5.944144824551321], [1; 180; 14.297755751252064], [1; 200; 18.79703638748413], [1; 200; 24.26686962892696], [1; 200; 42.0314511379516]];
Intervals[4.9E-324=0.29720724122756603, 0.29720724122756603=0.8976565431983032, 0.9038789819507401=1.2104248450948143, 1.2104248450948143=1.8301447826756703, 1.8301447826756703=2.1434287224670725, 2.1434287224670725=3.410724657182908, 3.410724657182908=5.356402771489082, 5.356402771489082=6.3410342477667365, 6.3410342477667365=8.334761032136784, 8.360159849507411=9.38292010987542, 9.38292010987542=11.455898510491574, 11.455898510491574=12.506684788940364, 12.506684788940364=15.348529569872648, 15.348529569872648=16.790196450201687, 16.790196450201687=19.71689104640611, 19.71689104640611=21.20292725254394, 21.20292725254394=22.712741547795027, 22.712741547795027=25.782284736185996, 25.782284736185996=27.733545869469534, 27.733545869469534=31.705144689261775, 31.705144689261775=33.72738382500569, 33.72738382500569=35.78814526286181, 35.78814526286181=37.88971781975939, 37.88971781975939=40.46360803067701, 40.46360803067701=45.722106074276134, 45.722106074276134=51.225314828804734, 51.225314828804734=57.97518817472521, 57.97518817472521=65.11107516577424, 65.11107516577424=72.70780697857104, 72.70780697857104=80.86800594641956, 82.12650867143492=86.56204444294035, 86.56204444294035=97.1952539595806, 97.77043141306078=103.71457623761209, 103.71457623761209=118.01233198886416, 118.01233198886416=136.8093683763483, 136.8093683763483=161.07623800527526, 161.07623800527526=203.10768914322685];

Jobs: [[2; 10; 0.29720724122756603], [1; 20; 0.6066717407231741], [2; 10; 0.30654586314407406], [2; 10; 0.31328393979140223], [1; 40; 1.2819472415084698], [2; 30; 0.9846314762776549], [1; 60; 2.0191256017406753], [2; 30; 1.0227602603680073], [2; 30; 1.05078627844879], [2; 40; 1.4416668803290384], [2; 40; 1.4860362061378303], [2; 40; 1.5098142952510858], [2; 50; 1.9512611332835386], [2; 50; 2.022239135743913], [2; 50; 2.0607614378561236], [2; 50; 2.10157255689758], [2; 60; 2.57389021091762], [1; 120; 5.376681295246271], [1; 120; 5.63911091624524], [1; 140; 6.934835628643209], [1; 140; 7.3555039491415295], [1; 140; 7.863364481357229], [1; 140; 8.493404370124434], [2; 70; 4.435535771505426], [1; 160; 11.208386970120428], [2; 80; 5.944144824551321], [1; 180; 15.443341265505719], [1; 200; 21.0157255689758], [1; 200; 29.7207241227566]];
Intervals[4.9E-324=0.29720724122756603, 0.29720724122756603=0.9038789819507401, 0.9038789819507401=1.2104248450948143, 1.8301447826756703=2.1434287224670725, 2.1434287224670725=3.4253759639755423, 5.356402771489082=6.3410342477667365, 6.3410342477667365=8.360159849507411, 8.360159849507411=9.38292010987542, 11.455898510491574=12.506684788940364, 15.348529569872648=16.790196450201687, 19.71689104640611=21.20292725254394, 21.20292725254394=22.712741547795027, 25.782284736185996=27.733545869469534, 31.705144689261775=33.72738382500569, 33.72738382500569=35.78814526286181, 35.78814526286181=37.88971781975939, 37.88971781975939=40.46360803067701, 40.46360803067701=45.84028932592328, 45.84028932592328=51.47940024216852, 51.47940024216852=58.41423587081173, 58.41423587081173=65.76973981995326, 65.76973981995326=73.63310430131048, 73.63310430131048=82.12650867143492, 82.12650867143492=86.56204444294035, 86.56204444294035=97.77043141306078, 97.77043141306078=103.71457623761209, 103.71457623761209=119.15791750311782, 119.15791750311782=140.17364307209363, 140.17364307209363=169.89436719485022];
