1.1485228079939638
2026.2104706767311
2327.14893936841
[2; 10; 0.2846900399154653]
[2; 10; 0.28758036822927774]
[2; 10; 0.29056055526894414]
[2; 10; 0.2936353557670749]
[2; 10; 0.2968098843042924]
[1; 20; 0.6001793021980801]
[2; 10; 0.30348060224642265]
[1; 40; 1.2279566602992882]
[1; 40; 1.242489197631066]
[1; 40; 1.2575502226469526]
[1; 40; 1.2731725635362179]
[2; 20; 0.6446959880919794]
[2; 30; 0.9796856164926901]
[1; 60; 1.9856726948433903]
[2; 30; 1.0065312888024722]
[1; 60; 2.041618082997088]
[1; 60; 2.071424303175479]
[1; 60; 2.1025752888096223]
[1; 80; 2.846900399154653]
[1; 80; 2.8924536979962725]
[2; 40; 1.4701330445649627]
[2; 50; 1.8690816805995896]
[2; 50; 1.902165340697623]
[2; 50; 1.9370703684596273]
[2; 50; 1.9739702625559619]
[2; 50; 2.0130625776049444]
[2; 50; 2.05457338975999]
[1; 100; 4.197525638295196]
[2; 60; 2.5751183016842742]
[1; 120; 5.2714352231757555]
[1; 120; 5.401613719782722]
[2; 60; 2.770969371411618]
[2; 70; 3.3213837990137622]
[1; 140; 6.835351466953334]
[1; 140; 7.045719021617305]
[1; 140; 7.27678731540817]
[2; 70; 3.7660952317668652]
[1; 160; 8.933169654489026]
[1; 160; 9.297937768606213]
[2; 80; 4.855689635942762]
[1; 180; 11.458553071825959]
[1; 180; 12.078375465629666]
[2; 90; 6.405525898097969]
[1; 180; 13.695590453022888]
[2; 90; 7.396464203135966]
[1; 200; 18.005379065942403]
[1; 200; 20.130625776049442]
[2; 100; 11.622422210757765]
[1; 200; 28.46900399154653]
[2; 100; 20.130625776049442]


Jobs: [[2; 10; 0.2846900399154653], [2; 10; 0.28758036822927774], [2; 10; 0.29056055526894414], [2; 10; 0.2936353557670749], [2; 10; 0.2968098843042924], [1; 20; 0.6001793021980801], [2; 10; 0.30348060224642265], [1; 40; 1.2279566602992882], [1; 40; 1.2575502226469526], [2; 20; 0.6446959880919794], [2; 30; 0.9796856164926901], [1; 60; 1.9856726948433903], [2; 30; 1.0065312888024722], [1; 60; 2.041618082997088], [1; 60; 2.1025752888096223], [1; 80; 2.8924536979962725], [2; 40; 1.4701330445649627], [2; 50; 1.8690816805995896], [2; 50; 1.902165340697623], [2; 50; 1.9370703684596273], [2; 50; 1.9739702625559619], [2; 50; 2.0130625776049444], [2; 50; 2.05457338975999], [1; 100; 4.197525638295196], [2; 60; 2.5751183016842742], [1; 120; 5.2714352231757555], [2; 60; 2.770969371411618], [2; 70; 3.3213837990137622], [1; 140; 6.835351466953334], [1; 140; 7.27678731540817], [2; 70; 3.7660952317668652], [1; 160; 8.933169654489026], [2; 80; 4.855689635942762], [1; 180; 11.458553071825959], [2; 90; 6.405525898097969], [1; 180; 13.695590453022888], [2; 90; 7.396464203135966], [1; 200; 18.005379065942403], [2; 100; 11.622422210757765], [1; 200; 28.46900399154653], [2; 100; 20.130625776049442]];
Intervals[4.9E-324=0.2846900399154653, 0.2846900399154653=0.5722704081447431, 0.5722704081447431=0.8628309634136873, 0.8628309634136873=1.1564663191807623, 1.1564663191807623=1.4532762034850546, 1.4532762034850546=2.053455505683135, 2.053455505683135=2.3569361079295574, 2.3569361079295574=3.584892768228846, 3.584892768228846=4.842442990875798, 4.8725978690968414=5.517293857188821, 5.517293857188821=6.496979473681511, 6.496979473681511=8.482652168524902, 8.482652168524902=9.489183457327375, 9.489183457327375=11.530801540324463, 11.530801540324463=13.633376829134086, 13.633376829134086=16.52583052713036, 16.52583052713036=17.995963571695324, 17.995963571695324=19.865045252294912, 19.865045252294912=21.767210592992534, 21.767210592992534=23.70428096145216, 23.70428096145216=25.67825122400812, 25.67825122400812=27.691313801613067, 27.691313801613067=29.745887191373058, 29.745887191373058=33.943412829668254, 33.943412829668254=36.51853113135253, 36.51853113135253=41.78996635452829, 41.920144851135255=44.69111422254687, 44.69111422254687=48.01249802156063, 48.01249802156063=54.847849488513965, 54.847849488513965=62.12463680392214, 62.12463680392214=65.890732035689, 65.890732035689=74.82390169017802, 75.18866980429522=80.04435944023798, 80.04435944023798=91.50291251206394, 92.12273490586765=98.52826080396561, 98.52826080396561=112.2238512569885, 112.2238512569885=119.62031546012446, 119.62031546012446=137.62569452606687, 139.7509412361739=151.37336344693168, 151.37336344693168=179.84236743847822, 179.84236743847822=199.97299321452766];

Jobs: [[2; 10; 0.2846900399154653], [2; 10; 0.28758036822927774], [2; 10; 0.29056055526894414], [2; 10; 0.2936353557670749], [2; 10; 0.2968098843042924], [2; 10; 0.30348060224642265], [1; 40; 1.242489197631066], [1; 40; 1.2731725635362179], [2; 20; 0.6446959880919794], [2; 30; 0.9796856164926901], [2; 30; 1.0065312888024722], [1; 60; 2.071424303175479], [1; 80; 2.846900399154653], [2; 40; 1.4701330445649627], [2; 50; 1.8690816805995896], [2; 50; 1.902165340697623], [2; 50; 1.9370703684596273], [2; 50; 1.9739702625559619], [2; 50; 2.0130625776049444], [2; 50; 2.05457338975999], [2; 60; 2.5751183016842742], [1; 120; 5.401613719782722], [2; 60; 2.770969371411618], [2; 70; 3.3213837990137622], [1; 140; 7.045719021617305], [2; 70; 3.7660952317668652], [1; 160; 9.297937768606213], [2; 80; 4.855689635942762], [1; 180; 12.078375465629666], [2; 90; 6.405525898097969], [2; 90; 7.396464203135966], [1; 200; 20.130625776049442], [2; 100; 11.622422210757765], [2; 100; 20.130625776049442]];
Intervals[4.9E-324=0.2846900399154653, 0.2846900399154653=0.5722704081447431, 0.5722704081447431=0.8628309634136873, 0.8628309634136873=1.1564663191807623, 1.1564663191807623=1.4532762034850546, 2.053455505683135=2.3569361079295574, 2.3569361079295574=3.599425305560623, 3.599425305560623=4.8725978690968414, 4.8725978690968414=5.517293857188821, 5.517293857188821=6.496979473681511, 8.482652168524902=9.489183457327375, 9.489183457327375=11.560607760502855, 11.560607760502855=14.407508159657507, 16.52583052713036=17.995963571695324, 17.995963571695324=19.865045252294912, 19.865045252294912=21.767210592992534, 21.767210592992534=23.70428096145216, 23.70428096145216=25.67825122400812, 25.67825122400812=27.691313801613067, 27.691313801613067=29.745887191373058, 33.943412829668254=36.51853113135253, 36.51853113135253=41.920144851135255, 41.920144851135255=44.69111422254687, 44.69111422254687=48.01249802156063, 48.01249802156063=55.05821704317793, 62.12463680392214=65.890732035689, 65.890732035689=75.18866980429522, 75.18866980429522=80.04435944023798, 80.04435944023798=92.12273490586765, 92.12273490586765=98.52826080396561, 112.2238512569885=119.62031546012446, 119.62031546012446=139.7509412361739, 139.7509412361739=151.37336344693168, 179.84236743847822=199.97299321452766];
