1.0
458073.85653416044
458073.85653416044
[2; 10; 3.0267932091048455]
[2; 10; 3.0420416341201535]
[2; 10; 3.057522862010612]
[2; 10; 3.0732428775170857]
[2; 10; 3.089207883011708]
[2; 20; 6.21084861755985]
[2; 20; 6.2437976478051445]
[2; 20; 6.277276695559625]
[2; 20; 6.311300124684298]
[2; 20; 6.345882849994969]
[2; 30; 9.57156054710161]
[2; 30; 9.62518315460635]
[2; 30; 9.67971720662175]
[2; 30; 9.735188819529657]
[2; 30; 9.791625169533312]
[2; 40; 13.132072731470274]
[2; 40; 13.210008565429767]
[2; 40; 13.28934866956854]
[2; 40; 13.370135727777207]
[2; 40; 13.452414262688203]
[2; 40; 13.536230738786342]
[2; 50; 17.027042090844574]
[2; 50; 17.135842188871187]
[2; 50; 17.246754946685282]
[2; 50; 17.35984963353052]
[2; 50; 17.475198740580137]
[2; 50; 17.592878176213276]
[2; 50; 17.712967475954432]
[2; 50; 17.835550028395236]
[2; 60; 21.55285598226806]
[2; 60; 21.706259028367025]
[2; 60; 21.862984955537993]
[2; 60; 22.023155484779153]
[2; 70; 25.884715117644387]
[2; 70; 26.080074229638424]
[2; 70; 26.279924464341665]
[2; 70; 26.4844405796674]
[2; 70; 26.69380700436848]
[2; 80; 30.752249756770365]
[2; 80; 31.00329269566896]
[2; 80; 31.26058584340472]
[2; 80; 31.52439293260104]
[2; 90; 35.76936773624306]
[2; 90; 36.08176989243698]
[2; 90; 36.40250304348541]
[2; 90; 36.73194417509691]
[2; 90; 37.07049459614049]
[2; 90; 37.41858199428334]
[2; 100; 41.97406967559122]
[2; 100; 42.38358249180742]
[2; 100; 42.80532006814855]
[2; 100; 43.23990298721208]
[2; 100; 43.68799685145035]
[2; 520; 229.58164617022092]
[2; 520; 232.06368204592405]
[2; 520; 234.62799947229655]
[2; 520; 237.279247461372]
[2; 520; 240.02245128208125]
[2; 540; 252.20393917598966]
[2; 540; 255.2610682393866]
[2; 540; 258.43213477174345]
[2; 540; 261.72439660281634]
[2; 540; 265.14577575896186]
[2; 560; 278.65697348135876]
[2; 560; 282.50069951645224]
[2; 560; 286.50800179213417]
[2; 580; 301.07263667065223]
[2; 580; 305.60029880408564]
[2; 580; 310.33857049407703]
[2; 580; 315.3043029264429]
[2; 580; 320.5162973891672]
[2; 580; 325.9956053629025]
[2; 580; 331.765887054294]
[2; 580; 337.85384231788265]
[2; 600; 356.1617916192862]
[2; 600; 363.21518509258146]
[2; 600; 370.7049459614049]
[2; 600; 378.678007481058]
[2; 600; 387.18868826487]
[2; 600; 396.30025696289295]
[2; 620; 419.6231529023765]
[2; 620; 430.52427091155687]
[2; 620; 442.3216407042018]
[2; 620; 455.14521335210253]
[2; 640; 484.28691345677527]
[2; 640; 500.1693734944755]
[2; 640; 517.7244877295701]
[2; 640; 537.2680918475677]
[2; 660; 576.6815584391446]
[2; 660; 602.3242435557904]
[2; 660; 631.7229961087063]
[2; 680; 686.0731273970983]
[2; 680; 727.6904411585255]
[2; 680; 777.9338041273099]
[2; 700; 864.9782072432782]
[2; 700; 947.5361517150437]
[2; 700; 1059.377623186696]
[2; 700; 1223.2639118406098]
[2; 700; 1498.1862023851995]
[2; 700; 2118.755246373392]


Jobs: [[2; 10; 3.0267932091048455], [2; 10; 3.0420416341201535], [2; 10; 3.057522862010612], [2; 10; 3.0732428775170857], [2; 10; 3.089207883011708], [2; 20; 6.21084861755985], [2; 20; 6.2437976478051445], [2; 20; 6.277276695559625], [2; 20; 6.311300124684298], [2; 20; 6.345882849994969], [2; 30; 9.57156054710161], [2; 30; 9.62518315460635], [2; 30; 9.67971720662175], [2; 30; 9.735188819529657], [2; 30; 9.791625169533312], [2; 40; 13.132072731470274], [2; 40; 13.210008565429767], [2; 40; 13.28934866956854], [2; 40; 13.370135727777207], [2; 40; 13.452414262688203], [2; 40; 13.536230738786342], [2; 50; 17.027042090844574], [2; 50; 17.135842188871187], [2; 50; 17.246754946685282], [2; 50; 17.35984963353052], [2; 50; 17.475198740580137], [2; 50; 17.592878176213276], [2; 50; 17.712967475954432], [2; 50; 17.835550028395236], [2; 60; 21.55285598226806], [2; 60; 21.706259028367025], [2; 60; 21.862984955537993], [2; 60; 22.023155484779153], [2; 70; 25.884715117644387], [2; 70; 26.080074229638424], [2; 70; 26.279924464341665], [2; 70; 26.4844405796674], [2; 70; 26.69380700436848], [2; 80; 30.752249756770365], [2; 80; 31.00329269566896], [2; 80; 31.26058584340472], [2; 80; 31.52439293260104], [2; 90; 35.76936773624306], [2; 90; 36.08176989243698], [2; 90; 36.40250304348541], [2; 90; 36.73194417509691], [2; 90; 37.07049459614049], [2; 90; 37.41858199428334], [2; 100; 41.97406967559122], [2; 100; 42.38358249180742], [2; 100; 42.80532006814855], [2; 100; 43.23990298721208], [2; 100; 43.68799685145035], [2; 520; 229.58164617022092], [2; 520; 232.06368204592405], [2; 520; 234.62799947229655], [2; 520; 237.279247461372], [2; 520; 240.02245128208125], [2; 540; 252.20393917598966], [2; 540; 255.2610682393866], [2; 540; 258.43213477174345], [2; 540; 261.72439660281634], [2; 540; 265.14577575896186], [2; 560; 278.65697348135876], [2; 560; 282.50069951645224], [2; 560; 286.50800179213417], [2; 580; 301.07263667065223], [2; 580; 305.60029880408564], [2; 580; 310.33857049407703], [2; 580; 315.3043029264429], [2; 580; 320.5162973891672], [2; 580; 325.9956053629025], [2; 580; 331.765887054294], [2; 580; 337.85384231788265], [2; 600; 356.1617916192862], [2; 600; 363.21518509258146], [2; 600; 370.7049459614049], [2; 600; 378.678007481058], [2; 600; 387.18868826487], [2; 600; 396.30025696289295], [2; 620; 419.6231529023765], [2; 620; 430.52427091155687], [2; 620; 442.3216407042018], [2; 620; 455.14521335210253], [2; 640; 484.28691345677527], [2; 640; 500.1693734944755], [2; 640; 517.7244877295701], [2; 640; 537.2680918475677], [2; 660; 576.6815584391446], [2; 660; 602.3242435557904], [2; 660; 631.7229961087063], [2; 680; 686.0731273970983], [2; 680; 727.6904411585255], [2; 680; 777.9338041273099], [2; 700; 864.9782072432782], [2; 700; 947.5361517150437], [2; 700; 1059.377623186696], [2; 700; 1223.2639118406098], [2; 700; 1498.1862023851995], [2; 700; 2118.755246373392]];
Intervals[4.9E-324=3.0267932091048455, 3.0267932091048455=6.068834843224999, 6.068834843224999=9.12635770523561, 9.12635770523561=12.199600582752696, 12.199600582752696=15.288808465764404, 15.288808465764404=21.499657083324255, 21.499657083324255=27.7434547311294, 27.7434547311294=34.020731426689025, 34.020731426689025=40.33203155137332, 40.33203155137332=46.67791440136829, 46.67791440136829=56.2494749484699, 56.2494749484699=65.87465810307626, 65.87465810307626=75.554375309698, 75.554375309698=85.28956412922766, 85.28956412922766=95.08118929876096, 95.08118929876096=108.21326203023123, 108.21326203023123=121.423270595661, 121.423270595661=134.71261926522953, 134.71261926522953=148.08275499300674, 148.08275499300674=161.53516925569494, 161.53516925569494=175.07139999448128, 175.07139999448128=192.09844208532587, 192.09844208532587=209.23428427419705, 209.23428427419705=226.48103922088234, 226.48103922088234=243.84088885441287, 243.84088885441287=261.316087594993, 261.316087594993=278.9089657712063, 278.9089657712063=296.6219332471607, 296.6219332471607=314.45748327555594, 314.45748327555594=336.010339257824, 336.010339257824=357.716598286191, 357.716598286191=379.579583241729, 379.579583241729=401.60273872650816, 401.60273872650816=427.4874538441525, 427.4874538441525=453.5675280737909, 453.5675280737909=479.8474525381326, 479.8474525381326=506.3318931178, 506.3318931178=533.0257001221685, 533.0257001221685=563.7779498789388, 563.7779498789388=594.7812425746077, 594.7812425746077=626.0418284180124, 626.0418284180124=657.5662213506134, 657.5662213506134=693.3355890868565, 693.3355890868565=729.4173589792936, 729.4173589792936=765.819862022779, 765.819862022779=802.551806197876, 802.551806197876=839.6223007940165, 839.6223007940165=877.0408827882999, 877.0408827882999=919.0149524638911, 919.0149524638911=961.3985349556984, 961.3985349556984=1004.203855023847, 1004.203855023847=1047.4437580110591, 1047.4437580110591=1091.1317548625095, 1091.1317548625095=1320.7134010327304, 1320.7134010327304=1552.7770830786544, 1552.7770830786544=1787.405082550951, 1787.405082550951=2024.684330012323, 2024.684330012323=2264.706781294404, 2264.706781294404=2516.9107204703937, 2516.9107204703937=2772.1717887097802, 2772.1717887097802=3030.6039234815235, 3030.6039234815235=3292.32832008434, 3292.32832008434=3557.4740958433017, 3557.4740958433017=3836.1310693246605, 3836.1310693246605=4118.631768841113, 4118.631768841113=4405.139770633247, 4405.139770633247=4706.212407303899, 4706.212407303899=5011.812706107985, 5011.812706107985=5322.151276602062, 5322.151276602062=5637.455579528505, 5637.455579528505=5957.9718769176725, 5957.9718769176725=6283.967482280575, 6283.967482280575=6615.733369334868, 6615.733369334868=6953.587211652751, 6953.587211652751=7309.749003272037, 7309.749003272037=7672.964188364618, 7672.964188364618=8043.669134326023, 8043.669134326023=8422.34714180708, 8422.34714180708=8809.53583007195, 8809.53583007195=9205.836087034844, 9205.836087034844=9625.459239937221, 9625.459239937221=10055.983510848779, 10055.983510848779=10498.30515155298, 10498.30515155298=10953.450364905084, 10953.450364905084=11437.73727836186, 11437.73727836186=11937.906651856334, 11937.906651856334=12455.631139585905, 12455.631139585905=12992.899231433472, 12992.899231433472=13569.580789872616, 13569.580789872616=14171.905033428407, 14171.905033428407=14803.628029537114, 14803.628029537114=15489.701156934212, 15489.701156934212=16217.391598092738, 16217.391598092738=16995.32540222005, 16995.32540222005=17860.303609463328, 17860.303609463328=18807.839761178373, 18807.839761178373=19867.217384365067, 19867.217384365067=21090.48129620568, 21090.48129620568=22588.66749859088, 22588.66749859088=24707.42274496427];

Jobs: [[2; 10; 3.0267932091048455], [2; 10; 3.0420416341201535], [2; 10; 3.057522862010612], [2; 10; 3.0732428775170857], [2; 10; 3.089207883011708], [2; 20; 6.21084861755985], [2; 20; 6.2437976478051445], [2; 20; 6.277276695559625], [2; 20; 6.311300124684298], [2; 20; 6.345882849994969], [2; 30; 9.57156054710161], [2; 30; 9.62518315460635], [2; 30; 9.67971720662175], [2; 30; 9.735188819529657], [2; 30; 9.791625169533312], [2; 40; 13.132072731470274], [2; 40; 13.210008565429767], [2; 40; 13.28934866956854], [2; 40; 13.370135727777207], [2; 40; 13.452414262688203], [2; 40; 13.536230738786342], [2; 50; 17.027042090844574], [2; 50; 17.135842188871187], [2; 50; 17.246754946685282], [2; 50; 17.35984963353052], [2; 50; 17.475198740580137], [2; 50; 17.592878176213276], [2; 50; 17.712967475954432], [2; 50; 17.835550028395236], [2; 60; 21.55285598226806], [2; 60; 21.706259028367025], [2; 60; 21.862984955537993], [2; 60; 22.023155484779153], [2; 70; 25.884715117644387], [2; 70; 26.080074229638424], [2; 70; 26.279924464341665], [2; 70; 26.4844405796674], [2; 70; 26.69380700436848], [2; 80; 30.752249756770365], [2; 80; 31.00329269566896], [2; 80; 31.26058584340472], [2; 80; 31.52439293260104], [2; 90; 35.76936773624306], [2; 90; 36.08176989243698], [2; 90; 36.40250304348541], [2; 90; 36.73194417509691], [2; 90; 37.07049459614049], [2; 90; 37.41858199428334], [2; 100; 41.97406967559122], [2; 100; 42.38358249180742], [2; 100; 42.80532006814855], [2; 100; 43.23990298721208], [2; 100; 43.68799685145035], [2; 520; 229.58164617022092], [2; 520; 232.06368204592405], [2; 520; 234.62799947229655], [2; 520; 237.279247461372], [2; 520; 240.02245128208125], [2; 540; 252.20393917598966], [2; 540; 255.2610682393866], [2; 540; 258.43213477174345], [2; 540; 261.72439660281634], [2; 540; 265.14577575896186], [2; 560; 278.65697348135876], [2; 560; 282.50069951645224], [2; 560; 286.50800179213417], [2; 580; 301.07263667065223], [2; 580; 305.60029880408564], [2; 580; 310.33857049407703], [2; 580; 315.3043029264429], [2; 580; 320.5162973891672], [2; 580; 325.9956053629025], [2; 580; 331.765887054294], [2; 580; 337.85384231788265], [2; 600; 356.1617916192862], [2; 600; 363.21518509258146], [2; 600; 370.7049459614049], [2; 600; 378.678007481058], [2; 600; 387.18868826487], [2; 600; 396.30025696289295], [2; 620; 419.6231529023765], [2; 620; 430.52427091155687], [2; 620; 442.3216407042018], [2; 620; 455.14521335210253], [2; 640; 484.28691345677527], [2; 640; 500.1693734944755], [2; 640; 517.7244877295701], [2; 640; 537.2680918475677], [2; 660; 576.6815584391446], [2; 660; 602.3242435557904], [2; 660; 631.7229961087063], [2; 680; 686.0731273970983], [2; 680; 727.6904411585255], [2; 680; 777.9338041273099], [2; 700; 864.9782072432782], [2; 700; 947.5361517150437], [2; 700; 1059.377623186696], [2; 700; 1223.2639118406098], [2; 700; 1498.1862023851995], [2; 700; 2118.755246373392]];
Intervals[4.9E-324=3.0267932091048455, 3.0267932091048455=6.068834843224999, 6.068834843224999=9.12635770523561, 9.12635770523561=12.199600582752696, 12.199600582752696=15.288808465764404, 15.288808465764404=21.499657083324255, 21.499657083324255=27.7434547311294, 27.7434547311294=34.020731426689025, 34.020731426689025=40.33203155137332, 40.33203155137332=46.67791440136829, 46.67791440136829=56.2494749484699, 56.2494749484699=65.87465810307626, 65.87465810307626=75.554375309698, 75.554375309698=85.28956412922766, 85.28956412922766=95.08118929876096, 95.08118929876096=108.21326203023123, 108.21326203023123=121.423270595661, 121.423270595661=134.71261926522953, 134.71261926522953=148.08275499300674, 148.08275499300674=161.53516925569494, 161.53516925569494=175.07139999448128, 175.07139999448128=192.09844208532587, 192.09844208532587=209.23428427419705, 209.23428427419705=226.48103922088234, 226.48103922088234=243.84088885441287, 243.84088885441287=261.316087594993, 261.316087594993=278.9089657712063, 278.9089657712063=296.6219332471607, 296.6219332471607=314.45748327555594, 314.45748327555594=336.010339257824, 336.010339257824=357.716598286191, 357.716598286191=379.579583241729, 379.579583241729=401.60273872650816, 401.60273872650816=427.4874538441525, 427.4874538441525=453.5675280737909, 453.5675280737909=479.8474525381326, 479.8474525381326=506.3318931178, 506.3318931178=533.0257001221685, 533.0257001221685=563.7779498789388, 563.7779498789388=594.7812425746077, 594.7812425746077=626.0418284180124, 626.0418284180124=657.5662213506134, 657.5662213506134=693.3355890868565, 693.3355890868565=729.4173589792936, 729.4173589792936=765.819862022779, 765.819862022779=802.551806197876, 802.551806197876=839.6223007940165, 839.6223007940165=877.0408827882999, 877.0408827882999=919.0149524638911, 919.0149524638911=961.3985349556984, 961.3985349556984=1004.203855023847, 1004.203855023847=1047.4437580110591, 1047.4437580110591=1091.1317548625095, 1091.1317548625095=1320.7134010327304, 1320.7134010327304=1552.7770830786544, 1552.7770830786544=1787.405082550951, 1787.405082550951=2024.684330012323, 2024.684330012323=2264.706781294404, 2264.706781294404=2516.9107204703937, 2516.9107204703937=2772.1717887097802, 2772.1717887097802=3030.6039234815235, 3030.6039234815235=3292.32832008434, 3292.32832008434=3557.4740958433017, 3557.4740958433017=3836.1310693246605, 3836.1310693246605=4118.631768841113, 4118.631768841113=4405.139770633247, 4405.139770633247=4706.212407303899, 4706.212407303899=5011.812706107985, 5011.812706107985=5322.151276602062, 5322.151276602062=5637.455579528505, 5637.455579528505=5957.9718769176725, 5957.9718769176725=6283.967482280575, 6283.967482280575=6615.733369334868, 6615.733369334868=6953.587211652751, 6953.587211652751=7309.749003272037, 7309.749003272037=7672.964188364618, 7672.964188364618=8043.669134326023, 8043.669134326023=8422.34714180708, 8422.34714180708=8809.53583007195, 8809.53583007195=9205.836087034844, 9205.836087034844=9625.459239937221, 9625.459239937221=10055.983510848779, 10055.983510848779=10498.30515155298, 10498.30515155298=10953.450364905084, 10953.450364905084=11437.73727836186, 11437.73727836186=11937.906651856334, 11937.906651856334=12455.631139585905, 12455.631139585905=12992.899231433472, 12992.899231433472=13569.580789872616, 13569.580789872616=14171.905033428407, 14171.905033428407=14803.628029537114, 14803.628029537114=15489.701156934212, 15489.701156934212=16217.391598092738, 16217.391598092738=16995.32540222005, 16995.32540222005=17860.303609463328, 17860.303609463328=18807.839761178373, 18807.839761178373=19867.217384365067, 19867.217384365067=21090.48129620568, 21090.48129620568=22588.66749859088, 22588.66749859088=24707.42274496427];
