1.0775709246933358
25534.95643943676
27515.726622447917
[1; 10; 0.7146321632761397]
[1; 10; 0.718232348093016]
[1; 10; 0.7218874981522434]
[2; 10; 0.7255990264635707]
[2; 10; 0.7293683974199406]
[1; 20; 1.4663942584502052]
[2; 10; 0.7370867964628934]
[1; 30; 2.223117098454189]
[1; 30; 2.235166601877961]
[1; 30; 2.247414181788478]
[2; 20; 1.5065768834439588]
[1; 40; 3.030034312228268]
[1; 40; 3.047201782824651]
[2; 20; 1.5323322000931978]
[1; 40; 3.0824307194575415]
[2; 20; 1.5502548235142963]
[1; 50; 3.898638074122561]
[1; 50; 3.9220535283418516]
[1; 50; 3.94589601863765]
[1; 50; 3.9701786848674425]
[1; 60; 4.793898287979531]
[1; 60; 4.824144003087453]
[1; 60; 4.854969518031863]
[1; 60; 4.886393597012819]
[1; 60; 4.918435865565081]
[1; 70; 5.7763030057466125]
[1; 70; 5.815201108586713]
[1; 70; 5.854895774916432]
[1; 80; 6.737616649420939]
[1; 80; 6.7848987498521405]
[1; 80; 6.833190453585358]
[2; 40; 3.4412641047410713]
[1; 90; 7.799569127606039]
[1; 90; 7.8575592875931335]
[1; 90; 7.916862463150138]
[1; 90; 7.977528963078108]
[1; 100; 8.932902040951745]
[2; 50; 4.50175948313517]
[1; 100; 9.07583754944906]
[2; 50; 4.574963624278641]
[1; 100; 9.22586155677556]
[1; 100; 9.303718308879093]
[1; 110; 10.32193801832784]
[1; 110; 10.412087660245001]
[1; 110; 10.504641370725894]
[1; 110; 10.599707936236815]
[1; 110; 10.697403162159128]
[1; 120; 11.779473235617859]
[1; 120; 11.892198035944043]
[2; 60; 6.004111113848587]
[1; 120; 12.127709968957689]
[1; 120; 12.250837084733822]
[1; 130; 13.409274834768924]
[1; 130; 13.551175874651495]
[1; 130; 13.697679331003181]
[1; 130; 13.849039498607537]
[2; 70; 7.541439654976668]
[1; 140; 15.257253649863095]
[1; 140; 15.437819149783097]
[1; 140; 15.624951062759822]
[1; 150; 16.948989938744536]
[1; 160; 18.309236632823016]
[1; 160; 18.548583217985044]
[1; 160; 18.797568630149456]
[1; 160; 19.056857687363728]
[1; 170; 20.535130054194898]
[1; 170; 20.834928832862012]
[1; 170; 21.148253615122186]
[1; 180; 22.739456191795664]
[2; 90; 11.551655297093273]
[2; 90; 11.7426046843517]
[1; 180; 23.886695021716964]
[1; 190; 25.660029053870463]
[1; 190; 26.13089454980611]
[1; 190; 26.62867060235968]
[1; 190; 27.15602220449331]
[1; 190; 27.715999101957742]
[1; 190; 28.31211029045417]
[1; 190; 28.94841693683418]
[1; 190; 29.629649363331463]
[1; 190; 30.361355823870365]
[2; 100; 16.39478621855027]
[1; 200; 33.68808324710469]
[1; 200; 34.66475167824906]
[1; 200; 35.73160816380698]
[2; 110; 20.296895424906232]
[2; 110; 21.009282741451788]
[2; 110; 21.80236306589741]
[2; 120; 24.755584310342634]
[2; 130; 28.011061575627622]
[2; 140; 31.63811455232313]
[2; 150; 35.73160816380698]
[2; 150; 37.899093652992775]
[2; 150; 40.51583534821652]
[2; 160; 46.6795774348762]
[2; 170; 54.33084726376802]
[2; 190; 67.89005551123327]
[2; 200; 82.51861436780877]
[2; 200; 101.06424974131406]
[2; 200; 142.92643265522793]


Jobs: [[1; 10; 0.7146321632761397], [1; 10; 0.7218874981522434], [2; 10; 0.7255990264635707], [2; 10; 0.7293683974199406], [1; 20; 1.4663942584502052], [2; 10; 0.7370867964628934], [1; 30; 2.223117098454189], [1; 30; 2.247414181788478], [2; 20; 1.5065768834439588], [1; 40; 3.030034312228268], [2; 20; 1.5323322000931978], [1; 40; 3.0824307194575415], [2; 20; 1.5502548235142963], [1; 50; 3.898638074122561], [1; 50; 3.94589601863765], [1; 60; 4.793898287979531], [1; 60; 4.854969518031863], [1; 60; 4.918435865565081], [1; 70; 5.815201108586713], [1; 80; 6.737616649420939], [1; 80; 6.833190453585358], [2; 40; 3.4412641047410713], [1; 90; 7.799569127606039], [1; 90; 7.916862463150138], [1; 100; 8.932902040951745], [2; 50; 4.50175948313517], [1; 100; 9.07583754944906], [2; 50; 4.574963624278641], [1; 100; 9.22586155677556], [1; 110; 10.32193801832784], [1; 110; 10.504641370725894], [1; 110; 10.697403162159128], [1; 120; 11.892198035944043], [2; 60; 6.004111113848587], [1; 120; 12.127709968957689], [1; 130; 13.409274834768924], [1; 130; 13.697679331003181], [2; 70; 7.541439654976668], [1; 140; 15.257253649863095], [1; 140; 15.624951062759822], [1; 160; 18.309236632823016], [1; 160; 18.797568630149456], [1; 170; 20.535130054194898], [1; 170; 21.148253615122186], [2; 90; 11.551655297093273], [2; 90; 11.7426046843517], [1; 180; 23.886695021716964], [1; 190; 26.13089454980611], [1; 190; 27.15602220449331], [1; 190; 28.31211029045417], [1; 190; 29.629649363331463], [2; 100; 16.39478621855027], [1; 200; 33.68808324710469], [1; 200; 35.73160816380698], [2; 110; 20.296895424906232], [2; 110; 21.009282741451788], [2; 110; 21.80236306589741], [2; 120; 24.755584310342634], [2; 130; 28.011061575627622], [2; 140; 31.63811455232313], [2; 150; 35.73160816380698], [2; 150; 37.899093652992775], [2; 150; 40.51583534821652], [2; 160; 46.6795774348762], [2; 170; 54.33084726376802], [2; 190; 67.89005551123327], [2; 200; 82.51861436780877], [2; 200; 101.06424974131406], [2; 200; 142.92643265522793]];
Intervals[0.0=0.7146321632761397, 0.7146321632761397=1.436519661428383, 1.436519661428383=2.1621186878919536, 2.1621186878919536=2.891487085311894, 2.891487085311894=4.3578813437621, 4.3578813437621=5.094968140224993, 5.094968140224993=7.318085238679182, 7.318085238679182=9.56549942046766, 9.56549942046766=11.072076303911619, 11.072076303911619=14.102110616139885, 14.11927808673627=15.651610286829467, 15.651610286829467=18.734041006287008, 18.734041006287008=20.284295829801305, 20.284295829801305=24.182933903923868, 24.182933903923868=28.12882992256152, 28.12882992256152=32.92272821054105, 32.92272821054105=37.77769772857292, 37.77769772857292=42.696133594138, 42.696133594138=48.51133470272471, 48.51133470272471=55.24895135214565, 55.24895135214565=62.08214180573101, 62.08214180573101=65.52340591047208, 65.52340591047208=73.32297503807811, 73.32297503807811=81.23983750122825, 81.23983750122825=90.17273954218, 90.17273954218=94.67449902531517, 94.67449902531517=103.75033657476423, 103.75033657476423=108.32530019904287, 108.32530019904287=117.55116175581843, 117.55116175581843=127.87309977414627, 127.87309977414627=138.37774114487218, 138.37774114487218=149.0751443070313, 149.0751443070313=160.96734234297534, 160.96734234297534=166.97145345682392, 166.97145345682392=179.09916342578163, 179.09916342578163=192.50843826055055, 192.50843826055055=206.20611759155372, 206.6225059148168=214.16394556979347, 214.16394556979347=229.42119921965656, 229.42119921965656=245.0461502824164, 245.0461502824164=263.3553869152394, 263.3553869152394=282.15295554538886, 282.15295554538886=302.68808559958376, 302.68808559958376=323.83633921470596, 327.7305805883276=339.28223588542085, 339.28223588542085=351.02484056977255, 351.02484056977255=374.9115355914895, 374.9115355914895=401.0424301412956, 401.0424301412956=428.1984523457889, 428.1984523457889=456.5105626362431, 456.5105626362431=486.14021199957455, 490.339312088665=506.7340983072153, 506.7340983072153=540.42218155432, 540.42218155432=576.153789718127, 576.153789718127=596.4506851430332, 596.4506851430332=617.459967884485, 617.459967884485=639.2623309503824, 639.2623309503824=664.0179152607251, 664.0179152607251=692.0289768363527, 692.0289768363527=723.6670913886759, 723.6670913886759=759.3986995524829, 759.3986995524829=797.2977932054756, 797.2977932054756=837.8136285536922, 837.8136285536922=884.4932059885684, 884.4932059885684=938.8240532523364, 938.8240532523364=1006.7141087635697, 1006.7141087635697=1089.2327231313784, 1089.2327231313784=1190.2969728726925, 1190.2969728726925=1333.2234055279205];

Jobs: [[1; 10; 0.718232348093016], [2; 10; 0.7255990264635707], [2; 10; 0.7293683974199406], [2; 10; 0.7370867964628934], [1; 30; 2.235166601877961], [2; 20; 1.5065768834439588], [1; 40; 3.047201782824651], [2; 20; 1.5323322000931978], [2; 20; 1.5502548235142963], [1; 50; 3.9220535283418516], [1; 50; 3.9701786848674425], [1; 60; 4.824144003087453], [1; 60; 4.886393597012819], [1; 70; 5.7763030057466125], [1; 70; 5.854895774916432], [1; 80; 6.7848987498521405], [2; 40; 3.4412641047410713], [1; 90; 7.8575592875931335], [1; 90; 7.977528963078108], [2; 50; 4.50175948313517], [2; 50; 4.574963624278641], [1; 100; 9.303718308879093], [1; 110; 10.412087660245001], [1; 110; 10.599707936236815], [1; 120; 11.779473235617859], [2; 60; 6.004111113848587], [1; 120; 12.250837084733822], [1; 130; 13.551175874651495], [1; 130; 13.849039498607537], [2; 70; 7.541439654976668], [1; 140; 15.437819149783097], [1; 150; 16.948989938744536], [1; 160; 18.548583217985044], [1; 160; 19.056857687363728], [1; 170; 20.834928832862012], [1; 180; 22.739456191795664], [2; 90; 11.551655297093273], [2; 90; 11.7426046843517], [1; 190; 25.660029053870463], [1; 190; 26.62867060235968], [1; 190; 27.715999101957742], [1; 190; 28.94841693683418], [1; 190; 30.361355823870365], [2; 100; 16.39478621855027], [1; 200; 34.66475167824906], [2; 110; 20.296895424906232], [2; 110; 21.009282741451788], [2; 110; 21.80236306589741], [2; 120; 24.755584310342634], [2; 130; 28.011061575627622], [2; 140; 31.63811455232313], [2; 150; 35.73160816380698], [2; 150; 37.899093652992775], [2; 150; 40.51583534821652], [2; 160; 46.6795774348762], [2; 170; 54.33084726376802], [2; 190; 67.89005551123327], [2; 200; 82.51861436780877], [2; 200; 101.06424974131406], [2; 200; 142.92643265522793]];
Intervals[0.0=0.718232348093016, 1.436519661428383=2.1621186878919536, 2.1621186878919536=2.891487085311894, 4.3578813437621=5.094968140224993, 5.094968140224993=7.330134742102954, 9.56549942046766=11.072076303911619, 11.072076303911619=14.11927808673627, 14.11927808673627=15.651610286829467, 18.734041006287008=20.284295829801305, 20.284295829801305=24.206349358143157, 24.206349358143157=28.1765280430106, 28.1765280430106=33.00067204609805, 33.00067204609805=37.88706564311087, 37.88706564311087=43.663368648857485, 43.663368648857485=49.518264423773914, 49.518264423773914=56.303163173626054, 62.08214180573101=65.52340591047208, 65.52340591047208=73.38096519806521, 73.38096519806521=81.35849416114333, 90.17273954218=94.67449902531517, 103.75033657476423=108.32530019904287, 108.32530019904287=117.62901850792197, 117.62901850792197=128.04110616816698, 128.04110616816698=138.6408141044038, 138.6408141044038=150.42028734002167, 160.96734234297534=166.97145345682392, 166.97145345682392=179.22229054155775, 179.22229054155775=192.77346641620926, 192.77346641620926=206.6225059148168, 206.6225059148168=214.16394556979347, 214.16394556979347=229.60176471957658, 229.60176471957658=246.55075465832113, 246.55075465832113=265.09933787630615, 265.09933787630615=284.1561955636699, 284.1561955636699=304.9911243965319, 304.9911243965319=327.7305805883276, 327.7305805883276=339.28223588542085, 339.28223588542085=351.02484056977255, 351.02484056977255=376.684869623643, 376.684869623643=403.3135402260027, 403.3135402260027=431.02953932796044, 431.02953932796044=459.9779562647946, 459.9779562647946=490.339312088665, 490.339312088665=506.7340983072153, 506.7340983072153=541.3988499854644, 576.153789718127=596.4506851430332, 596.4506851430332=617.459967884485, 617.459967884485=639.2623309503824, 639.2623309503824=664.0179152607251, 664.0179152607251=692.0289768363527, 692.0289768363527=723.6670913886759, 723.6670913886759=759.3986995524829, 759.3986995524829=797.2977932054756, 797.2977932054756=837.8136285536922, 837.8136285536922=884.4932059885684, 884.4932059885684=938.8240532523364, 938.8240532523364=1006.7141087635697, 1006.7141087635697=1089.2327231313784, 1089.2327231313784=1190.2969728726925, 1190.2969728726925=1333.2234055279205];
