1.1169684390177508
1308741.4700092163
1461822.916833991
[2; 10; 5.11613422421503]
[2; 10; 5.141908363277958]
[2; 10; 5.168076004861464]
[1; 20; 10.389294529731188]
[2; 10; 5.221632627048621]
[2; 10; 5.249042960406596]
[1; 20; 10.553779075134262]
[2; 10; 5.305184054268105]
[1; 60; 32.003631899986324]
[1; 60; 32.178995579272026]
[1; 80; 43.1430319030882]
[1; 80; 43.384731451967326]
[1; 80; 43.63053926296399]
[2; 50; 27.42535815846785]
[1; 120; 66.20243297737545]
[2; 60; 33.295360185619856]
[1; 120; 66.98592099434157]
[2; 70; 39.30980809902239]
[2; 70; 39.54877569886718]
[1; 160; 90.95349731937831]
[1; 160; 91.52019125886366]
[2; 80; 46.048805721423044]
[2; 90; 52.135931571118704]
[2; 90; 52.47338448927847]
[1; 180; 105.63495188657294]
[2; 90; 53.16842648809448]
[2; 90; 53.5264670755295]
[2; 100; 59.87982188115127]
[2; 520; 313.52994429492884]
[1; 1040; 631.4603628482487]
[2; 520; 317.9773996867846]
[1; 1040; 640.5465904067636]
[1; 1040; 645.2393021566788]
[2; 520; 325.018343220806]
[1; 1080; 680.1327968857414]
[1; 1080; 685.3446186731394]
[1; 1080; 690.678120269029]
[2; 540; 348.069055661983]
[2; 540; 350.8648359616782]
[2; 540; 353.7290862286559]
[2; 540; 356.664647652239]
[2; 560; 372.9958081260751]
[2; 560; 376.19754760740295]
[2; 560; 379.4831780913977]
[1; 1120; 765.7128564704454]
[1; 1120; 772.642525829274]
[1; 1120; 779.7638056392606]
[1; 1120; 787.0856921484091]
[2; 580; 411.49849542256976]
[2; 580; 415.51320996017915]
[1; 1160; 839.2955431895017]
[2; 580; 423.90826429210256]
[1; 1160; 856.6024267526334]
[2; 580; 432.8336275679834]
[1; 1160; 875.0260920443662]
[2; 580; 442.3475910845077]
[2; 580; 447.3460276051823]
[1; 1160; 905.0356595941018]
[1; 1200; 947.3239795825049]
[2; 600; 479.40355687362387]
[2; 600; 485.35910890974213]
[1; 1200; 983.0845535310893]
[1; 1200; 995.9358774574723]
[1; 1200; 1009.304742455077]
[1; 1240; 1057.3344063377729]
[2; 620; 536.1664033123315]
[2; 620; 543.9940641282677]
[2; 620; 552.1748850497665]
[1; 1240; 1121.4724930549376]
[1; 1240; 1139.4171923615788]
[1; 1240; 1158.251810355063]
[2; 620; 589.0262104533754]
[1; 1240; 1198.9045250579416]
[1; 1240; 1220.9046082451327]
[1; 1280; 1284.2962827535914]
[1; 1280; 1309.7303613990478]
[2; 640; 668.3689762622234]
[2; 640; 682.744147199708]
[2; 640; 698.0886282074239]
[2; 640; 714.5164906063101]
[1; 1280; 1464.3230601418186]
[1; 1320; 1549.3126276697367]
[1; 1320; 1591.7674094973308]
[1; 1320; 1637.9151516284924]
[2; 660; 844.1621469954799]
[2; 660; 871.8469164832509]
[2; 660; 902.4472951258821]
[1; 1360; 1929.7860474989475]
[1; 1360; 2008.5850006613473]
[1; 1360; 2097.898612217407]
[1; 1400; 2265.00917491213]
[2; 700; 1193.7646523168405]
[2; 700; 1266.1786211910585]
[2; 700; 1353.6018831299336]
[2; 700; 1462.057135573614]
[2; 700; 1601.603347030114]
[2; 700; 1790.6469784752605]
[2; 700; 2067.6610300925636]
[1; 1400; 5064.714484764234]
[1; 1400; 7162.587913901042]


Jobs: [[2; 10; 5.11613422421503], [2; 10; 5.141908363277958], [2; 10; 5.168076004861464], [1; 20; 10.389294529731188], [2; 10; 5.221632627048621], [2; 10; 5.249042960406596], [1; 20; 10.553779075134262], [2; 10; 5.305184054268105], [1; 60; 32.003631899986324], [1; 80; 43.1430319030882], [1; 80; 43.63053926296399], [2; 50; 27.42535815846785], [1; 120; 66.20243297737545], [2; 60; 33.295360185619856], [1; 120; 66.98592099434157], [2; 70; 39.30980809902239], [2; 70; 39.54877569886718], [1; 160; 90.95349731937831], [2; 80; 46.048805721423044], [2; 90; 52.135931571118704], [2; 90; 52.47338448927847], [1; 180; 105.63495188657294], [2; 90; 53.16842648809448], [2; 90; 53.5264670755295], [2; 100; 59.87982188115127], [2; 520; 313.52994429492884], [1; 1040; 631.4603628482487], [2; 520; 317.9773996867846], [1; 1040; 640.5465904067636], [2; 520; 325.018343220806], [1; 1080; 680.1327968857414], [1; 1080; 690.678120269029], [2; 540; 348.069055661983], [2; 540; 350.8648359616782], [2; 540; 353.7290862286559], [2; 540; 356.664647652239], [2; 560; 372.9958081260751], [2; 560; 376.19754760740295], [2; 560; 379.4831780913977], [1; 1120; 765.7128564704454], [1; 1120; 779.7638056392606], [2; 580; 411.49849542256976], [2; 580; 415.51320996017915], [1; 1160; 839.2955431895017], [2; 580; 423.90826429210256], [1; 1160; 856.6024267526334], [2; 580; 432.8336275679834], [1; 1160; 875.0260920443662], [2; 580; 442.3475910845077], [2; 580; 447.3460276051823], [1; 1160; 905.0356595941018], [2; 600; 479.40355687362387], [2; 600; 485.35910890974213], [1; 1200; 983.0845535310893], [1; 1200; 1009.304742455077], [2; 620; 536.1664033123315], [2; 620; 543.9940641282677], [2; 620; 552.1748850497665], [1; 1240; 1121.4724930549376], [1; 1240; 1158.251810355063], [2; 620; 589.0262104533754], [1; 1240; 1198.9045250579416], [1; 1280; 1284.2962827535914], [2; 640; 668.3689762622234], [2; 640; 682.744147199708], [2; 640; 698.0886282074239], [2; 640; 714.5164906063101], [1; 1280; 1464.3230601418186], [1; 1320; 1591.7674094973308], [2; 660; 844.1621469954799], [2; 660; 871.8469164832509], [2; 660; 902.4472951258821], [1; 1360; 1929.7860474989475], [1; 1360; 2097.898612217407], [2; 700; 1193.7646523168405], [2; 700; 1266.1786211910585], [2; 700; 1353.6018831299336], [2; 700; 1462.057135573614], [2; 700; 1601.603347030114], [2; 700; 1790.6469784752605], [2; 700; 2067.6610300925636], [1; 1400; 5064.714484764234]];
Intervals[4.9E-324=5.11613422421503, 5.11613422421503=10.258042587492987, 10.258042587492987=15.426118592354452, 15.426118592354452=25.81541312208564, 25.81541312208564=31.03704574913426, 31.03704574913426=36.286088709540856, 36.286088709540856=46.83986778467512, 46.83986778467512=52.145051838943225, 52.145051838943225=84.14868373892955, 84.14868373892955=127.29171564201775, 127.29171564201775=170.92225490498174, 170.92225490498174=198.3476130634496, 198.3476130634496=264.550046040825, 264.550046040825=297.8454062264449, 297.8454062264449=364.8313272207864, 364.8313272207864=404.1411353198088, 404.1411353198088=443.689911018676, 443.689911018676=534.6434083380543, 535.2101022775397=581.2589079989627, 581.2589079989627=633.3948395700814, 633.3948395700814=685.8682240593599, 685.8682240593599=791.5031759459329, 791.5031759459329=844.6716024340274, 844.6716024340274=898.1980695095568, 898.1980695095568=958.0778913907081, 958.0778913907081=1271.607835685637, 1271.607835685637=1903.0681985338856, 1903.0681985338856=2221.0455982206704, 2221.0455982206704=2861.592188627434, 2866.284900377349=3191.303243598155, 3191.303243598155=3871.4360404838962, 3871.4360404838962=4562.114160752925, 4562.114160752925=4910.183216414908, 4910.183216414908=5261.048052376586, 5261.048052376586=5614.777138605243, 5614.777138605243=5971.441786257482, 5971.441786257482=6344.437594383557, 6344.437594383557=6720.63514199096, 6720.63514199096=7100.118320082357, 7100.118320082357=7865.831176552802, 7865.831176552802=8645.594982192062, 8659.84653806004=9071.345033482608, 9071.345033482608=9486.858243442788, 9486.858243442788=10326.15378663229, 10326.15378663229=10750.062050924393, 10750.062050924393=11606.664477677026, 11606.664477677026=12039.49810524501, 12039.49810524501=12914.524197289376, 12914.524197289376=13356.871788373885, 13356.871788373885=13804.217815979067, 13804.217815979067=14709.253475573169, 14751.541795561572=15230.945352435196, 15230.945352435196=15716.304461344938, 15716.304461344938=16699.38901487603, 16699.38901487603=17708.693757331108, 17769.574745140184=18305.741148452515, 18305.741148452515=18849.73521258078, 18849.73521258078=19401.91009763055, 19401.91009763055=20523.382590685487, 20523.382590685487=21681.634401040552, 21681.634401040552=22270.660611493928, 22270.660611493928=23469.565136551868, 23469.565136551868=24753.86141930546, 24801.295581138107=25469.66455740033, 25469.66455740033=26152.40870460004, 26152.40870460004=26850.497332807463, 26850.497332807463=27565.013823413774, 27565.013823413774=29029.336883555592, 29029.336883555592=30621.104293052922, 30752.241602712=31596.403749707482, 31596.403749707482=32468.250666190732, 32468.250666190732=33370.69796131661, 33370.69796131661=35300.48400881556, 35300.48400881556=37398.38262103297, 37644.292136890086=38838.05678920692, 38838.05678920692=40104.23541039798, 40104.23541039798=41457.83729352792, 41457.83729352792=42919.894429101536, 42919.894429101536=44521.49777613165, 44521.49777613165=46312.14475460691, 46312.14475460691=48379.80578469947, 48379.80578469947=53444.520269463705];

Jobs: [[2; 10; 5.11613422421503], [2; 10; 5.141908363277958], [2; 10; 5.168076004861464], [2; 10; 5.221632627048621], [2; 10; 5.249042960406596], [2; 10; 5.305184054268105], [1; 60; 32.178995579272026], [1; 80; 43.384731451967326], [2; 50; 27.42535815846785], [2; 60; 33.295360185619856], [2; 70; 39.30980809902239], [2; 70; 39.54877569886718], [1; 160; 91.52019125886366], [2; 80; 46.048805721423044], [2; 90; 52.135931571118704], [2; 90; 52.47338448927847], [2; 90; 53.16842648809448], [2; 90; 53.5264670755295], [2; 100; 59.87982188115127], [2; 520; 313.52994429492884], [2; 520; 317.9773996867846], [1; 1040; 645.2393021566788], [2; 520; 325.018343220806], [1; 1080; 685.3446186731394], [2; 540; 348.069055661983], [2; 540; 350.8648359616782], [2; 540; 353.7290862286559], [2; 540; 356.664647652239], [2; 560; 372.9958081260751], [2; 560; 376.19754760740295], [2; 560; 379.4831780913977], [1; 1120; 772.642525829274], [1; 1120; 787.0856921484091], [2; 580; 411.49849542256976], [2; 580; 415.51320996017915], [2; 580; 423.90826429210256], [2; 580; 432.8336275679834], [2; 580; 442.3475910845077], [2; 580; 447.3460276051823], [1; 1200; 947.3239795825049], [2; 600; 479.40355687362387], [2; 600; 485.35910890974213], [1; 1200; 995.9358774574723], [1; 1240; 1057.3344063377729], [2; 620; 536.1664033123315], [2; 620; 543.9940641282677], [2; 620; 552.1748850497665], [1; 1240; 1139.4171923615788], [2; 620; 589.0262104533754], [1; 1240; 1220.9046082451327], [1; 1280; 1309.7303613990478], [2; 640; 668.3689762622234], [2; 640; 682.744147199708], [2; 640; 698.0886282074239], [2; 640; 714.5164906063101], [1; 1320; 1549.3126276697367], [1; 1320; 1637.9151516284924], [2; 660; 844.1621469954799], [2; 660; 871.8469164832509], [2; 660; 902.4472951258821], [1; 1360; 2008.5850006613473], [1; 1400; 2265.00917491213], [2; 700; 1193.7646523168405], [2; 700; 1266.1786211910585], [2; 700; 1353.6018831299336], [2; 700; 1462.057135573614], [2; 700; 1601.603347030114], [2; 700; 1790.6469784752605], [2; 700; 2067.6610300925636], [1; 1400; 7162.587913901042]];
Intervals[4.9E-324=5.11613422421503, 5.11613422421503=10.258042587492987, 10.258042587492987=15.426118592354452, 25.81541312208564=31.03704574913426, 31.03704574913426=36.286088709540856, 46.83986778467512=52.145051838943225, 52.145051838943225=84.32404741821526, 84.32404741821526=127.70877887018258, 170.92225490498174=198.3476130634496, 264.550046040825=297.8454062264449, 364.8313272207864=404.1411353198088, 404.1411353198088=443.689911018676, 443.689911018676=535.2101022775397, 535.2101022775397=581.2589079989627, 581.2589079989627=633.3948395700814, 633.3948395700814=685.8682240593599, 791.5031759459329=844.6716024340274, 844.6716024340274=898.1980695095568, 898.1980695095568=958.0778913907081, 958.0778913907081=1271.607835685637, 1903.0681985338856=2221.0455982206704, 2221.0455982206704=2866.284900377349, 2866.284900377349=3191.303243598155, 3191.303243598155=3876.6478622712943, 4562.114160752925=4910.183216414908, 4910.183216414908=5261.048052376586, 5261.048052376586=5614.777138605243, 5614.777138605243=5971.441786257482, 5971.441786257482=6344.437594383557, 6344.437594383557=6720.63514199096, 6720.63514199096=7100.118320082357, 7100.118320082357=7872.760845911631, 7872.760845911631=8659.84653806004, 8659.84653806004=9071.345033482608, 9071.345033482608=9486.858243442788, 10326.15378663229=10750.062050924393, 11606.664477677026=12039.49810524501, 12914.524197289376=13356.871788373885, 13356.871788373885=13804.217815979067, 13804.217815979067=14751.541795561572, 14751.541795561572=15230.945352435196, 15230.945352435196=15716.304461344938, 15716.304461344938=16712.24033880241, 16712.24033880241=17769.574745140184, 17769.574745140184=18305.741148452515, 18305.741148452515=18849.73521258078, 18849.73521258078=19401.91009763055, 19401.91009763055=20541.32728999213, 21681.634401040552=22270.660611493928, 22270.660611493928=23491.56521973906, 23491.56521973906=24801.295581138107, 24801.295581138107=25469.66455740033, 25469.66455740033=26152.40870460004, 26152.40870460004=26850.497332807463, 26850.497332807463=27565.013823413774, 27565.013823413774=29114.32645108351, 29114.32645108351=30752.241602712, 30752.241602712=31596.403749707482, 31596.403749707482=32468.250666190732, 32468.250666190732=33370.69796131661, 33370.69796131661=35379.28296197796, 35379.28296197796=37644.292136890086, 37644.292136890086=38838.05678920692, 38838.05678920692=40104.23541039798, 40104.23541039798=41457.83729352792, 41457.83729352792=42919.894429101536, 42919.894429101536=44521.49777613165, 44521.49777613165=46312.14475460691, 46312.14475460691=48379.80578469947, 48379.80578469947=55542.393698600514];
