1.0748701552474802
1670.590066761365
1795.6674044146866
[1; 20; 0.5170052327412349]
[1; 20; 0.5222541514003664]
[2; 10; 0.263833128034351]
[2; 10; 0.266625090738141]
[1; 20; 0.5390152158474008]
[1; 40; 1.0899427317918402]
[2; 20; 0.5511294299001519]
[1; 40; 1.1150021601435296]
[1; 40; 1.1281979112976046]
[1; 40; 1.1418735368059156]
[1; 40; 1.156058845132501]
[2; 20; 0.5853931515654819]
[1; 40; 1.1860913488425098]
[1; 40; 1.2020127504873457]
[2; 30; 0.913944764950641]
[1; 60; 1.853818336043732]
[1; 60; 1.8808828090492526]
[2; 30; 0.9545841741335329]
[2; 40; 1.292513081853087]
[2; 40; 1.3131946043579976]
[1; 80; 2.66980354174519]
[1; 80; 2.715444515242488]
[1; 80; 2.763509211552889]
[1; 80; 2.8142200323664097]
[1; 80; 2.8678290405103324]
[1; 100; 3.655779059802564]
[2; 50; 1.865581939347482]
[2; 50; 1.9057065714421386]
[1; 100; 3.8970735719387335]
[1; 100; 3.9887819679951777]
[2; 50; 2.0436426221097004]
[1; 100; 4.193466179366188]
[1; 100; 4.308376939510291]
[2; 50; 2.2166416481598814]
[1; 120; 5.483668589703846]
[1; 120; 5.6635085664116565]
[1; 120; 5.862288310081611]
[1; 140; 7.097514766399981]
[2; 70; 3.6936637924809133]
[2; 70; 3.8579060093010633]
[2; 80; 4.624235380530004]
[2; 80; 4.8743720797367525]
[2; 80; 5.170052327412348]
[2; 80; 5.527018423105778]
[1; 180; 13.432189963301868]
[2; 90; 7.357113439594921]
[2; 90; 8.22550288455577]
[1; 200; 21.106650242748074]
[2; 100; 12.925130818530869]
[2; 100; 18.27889529901282]


Jobs: [[1; 20; 0.5170052327412349], [2; 10; 0.263833128034351], [2; 10; 0.266625090738141], [1; 20; 0.5390152158474008], [2; 20; 0.5511294299001519], [1; 40; 1.1150021601435296], [1; 40; 1.1418735368059156], [2; 20; 0.5853931515654819], [1; 40; 1.1860913488425098], [2; 30; 0.913944764950641], [1; 60; 1.853818336043732], [2; 30; 0.9545841741335329], [2; 40; 1.292513081853087], [2; 40; 1.3131946043579976], [1; 80; 2.66980354174519], [1; 80; 2.763509211552889], [1; 80; 2.8678290405103324], [2; 50; 1.865581939347482], [2; 50; 1.9057065714421386], [1; 100; 3.8970735719387335], [2; 50; 2.0436426221097004], [1; 100; 4.193466179366188], [2; 50; 2.2166416481598814], [1; 120; 5.483668589703846], [1; 120; 5.862288310081611], [2; 70; 3.6936637924809133], [2; 70; 3.8579060093010633], [2; 80; 4.624235380530004], [2; 80; 4.8743720797367525], [2; 80; 5.170052327412348], [2; 80; 5.527018423105778], [1; 180; 13.432189963301868], [2; 90; 7.357113439594921], [2; 90; 8.22550288455577], [1; 200; 21.106650242748074], [2; 100; 12.925130818530869], [2; 100; 18.27889529901282]];
Intervals[0.0=0.5170052327412349, 0.5222541514003664=0.7860872794347173, 0.7860872794347173=1.0527123701728582, 1.0527123701728582=1.591727586020259, 2.1426551019646984=2.6937845318648503, 2.6937845318648503=3.80878669200838, 3.80878669200838=4.950660228814296, 4.978041288294956=5.563434439860438, 5.563434439860438=6.749525788702948, 6.765447190347784=7.679391955298425, 7.679391955298425=9.533210291342158, 9.560274764347678=10.514858938481211, 10.514858938481211=11.807372020334299, 11.807372020334299=13.120566624692296, 13.120566624692296=15.790370166437487, 15.790370166437487=18.553879377990377, 18.553879377990377=21.42170841850071, 22.30601023210376=24.17159217145124, 24.17159217145124=26.07729874289338, 26.07729874289338=29.974372314832113, 30.066080710888556=32.10972333299826, 32.10972333299826=36.30318951236445, 36.418100272508546=38.634741920668425, 38.634741920668425=44.11841051037227, 44.11841051037227=49.98069882045388, 51.395765253480064=55.089429045960976, 55.089429045960976=58.94733505526204, 58.94733505526204=63.57157043579204, 63.57157043579204=68.4459425155288, 68.4459425155288=73.61599484294115, 73.61599484294115=79.14301326604692, 79.14301326604692=92.57520322934879, 92.57520322934879=99.93231666894371, 99.93231666894371=108.15781955349948, 108.15781955349948=129.26446979624757, 129.26446979624757=142.18960061477844, 142.18960061477844=160.46849591379126];

Jobs: [[1; 20; 0.5222541514003664], [2; 10; 0.263833128034351], [2; 10; 0.266625090738141], [1; 40; 1.0899427317918402], [2; 20; 0.5511294299001519], [1; 40; 1.1281979112976046], [1; 40; 1.156058845132501], [2; 20; 0.5853931515654819], [1; 40; 1.2020127504873457], [2; 30; 0.913944764950641], [1; 60; 1.8808828090492526], [2; 30; 0.9545841741335329], [2; 40; 1.292513081853087], [2; 40; 1.3131946043579976], [1; 80; 2.715444515242488], [1; 80; 2.8142200323664097], [1; 100; 3.655779059802564], [2; 50; 1.865581939347482], [2; 50; 1.9057065714421386], [1; 100; 3.9887819679951777], [2; 50; 2.0436426221097004], [1; 100; 4.308376939510291], [2; 50; 2.2166416481598814], [1; 120; 5.6635085664116565], [1; 140; 7.097514766399981], [2; 70; 3.6936637924809133], [2; 70; 3.8579060093010633], [2; 80; 4.624235380530004], [2; 80; 4.8743720797367525], [2; 80; 5.170052327412348], [2; 80; 5.527018423105778], [2; 90; 7.357113439594921], [2; 90; 8.22550288455577], [2; 100; 12.925130818530869], [2; 100; 18.27889529901282]];
Intervals[0.0=0.5222541514003664, 0.5222541514003664=0.7860872794347173, 0.7860872794347173=1.0527123701728582, 1.0527123701728582=2.1426551019646984, 2.1426551019646984=2.6937845318648503, 2.6937845318648503=3.821982443162455, 3.821982443162455=4.978041288294956, 4.978041288294956=5.563434439860438, 5.563434439860438=6.765447190347784, 6.765447190347784=7.679391955298425, 7.679391955298425=9.560274764347678, 9.560274764347678=10.514858938481211, 10.514858938481211=11.807372020334299, 11.807372020334299=13.120566624692296, 13.120566624692296=15.836011139934785, 15.836011139934785=18.650231172301194, 18.650231172301194=22.30601023210376, 22.30601023210376=24.17159217145124, 24.17159217145124=26.07729874289338, 26.07729874289338=30.066080710888556, 30.066080710888556=32.10972333299826, 32.10972333299826=36.418100272508546, 36.418100272508546=38.634741920668425, 38.634741920668425=44.29825048708008, 44.29825048708008=51.395765253480064, 51.395765253480064=55.089429045960976, 55.089429045960976=58.94733505526204, 58.94733505526204=63.57157043579204, 63.57157043579204=68.4459425155288, 68.4459425155288=73.61599484294115, 73.61599484294115=79.14301326604692, 92.57520322934879=99.93231666894371, 99.93231666894371=108.15781955349948, 129.26446979624757=142.18960061477844, 142.18960061477844=160.46849591379126];
