1.1600953049146188
531645.5553024152
616759.5125850572
[1; 20; 6.521628970141832]
[2; 10; 3.2772418660412668]
[2; 10; 3.293920049407093]
[1; 20; 6.621710965257823]
[1; 20; 6.656109695250017]
[2; 20; 6.691050143696919]
[1; 40; 13.45309336004228]
[1; 40; 13.525228425983224]
[1; 60; 20.397804651101524]
[2; 30; 10.254787140189096]
[2; 30; 10.311600800093215]
[2; 30; 10.369369323807605]
[2; 30; 10.428119761798055]
[1; 60; 20.975760499351072]
[1; 60; 21.09736012962834]
[1; 60; 21.221099373244183]
[2; 40; 14.231361147662787]
[2; 40; 14.316835556698893]
[2; 40; 14.40386879333385]
[2; 40; 14.492508822537406]
[2; 40; 14.582805701269084]
[2; 50; 18.343514621588056]
[1; 100; 36.921453540518336]
[2; 50; 18.580214922330953]
[2; 60; 22.442464443249065]
[2; 60; 22.591585448797492]
[1; 120; 45.48743811253644]
[1; 120; 45.79793617517518]
[2; 70; 26.900347070157927]
[1; 160; 61.91799714647997]
[2; 80; 31.179350098310064]
[2; 80; 31.404474683175636]
[2; 80; 31.63454717056812]
[2; 80; 31.869751503208427]
[1; 160; 64.22056268390146]
[2; 80; 32.35634073603341]
[2; 80; 32.60814485070916]
[2; 90; 36.974160852920505]
[1; 180; 74.54229367105208]
[2; 90; 37.575406143762564]
[2; 90; 37.887240587254716]
[1; 180; 76.41393960993814]
[2; 90; 38.53493264267775]
[2; 90; 38.87148866276536]
[2; 90; 39.21701980167341]
[2; 100; 43.96881354705919]
[1; 200; 88.74812927000022]
[1; 200; 89.58146332027901]
[2; 100; 45.21936086807267]
[1; 200; 91.32107162309707]
[2; 540; 249.0203557351762]
[1; 1080; 503.09709198236993]
[1; 1080; 508.31067259794366]
[2; 540; 256.8448856561835]
[1; 1080; 519.2433356440459]
[2; 540; 262.4905026228435]
[2; 540; 265.45659114934256]
[2; 540; 268.52555543030815]
[2; 540; 271.7034832717323]
[2; 540; 274.99697907536677]
[1; 1080; 556.8264432050336]
[2; 540; 281.96002983345755]
[2; 560; 296.22541749470867]
[2; 560; 300.2017755163273]
[2; 560; 304.34268527328555]
[2; 560; 308.6598184250629]
[1; 1120; 626.3320790740839]
[2; 560; 317.87556755781736]
[2; 560; 322.8041648418951]
[2; 580; 339.68255085777776]
[2; 580; 345.2975188671672]
[2; 580; 351.20046815196645]
[2; 580; 357.4168882448982]
[2; 580; 363.9755433417374]
[2; 600; 383.6990005288295]
[2; 600; 391.29773820850994]
[1; 1200; 798.7331634300022]
[2; 600; 407.9560930220305]
[2; 600; 417.1247904719222]
[2; 600; 426.9408344298835]
[2; 620; 452.06697673934156]
[2; 620; 463.81093182714744]
[1; 1240; 953.0408676284522]
[1; 1240; 980.6709622876116]
[2; 620; 505.426245185992]
[1; 1280; 1077.6815100374677]
[2; 640; 557.7531705126885]
[1; 1280; 1157.6156382226604]
[2; 640; 602.4422786345999]
[2; 660; 648.8938894761708]
[2; 660; 680.5656528061523]
[1; 1360; 1478.2358998988152]
[2; 680; 783.9529717588881]
[1; 1360; 1676.1619586657296]
[1; 1360; 1810.4618371080048]
[2; 680; 991.6307876862977]
[2; 680; 1108.6769249241115]
[2; 700; 1317.8424845131872]
[2; 700; 1614.0208242094754]
[1; 1400; 4565.140279099283]


Jobs: [[1; 20; 6.521628970141832], [2; 10; 3.2772418660412668], [2; 10; 3.293920049407093], [1; 20; 6.621710965257823], [2; 20; 6.691050143696919], [1; 40; 13.45309336004228], [1; 60; 20.397804651101524], [2; 30; 10.254787140189096], [2; 30; 10.311600800093215], [2; 30; 10.369369323807605], [2; 30; 10.428119761798055], [1; 60; 20.975760499351072], [1; 60; 21.221099373244183], [2; 40; 14.231361147662787], [2; 40; 14.316835556698893], [2; 40; 14.40386879333385], [2; 40; 14.492508822537406], [2; 40; 14.582805701269084], [2; 50; 18.343514621588056], [1; 100; 36.921453540518336], [2; 50; 18.580214922330953], [2; 60; 22.442464443249065], [2; 60; 22.591585448797492], [1; 120; 45.48743811253644], [2; 70; 26.900347070157927], [1; 160; 61.91799714647997], [2; 80; 31.179350098310064], [2; 80; 31.404474683175636], [2; 80; 31.63454717056812], [2; 80; 31.869751503208427], [1; 160; 64.22056268390146], [2; 80; 32.35634073603341], [2; 80; 32.60814485070916], [2; 90; 36.974160852920505], [1; 180; 74.54229367105208], [2; 90; 37.575406143762564], [2; 90; 37.887240587254716], [1; 180; 76.41393960993814], [2; 90; 38.53493264267775], [2; 90; 38.87148866276536], [2; 90; 39.21701980167341], [2; 100; 43.96881354705919], [1; 200; 88.74812927000022], [2; 100; 45.21936086807267], [1; 200; 91.32107162309707], [2; 540; 249.0203557351762], [1; 1080; 503.09709198236993], [2; 540; 256.8448856561835], [1; 1080; 519.2433356440459], [2; 540; 262.4905026228435], [2; 540; 265.45659114934256], [2; 540; 268.52555543030815], [2; 540; 271.7034832717323], [2; 540; 274.99697907536677], [1; 1080; 556.8264432050336], [2; 540; 281.96002983345755], [2; 560; 296.22541749470867], [2; 560; 300.2017755163273], [2; 560; 304.34268527328555], [2; 560; 308.6598184250629], [1; 1120; 626.3320790740839], [2; 560; 317.87556755781736], [2; 560; 322.8041648418951], [2; 580; 339.68255085777776], [2; 580; 345.2975188671672], [2; 580; 351.20046815196645], [2; 580; 357.4168882448982], [2; 580; 363.9755433417374], [2; 600; 383.6990005288295], [2; 600; 391.29773820850994], [1; 1200; 798.7331634300022], [2; 600; 407.9560930220305], [2; 600; 417.1247904719222], [2; 600; 426.9408344298835], [2; 620; 452.06697673934156], [2; 620; 463.81093182714744], [1; 1240; 953.0408676284522], [2; 620; 505.426245185992], [1; 1280; 1077.6815100374677], [2; 640; 557.7531705126885], [1; 1280; 1157.6156382226604], [2; 640; 602.4422786345999], [2; 660; 648.8938894761708], [2; 660; 680.5656528061523], [1; 1360; 1478.2358998988152], [2; 680; 783.9529717588881], [1; 1360; 1676.1619586657296], [2; 680; 991.6307876862977], [2; 680; 1108.6769249241115], [2; 700; 1317.8424845131872], [2; 700; 1614.0208242094754], [1; 1400; 4565.140279099283]];
Intervals[0.0=6.521628970141832, 6.521628970141832=9.798870836183099, 9.798870836183099=13.092790885590192, 13.092790885590192=19.714501850848016, 19.74890058084021=26.43995072453713, 26.43995072453713=39.89304408457941, 39.89304408457941=60.29084873568093, 60.29084873568093=70.54563587587003, 70.54563587587003=80.85723667596325, 80.85723667596325=91.22660599977085, 91.22660599977085=101.65472576156891, 101.65472576156891=122.63048626091998, 122.63048626091998=143.85158563416417, 143.85158563416417=158.08294678182696, 158.08294678182696=172.39978233852585, 172.39978233852585=186.8036511318597, 186.8036511318597=201.29615995439713, 201.29615995439713=215.8789656556662, 215.8789656556662=234.22248027725425, 234.22248027725425=271.14393381777256, 271.14393381777256=289.7241487401035, 289.7241487401035=312.1666131833525, 312.1666131833525=334.75819863215, 334.75819863215=380.24563674468646, 380.5561348073252=407.4564818774831, 407.4564818774831=469.3744790239631, 469.3744790239631=500.55382912227316, 500.55382912227316=531.9583038054488, 531.9583038054488=563.592850976017, 563.592850976017=595.4626024792254, 595.4626024792254=659.6831651631269, 659.6831651631269=692.0395058991603, 692.0395058991603=724.6476507498695, 724.6476507498695=761.62181160279, 761.62181160279=836.1641052738421, 836.1641052738421=873.7395114176047, 873.7395114176047=911.6267520048594, 911.6267520048594=988.0406916147975, 988.0406916147975=1026.5756242574753, 1026.5756242574753=1065.4471129202407, 1065.4471129202407=1104.664132721914, 1104.664132721914=1148.6329462689732, 1148.6329462689732=1237.3810755389734, 1238.2144095892522=1283.433770457325, 1283.433770457325=1374.7548420804221, 1374.7548420804221=1623.7751978155984, 1623.7751978155984=2126.8722897979683, 2132.085870413542=2388.9307560697257, 2388.9307560697257=2908.1740917137718, 2908.1740917137718=3170.664594336615, 3170.664594336615=3436.1211854859575, 3436.1211854859575=3704.6467409162656, 3704.6467409162656=3976.350224187998, 3976.350224187998=4251.3472032633645, 4251.3472032633645=4808.173646468398, 4808.173646468398=5090.133676301855, 5090.133676301855=5386.359093796564, 5386.359093796564=5686.560869312891, 5686.560869312891=5990.903554586176, 5990.903554586176=6299.563373011239, 6299.563373011239=6925.895452085322, 6925.895452085322=7243.77101964314, 7243.77101964314=7566.575184485035, 7566.575184485035=7906.257735342812, 7906.257735342812=8251.55525420998, 8251.55525420998=8602.755722361946, 8602.755722361946=8960.172610606844, 8960.172610606844=9324.148153948581, 9324.148153948581=9707.847154477411, 9707.847154477411=10099.144892685921, 10099.144892685921=10897.878056115924, 10897.878056115924=11305.834149137954, 11305.834149137954=11722.958939609876, 11722.958939609876=12149.899774039759, 12149.899774039759=12601.9667507791, 12601.9667507791=13065.777682606247, 13065.777682606247=14018.818550234699, 14046.448644893859=14551.874890079851, 14551.874890079851=15629.556400117319, 15629.556400117319=16187.309570630008, 16187.309570630008=17344.92520885267, 17344.92520885267=17947.36748748727, 17947.36748748727=18596.26137696344, 18596.26137696344=19276.827029769593, 19276.827029769593=20755.06292966841, 20755.06292966841=21539.015901427298, 21539.015901427298=23215.177860093027, 23349.4777385353=24341.1085262216, 24341.1085262216=25449.78545114571, 25449.78545114571=26767.6279356589, 26767.6279356589=28381.648759868374, 28381.648759868374=32946.78903896766];

Jobs: [[2; 10; 3.2772418660412668], [2; 10; 3.293920049407093], [1; 20; 6.656109695250017], [2; 20; 6.691050143696919], [1; 40; 13.525228425983224], [2; 30; 10.254787140189096], [2; 30; 10.311600800093215], [2; 30; 10.369369323807605], [2; 30; 10.428119761798055], [1; 60; 21.09736012962834], [2; 40; 14.231361147662787], [2; 40; 14.316835556698893], [2; 40; 14.40386879333385], [2; 40; 14.492508822537406], [2; 40; 14.582805701269084], [2; 50; 18.343514621588056], [2; 50; 18.580214922330953], [2; 60; 22.442464443249065], [2; 60; 22.591585448797492], [1; 120; 45.79793617517518], [2; 70; 26.900347070157927], [2; 80; 31.179350098310064], [2; 80; 31.404474683175636], [2; 80; 31.63454717056812], [2; 80; 31.869751503208427], [2; 80; 32.35634073603341], [2; 80; 32.60814485070916], [2; 90; 36.974160852920505], [2; 90; 37.575406143762564], [2; 90; 37.887240587254716], [2; 90; 38.53493264267775], [2; 90; 38.87148866276536], [2; 90; 39.21701980167341], [2; 100; 43.96881354705919], [1; 200; 89.58146332027901], [2; 100; 45.21936086807267], [2; 540; 249.0203557351762], [1; 1080; 508.31067259794366], [2; 540; 256.8448856561835], [2; 540; 262.4905026228435], [2; 540; 265.45659114934256], [2; 540; 268.52555543030815], [2; 540; 271.7034832717323], [2; 540; 274.99697907536677], [2; 540; 281.96002983345755], [2; 560; 296.22541749470867], [2; 560; 300.2017755163273], [2; 560; 304.34268527328555], [2; 560; 308.6598184250629], [2; 560; 317.87556755781736], [2; 560; 322.8041648418951], [2; 580; 339.68255085777776], [2; 580; 345.2975188671672], [2; 580; 351.20046815196645], [2; 580; 357.4168882448982], [2; 580; 363.9755433417374], [2; 600; 383.6990005288295], [2; 600; 391.29773820850994], [2; 600; 407.9560930220305], [2; 600; 417.1247904719222], [2; 600; 426.9408344298835], [2; 620; 452.06697673934156], [2; 620; 463.81093182714744], [1; 1240; 980.6709622876116], [2; 620; 505.426245185992], [2; 640; 557.7531705126885], [2; 640; 602.4422786345999], [2; 660; 648.8938894761708], [2; 660; 680.5656528061523], [2; 680; 783.9529717588881], [1; 1360; 1810.4618371080048], [2; 680; 991.6307876862977], [2; 680; 1108.6769249241115], [2; 700; 1317.8424845131872], [2; 700; 1614.0208242094754]];
Intervals[6.521628970141832=9.798870836183099, 9.798870836183099=13.092790885590192, 13.092790885590192=19.74890058084021, 19.74890058084021=26.43995072453713, 26.43995072453713=39.965179150520356, 60.29084873568093=70.54563587587003, 70.54563587587003=80.85723667596325, 80.85723667596325=91.22660599977085, 91.22660599977085=101.65472576156891, 101.65472576156891=122.75208589119725, 143.85158563416417=158.08294678182696, 158.08294678182696=172.39978233852585, 172.39978233852585=186.8036511318597, 186.8036511318597=201.29615995439713, 201.29615995439713=215.8789656556662, 215.8789656556662=234.22248027725425, 271.14393381777256=289.7241487401035, 289.7241487401035=312.1666131833525, 312.1666131833525=334.75819863215, 334.75819863215=380.5561348073252, 380.5561348073252=407.4564818774831, 469.3744790239631=500.55382912227316, 500.55382912227316=531.9583038054488, 531.9583038054488=563.592850976017, 563.592850976017=595.4626024792254, 659.6831651631269=692.0395058991603, 692.0395058991603=724.6476507498695, 724.6476507498695=761.62181160279, 836.1641052738421=873.7395114176047, 873.7395114176047=911.6267520048594, 988.0406916147975=1026.5756242574753, 1026.5756242574753=1065.4471129202407, 1065.4471129202407=1104.664132721914, 1104.664132721914=1148.6329462689732, 1148.6329462689732=1238.2144095892522, 1238.2144095892522=1283.433770457325, 1374.7548420804221=1623.7751978155984, 1623.7751978155984=2132.085870413542, 2132.085870413542=2388.9307560697257, 2908.1740917137718=3170.664594336615, 3170.664594336615=3436.1211854859575, 3436.1211854859575=3704.6467409162656, 3704.6467409162656=3976.350224187998, 3976.350224187998=4251.3472032633645, 4808.173646468398=5090.133676301855, 5090.133676301855=5386.359093796564, 5386.359093796564=5686.560869312891, 5686.560869312891=5990.903554586176, 5990.903554586176=6299.563373011239, 6925.895452085322=7243.77101964314, 7243.77101964314=7566.575184485035, 7566.575184485035=7906.257735342812, 7906.257735342812=8251.55525420998, 8251.55525420998=8602.755722361946, 8602.755722361946=8960.172610606844, 8960.172610606844=9324.148153948581, 9324.148153948581=9707.847154477411, 9707.847154477411=10099.144892685921, 10897.878056115924=11305.834149137954, 11305.834149137954=11722.958939609876, 11722.958939609876=12149.899774039759, 12149.899774039759=12601.9667507791, 12601.9667507791=13065.777682606247, 13065.777682606247=14046.448644893859, 14046.448644893859=14551.874890079851, 15629.556400117319=16187.309570630008, 17344.92520885267=17947.36748748727, 17947.36748748727=18596.26137696344, 18596.26137696344=19276.827029769593, 20755.06292966841=21539.015901427298, 21539.015901427298=23349.4777385353, 23349.4777385353=24341.1085262216, 24341.1085262216=25449.78545114571, 25449.78545114571=26767.6279356589, 26767.6279356589=28381.648759868374];
