1.0
119583.42219647847
119583.42219647847
[2; 10; 2.1870841062609223]
[2; 10; 2.209288575089169]
[2; 20; 4.464366737408538]
[2; 20; 4.511610029104881]
[2; 20; 4.560385609105373]
[2; 30; 6.9161672101382425]
[2; 40; 9.325757963695976]
[2; 50; 11.791967220363944]
[2; 60; 14.317826383107889]
[2; 70; 16.906612485590486]
[2; 80; 19.561874936435185]
[2; 80; 19.811080842095212]
[2; 80; 20.07006021097965]
[2; 90; 22.881902677827178]
[2; 90; 23.19753003843627]
[2; 100; 26.14065494823598]
[2; 100; 26.52229053595113]
[2; 100; 26.921144353685836]
[2; 100; 27.33855132826153]
[2; 520; 144.4351788127224]
[2; 520; 146.82269888526045]
[2; 540; 155.07623467295073]
[2; 540; 157.8211598896791]
[2; 560; 166.6696915299187]
[2; 560; 169.84463760656195]
[2; 560; 173.20822428699086]
[2; 580; 183.09347163606392]
[2; 580; 187.03141616338934]
[2; 580; 191.2348941791823]
[2; 580; 195.73515446204675]
[2; 580; 200.568849094009]
[2; 600; 212.87513511009033]
[2; 600; 218.70841062609227]
[2; 600; 225.04909788685]
[2; 620; 239.70781039717482]
[2; 620; 247.56916203309416]
[2; 620; 256.2584284114276]
[2; 620; 265.9319389280658]
[2; 640; 285.7194711941464]
[2; 660; 307.75001280196716]
[2; 660; 322.77093645118055]
[2; 660; 340.230440563732]
[2; 660; 360.8688775330522]
[2; 660; 385.7850575081045]
[2; 680; 429.3226231466326]
[2; 680; 470.29937028940043]
[2; 680; 525.8106808712222]
[2; 680; 607.1538762875612]
[2; 700; 765.479437191323]
[2; 700; 1082.5514017936928]


Jobs: [[2; 10; 2.1870841062609223], [2; 10; 2.209288575089169], [2; 20; 4.464366737408538], [2; 20; 4.511610029104881], [2; 20; 4.560385609105373], [2; 30; 6.9161672101382425], [2; 40; 9.325757963695976], [2; 50; 11.791967220363944], [2; 60; 14.317826383107889], [2; 70; 16.906612485590486], [2; 80; 19.561874936435185], [2; 80; 19.811080842095212], [2; 80; 20.07006021097965], [2; 90; 22.881902677827178], [2; 90; 23.19753003843627], [2; 100; 26.14065494823598], [2; 100; 26.52229053595113], [2; 100; 26.921144353685836], [2; 100; 27.33855132826153], [2; 520; 144.4351788127224], [2; 520; 146.82269888526045], [2; 540; 155.07623467295073], [2; 540; 157.8211598896791], [2; 560; 166.6696915299187], [2; 560; 169.84463760656195], [2; 560; 173.20822428699086], [2; 580; 183.09347163606392], [2; 580; 187.03141616338934], [2; 580; 191.2348941791823], [2; 580; 195.73515446204675], [2; 580; 200.568849094009], [2; 600; 212.87513511009033], [2; 600; 218.70841062609227], [2; 600; 225.04909788685], [2; 620; 239.70781039717482], [2; 620; 247.56916203309416], [2; 620; 256.2584284114276], [2; 620; 265.9319389280658], [2; 640; 285.7194711941464], [2; 660; 307.75001280196716], [2; 660; 322.77093645118055], [2; 660; 340.230440563732], [2; 660; 360.8688775330522], [2; 660; 385.7850575081045], [2; 680; 429.3226231466326], [2; 680; 470.29937028940043], [2; 680; 525.8106808712222], [2; 680; 607.1538762875612], [2; 700; 765.479437191323], [2; 700; 1082.5514017936928]];
Intervals[4.9E-324=2.1870841062609223, 2.1870841062609223=4.396372681350091, 4.396372681350091=8.86073941875863, 8.86073941875863=13.372349447863511, 13.372349447863511=17.932735056968884, 17.932735056968884=24.84890226710713, 24.84890226710713=34.174660230803106, 34.174660230803106=45.96662745116705, 45.96662745116705=60.28445383427494, 60.28445383427494=77.19106631986543, 77.19106631986543=96.75294125630062, 96.75294125630062=116.56402209839582, 116.56402209839582=136.6340823093755, 136.6340823093755=159.51598498720267, 159.51598498720267=182.71351502563894, 182.71351502563894=208.85416997387492, 208.85416997387492=235.37646050982605, 235.37646050982605=262.2976048635119, 262.2976048635119=289.6361561917734, 289.6361561917734=434.07133500449584, 434.07133500449584=580.8940338897563, 580.8940338897563=735.970268562707, 735.970268562707=893.7914284523861, 893.7914284523861=1060.4611199823048, 1060.4611199823048=1230.3057575888668, 1230.3057575888668=1403.5139818758576, 1403.5139818758576=1586.6074535119214, 1586.6074535119214=1773.6388696753108, 1773.6388696753108=1964.873763854493, 1964.873763854493=2160.60891831654, 2160.60891831654=2361.1777674105488, 2361.1777674105488=2574.0529025206392, 2574.0529025206392=2792.7613131467315, 2792.7613131467315=3017.8104110335817, 3017.8104110335817=3257.5182214307565, 3257.5182214307565=3505.0873834638505, 3505.0873834638505=3761.3458118752783, 3761.3458118752783=4027.277750803344, 4027.277750803344=4312.997221997491, 4312.997221997491=4620.747234799458, 4620.747234799458=4943.518171250638, 4943.518171250638=5283.748611814371, 5283.748611814371=5644.617489347423, 5644.617489347423=6030.402546855527, 6030.402546855527=6459.72517000216, 6459.72517000216=6930.02454029156, 6930.02454029156=7455.835221162782, 7455.835221162782=8062.989097450343, 8062.989097450343=8828.468534641666, 8828.468534641666=9911.01993643536];

Jobs: [[2; 10; 2.1870841062609223], [2; 10; 2.209288575089169], [2; 20; 4.464366737408538], [2; 20; 4.511610029104881], [2; 20; 4.560385609105373], [2; 30; 6.9161672101382425], [2; 40; 9.325757963695976], [2; 50; 11.791967220363944], [2; 60; 14.317826383107889], [2; 70; 16.906612485590486], [2; 80; 19.561874936435185], [2; 80; 19.811080842095212], [2; 80; 20.07006021097965], [2; 90; 22.881902677827178], [2; 90; 23.19753003843627], [2; 100; 26.14065494823598], [2; 100; 26.52229053595113], [2; 100; 26.921144353685836], [2; 100; 27.33855132826153], [2; 520; 144.4351788127224], [2; 520; 146.82269888526045], [2; 540; 155.07623467295073], [2; 540; 157.8211598896791], [2; 560; 166.6696915299187], [2; 560; 169.84463760656195], [2; 560; 173.20822428699086], [2; 580; 183.09347163606392], [2; 580; 187.03141616338934], [2; 580; 191.2348941791823], [2; 580; 195.73515446204675], [2; 580; 200.568849094009], [2; 600; 212.87513511009033], [2; 600; 218.70841062609227], [2; 600; 225.04909788685], [2; 620; 239.70781039717482], [2; 620; 247.56916203309416], [2; 620; 256.2584284114276], [2; 620; 265.9319389280658], [2; 640; 285.7194711941464], [2; 660; 307.75001280196716], [2; 660; 322.77093645118055], [2; 660; 340.230440563732], [2; 660; 360.8688775330522], [2; 660; 385.7850575081045], [2; 680; 429.3226231466326], [2; 680; 470.29937028940043], [2; 680; 525.8106808712222], [2; 680; 607.1538762875612], [2; 700; 765.479437191323], [2; 700; 1082.5514017936928]];
Intervals[4.9E-324=2.1870841062609223, 2.1870841062609223=4.396372681350091, 4.396372681350091=8.86073941875863, 8.86073941875863=13.372349447863511, 13.372349447863511=17.932735056968884, 17.932735056968884=24.84890226710713, 24.84890226710713=34.174660230803106, 34.174660230803106=45.96662745116705, 45.96662745116705=60.28445383427494, 60.28445383427494=77.19106631986543, 77.19106631986543=96.75294125630062, 96.75294125630062=116.56402209839582, 116.56402209839582=136.6340823093755, 136.6340823093755=159.51598498720267, 159.51598498720267=182.71351502563894, 182.71351502563894=208.85416997387492, 208.85416997387492=235.37646050982605, 235.37646050982605=262.2976048635119, 262.2976048635119=289.6361561917734, 289.6361561917734=434.07133500449584, 434.07133500449584=580.8940338897563, 580.8940338897563=735.970268562707, 735.970268562707=893.7914284523861, 893.7914284523861=1060.4611199823048, 1060.4611199823048=1230.3057575888668, 1230.3057575888668=1403.5139818758576, 1403.5139818758576=1586.6074535119214, 1586.6074535119214=1773.6388696753108, 1773.6388696753108=1964.873763854493, 1964.873763854493=2160.60891831654, 2160.60891831654=2361.1777674105488, 2361.1777674105488=2574.0529025206392, 2574.0529025206392=2792.7613131467315, 2792.7613131467315=3017.8104110335817, 3017.8104110335817=3257.5182214307565, 3257.5182214307565=3505.0873834638505, 3505.0873834638505=3761.3458118752783, 3761.3458118752783=4027.277750803344, 4027.277750803344=4312.997221997491, 4312.997221997491=4620.747234799458, 4620.747234799458=4943.518171250638, 4943.518171250638=5283.748611814371, 5283.748611814371=5644.617489347423, 5644.617489347423=6030.402546855527, 6030.402546855527=6459.72517000216, 6459.72517000216=6930.02454029156, 6930.02454029156=7455.835221162782, 7455.835221162782=8062.989097450343, 8062.989097450343=8828.468534641666, 8828.468534641666=9911.01993643536];
