0.9999999999999997
85154.82230554086
85154.82230554083
[2; 10; 1.8455874111571182]
[2; 20; 3.7286496391477804]
[2; 20; 3.767289527532602]
[2; 30; 5.710734203085646]
[2; 30; 5.772473664428101]
[2; 40; 7.781679786920199]
[2; 40; 7.869611163111883]
[2; 40; 7.960592349377064]
[2; 40; 8.054803822176268]
[2; 50; 10.190551715930292]
[2; 50; 10.317147274412926]
[2; 60; 12.538297440957507]
[2; 60; 12.702203710586415]
[2; 60; 12.87271071854]
[2; 70; 15.225319359853437]
[2; 70; 15.441292123896705]
[2; 80; 17.904827852967173]
[2; 90; 20.445849555481484]
[2; 90; 20.76285837551758]
[2; 100; 23.438983560690687]
[2; 100; 23.826431024605267]
[2; 100; 24.233749948985135]
[2; 100; 24.66269917818938]
[2; 520; 130.59937028779683]
[2; 520; 133.0872008855566]
[2; 520; 135.72284686497923]
[2; 520; 138.5215505237911]
[2; 540; 146.9431898041633]
[2; 540; 150.2456963059197]
[2; 560; 159.4769793060685]
[2; 580; 169.25153536551431]
[2; 580; 173.64841134219256]
[2; 580; 178.40678307852147]
[2; 600; 189.9093778621629]
[2; 620; 202.2792429237671]
[2; 620; 208.91310376725184]
[2; 620; 216.24560670764393]
[2; 640; 231.64766088692525]
[2; 640; 241.10652976208652]
[2; 640; 251.82755721958026]
[2; 640; 264.1189702249709]
[2; 640; 278.4058397230343]
[2; 660; 304.5219228409245]
[2; 680; 335.4127088233756]
[2; 680; 362.28713213914597]
[2; 680; 396.8656691329301]
[2; 700; 456.75958079560314]
[2; 700; 527.4205338545642]
[2; 700; 645.9555939049914]
[2; 700; 913.5191615912063]


Jobs: [[2; 10; 1.8455874111571182], [2; 20; 3.7286496391477804], [2; 20; 3.767289527532602], [2; 30; 5.710734203085646], [2; 30; 5.772473664428101], [2; 40; 7.781679786920199], [2; 40; 7.869611163111883], [2; 40; 7.960592349377064], [2; 40; 8.054803822176268], [2; 50; 10.190551715930292], [2; 50; 10.317147274412926], [2; 60; 12.538297440957507], [2; 60; 12.702203710586415], [2; 60; 12.87271071854], [2; 70; 15.225319359853437], [2; 70; 15.441292123896705], [2; 80; 17.904827852967173], [2; 90; 20.445849555481484], [2; 90; 20.76285837551758], [2; 100; 23.438983560690687], [2; 100; 23.826431024605267], [2; 100; 24.233749948985135], [2; 100; 24.66269917818938], [2; 520; 130.59937028779683], [2; 520; 133.0872008855566], [2; 520; 135.72284686497923], [2; 520; 138.5215505237911], [2; 540; 146.9431898041633], [2; 540; 150.2456963059197], [2; 560; 159.4769793060685], [2; 580; 169.25153536551431], [2; 580; 173.64841134219256], [2; 580; 178.40678307852147], [2; 600; 189.9093778621629], [2; 620; 202.2792429237671], [2; 620; 208.91310376725184], [2; 620; 216.24560670764393], [2; 640; 231.64766088692525], [2; 640; 241.10652976208652], [2; 640; 251.82755721958026], [2; 640; 264.1189702249709], [2; 640; 278.4058397230343], [2; 660; 304.5219228409245], [2; 680; 335.4127088233756], [2; 680; 362.28713213914597], [2; 680; 396.8656691329301], [2; 700; 456.75958079560314], [2; 700; 527.4205338545642], [2; 700; 645.9555939049914], [2; 700; 913.5191615912063]];
Intervals[4.9E-324=1.8455874111571182, 1.8455874111571182=5.574237050304898, 5.574237050304898=9.3415265778375, 9.3415265778375=15.052260780923145, 15.052260780923145=20.824734445351247, 20.824734445351247=28.606414232271447, 28.606414232271447=36.47602539538333, 36.47602539538333=44.4366177447604, 44.4366177447604=52.491421566936665, 52.491421566936665=62.681973282866956, 62.681973282866956=72.99912055727988, 72.99912055727988=85.53741799823739, 85.53741799823739=98.2396217088238, 98.2396217088238=111.11233242736381, 111.11233242736381=126.33765178721725, 126.33765178721725=141.77894391111397, 141.77894391111397=159.68377176408114, 159.68377176408114=180.12962131956263, 180.12962131956263=200.89247969508023, 200.89247969508023=224.33146325577093, 224.33146325577093=248.15789428037618, 248.15789428037618=272.3916442293613, 272.3916442293613=297.0543434075507, 297.0543434075507=427.6537136953475, 427.6537136953475=560.7409145809041, 560.7409145809041=696.4637614458834, 696.4637614458834=834.9853119696745, 834.9853119696745=981.9285017738378, 981.9285017738378=1132.1741980797574, 1132.1741980797574=1291.6511773858258, 1291.6511773858258=1460.90271275134, 1460.90271275134=1634.5511240935325, 1634.5511240935325=1812.957907172054, 1812.957907172054=2002.867285034217, 2002.867285034217=2205.1465279579843, 2205.1465279579843=2414.059631725236, 2414.059631725236=2630.3052384328803, 2630.3052384328803=2861.9528993198055, 2861.9528993198055=3103.059429081892, 3103.059429081892=3354.8869863014725, 3354.8869863014725=3619.0059565264432, 3619.0059565264432=3897.4117962494774, 3897.4117962494774=4201.933719090402, 4201.933719090402=4537.346427913777, 4537.346427913777=4899.633560052923, 4899.633560052923=5296.4992291858525, 5296.4992291858525=5753.258809981456, 5753.258809981456=6280.67934383602, 6280.67934383602=6926.6349377410115, 6926.6349377410115=7840.154099332218];

Jobs: [[2; 10; 1.8455874111571182], [2; 20; 3.7286496391477804], [2; 20; 3.767289527532602], [2; 30; 5.710734203085646], [2; 30; 5.772473664428101], [2; 40; 7.781679786920199], [2; 40; 7.869611163111883], [2; 40; 7.960592349377064], [2; 40; 8.054803822176268], [2; 50; 10.190551715930292], [2; 50; 10.317147274412926], [2; 60; 12.538297440957507], [2; 60; 12.702203710586415], [2; 60; 12.87271071854], [2; 70; 15.225319359853437], [2; 70; 15.441292123896705], [2; 80; 17.904827852967173], [2; 90; 20.445849555481484], [2; 90; 20.76285837551758], [2; 100; 23.438983560690687], [2; 100; 23.826431024605267], [2; 100; 24.233749948985135], [2; 100; 24.66269917818938], [2; 520; 130.59937028779683], [2; 520; 133.0872008855566], [2; 520; 135.72284686497923], [2; 520; 138.5215505237911], [2; 540; 146.9431898041633], [2; 540; 150.2456963059197], [2; 560; 159.4769793060685], [2; 580; 169.25153536551431], [2; 580; 173.64841134219256], [2; 580; 178.40678307852147], [2; 600; 189.9093778621629], [2; 620; 202.2792429237671], [2; 620; 208.91310376725184], [2; 620; 216.24560670764393], [2; 640; 231.64766088692525], [2; 640; 241.10652976208652], [2; 640; 251.82755721958026], [2; 640; 264.1189702249709], [2; 640; 278.4058397230343], [2; 660; 304.5219228409245], [2; 680; 335.4127088233756], [2; 680; 362.28713213914597], [2; 680; 396.8656691329301], [2; 700; 456.75958079560314], [2; 700; 527.4205338545642], [2; 700; 645.9555939049914], [2; 700; 913.5191615912063]];
Intervals[4.9E-324=1.8455874111571182, 1.8455874111571182=5.574237050304898, 5.574237050304898=9.3415265778375, 9.3415265778375=15.052260780923145, 15.052260780923145=20.824734445351247, 20.824734445351247=28.606414232271447, 28.606414232271447=36.47602539538333, 36.47602539538333=44.4366177447604, 44.4366177447604=52.491421566936665, 52.491421566936665=62.681973282866956, 62.681973282866956=72.99912055727988, 72.99912055727988=85.53741799823739, 85.53741799823739=98.2396217088238, 98.2396217088238=111.11233242736381, 111.11233242736381=126.33765178721725, 126.33765178721725=141.77894391111397, 141.77894391111397=159.68377176408114, 159.68377176408114=180.12962131956263, 180.12962131956263=200.89247969508023, 200.89247969508023=224.33146325577093, 224.33146325577093=248.15789428037618, 248.15789428037618=272.3916442293613, 272.3916442293613=297.0543434075507, 297.0543434075507=427.6537136953475, 427.6537136953475=560.7409145809041, 560.7409145809041=696.4637614458834, 696.4637614458834=834.9853119696745, 834.9853119696745=981.9285017738378, 981.9285017738378=1132.1741980797574, 1132.1741980797574=1291.6511773858258, 1291.6511773858258=1460.90271275134, 1460.90271275134=1634.5511240935325, 1634.5511240935325=1812.957907172054, 1812.957907172054=2002.867285034217, 2002.867285034217=2205.1465279579843, 2205.1465279579843=2414.059631725236, 2414.059631725236=2630.3052384328803, 2630.3052384328803=2861.9528993198055, 2861.9528993198055=3103.059429081892, 3103.059429081892=3354.8869863014725, 3354.8869863014725=3619.0059565264432, 3619.0059565264432=3897.4117962494774, 3897.4117962494774=4201.933719090402, 4201.933719090402=4537.346427913777, 4537.346427913777=4899.633560052923, 4899.633560052923=5296.4992291858525, 5296.4992291858525=5753.258809981456, 5753.258809981456=6280.67934383602, 6280.67934383602=6926.6349377410115, 6926.6349377410115=7840.154099332218];
