1.154539072892802
547672.9357147786
632309.8034486197
[1; 20; 6.619201980388746]
[1; 20; 6.652548297129355]
[2; 10; 3.3432018616973624]
[1; 20; 6.72078134703257]
[1; 20; 6.755694731821806]
[2; 10; 3.3955789699790175]
[1; 40; 13.654371111702465]
[1; 40; 13.727585422654196]
[1; 40; 13.801990224661882]
[1; 40; 13.877618134482432]
[1; 40; 13.954503033817085]
[2; 20; 7.016340066545971]
[1; 40; 14.11218603921356]
[2; 20; 7.09652941379793]
[1; 40; 14.275338118780201]
[1; 60; 21.538597739998295]
[1; 60; 21.666424368095022]
[1; 60; 21.796554212989907]
[1; 60; 21.92905728275927]
[2; 30; 11.032003300647911]
[2; 40; 14.800985584950467]
[1; 80; 29.788736247683822]
[1; 80; 29.979081547034415]
[2; 40; 15.086561467757573]
[1; 100; 37.963726999208994]
[2; 50; 19.10799022598973]
[1; 100; 38.47333002943021]
[2; 60; 23.241569799227946]
[1; 120; 46.80482606376307]
[1; 120; 47.13328501323476]
[2; 60; 23.734378733770512]
[1; 140; 55.780079400927846]
[1; 140; 56.18873013443611]
[1; 140; 56.606495961837375]
[1; 140; 57.03372086015818]
[1; 160; 65.68087686639049]
[1; 160; 66.19201980388746]
[1; 160; 66.71528502024708]
[1; 180; 75.65755429343548]
[1; 180; 76.2751772293159]
[2; 90; 38.454088552843146]
[1; 180; 77.55720276500311]
[2; 90; 39.111471019028585]
[1; 180; 78.9061248087652]
[1; 200; 88.45280708739377]
[1; 200; 89.25330129589024]
[1; 200; 90.07592975762407]
[1; 200; 90.92173169164774]
[1; 200; 91.79181593440157]
[1; 1040; 481.97430867545035]
[2; 520; 243.38509553156794]
[2; 520; 245.8560735572963]
[1; 1040; 496.8077458757331]
[1; 1040; 502.0651171079707]
[1; 1080; 527.0119676133584]
[2; 540; 266.41774052910836]
[1; 1080; 538.8564120674778]
[2; 540; 272.5430864630479]
[1; 1080; 551.5371214108361]
[2; 540; 279.1113319740119]
[1; 1120; 586.0891274203175]
[1; 1120; 593.5555319582708]
[1; 1120; 601.3147571257233]
[1; 1120; 609.3864573134942]
[2; 580; 319.9280957187894]
[1; 1160; 648.9326191294248]
[1; 1160; 658.4065891573142]
[1; 1160; 668.3079957251638]
[1; 1160; 678.6699779245644]
[1; 1160; 689.5293871010895]
[1; 1160; 700.9273392194117]
[1; 1200; 737.4929701262997]
[1; 1200; 750.5469564777796]
[1; 1200; 764.3196090395892]
[1; 1200; 778.8793860557129]
[1; 1200; 794.3042376466495]
[2; 620; 418.85307337295194]
[2; 620; 427.86169696451833]
[1; 1240; 874.9555344312406]
[1; 1240; 895.5455405479277]
[2; 640; 473.63153871841496]
[1; 1280; 971.8714111797503]
[1; 1280; 998.5029560269455]
[1; 1280; 1027.4510653154032]
[1; 1280; 1059.0723168621994]
[1; 1320; 1127.9865975500657]
[1; 1320; 1167.5770535535978]
[1; 1320; 1211.6519703341007]
[1; 1320; 1261.1273549153225]
[2; 660; 658.6022814158061]
[1; 1360; 1423.3593094493424]
[2; 680; 750.1762244440579]
[1; 1360; 1591.3640861679442]
[1; 1360; 1701.2397680163006]
[1; 1360; 1837.5489670555312]
[1; 1400; 2072.137981893065]
[2; 700; 1158.3603465680305]
[2; 700; 1337.5593158192812]
[1; 1400; 3276.337824463415]
[1; 1400; 4633.441386272122]


Jobs: [[1; 20; 6.619201980388746], [2; 10; 3.3432018616973624], [1; 20; 6.72078134703257], [2; 10; 3.3955789699790175], [1; 40; 13.654371111702465], [1; 40; 13.801990224661882], [1; 40; 13.954503033817085], [2; 20; 7.016340066545971], [1; 40; 14.11218603921356], [2; 20; 7.09652941379793], [1; 40; 14.275338118780201], [1; 60; 21.666424368095022], [1; 60; 21.92905728275927], [2; 30; 11.032003300647911], [2; 40; 14.800985584950467], [1; 80; 29.788736247683822], [2; 40; 15.086561467757573], [1; 100; 37.963726999208994], [2; 50; 19.10799022598973], [1; 100; 38.47333002943021], [2; 60; 23.241569799227946], [1; 120; 46.80482606376307], [2; 60; 23.734378733770512], [1; 140; 55.780079400927846], [1; 140; 56.606495961837375], [1; 160; 65.68087686639049], [1; 160; 66.71528502024708], [1; 180; 76.2751772293159], [2; 90; 38.454088552843146], [1; 180; 77.55720276500311], [2; 90; 39.111471019028585], [1; 180; 78.9061248087652], [1; 200; 89.25330129589024], [1; 200; 90.92173169164774], [1; 1040; 481.97430867545035], [2; 520; 243.38509553156794], [2; 520; 245.8560735572963], [1; 1040; 496.8077458757331], [1; 1080; 527.0119676133584], [2; 540; 266.41774052910836], [1; 1080; 538.8564120674778], [2; 540; 272.5430864630479], [1; 1080; 551.5371214108361], [2; 540; 279.1113319740119], [1; 1120; 586.0891274203175], [1; 1120; 601.3147571257233], [2; 580; 319.9280957187894], [1; 1160; 648.9326191294248], [1; 1160; 668.3079957251638], [1; 1160; 689.5293871010895], [1; 1200; 737.4929701262997], [1; 1200; 764.3196090395892], [1; 1200; 794.3042376466495], [2; 620; 418.85307337295194], [2; 620; 427.86169696451833], [1; 1240; 874.9555344312406], [2; 640; 473.63153871841496], [1; 1280; 971.8714111797503], [1; 1280; 1027.4510653154032], [1; 1320; 1127.9865975500657], [1; 1320; 1211.6519703341007], [2; 660; 658.6022814158061], [1; 1360; 1423.3593094493424], [2; 680; 750.1762244440579], [1; 1360; 1591.3640861679442], [1; 1360; 1837.5489670555312], [2; 700; 1158.3603465680305], [2; 700; 1337.5593158192812], [1; 1400; 3276.337824463415]];
Intervals[0.0=6.619201980388746, 6.652548297129355=9.995750158826718, 9.995750158826718=16.716531505859287, 16.751444890648525=20.14702386062754, 20.14702386062754=33.80139497233001, 33.80139497233001=47.603385196991894, 47.603385196991894=61.55788823080898, 61.55788823080898=68.57422829735495, 68.57422829735495=82.6864143365685, 82.6864143365685=89.78294375036643, 89.78294375036643=104.05828186914663, 104.05828186914663=125.72470623724165, 125.72470623724165=147.65376352000092, 147.65376352000092=158.68576682064884, 158.68576682064884=173.4867524055993, 173.4867524055993=203.27548865328313, 203.46583395263372=218.5523954203913, 218.5523954203913=256.51612241960026, 256.51612241960026=275.62411264559, 275.62411264559=314.0974426750202, 314.0974426750202=337.33901247424814, 337.33901247424814=384.1438385380112, 384.4722974874829=408.20667622125336, 408.20667622125336=463.9867556221812, 463.9867556221812=520.5932515840186, 520.5932515840186=586.2741284504091, 586.2741284504091=652.9894134706561, 652.9894134706561=729.264590699972, 729.264590699972=767.7186792528151, 767.7186792528151=845.2758820178183, 845.2758820178183=884.3873530368469, 884.3873530368469=963.2934778456121, 963.2934778456121=1052.5467791415024, 1052.5467791415024=1143.46851083315, 1143.46851083315=1625.4428195086005, 1625.4428195086005=1868.8279150401684, 1868.8279150401684=2114.6839885974646, 2114.6839885974646=2611.4917344731975, 2611.4917344731975=3138.5037020865557, 3138.5037020865557=3404.921442615664, 3404.921442615664=3943.777854683142, 3943.777854683142=4216.320941146189, 4216.320941146189=4767.858062557026, 4767.858062557026=5046.969394531037, 5046.969394531037=5633.058521951355, 5633.058521951355=6234.373279077078, 6249.911383802802=6569.839479521592, 6569.839479521592=7218.772098651017, 7218.772098651017=7887.080094376181, 7887.080094376181=8576.60948147727, 8576.60948147727=9314.102451603569, 9314.102451603569=10078.422060643157, 10078.422060643157=10872.726298289806, 10872.726298289806=11291.579371662758, 11291.579371662758=11719.441068627277, 11719.441068627277=12594.396603058518, 12614.986609175205=13088.61814789362, 13088.61814789362=14060.48955907337, 14060.48955907337=15087.940624388773, 15087.940624388773=16215.927221938839, 16215.927221938839=17427.57919227294, 17574.897829251684=18233.50011066749, 18233.50011066749=19656.85942011683, 19656.85942011683=20407.03564456089, 20407.03564456089=21998.399730728834, 21998.399730728834=23835.948697784366, 24180.413394470255=25338.773741038287, 25338.773741038287=26676.33305685757, 26676.33305685757=29952.670881320984];

Jobs: [[1; 20; 6.652548297129355], [2; 10; 3.3432018616973624], [1; 20; 6.755694731821806], [2; 10; 3.3955789699790175], [1; 40; 13.727585422654196], [1; 40; 13.877618134482432], [2; 20; 7.016340066545971], [2; 20; 7.09652941379793], [1; 60; 21.538597739998295], [1; 60; 21.796554212989907], [2; 30; 11.032003300647911], [2; 40; 14.800985584950467], [1; 80; 29.979081547034415], [2; 40; 15.086561467757573], [2; 50; 19.10799022598973], [2; 60; 23.241569799227946], [1; 120; 47.13328501323476], [2; 60; 23.734378733770512], [1; 140; 56.18873013443611], [1; 140; 57.03372086015818], [1; 160; 66.19201980388746], [1; 180; 75.65755429343548], [2; 90; 38.454088552843146], [2; 90; 39.111471019028585], [1; 200; 88.45280708739377], [1; 200; 90.07592975762407], [1; 200; 91.79181593440157], [2; 520; 243.38509553156794], [2; 520; 245.8560735572963], [1; 1040; 502.0651171079707], [2; 540; 266.41774052910836], [2; 540; 272.5430864630479], [2; 540; 279.1113319740119], [1; 1120; 593.5555319582708], [1; 1120; 609.3864573134942], [2; 580; 319.9280957187894], [1; 1160; 658.4065891573142], [1; 1160; 678.6699779245644], [1; 1160; 700.9273392194117], [1; 1200; 750.5469564777796], [1; 1200; 778.8793860557129], [2; 620; 418.85307337295194], [2; 620; 427.86169696451833], [1; 1240; 895.5455405479277], [2; 640; 473.63153871841496], [1; 1280; 998.5029560269455], [1; 1280; 1059.0723168621994], [1; 1320; 1167.5770535535978], [1; 1320; 1261.1273549153225], [2; 660; 658.6022814158061], [2; 680; 750.1762244440579], [1; 1360; 1701.2397680163006], [1; 1400; 2072.137981893065], [2; 700; 1158.3603465680305], [2; 700; 1337.5593158192812], [1; 1400; 4633.441386272122]];
Intervals[0.0=6.652548297129355, 6.652548297129355=9.995750158826718, 9.995750158826718=16.751444890648525, 16.751444890648525=20.14702386062754, 20.14702386062754=33.874609283281735, 33.874609283281735=47.75222741776417, 61.55788823080898=68.57422829735495, 82.6864143365685=89.78294375036643, 89.78294375036643=111.32154149036472, 111.32154149036472=133.11809570335464, 147.65376352000092=158.68576682064884, 158.68576682064884=173.4867524055993, 173.4867524055993=203.46583395263372, 203.46583395263372=218.5523954203913, 256.51612241960026=275.62411264559, 314.0974426750202=337.33901247424814, 337.33901247424814=384.4722974874829, 384.4722974874829=408.20667622125336, 408.20667622125336=464.3954063556895, 464.3954063556895=521.4291272158476, 521.4291272158476=587.6211470197351, 587.6211470197351=663.2787013131706, 729.264590699972=767.7186792528151, 845.2758820178183=884.3873530368469, 884.3873530368469=972.8401601242407, 972.8401601242407=1062.9160898818648, 1062.9160898818648=1154.7079058162662, 1625.4428195086005=1868.8279150401684, 1868.8279150401684=2114.6839885974646, 2114.6839885974646=2616.7491057054353, 3138.5037020865557=3404.921442615664, 3943.777854683142=4216.320941146189, 4767.858062557026=5046.969394531037, 5046.969394531037=5640.524926489308, 5640.524926489308=6249.911383802802, 6249.911383802802=6569.839479521592, 6569.839479521592=7228.246068678906, 7228.246068678906=7906.916046603471, 7906.916046603471=8607.843385822882, 8607.843385822882=9358.390342300661, 9358.390342300661=10137.269728356374, 10872.726298289806=11291.579371662758, 11291.579371662758=11719.441068627277, 11719.441068627277=12614.986609175205, 12614.986609175205=13088.61814789362, 13088.61814789362=14087.121103920565, 14087.121103920565=15146.193420782763, 15146.193420782763=16313.770474336361, 16313.770474336361=17574.897829251684, 17574.897829251684=18233.50011066749, 19656.85942011683=20407.03564456089, 20407.03564456089=22108.27541257719, 22108.27541257719=24180.413394470255, 24180.413394470255=25338.773741038287, 25338.773741038287=26676.33305685757, 26676.33305685757=31309.774443129692];
