1.2049400095543417
1285703.9032180454
1549196.073427606
[2; 10; 5.070905053771064]
[2; 10; 5.096451336628967]
[1; 20; 10.24477528649901]
[2; 20; 10.297448000206275]
[2; 20; 10.350941596533]
[1; 40; 20.810555242593264]
[2; 30; 15.69071763066169]
[2; 30; 15.774850767974948]
[2; 40; 21.147135920522647]
[2; 40; 21.263011505299]
[2; 40; 21.380813024500224]
[2; 50; 26.875743033554322]
[1; 100; 54.0560295017638]
[2; 60; 32.61948522672167]
[2; 70; 38.27668282196253]
[2; 70; 38.501181420432296]
[1; 140; 77.4593541694667]
[2; 70; 38.96228984936132]
[2; 70; 39.19914485680132]
[2; 80; 45.074711589076124]
[2; 80; 45.355553630717296]
[1; 180; 102.69385060936415]
[2; 90; 51.67502401241467]
[2; 90; 52.009493678985756]
[2; 90; 52.35054319344731]
[2; 100; 58.55376795659514]
[2; 100; 58.94807387949861]
[1; 200; 118.7009089632043]
[2; 100; 59.761189171244226]
[2; 100; 60.18057108258013]
[1; 1040; 630.3326427304959]
[1; 1040; 634.8838400477746]
[2; 540; 332.06628421339144]
[2; 540; 334.535212513507]
[1; 1080; 674.1200847779787]
[2; 540; 339.6429157346477]
[2; 540; 342.2860911295468]
[2; 540; 344.99195213911327]
[2; 560; 360.6431280675064]
[2; 560; 363.5872024516487]
[1; 1120; 733.209150742296]
[2; 560; 369.6983397170621]
[2; 560; 372.87177422937003]
[1; 1120; 752.2567162123361]
[2; 580; 393.0243508643446]
[2; 580; 396.5812048187268]
[2; 580; 400.236408399276]
[1; 1160; 807.9891583828506]
[2; 580; 407.8606441131157]
[2; 580; 411.839866577971]
[1; 1160; 831.8757532637196]
[2; 580; 420.1607044553167]
[1; 1200; 878.3065193489274]
[2; 600; 443.80051353296807]
[2; 600; 448.5984963622556]
[2; 600; 453.5555363071729]
[2; 600; 458.680620296607]
[2; 600; 463.9834625954802]
[2; 600; 469.47458228194614]
[1; 1240; 982.0084748499403]
[2; 620; 497.10390281963026]
[1; 1240; 1006.8733838327457]
[2; 620; 510.0178430299829]
[2; 620; 516.8640264481803]
[1; 1240; 1047.9870444460198]
[2; 620; 531.4264257083499]
[2; 620; 539.1848861105157]
[2; 620; 547.2933845073086]
[2; 620; 555.7790592925712]
[2; 620; 564.6720889136237]
[1; 1240; 1148.0122884325083]
[2; 620; 583.8189258707182]
[2; 620; 594.1528064618062]
[2; 640; 624.5735248703481]
[2; 640; 636.4712325108904]
[2; 640; 649.0758468826962]
[2; 640; 662.460262178112]
[2; 640; 676.7083494567247]
[2; 640; 691.9171776225767]
[1; 1280; 1416.3996190988198]
[2; 660; 748.3666349068354]
[2; 660; 767.8079668372271]
[2; 660; 788.8476970604239]
[2; 680; 836.3150861670599]
[2; 680; 862.0538591410807]
[2; 680; 890.3253973299308]
[2; 680; 921.5743399577738]
[2; 680; 956.3628896445471]
[2; 680; 995.4140552621175]
[2; 680; 1039.6760726723091]
[1; 1360; 2180.8429284990225]
[2; 680; 1149.405145521441]
[1; 1360; 2438.256518186764]
[2; 700; 1341.6353694298848]
[1; 1400; 2898.2636470292405]
[1; 1400; 3174.8887541502104]
[2; 700; 1774.8167688198723]
[2; 700; 2049.38187848083]
[1; 1400; 5019.939890384514]
[2; 700; 3549.6335376397446]


Jobs: [[2; 10; 5.070905053771064], [2; 10; 5.096451336628967], [1; 20; 10.24477528649901], [2; 20; 10.297448000206275], [2; 20; 10.350941596533], [1; 40; 20.810555242593264], [2; 30; 15.69071763066169], [2; 30; 15.774850767974948], [2; 40; 21.147135920522647], [2; 40; 21.263011505299], [2; 40; 21.380813024500224], [2; 50; 26.875743033554322], [1; 100; 54.0560295017638], [2; 60; 32.61948522672167], [2; 70; 38.27668282196253], [2; 70; 38.501181420432296], [1; 140; 77.4593541694667], [2; 70; 38.96228984936132], [2; 70; 39.19914485680132], [2; 80; 45.074711589076124], [2; 80; 45.355553630717296], [1; 180; 102.69385060936415], [2; 90; 51.67502401241467], [2; 90; 52.009493678985756], [2; 90; 52.35054319344731], [2; 100; 58.55376795659514], [2; 100; 58.94807387949861], [1; 200; 118.7009089632043], [2; 100; 59.761189171244226], [2; 100; 60.18057108258013], [1; 1040; 630.3326427304959], [2; 540; 332.06628421339144], [2; 540; 334.535212513507], [1; 1080; 674.1200847779787], [2; 540; 339.6429157346477], [2; 540; 342.2860911295468], [2; 540; 344.99195213911327], [2; 560; 360.6431280675064], [2; 560; 363.5872024516487], [1; 1120; 733.209150742296], [2; 560; 369.6983397170621], [2; 560; 372.87177422937003], [1; 1120; 752.2567162123361], [2; 580; 393.0243508643446], [2; 580; 396.5812048187268], [2; 580; 400.236408399276], [1; 1160; 807.9891583828506], [2; 580; 407.8606441131157], [2; 580; 411.839866577971], [1; 1160; 831.8757532637196], [2; 580; 420.1607044553167], [1; 1200; 878.3065193489274], [2; 600; 443.80051353296807], [2; 600; 448.5984963622556], [2; 600; 453.5555363071729], [2; 600; 458.680620296607], [2; 600; 463.9834625954802], [2; 600; 469.47458228194614], [1; 1240; 982.0084748499403], [2; 620; 497.10390281963026], [1; 1240; 1006.8733838327457], [2; 620; 510.0178430299829], [2; 620; 516.8640264481803], [1; 1240; 1047.9870444460198], [2; 620; 531.4264257083499], [2; 620; 539.1848861105157], [2; 620; 547.2933845073086], [2; 620; 555.7790592925712], [2; 620; 564.6720889136237], [1; 1240; 1148.0122884325083], [2; 620; 583.8189258707182], [2; 620; 594.1528064618062], [2; 640; 624.5735248703481], [2; 640; 636.4712325108904], [2; 640; 649.0758468826962], [2; 640; 662.460262178112], [2; 640; 676.7083494567247], [2; 640; 691.9171776225767], [1; 1280; 1416.3996190988198], [2; 660; 748.3666349068354], [2; 660; 767.8079668372271], [2; 660; 788.8476970604239], [2; 680; 836.3150861670599], [2; 680; 862.0538591410807], [2; 680; 890.3253973299308], [2; 680; 921.5743399577738], [2; 680; 956.3628896445471], [2; 680; 995.4140552621175], [2; 680; 1039.6760726723091], [1; 1360; 2180.8429284990225], [2; 680; 1149.405145521441], [1; 1360; 2438.256518186764], [2; 700; 1341.6353694298848], [1; 1400; 2898.2636470292405], [2; 700; 1774.8167688198723], [2; 700; 2049.38187848083], [1; 1400; 5019.939890384514], [2; 700; 3549.6335376397446]];
Intervals[4.9E-324=5.070905053771064, 5.070905053771064=10.16735639040003, 10.16735639040003=20.41213167689904, 20.41213167689904=30.709579677105317, 30.709579677105317=41.060521273638315, 41.060521273638315=61.87107651623158, 61.87107651623158=77.56179414689328, 77.56179414689328=93.33664491486823, 93.33664491486823=114.48378083539087, 114.48378083539087=135.74679234068986, 135.74679234068986=157.12760536519008, 157.12760536519008=184.0033483987444, 184.0033483987444=238.0593779005082, 238.0593779005082=270.6788631272299, 270.6788631272299=308.9555459491924, 308.9555459491924=347.45672736962473, 347.45672736962473=424.91608153909146, 424.91608153909146=463.87837138845276, 463.87837138845276=503.07751624525406, 503.07751624525406=548.1522278343302, 548.1522278343302=593.5077814650475, 593.5077814650475=696.2016320744117, 696.2016320744117=747.8766560868264, 747.8766560868264=799.8861497658122, 799.8861497658122=852.2366929592595, 852.2366929592595=910.7904609158546, 910.7904609158546=969.7385347953532, 969.7385347953532=1088.4394437585574, 1088.4394437585574=1148.2006329298017, 1148.2006329298017=1208.3812040123819, 1208.3812040123819=1838.7138467428776, 1843.2650440601565=2175.331328273548, 2175.331328273548=2509.866540787055, 2509.866540787055=3183.9866255650336, 3183.9866255650336=3523.6295412996815, 3523.6295412996815=3865.915632429228, 3865.915632429228=4210.907584568341, 4210.907584568341=4571.550712635847, 4571.550712635847=4935.1379150874955, 4935.1379150874955=5668.347065829791, 5668.347065829791=6038.0454055468535, 6038.0454055468535=6410.917179776224, 6410.917179776224=7163.17389598856, 7163.17389598856=7556.198246852904, 7556.198246852904=7952.779451671631, 7952.779451671631=8353.015860070907, 8353.015860070907=9161.005018453758, 9161.005018453758=9568.865662566874, 9568.865662566874=9980.705529144845, 9980.705529144845=10812.581282408564, 10812.581282408564=11232.74198686388, 11232.74198686388=12111.048506212808, 12111.048506212808=12554.849019745776, 12554.849019745776=13003.447516108032, 13003.447516108032=13457.003052415204, 13457.003052415204=13915.683672711812, 13915.683672711812=14379.667135307292, 14379.667135307292=14849.141717589238, 14849.141717589238=15831.150192439178, 15831.150192439178=16328.254095258808, 16328.254095258808=17335.127479091552, 17335.127479091552=17845.145322121534, 17845.145322121534=18362.009348569714, 18362.009348569714=19409.996393015736, 19409.996393015736=19941.422818724084, 19941.422818724084=20480.6077048346, 20480.6077048346=21027.90108934191, 21027.90108934191=21583.68014863448, 21583.68014863448=22148.352237548104, 22148.352237548104=23296.364525980614, 23296.364525980614=23880.18345185133, 23880.18345185133=24474.33625831314, 24474.33625831314=25098.909783183488, 25098.909783183488=25735.38101569438, 25735.38101569438=26384.456862577077, 26384.456862577077=27046.91712475519, 27046.91712475519=27723.625474211913, 27723.625474211913=28415.54265183449, 28415.54265183449=29831.94227093331, 29831.94227093331=30580.308905840146, 30580.308905840146=31348.116872677372, 31348.116872677372=32136.964569737796, 32136.964569737796=32973.27965590486, 32973.27965590486=33835.33351504594, 33835.33351504594=34725.65891237587, 34725.65891237587=35647.233252333644, 35647.233252333644=36603.59614197819, 36603.59614197819=37599.010197240306, 37599.010197240306=38638.686269912614, 38638.686269912614=40819.529198411634, 40819.529198411634=41968.93434393308, 41968.93434393308=44407.19086211984, 44407.19086211984=45748.82623154972, 45748.82623154972=48647.08987857896, 48923.71498569993=50698.531754519805, 50698.531754519805=52747.91363300064, 52747.91363300064=57767.85352338515, 57767.85352338515=61317.4870610249];

Jobs: [[2; 10; 5.070905053771064], [2; 10; 5.096451336628967], [2; 20; 10.297448000206275], [2; 20; 10.350941596533], [2; 30; 15.69071763066169], [2; 30; 15.774850767974948], [2; 40; 21.147135920522647], [2; 40; 21.263011505299], [2; 40; 21.380813024500224], [2; 50; 26.875743033554322], [2; 60; 32.61948522672167], [2; 70; 38.27668282196253], [2; 70; 38.501181420432296], [2; 70; 38.96228984936132], [2; 70; 39.19914485680132], [2; 80; 45.074711589076124], [2; 80; 45.355553630717296], [2; 90; 51.67502401241467], [2; 90; 52.009493678985756], [2; 90; 52.35054319344731], [2; 100; 58.55376795659514], [2; 100; 58.94807387949861], [2; 100; 59.761189171244226], [2; 100; 60.18057108258013], [1; 1040; 634.8838400477746], [2; 540; 332.06628421339144], [2; 540; 334.535212513507], [2; 540; 339.6429157346477], [2; 540; 342.2860911295468], [2; 540; 344.99195213911327], [2; 560; 360.6431280675064], [2; 560; 363.5872024516487], [2; 560; 369.6983397170621], [2; 560; 372.87177422937003], [2; 580; 393.0243508643446], [2; 580; 396.5812048187268], [2; 580; 400.236408399276], [2; 580; 407.8606441131157], [2; 580; 411.839866577971], [2; 580; 420.1607044553167], [2; 600; 443.80051353296807], [2; 600; 448.5984963622556], [2; 600; 453.5555363071729], [2; 600; 458.680620296607], [2; 600; 463.9834625954802], [2; 600; 469.47458228194614], [2; 620; 497.10390281963026], [2; 620; 510.0178430299829], [2; 620; 516.8640264481803], [2; 620; 531.4264257083499], [2; 620; 539.1848861105157], [2; 620; 547.2933845073086], [2; 620; 555.7790592925712], [2; 620; 564.6720889136237], [2; 620; 583.8189258707182], [2; 620; 594.1528064618062], [2; 640; 624.5735248703481], [2; 640; 636.4712325108904], [2; 640; 649.0758468826962], [2; 640; 662.460262178112], [2; 640; 676.7083494567247], [2; 640; 691.9171776225767], [2; 660; 748.3666349068354], [2; 660; 767.8079668372271], [2; 660; 788.8476970604239], [2; 680; 836.3150861670599], [2; 680; 862.0538591410807], [2; 680; 890.3253973299308], [2; 680; 921.5743399577738], [2; 680; 956.3628896445471], [2; 680; 995.4140552621175], [2; 680; 1039.6760726723091], [2; 680; 1149.405145521441], [2; 700; 1341.6353694298848], [1; 1400; 3174.8887541502104], [2; 700; 1774.8167688198723], [2; 700; 2049.38187848083], [2; 700; 3549.6335376397446]];
Intervals[4.9E-324=5.070905053771064, 5.070905053771064=10.16735639040003, 20.41213167689904=30.709579677105317, 30.709579677105317=41.060521273638315, 61.87107651623158=77.56179414689328, 77.56179414689328=93.33664491486823, 93.33664491486823=114.48378083539087, 114.48378083539087=135.74679234068986, 135.74679234068986=157.12760536519008, 157.12760536519008=184.0033483987444, 238.0593779005082=270.6788631272299, 270.6788631272299=308.9555459491924, 308.9555459491924=347.45672736962473, 424.91608153909146=463.87837138845276, 463.87837138845276=503.07751624525406, 503.07751624525406=548.1522278343302, 548.1522278343302=593.5077814650475, 696.2016320744117=747.8766560868264, 747.8766560868264=799.8861497658122, 799.8861497658122=852.2366929592595, 852.2366929592595=910.7904609158546, 910.7904609158546=969.7385347953532, 1088.4394437585574=1148.2006329298017, 1148.2006329298017=1208.3812040123819, 1208.3812040123819=1843.2650440601565, 1843.2650440601565=2175.331328273548, 2175.331328273548=2509.866540787055, 3183.9866255650336=3523.6295412996815, 3523.6295412996815=3865.915632429228, 3865.915632429228=4210.907584568341, 4210.907584568341=4571.550712635847, 4571.550712635847=4935.1379150874955, 5668.347065829791=6038.0454055468535, 6038.0454055468535=6410.917179776224, 7163.17389598856=7556.198246852904, 7556.198246852904=7952.779451671631, 7952.779451671631=8353.015860070907, 9161.005018453758=9568.865662566874, 9568.865662566874=9980.705529144845, 10812.581282408564=11232.74198686388, 12111.048506212808=12554.849019745776, 12554.849019745776=13003.447516108032, 13003.447516108032=13457.003052415204, 13457.003052415204=13915.683672711812, 13915.683672711812=14379.667135307292, 14379.667135307292=14849.141717589238, 15831.150192439178=16328.254095258808, 17335.127479091552=17845.145322121534, 17845.145322121534=18362.009348569714, 19409.996393015736=19941.422818724084, 19941.422818724084=20480.6077048346, 20480.6077048346=21027.90108934191, 21027.90108934191=21583.68014863448, 21583.68014863448=22148.352237548104, 23296.364525980614=23880.18345185133, 23880.18345185133=24474.33625831314, 24474.33625831314=25098.909783183488, 25098.909783183488=25735.38101569438, 25735.38101569438=26384.456862577077, 26384.456862577077=27046.91712475519, 27046.91712475519=27723.625474211913, 27723.625474211913=28415.54265183449, 29831.94227093331=30580.308905840146, 30580.308905840146=31348.116872677372, 31348.116872677372=32136.964569737796, 32136.964569737796=32973.27965590486, 32973.27965590486=33835.33351504594, 33835.33351504594=34725.65891237587, 34725.65891237587=35647.233252333644, 35647.233252333644=36603.59614197819, 36603.59614197819=37599.010197240306, 37599.010197240306=38638.686269912614, 40819.529198411634=41968.93434393308, 44407.19086211984=45748.82623154972, 45748.82623154972=48923.71498569993, 48923.71498569993=50698.531754519805, 50698.531754519805=52747.91363300064, 57767.85352338515=61317.4870610249];
