1.0000000000000002
80275.47006476582
80275.47006476583
[2; 10; 1.2670869746372253]
[2; 10; 1.2734703247328016]
[2; 10; 1.2799511315987557]
[2; 10; 1.286531900588666]
[2; 10; 1.2932152281616884]
[2; 10; 1.300003806186864]
[2; 10; 1.3069004264986108]
[2; 10; 1.3139079857209184]
[2; 10; 1.321029490379163]
[2; 10; 1.3282680623200533]
[2; 10; 1.3356269444618785]
[2; 10; 1.3431095068991314]
[2; 20; 2.7014385067751965]
[2; 20; 2.7169196564765365]
[2; 20; 2.7326700473017365]
[2; 20; 2.7486975750410925]
[2; 20; 2.765010463508417]
[2; 20; 2.7816172822726117]
[2; 20; 2.7985269655749834]
[2; 20; 2.815748832527168]
[2; 20; 2.833292608693388]
[2; 20; 2.851168449170604]
[2; 20; 2.869386963290972]
[2; 20; 2.887959241083137]
[2; 20; 2.906896881642289]
[2; 30; 4.389318035360823]
[2; 30; 4.418876066538812]
[2; 30; 4.449039393264457]
[2; 30; 4.479828960595645]
[2; 30; 4.511266742507397]
[2; 30; 4.543375807804124]
[2; 40; 6.1015738550227505]
[2; 40; 6.146274627380713]
[2; 40; 6.191972465701665]
[2; 40; 6.23870499634352]
[2; 40; 6.286511864022854]
[2; 50; 7.919293591482659]
[2; 50; 7.981897677093582]
[2; 50; 8.046010334960739]
[2; 50; 8.111693141808141]
[2; 50; 8.179011251610522]
[2; 50; 8.248033667300358]
[2; 50; 8.31883353813159]
[2; 50; 8.391488485613298]
[2; 60; 10.159297153578041]
[2; 60; 10.251238368352594]
[2; 60; 10.345721825293507]
[2; 60; 10.44286688449245]
[2; 60; 10.542800901985514]
[2; 70; 12.419936587210673]
[2; 70; 12.543521089667804]
[2; 70; 12.670869746372254]
[2; 70; 12.802177603135734]
[2; 70; 12.937654154778627]
[2; 70; 13.077524751123212]
[2; 70; 13.222032173902475]
[2; 70; 13.371438409694418]
[2; 70; 13.526026648346953]
[2; 80; 15.641261190388484]
[2; 80; 15.830859157531862]
[2; 80; 16.02752333354254]
[2; 80; 16.231703836730574]
[2; 80; 16.443891977754333]
[2; 80; 16.664625236653503]
[2; 80; 16.894492995163006]
[2; 80; 17.13414316361176]
[2; 90; 19.557326106250752]
[2; 90; 19.851437739316044]
[2; 90; 20.1592303226804]
[2; 90; 20.48179848965202]
[2; 90; 20.82036354989354]
[2; 90; 21.176292982949743]
[2; 100; 23.945693031280747]
[2; 100; 24.385100196449017]
[2; 100; 24.849620034978685]
[2; 100; 25.34173949274451]
[2; 100; 25.86430456323377]
[2; 100; 26.420589807583262]
[2; 100; 27.01438506775196]
[2; 100; 27.650104635084173]
[2; 520; 147.33121565205613]
[2; 520; 151.15863784539903]
[2; 540; 161.27384258144323]
[2; 540; 165.94941493927925]
[2; 560; 177.39217644921155]
[2; 560; 183.2098520360757]
[2; 560; 189.6402135334568]
[2; 580; 203.82748410505323]
[2; 580; 212.15037170910648]
[2; 600; 229.22465845190428]
[2; 600; 240.41285000313812]
[2; 620; 261.86464142502655]
[2; 620; 277.7493955569299]
[2; 620; 296.92659358788126]
[2; 620; 320.71737658409876]
[2; 660; 373.9946243475272]
[2; 680; 430.8095713766566]
[2; 680; 497.45604400755997]
[2; 700; 627.1760544833902]
[2; 700; 886.9608822460577]


Jobs: [[2; 10; 1.2670869746372253], [2; 10; 1.2734703247328016], [2; 10; 1.2799511315987557], [2; 10; 1.286531900588666], [2; 10; 1.2932152281616884], [2; 10; 1.300003806186864], [2; 10; 1.3069004264986108], [2; 10; 1.3139079857209184], [2; 10; 1.321029490379163], [2; 10; 1.3282680623200533], [2; 10; 1.3356269444618785], [2; 10; 1.3431095068991314], [2; 20; 2.7014385067751965], [2; 20; 2.7169196564765365], [2; 20; 2.7326700473017365], [2; 20; 2.7486975750410925], [2; 20; 2.765010463508417], [2; 20; 2.7816172822726117], [2; 20; 2.7985269655749834], [2; 20; 2.815748832527168], [2; 20; 2.833292608693388], [2; 20; 2.851168449170604], [2; 20; 2.869386963290972], [2; 20; 2.887959241083137], [2; 20; 2.906896881642289], [2; 30; 4.389318035360823], [2; 30; 4.418876066538812], [2; 30; 4.449039393264457], [2; 30; 4.479828960595645], [2; 30; 4.511266742507397], [2; 30; 4.543375807804124], [2; 40; 6.1015738550227505], [2; 40; 6.146274627380713], [2; 40; 6.191972465701665], [2; 40; 6.23870499634352], [2; 40; 6.286511864022854], [2; 50; 7.919293591482659], [2; 50; 7.981897677093582], [2; 50; 8.046010334960739], [2; 50; 8.111693141808141], [2; 50; 8.179011251610522], [2; 50; 8.248033667300358], [2; 50; 8.31883353813159], [2; 50; 8.391488485613298], [2; 60; 10.159297153578041], [2; 60; 10.251238368352594], [2; 60; 10.345721825293507], [2; 60; 10.44286688449245], [2; 60; 10.542800901985514], [2; 70; 12.419936587210673], [2; 70; 12.543521089667804], [2; 70; 12.670869746372254], [2; 70; 12.802177603135734], [2; 70; 12.937654154778627], [2; 70; 13.077524751123212], [2; 70; 13.222032173902475], [2; 70; 13.371438409694418], [2; 70; 13.526026648346953], [2; 80; 15.641261190388484], [2; 80; 15.830859157531862], [2; 80; 16.02752333354254], [2; 80; 16.231703836730574], [2; 80; 16.443891977754333], [2; 80; 16.664625236653503], [2; 80; 16.894492995163006], [2; 80; 17.13414316361176], [2; 90; 19.557326106250752], [2; 90; 19.851437739316044], [2; 90; 20.1592303226804], [2; 90; 20.48179848965202], [2; 90; 20.82036354989354], [2; 90; 21.176292982949743], [2; 100; 23.945693031280747], [2; 100; 24.385100196449017], [2; 100; 24.849620034978685], [2; 100; 25.34173949274451], [2; 100; 25.86430456323377], [2; 100; 26.420589807583262], [2; 100; 27.01438506775196], [2; 100; 27.650104635084173], [2; 520; 147.33121565205613], [2; 520; 151.15863784539903], [2; 540; 161.27384258144323], [2; 540; 165.94941493927925], [2; 560; 177.39217644921155], [2; 560; 183.2098520360757], [2; 560; 189.6402135334568], [2; 580; 203.82748410505323], [2; 580; 212.15037170910648], [2; 600; 229.22465845190428], [2; 600; 240.41285000313812], [2; 620; 261.86464142502655], [2; 620; 277.7493955569299], [2; 620; 296.92659358788126], [2; 620; 320.71737658409876], [2; 660; 373.9946243475272], [2; 680; 430.8095713766566], [2; 680; 497.45604400755997], [2; 700; 627.1760544833902], [2; 700; 886.9608822460577]];
Intervals[4.9E-324=1.2670869746372253, 1.2670869746372253=2.540557299370027, 2.540557299370027=3.8205084309687827, 3.8205084309687827=5.107040331557449, 5.107040331557449=6.400255559719137, 6.400255559719137=7.7002593659060015, 7.7002593659060015=9.007159792404613, 9.007159792404613=10.321067778125531, 10.321067778125531=11.642097268504694, 11.642097268504694=12.970365330824746, 12.970365330824746=14.305992275286625, 14.305992275286625=15.649101782185756, 15.649101782185756=18.350540288960953, 18.350540288960953=21.06745994543749, 21.06745994543749=23.80012999273923, 23.80012999273923=26.54882756778032, 26.54882756778032=29.31383803128874, 29.31383803128874=32.09545531356135, 32.09545531356135=34.89398227913634, 34.89398227913634=37.70973111166351, 37.70973111166351=40.5430237203569, 40.5430237203569=43.3941921695275, 43.3941921695275=46.26357913281847, 46.26357913281847=49.15153837390161, 49.15153837390161=52.0584352555439, 52.0584352555439=56.44775329090472, 56.44775329090472=60.866629357443536, 60.866629357443536=65.315668750708, 65.315668750708=69.79549771130364, 69.79549771130364=74.30676445381104, 74.30676445381104=78.85014026161517, 78.85014026161517=84.95171411663792, 84.95171411663792=91.09798874401864, 91.09798874401864=97.2899612097203, 97.2899612097203=103.52866620606382, 103.52866620606382=109.81517807008667, 109.81517807008667=117.73447166156933, 117.73447166156933=125.71636933866291, 125.71636933866291=133.76237967362366, 133.76237967362366=141.8740728154318, 141.8740728154318=150.0530840670423, 150.0530840670423=158.30111773434265, 158.30111773434265=166.61995127247425, 166.61995127247425=175.01143975808756, 175.01143975808756=185.1707369116656, 185.1707369116656=195.42197528001822, 195.42197528001822=205.76769710531173, 205.76769710531173=216.21056398980417, 216.21056398980417=226.7533648917897, 226.7533648917897=239.17330147900037, 239.17330147900037=251.71682256866816, 251.71682256866816=264.3876923150404, 264.3876923150404=277.18986991817616, 277.18986991817616=290.12752407295477, 290.12752407295477=303.205048824078, 303.205048824078=316.42708099798045, 316.42708099798045=329.79851940767486, 329.79851940767486=343.3245460560218, 343.3245460560218=358.9658072464103, 358.9658072464103=374.79666640394214, 374.79666640394214=390.8241897374847, 390.8241897374847=407.05589357421525, 407.05589357421525=423.4997855519696, 423.4997855519696=440.16441078862306, 440.16441078862306=457.05890378378604, 457.05890378378604=474.1930469473978, 474.1930469473978=493.75037305364856, 493.75037305364856=513.6018107929646, 513.6018107929646=533.761041115645, 533.761041115645=554.2428396052969, 554.2428396052969=575.0632031551904, 575.0632031551904=596.2394961381401, 596.2394961381401=620.1851891694208, 620.1851891694208=644.5702893658698, 644.5702893658698=669.4199094008485, 669.4199094008485=694.761648893593, 694.761648893593=720.6259534568268, 720.6259534568268=747.04654326441, 747.04654326441=774.060928332162, 774.060928332162=801.7110329672462, 801.7110329672462=949.0422486193023, 949.0422486193023=1100.2008864647014, 1100.2008864647014=1261.4747290461446, 1261.4747290461446=1427.4241439854238, 1427.4241439854238=1604.8163204346354, 1604.8163204346354=1788.0261724707111, 1788.0261724707111=1977.6663860041679, 1977.6663860041679=2181.493870109221, 2181.493870109221=2393.6442418183274, 2393.6442418183274=2622.8689002702317, 2622.8689002702317=2863.2817502733697, 2863.2817502733697=3125.146391698396, 3125.146391698396=3402.895787255326, 3402.895787255326=3699.822380843207, 3699.822380843207=4020.539757427306, 4020.539757427306=4394.5343817748335, 4394.5343817748335=4825.3439531514905, 4825.3439531514905=5322.799997159051, 5322.799997159051=5949.976051642441, 5949.976051642441=6836.936933888499];

Jobs: [[2; 10; 1.2670869746372253], [2; 10; 1.2734703247328016], [2; 10; 1.2799511315987557], [2; 10; 1.286531900588666], [2; 10; 1.2932152281616884], [2; 10; 1.300003806186864], [2; 10; 1.3069004264986108], [2; 10; 1.3139079857209184], [2; 10; 1.321029490379163], [2; 10; 1.3282680623200533], [2; 10; 1.3356269444618785], [2; 10; 1.3431095068991314], [2; 20; 2.7014385067751965], [2; 20; 2.7169196564765365], [2; 20; 2.7326700473017365], [2; 20; 2.7486975750410925], [2; 20; 2.765010463508417], [2; 20; 2.7816172822726117], [2; 20; 2.7985269655749834], [2; 20; 2.815748832527168], [2; 20; 2.833292608693388], [2; 20; 2.851168449170604], [2; 20; 2.869386963290972], [2; 20; 2.887959241083137], [2; 20; 2.906896881642289], [2; 30; 4.389318035360823], [2; 30; 4.418876066538812], [2; 30; 4.449039393264457], [2; 30; 4.479828960595645], [2; 30; 4.511266742507397], [2; 30; 4.543375807804124], [2; 40; 6.1015738550227505], [2; 40; 6.146274627380713], [2; 40; 6.191972465701665], [2; 40; 6.23870499634352], [2; 40; 6.286511864022854], [2; 50; 7.919293591482659], [2; 50; 7.981897677093582], [2; 50; 8.046010334960739], [2; 50; 8.111693141808141], [2; 50; 8.179011251610522], [2; 50; 8.248033667300358], [2; 50; 8.31883353813159], [2; 50; 8.391488485613298], [2; 60; 10.159297153578041], [2; 60; 10.251238368352594], [2; 60; 10.345721825293507], [2; 60; 10.44286688449245], [2; 60; 10.542800901985514], [2; 70; 12.419936587210673], [2; 70; 12.543521089667804], [2; 70; 12.670869746372254], [2; 70; 12.802177603135734], [2; 70; 12.937654154778627], [2; 70; 13.077524751123212], [2; 70; 13.222032173902475], [2; 70; 13.371438409694418], [2; 70; 13.526026648346953], [2; 80; 15.641261190388484], [2; 80; 15.830859157531862], [2; 80; 16.02752333354254], [2; 80; 16.231703836730574], [2; 80; 16.443891977754333], [2; 80; 16.664625236653503], [2; 80; 16.894492995163006], [2; 80; 17.13414316361176], [2; 90; 19.557326106250752], [2; 90; 19.851437739316044], [2; 90; 20.1592303226804], [2; 90; 20.48179848965202], [2; 90; 20.82036354989354], [2; 90; 21.176292982949743], [2; 100; 23.945693031280747], [2; 100; 24.385100196449017], [2; 100; 24.849620034978685], [2; 100; 25.34173949274451], [2; 100; 25.86430456323377], [2; 100; 26.420589807583262], [2; 100; 27.01438506775196], [2; 100; 27.650104635084173], [2; 520; 147.33121565205613], [2; 520; 151.15863784539903], [2; 540; 161.27384258144323], [2; 540; 165.94941493927925], [2; 560; 177.39217644921155], [2; 560; 183.2098520360757], [2; 560; 189.6402135334568], [2; 580; 203.82748410505323], [2; 580; 212.15037170910648], [2; 600; 229.22465845190428], [2; 600; 240.41285000313812], [2; 620; 261.86464142502655], [2; 620; 277.7493955569299], [2; 620; 296.92659358788126], [2; 620; 320.71737658409876], [2; 660; 373.9946243475272], [2; 680; 430.8095713766566], [2; 680; 497.45604400755997], [2; 700; 627.1760544833902], [2; 700; 886.9608822460577]];
Intervals[4.9E-324=1.2670869746372253, 1.2670869746372253=2.540557299370027, 2.540557299370027=3.8205084309687827, 3.8205084309687827=5.107040331557449, 5.107040331557449=6.400255559719137, 6.400255559719137=7.7002593659060015, 7.7002593659060015=9.007159792404613, 9.007159792404613=10.321067778125531, 10.321067778125531=11.642097268504694, 11.642097268504694=12.970365330824746, 12.970365330824746=14.305992275286625, 14.305992275286625=15.649101782185756, 15.649101782185756=18.350540288960953, 18.350540288960953=21.06745994543749, 21.06745994543749=23.80012999273923, 23.80012999273923=26.54882756778032, 26.54882756778032=29.31383803128874, 29.31383803128874=32.09545531356135, 32.09545531356135=34.89398227913634, 34.89398227913634=37.70973111166351, 37.70973111166351=40.5430237203569, 40.5430237203569=43.3941921695275, 43.3941921695275=46.26357913281847, 46.26357913281847=49.15153837390161, 49.15153837390161=52.0584352555439, 52.0584352555439=56.44775329090472, 56.44775329090472=60.866629357443536, 60.866629357443536=65.315668750708, 65.315668750708=69.79549771130364, 69.79549771130364=74.30676445381104, 74.30676445381104=78.85014026161517, 78.85014026161517=84.95171411663792, 84.95171411663792=91.09798874401864, 91.09798874401864=97.2899612097203, 97.2899612097203=103.52866620606382, 103.52866620606382=109.81517807008667, 109.81517807008667=117.73447166156933, 117.73447166156933=125.71636933866291, 125.71636933866291=133.76237967362366, 133.76237967362366=141.8740728154318, 141.8740728154318=150.0530840670423, 150.0530840670423=158.30111773434265, 158.30111773434265=166.61995127247425, 166.61995127247425=175.01143975808756, 175.01143975808756=185.1707369116656, 185.1707369116656=195.42197528001822, 195.42197528001822=205.76769710531173, 205.76769710531173=216.21056398980417, 216.21056398980417=226.7533648917897, 226.7533648917897=239.17330147900037, 239.17330147900037=251.71682256866816, 251.71682256866816=264.3876923150404, 264.3876923150404=277.18986991817616, 277.18986991817616=290.12752407295477, 290.12752407295477=303.205048824078, 303.205048824078=316.42708099798045, 316.42708099798045=329.79851940767486, 329.79851940767486=343.3245460560218, 343.3245460560218=358.9658072464103, 358.9658072464103=374.79666640394214, 374.79666640394214=390.8241897374847, 390.8241897374847=407.05589357421525, 407.05589357421525=423.4997855519696, 423.4997855519696=440.16441078862306, 440.16441078862306=457.05890378378604, 457.05890378378604=474.1930469473978, 474.1930469473978=493.75037305364856, 493.75037305364856=513.6018107929646, 513.6018107929646=533.761041115645, 533.761041115645=554.2428396052969, 554.2428396052969=575.0632031551904, 575.0632031551904=596.2394961381401, 596.2394961381401=620.1851891694208, 620.1851891694208=644.5702893658698, 644.5702893658698=669.4199094008485, 669.4199094008485=694.761648893593, 694.761648893593=720.6259534568268, 720.6259534568268=747.04654326441, 747.04654326441=774.060928332162, 774.060928332162=801.7110329672462, 801.7110329672462=949.0422486193023, 949.0422486193023=1100.2008864647014, 1100.2008864647014=1261.4747290461446, 1261.4747290461446=1427.4241439854238, 1427.4241439854238=1604.8163204346354, 1604.8163204346354=1788.0261724707111, 1788.0261724707111=1977.6663860041679, 1977.6663860041679=2181.493870109221, 2181.493870109221=2393.6442418183274, 2393.6442418183274=2622.8689002702317, 2622.8689002702317=2863.2817502733697, 2863.2817502733697=3125.146391698396, 3125.146391698396=3402.895787255326, 3402.895787255326=3699.822380843207, 3699.822380843207=4020.539757427306, 4020.539757427306=4394.5343817748335, 4394.5343817748335=4825.3439531514905, 4825.3439531514905=5322.799997159051, 5322.799997159051=5949.976051642441, 5949.976051642441=6836.936933888499];
