1.1267724434455655
60647.871619753176
68336.35049476226
[2; 10; 1.5575348679211412]
[1; 20; 3.146695620118665]
[1; 20; 3.1793047358333233]
[1; 20; 3.212949109125497]
[2; 20; 3.247684703580401]
[2; 20; 3.283571811840222]
[2; 30; 4.981013243844426]
[1; 60; 10.07719825013927]
[1; 80; 13.595278913869858]
[2; 50; 8.60004761896581]
[1; 100; 17.413769209989145]
[1; 120; 21.162731529918535]
[1; 120; 21.43938028518703]
[1; 120; 21.727170078839894]
[1; 120; 22.02686934083065]
[2; 70; 13.0312716392265]
[1; 140; 26.443038489499543]
[1; 140; 26.84070048025959]
[2; 80; 15.57534867921141]
[1; 160; 31.649140165313582]
[1; 160; 32.17230189117839]
[1; 200; 40.90286951227284]
[1; 200; 41.62687031225081]
[2; 100; 21.195364905555483]
[2; 100; 21.599122421587335]
[1; 200; 44.0537386816613]
[1; 200; 44.96215876332496]
[2; 520; 119.41591360699127]
[2; 540; 126.79589670848625]
[1; 1120; 269.172789539356]
[1; 1120; 275.8200321945786]
[2; 580; 146.5460014462316]
[1; 1160; 301.1234077980873]
[2; 580; 154.92671517198806]
[1; 1160; 319.38960544204446]
[1; 1200; 341.2387925044954]
[1; 1200; 353.2157073283863]
[1; 1240; 378.7675711131737]
[1; 1240; 394.2337872433321]
[2; 640; 212.52323173736215]
[1; 1320; 459.72350714371333]
[1; 1320; 484.5911254982744]
[2; 680; 264.780927546594]
[1; 1360; 566.125436246611]
[1; 1360; 611.4853591812196]
[1; 1360; 669.8486496154052]
[1; 1360; 748.9135575882422]
[1; 1400; 890.2053260333305]
[1; 1400; 1090.2744075447988]
[2; 700; 770.9404269290728]


Jobs: [[2; 10; 1.5575348679211412], [1; 20; 3.146695620118665], [1; 20; 3.212949109125497], [2; 20; 3.247684703580401], [2; 20; 3.283571811840222], [2; 30; 4.981013243844426], [1; 60; 10.07719825013927], [2; 50; 8.60004761896581], [1; 100; 17.413769209989145], [1; 120; 21.43938028518703], [1; 120; 22.02686934083065], [2; 70; 13.0312716392265], [1; 140; 26.443038489499543], [2; 80; 15.57534867921141], [1; 160; 31.649140165313582], [1; 200; 40.90286951227284], [2; 100; 21.195364905555483], [2; 100; 21.599122421587335], [1; 200; 44.0537386816613], [2; 520; 119.41591360699127], [2; 540; 126.79589670848625], [1; 1120; 269.172789539356], [2; 580; 146.5460014462316], [1; 1160; 301.1234077980873], [2; 580; 154.92671517198806], [1; 1160; 319.38960544204446], [1; 1200; 353.2157073283863], [1; 1240; 394.2337872433321], [2; 640; 212.52323173736215], [1; 1320; 459.72350714371333], [2; 680; 264.780927546594], [1; 1360; 566.125436246611], [1; 1360; 669.8486496154052], [1; 1400; 890.2053260333305], [2; 700; 770.9404269290728]];
Intervals[4.9E-324=1.5575348679211412, 1.5575348679211412=4.704230488039807, 4.704230488039807=7.917179597165304, 7.917179597165304=11.164864300745705, 11.164864300745705=14.448436112585927, 14.448436112585927=19.429449356430354, 19.429449356430354=29.506647606569622, 33.024728270300216=41.624775889266026, 41.624775889266026=59.038545099255174, 59.038545099255174=80.4779253844422, 80.4779253844422=102.50479472527286, 102.50479472527286=115.53606636449936, 115.53606636449936=141.9791048539989, 142.37676684475895=157.95211552397035, 157.95211552397035=189.60125568928393, 189.60125568928393=230.50412520155677, 231.75128772739956=252.94665263295505, 252.94665263295505=274.5457750545424, 274.5457750545424=318.5995137362037, 319.50793381786735=438.92384742485865, 438.92384742485865=565.7197441333449, 565.7197441333449=834.8925336727009, 841.5397763279234=988.085777774155, 988.085777774155=1289.2091855722424, 1289.2091855722424=1444.1359007442304, 1444.1359007442304=1763.525506186275, 1763.525506186275=2116.7412135146615, 2116.7412135146615=2510.9750007579937, 2510.9750007579937=2723.4982324953558, 2723.4982324953558=3183.2217396390693, 3208.08935799363=3472.870285540224, 3472.870285540224=4038.995721786835, 4038.995721786835=4708.8443714022405, 4708.8443714022405=5599.049697435571, 5923.543609854484=6694.484036783557];

Jobs: [[2; 10; 1.5575348679211412], [1; 20; 3.1793047358333233], [2; 20; 3.247684703580401], [2; 20; 3.283571811840222], [2; 30; 4.981013243844426], [1; 80; 13.595278913869858], [2; 50; 8.60004761896581], [1; 120; 21.162731529918535], [1; 120; 21.727170078839894], [2; 70; 13.0312716392265], [1; 140; 26.84070048025959], [2; 80; 15.57534867921141], [1; 160; 32.17230189117839], [1; 200; 41.62687031225081], [2; 100; 21.195364905555483], [2; 100; 21.599122421587335], [1; 200; 44.96215876332496], [2; 520; 119.41591360699127], [2; 540; 126.79589670848625], [1; 1120; 275.8200321945786], [2; 580; 146.5460014462316], [2; 580; 154.92671517198806], [1; 1200; 341.2387925044954], [1; 1240; 378.7675711131737], [2; 640; 212.52323173736215], [1; 1320; 484.5911254982744], [2; 680; 264.780927546594], [1; 1360; 611.4853591812196], [1; 1360; 748.9135575882422], [1; 1400; 1090.2744075447988], [2; 700; 770.9404269290728]];
Intervals[4.9E-324=1.5575348679211412, 1.5575348679211412=4.736839603754465, 7.917179597165304=11.164864300745705, 11.164864300745705=14.448436112585927, 14.448436112585927=19.429449356430354, 19.429449356430354=33.024728270300216, 33.024728270300216=41.624775889266026, 41.624775889266026=62.787507419184564, 62.787507419184564=84.51467749802445, 102.50479472527286=115.53606636449936, 115.53606636449936=142.37676684475895, 142.37676684475895=157.95211552397035, 157.95211552397035=190.12441741514874, 190.12441741514874=231.75128772739956, 231.75128772739956=252.94665263295505, 252.94665263295505=274.5457750545424, 274.5457750545424=319.50793381786735, 319.50793381786735=438.92384742485865, 438.92384742485865=565.7197441333449, 565.7197441333449=841.5397763279234, 841.5397763279234=988.085777774155, 1289.2091855722424=1444.1359007442304, 1444.1359007442304=1785.3746932487259, 1785.3746932487259=2164.1422643618994, 2510.9750007579937=2723.4982324953558, 2723.4982324953558=3208.08935799363, 3208.08935799363=3472.870285540224, 3472.870285540224=4084.3556447214432, 4084.3556447214432=4833.269202309685, 4833.269202309685=5923.543609854484, 5923.543609854484=6694.484036783557];
