1.1158859680001156
144384.54958122195
161116.69287370253
[1; 20; 3.3986414883741056]
[1; 20; 3.4157632163248284]
[2; 10; 1.716573173750908]
[1; 20; 3.4507976018846636]
[1; 20; 3.4687239438207196]
[2; 20; 3.486932593570301]
[1; 40; 7.0108620790513205]
[1; 40; 7.048454102301328]
[1; 40; 7.086657385383911]
[1; 40; 7.125488675433174]
[1; 40; 7.164965369071231]
[1; 40; 7.205105545156425]
[1; 60; 10.86889199935886]
[2; 30; 5.465589211658488]
[2; 30; 5.497274052234619]
[1; 60; 11.059032810517108]
[1; 60; 11.124665628922655]
[1; 60; 11.191481038249306]
[1; 60; 11.259514984273208]
[1; 80; 15.105073281662694]
[1; 80; 15.199186798311123]
[1; 80; 15.295081672619682]
[1; 80; 15.392814818308027]
[1; 80; 15.4924457277902]
[1; 80; 15.594036624365677]
[2; 40; 7.84882631276728]
[2; 40; 7.901680959205387]
[1; 80; 15.911235948306802]
[1; 80; 16.021349621675142]
[1; 100; 20.167226905895234]
[1; 100; 20.310767698877783]
[1; 100; 20.457417745530254]
[2; 50; 10.303645470715335]
[2; 50; 10.380253555023767]
[1; 100; 20.91719240540936]
[2; 50; 10.538739874358864]
[1; 100; 21.241509302338162]
[1; 120; 25.691314782012288]
[1; 120; 25.897674039097673]
[1; 120; 26.109087130914855]
[1; 120; 26.325763768405]
[1; 120; 26.547926051140273]
[2; 60; 13.387904712223861]
[1; 120; 27.00966372849122]
[1; 120; 27.24975434993862]
[2; 70; 16.039545368165832]
[2; 70; 16.18737840449669]
[1; 140; 32.67875180517353]
[1; 140; 32.99147425875562]
[1; 140; 33.31334992245101]
[1; 140; 33.644834205517796]
[1; 140; 33.98641488374106]
[1; 140; 34.338615118356856]
[1; 140; 34.70199682642564]
[1; 140; 35.077164452054845]
[1; 160; 40.53116479549633]
[1; 160; 40.98915859589793]
[1; 160; 41.46303744401015]
[1; 160; 41.95374135810196]
[2; 80; 21.231145062003016]
[2; 80; 21.49489610721369]
[1; 160; 43.53745495829753]
[1; 160; 44.106596172641396]
[1; 180; 50.28598970124077]
[1; 180; 50.97962232561159]
[2; 90; 25.851386827766103]
[2; 90; 26.22879929982553]
[1; 180; 53.24647893569536]
[1; 180; 54.0720549731536]
[1; 200; 61.04140310001592]
[2; 100; 31.02521013425716]
[2; 100; 31.555594026309425]
[1; 200; 64.22828695503073]
[2; 520; 170.05790344329108]
[1; 1040; 346.5947853785118]
[1; 1040; 353.458714790907]
[1; 1040; 360.7472901573549]
[1; 1080; 382.6794988107313]
[2; 540; 195.6400559884595]
[2; 540; 200.24398132060782]
[1; 1120; 425.5772303527114]
[1; 1120; 436.63302548223896]
[1; 1160; 464.6191390285791]
[2; 600; 247.287491297168]
[1; 1200; 509.79622325611587]
[2; 600; 263.25763768405]
[2; 620; 281.5807949493658]
[1; 1240; 584.4204011550996]
[1; 1240; 608.2840392394644]
[1; 1240; 635.331958236418]
[1; 1280; 687.8366754308381]
[2; 640; 362.5217587599046]
[1; 1320; 793.0568062729194]
[1; 1320; 847.8133878064057]
[2; 660; 457.87156058433493]
[2; 660; 501.57316434426707]
[1; 1320; 1121.551691163455]
[1; 1360; 1334.300473170438]
[1; 1360; 1634.1776614108642]
[1; 1400; 2379.0490418618742]


Jobs: [[1; 20; 3.3986414883741056], [2; 10; 1.716573173750908], [1; 20; 3.4507976018846636], [2; 20; 3.486932593570301], [1; 40; 7.0108620790513205], [1; 40; 7.086657385383911], [1; 40; 7.164965369071231], [1; 60; 10.86889199935886], [2; 30; 5.465589211658488], [2; 30; 5.497274052234619], [1; 60; 11.059032810517108], [1; 60; 11.191481038249306], [1; 80; 15.105073281662694], [1; 80; 15.295081672619682], [1; 80; 15.4924457277902], [2; 40; 7.84882631276728], [2; 40; 7.901680959205387], [1; 80; 15.911235948306802], [1; 100; 20.167226905895234], [1; 100; 20.457417745530254], [2; 50; 10.303645470715335], [2; 50; 10.380253555023767], [1; 100; 20.91719240540936], [2; 50; 10.538739874358864], [1; 100; 21.241509302338162], [1; 120; 25.897674039097673], [1; 120; 26.325763768405], [2; 60; 13.387904712223861], [1; 120; 27.00966372849122], [2; 70; 16.039545368165832], [2; 70; 16.18737840449669], [1; 140; 32.67875180517353], [1; 140; 33.31334992245101], [1; 140; 33.98641488374106], [1; 140; 34.70199682642564], [1; 160; 40.53116479549633], [1; 160; 41.46303744401015], [2; 80; 21.231145062003016], [2; 80; 21.49489610721369], [1; 160; 43.53745495829753], [1; 180; 50.28598970124077], [2; 90; 25.851386827766103], [2; 90; 26.22879929982553], [1; 180; 53.24647893569536], [1; 200; 61.04140310001592], [2; 100; 31.02521013425716], [2; 100; 31.555594026309425], [1; 200; 64.22828695503073], [2; 520; 170.05790344329108], [1; 1040; 346.5947853785118], [1; 1040; 360.7472901573549], [2; 540; 195.6400559884595], [2; 540; 200.24398132060782], [1; 1120; 425.5772303527114], [1; 1160; 464.6191390285791], [2; 600; 247.287491297168], [1; 1200; 509.79622325611587], [2; 600; 263.25763768405], [2; 620; 281.5807949493658], [1; 1240; 584.4204011550996], [1; 1240; 635.331958236418], [2; 640; 362.5217587599046], [1; 1320; 793.0568062729194], [2; 660; 457.87156058433493], [2; 660; 501.57316434426707], [1; 1320; 1121.551691163455], [1; 1360; 1634.1776614108642]];
Intervals[0.0=3.3986414883741056, 3.4157632163248284=5.132336390075737, 5.132336390075737=8.5831339919604, 8.601060333896456=12.087992927466757, 12.087992927466757=19.09885500651808, 19.09885500651808=26.18551239190199, 26.18551239190199=33.35047776097322, 33.35047776097322=44.21936976033208, 44.21936976033208=49.68495897199057, 49.68495897199057=55.182233024225184, 55.182233024225184=66.2412658347423, 66.2412658347423=77.4327468729916, 77.4327468729916=92.5378201546543, 92.5378201546543=107.83290182727399, 107.83290182727399=123.32534755506418, 123.75245187840586=131.60127819117315, 131.60127819117315=139.50295915037853, 139.50295915037853=155.41419509868533, 155.41419509868533=175.58142200458056, 175.58142200458056=196.0388397501108, 196.0388397501108=206.34248522082615, 206.34248522082615=216.7227387758499, 216.7227387758499=237.63993118125927, 237.63993118125927=248.17867105561814, 248.17867105561814=269.4201803579563, 269.4201803579563=295.317854397054, 295.317854397054=321.64361816545903, 326.5269990196856=339.9149037319095, 339.9149037319095=366.9245674604007, 367.1646580818481=383.2042034500139, 383.2042034500139=399.3915818545106, 399.3915818545106=432.07033365968414, 432.07033365968414=465.3836835821352, 465.3836835821352=499.37009846587625, 499.37009846587625=534.0720952923019, 534.0720952923019=574.6032600877983, 574.6032600877983=616.0662975318085, 618.3865698431956=639.6177149051987, 639.6177149051987=661.1126110124123, 661.1126110124123=704.6500659707099, 704.6500659707099=754.9360556719506, 756.1988295106653=782.0502163384314, 782.0502163384314=808.2790156382569, 808.2790156382569=861.5254945739522, 861.5254945739522=922.5668976739681, 922.5668976739681=953.5921078082253, 953.5921078082253=985.1477018345347, 985.1477018345347=1049.3759887895653, 1049.3759887895653=1219.4338922328564, 1219.4338922328564=1566.028677611368, 1566.028677611368=1926.775967768723, 1955.5721058344946=2151.212161822954, 2151.212161822954=2351.456143143562, 2351.456143143562=2777.0333734962733, 2777.0333734962733=3241.652512524852, 3241.652512524852=3488.94000382202, 3488.94000382202=3998.736227078136, 3998.736227078136=4261.993864762186, 4261.993864762186=4543.574659711551, 4543.574659711551=5127.995060866651, 5127.995060866651=5763.32701910307, 5839.695374381854=6202.2171331417585, 6202.2171331417585=6995.273939414677, 7050.030520948164=7507.902081532498, 7507.902081532498=8009.475245876765, 8009.475245876765=9131.02693704022, 9131.02693704022=10765.204598451084];

Jobs: [[1; 20; 3.4157632163248284], [2; 10; 1.716573173750908], [1; 20; 3.4687239438207196], [2; 20; 3.486932593570301], [1; 40; 7.048454102301328], [1; 40; 7.125488675433174], [1; 40; 7.205105545156425], [2; 30; 5.465589211658488], [2; 30; 5.497274052234619], [1; 60; 11.124665628922655], [1; 60; 11.259514984273208], [1; 80; 15.199186798311123], [1; 80; 15.392814818308027], [1; 80; 15.594036624365677], [2; 40; 7.84882631276728], [2; 40; 7.901680959205387], [1; 80; 16.021349621675142], [1; 100; 20.310767698877783], [2; 50; 10.303645470715335], [2; 50; 10.380253555023767], [2; 50; 10.538739874358864], [1; 120; 25.691314782012288], [1; 120; 26.109087130914855], [1; 120; 26.547926051140273], [2; 60; 13.387904712223861], [1; 120; 27.24975434993862], [2; 70; 16.039545368165832], [2; 70; 16.18737840449669], [1; 140; 32.99147425875562], [1; 140; 33.644834205517796], [1; 140; 34.338615118356856], [1; 140; 35.077164452054845], [1; 160; 40.98915859589793], [1; 160; 41.95374135810196], [2; 80; 21.231145062003016], [2; 80; 21.49489610721369], [1; 160; 44.106596172641396], [1; 180; 50.97962232561159], [2; 90; 25.851386827766103], [2; 90; 26.22879929982553], [1; 180; 54.0720549731536], [2; 100; 31.02521013425716], [2; 100; 31.555594026309425], [2; 520; 170.05790344329108], [1; 1040; 353.458714790907], [1; 1080; 382.6794988107313], [2; 540; 195.6400559884595], [2; 540; 200.24398132060782], [1; 1120; 436.63302548223896], [2; 600; 247.287491297168], [2; 600; 263.25763768405], [2; 620; 281.5807949493658], [1; 1240; 608.2840392394644], [1; 1280; 687.8366754308381], [2; 640; 362.5217587599046], [1; 1320; 847.8133878064057], [2; 660; 457.87156058433493], [2; 660; 501.57316434426707], [1; 1360; 1334.300473170438], [1; 1400; 2379.0490418618742]];
Intervals[0.0=3.4157632163248284, 3.4157632163248284=5.132336390075737, 5.132336390075737=8.601060333896456, 8.601060333896456=12.087992927466757, 12.087992927466757=19.136447029768085, 19.136447029768085=26.26193570520126, 26.26193570520126=33.46704125035769, 44.21936976033208=49.68495897199057, 49.68495897199057=55.182233024225184, 55.182233024225184=66.30689865314784, 66.30689865314784=77.56641363742105, 77.56641363742105=92.76560043573217, 92.76560043573217=108.1584152540402, 108.1584152540402=123.75245187840586, 123.75245187840586=131.60127819117315, 131.60127819117315=139.50295915037853, 139.50295915037853=155.52430877205367, 155.52430877205367=175.83507647093145, 196.0388397501108=206.34248522082615, 206.34248522082615=216.7227387758499, 237.63993118125927=248.17867105561814, 248.17867105561814=273.86998583763045, 273.86998583763045=299.9790729685453, 299.9790729685453=326.5269990196856, 326.5269990196856=339.9149037319095, 339.9149037319095=367.1646580818481, 367.1646580818481=383.2042034500139, 383.2042034500139=399.3915818545106, 399.3915818545106=432.3830561132662, 432.3830561132662=466.027890318784, 466.027890318784=500.36650543714086, 500.36650543714086=535.4436698891957, 535.4436698891957=576.4328284850936, 576.4328284850936=618.3865698431956, 618.3865698431956=639.6177149051987, 639.6177149051987=661.1126110124123, 661.1126110124123=705.2192071850537, 705.2192071850537=756.1988295106653, 756.1988295106653=782.0502163384314, 782.0502163384314=808.2790156382569, 808.2790156382569=862.3510706114105, 922.5668976739681=953.5921078082253, 953.5921078082253=985.1477018345347, 1049.3759887895653=1219.4338922328564, 1219.4338922328564=1572.8926070237633, 1572.8926070237633=1955.5721058344946, 1955.5721058344946=2151.212161822954, 2151.212161822954=2351.456143143562, 2351.456143143562=2788.089168625801, 3241.652512524852=3488.94000382202, 3998.736227078136=4261.993864762186, 4261.993864762186=4543.574659711551, 4543.574659711551=5151.858698951016, 5151.858698951016=5839.695374381854, 5839.695374381854=6202.2171331417585, 6202.2171331417585=7050.030520948164, 7050.030520948164=7507.902081532498, 7507.902081532498=8009.475245876765, 8009.475245876765=9343.775719047204, 9343.775719047204=11722.824760909078];
