1.0
199023.88068705468
199023.88068705468
[2; 10; 2.8215164765569223]
[2; 10; 2.850162048289963]
[2; 30; 8.639094585524894]
[2; 30; 8.730516121770181]
[2; 40; 11.766537097232973]
[2; 40; 11.896558028817271]
[2; 70; 21.054226690388283]
[2; 90; 27.382675167569456]
[2; 90; 27.70674177511541]
[2; 100; 31.158437035150488]
[2; 100; 31.54551320608485]
[2; 100; 31.94738307865981]
[2; 520; 168.2980710052689]
[2; 520; 170.55720659979193]
[2; 540; 179.56020904226767]
[2; 540; 182.10728958241725]
[2; 540; 184.76593079185216]
[2; 560; 194.49061515640122]
[2; 560; 197.50615335898453]
[2; 560; 200.66645247928113]
[2; 580; 211.2686022785926]
[2; 580; 214.88029299914103]
[2; 580; 218.68377930428153]
[2; 600; 230.37585561399712]
[2; 600; 234.76436147982628]
[2; 600; 239.41361205635687]
[2; 600; 244.3504945894655]
[2; 600; 249.60594517609536]
[2; 620; 263.7229602444474]
[2; 620; 269.92905546970223]
[2; 620; 276.59497417000154]
[2; 620; 283.78045579397394]
[2; 620; 291.5567025775486]
[2; 620; 300.00937188518907]
[2; 620; 309.24258223946094]
[2; 640; 329.68708705764743]
[2; 640; 341.2585562075804]
[2; 640; 354.1407402310722]
[2; 640; 368.6013689823955]
[2; 640; 384.9915737670999]
[2; 640; 403.782569037886]
[2; 660; 438.9249554366543]
[2; 660; 465.5502186318921]
[2; 660; 497.6941184166407]
[2; 660; 537.5710880968242]
[2; 660; 588.879622426455]
[2; 660; 658.3874331549814]
[2; 680; 783.2779090875904]
[2; 700; 987.5307667949226]
[2; 700; 1396.5794036620819]


Jobs: [[2; 10; 2.8215164765569223], [2; 10; 2.850162048289963], [2; 30; 8.639094585524894], [2; 30; 8.730516121770181], [2; 40; 11.766537097232973], [2; 40; 11.896558028817271], [2; 70; 21.054226690388283], [2; 90; 27.382675167569456], [2; 90; 27.70674177511541], [2; 100; 31.158437035150488], [2; 100; 31.54551320608485], [2; 100; 31.94738307865981], [2; 520; 168.2980710052689], [2; 520; 170.55720659979193], [2; 540; 179.56020904226767], [2; 540; 182.10728958241725], [2; 540; 184.76593079185216], [2; 560; 194.49061515640122], [2; 560; 197.50615335898453], [2; 560; 200.66645247928113], [2; 580; 211.2686022785926], [2; 580; 214.88029299914103], [2; 580; 218.68377930428153], [2; 600; 230.37585561399712], [2; 600; 234.76436147982628], [2; 600; 239.41361205635687], [2; 600; 244.3504945894655], [2; 600; 249.60594517609536], [2; 620; 263.7229602444474], [2; 620; 269.92905546970223], [2; 620; 276.59497417000154], [2; 620; 283.78045579397394], [2; 620; 291.5567025775486], [2; 620; 300.00937188518907], [2; 620; 309.24258223946094], [2; 640; 329.68708705764743], [2; 640; 341.2585562075804], [2; 640; 354.1407402310722], [2; 640; 368.6013689823955], [2; 640; 384.9915737670999], [2; 640; 403.782569037886], [2; 660; 438.9249554366543], [2; 660; 465.5502186318921], [2; 660; 497.6941184166407], [2; 660; 537.5710880968242], [2; 660; 588.879622426455], [2; 660; 658.3874331549814], [2; 680; 783.2779090875904], [2; 700; 987.5307667949226], [2; 700; 1396.5794036620819]];
Intervals[4.9E-324=2.8215164765569223, 2.8215164765569223=5.671678524846885, 5.671678524846885=14.31077311037178, 14.31077311037178=23.041289232141963, 23.041289232141963=34.80782632937493, 34.80782632937493=46.7043843581922, 46.7043843581922=67.75861104858049, 67.75861104858049=95.14128621614995, 95.14128621614995=122.84802799126535, 122.84802799126535=154.00646502641584, 154.00646502641584=185.5519782325007, 185.5519782325007=217.4993613111605, 217.4993613111605=385.7974323164294, 385.7974323164294=556.3546389162213, 556.3546389162213=735.914847958489, 735.914847958489=918.0221375409062, 918.0221375409062=1102.7880683327585, 1102.7880683327585=1297.2786834891597, 1297.2786834891597=1494.784836848144, 1494.784836848144=1695.4512893274252, 1695.4512893274252=1906.7198916060179, 1906.7198916060179=2121.600184605159, 2121.600184605159=2340.2839639094404, 2340.2839639094404=2570.6598195234374, 2570.6598195234374=2805.4241810032636, 2805.4241810032636=3044.8377930596203, 3044.8377930596203=3289.188287649086, 3289.188287649086=3538.794232825181, 3538.794232825181=3802.5171930696283, 3802.5171930696283=4072.4462485393306, 4072.4462485393306=4349.041222709332, 4349.041222709332=4632.8216785033055, 4632.8216785033055=4924.3783810808545, 4924.3783810808545=5224.387752966044, 5224.387752966044=5533.630335205505, 5533.630335205505=5863.317422263152, 5863.317422263152=6204.5759784707325, 6204.5759784707325=6558.716718701805, 6558.716718701805=6927.318087684201, 6927.318087684201=7312.309661451301, 7312.309661451301=7716.0922304891865, 7716.0922304891865=8155.017185925841, 8155.017185925841=8620.567404557733, 8620.567404557733=9118.261522974373, 9118.261522974373=9655.832611071197, 9655.832611071197=10244.712233497652, 10244.712233497652=10903.099666652633, 10903.099666652633=11686.377575740224, 11686.377575740224=12673.908342535145, 12673.908342535145=14070.487746197228];

Jobs: [[2; 10; 2.8215164765569223], [2; 10; 2.850162048289963], [2; 30; 8.639094585524894], [2; 30; 8.730516121770181], [2; 40; 11.766537097232973], [2; 40; 11.896558028817271], [2; 70; 21.054226690388283], [2; 90; 27.382675167569456], [2; 90; 27.70674177511541], [2; 100; 31.158437035150488], [2; 100; 31.54551320608485], [2; 100; 31.94738307865981], [2; 520; 168.2980710052689], [2; 520; 170.55720659979193], [2; 540; 179.56020904226767], [2; 540; 182.10728958241725], [2; 540; 184.76593079185216], [2; 560; 194.49061515640122], [2; 560; 197.50615335898453], [2; 560; 200.66645247928113], [2; 580; 211.2686022785926], [2; 580; 214.88029299914103], [2; 580; 218.68377930428153], [2; 600; 230.37585561399712], [2; 600; 234.76436147982628], [2; 600; 239.41361205635687], [2; 600; 244.3504945894655], [2; 600; 249.60594517609536], [2; 620; 263.7229602444474], [2; 620; 269.92905546970223], [2; 620; 276.59497417000154], [2; 620; 283.78045579397394], [2; 620; 291.5567025775486], [2; 620; 300.00937188518907], [2; 620; 309.24258223946094], [2; 640; 329.68708705764743], [2; 640; 341.2585562075804], [2; 640; 354.1407402310722], [2; 640; 368.6013689823955], [2; 640; 384.9915737670999], [2; 640; 403.782569037886], [2; 660; 438.9249554366543], [2; 660; 465.5502186318921], [2; 660; 497.6941184166407], [2; 660; 537.5710880968242], [2; 660; 588.879622426455], [2; 660; 658.3874331549814], [2; 680; 783.2779090875904], [2; 700; 987.5307667949226], [2; 700; 1396.5794036620819]];
Intervals[4.9E-324=2.8215164765569223, 2.8215164765569223=5.671678524846885, 5.671678524846885=14.31077311037178, 14.31077311037178=23.041289232141963, 23.041289232141963=34.80782632937493, 34.80782632937493=46.7043843581922, 46.7043843581922=67.75861104858049, 67.75861104858049=95.14128621614995, 95.14128621614995=122.84802799126535, 122.84802799126535=154.00646502641584, 154.00646502641584=185.5519782325007, 185.5519782325007=217.4993613111605, 217.4993613111605=385.7974323164294, 385.7974323164294=556.3546389162213, 556.3546389162213=735.914847958489, 735.914847958489=918.0221375409062, 918.0221375409062=1102.7880683327585, 1102.7880683327585=1297.2786834891597, 1297.2786834891597=1494.784836848144, 1494.784836848144=1695.4512893274252, 1695.4512893274252=1906.7198916060179, 1906.7198916060179=2121.600184605159, 2121.600184605159=2340.2839639094404, 2340.2839639094404=2570.6598195234374, 2570.6598195234374=2805.4241810032636, 2805.4241810032636=3044.8377930596203, 3044.8377930596203=3289.188287649086, 3289.188287649086=3538.794232825181, 3538.794232825181=3802.5171930696283, 3802.5171930696283=4072.4462485393306, 4072.4462485393306=4349.041222709332, 4349.041222709332=4632.8216785033055, 4632.8216785033055=4924.3783810808545, 4924.3783810808545=5224.387752966044, 5224.387752966044=5533.630335205505, 5533.630335205505=5863.317422263152, 5863.317422263152=6204.5759784707325, 6204.5759784707325=6558.716718701805, 6558.716718701805=6927.318087684201, 6927.318087684201=7312.309661451301, 7312.309661451301=7716.0922304891865, 7716.0922304891865=8155.017185925841, 8155.017185925841=8620.567404557733, 8620.567404557733=9118.261522974373, 9118.261522974373=9655.832611071197, 9655.832611071197=10244.712233497652, 10244.712233497652=10903.099666652633, 10903.099666652633=11686.377575740224, 11686.377575740224=12673.908342535145, 12673.908342535145=14070.487746197228];
