1.0451593318563333
5316.994371196579
5557.1062844837015
[1; 10; 0.4611721748413093]
[1; 10; 0.46585424589262564]
[1; 10; 0.47068187997116573]
[2; 10; 0.47566277931470147]
[1; 20; 0.9616104581646243]
[2; 20; 0.9722363106612921]
[2; 20; 0.9832223803944197]
[1; 50; 2.4864737268699675]
[1; 50; 2.515900475735368]
[2; 30; 1.5278384115294519]
[2; 30; 1.546818498414879]
[2; 30; 1.566523987077992]
[1; 70; 3.70300535261657]
[1; 100; 5.361017637965399]
[2; 50; 2.717483101040316]
[2; 60; 3.307237063195776]
[2; 60; 3.355520450235059]
[1; 120; 6.811964471927793]
[1; 130; 7.494047841171275]
[2; 70; 4.099824734166024]
[2; 70; 4.167595023420841]
[2; 70; 4.238841124880083]
[1; 160; 9.860275854683364]
[1; 160; 10.041213439384867]
[1; 160; 10.232491835123598]
[1; 160; 10.435135107994814]
[2; 80; 5.3251575857479025]
[1; 170; 11.559341689077852]
[2; 90; 6.2571889133214595]
[1; 190; 13.520478182590342]
[1; 190; 13.854367426923414]
[2; 110; 8.229320614759384]
[2; 110; 8.454823205424004]
[2; 110; 8.699941304161607]
[2; 120; 9.782939163745139]
[2; 120; 10.10377612217206]
[2; 120; 10.45840188182488]
[2; 130; 11.757629593209296]
[2; 130; 12.237728879250307]
[2; 140; 13.765113325521877]
[2; 140; 14.436972651872201]
[2; 150; 16.304898606241895]
[2; 150; 17.293956556549098]
[2; 160; 19.720551709366728]
[2; 160; 21.30063034299161]
[2; 170; 24.79202592186295]
[2; 170; 27.718327630611224]
[2; 180; 33.88909535792393]
[2; 180; 41.50549573571784]
[2; 190; 61.95861470371921]


Jobs: [[1; 10; 0.4611721748413093], [1; 10; 0.47068187997116573], [2; 10; 0.47566277931470147], [1; 20; 0.9616104581646243], [2; 20; 0.9722363106612921], [2; 20; 0.9832223803944197], [1; 50; 2.4864737268699675], [2; 30; 1.5278384115294519], [2; 30; 1.546818498414879], [2; 30; 1.566523987077992], [1; 70; 3.70300535261657], [2; 50; 2.717483101040316], [2; 60; 3.307237063195776], [2; 60; 3.355520450235059], [1; 120; 6.811964471927793], [2; 70; 4.099824734166024], [2; 70; 4.167595023420841], [2; 70; 4.238841124880083], [1; 160; 9.860275854683364], [1; 160; 10.232491835123598], [2; 80; 5.3251575857479025], [1; 170; 11.559341689077852], [2; 90; 6.2571889133214595], [1; 190; 13.520478182590342], [2; 110; 8.229320614759384], [2; 110; 8.454823205424004], [2; 110; 8.699941304161607], [2; 120; 9.782939163745139], [2; 120; 10.10377612217206], [2; 120; 10.45840188182488], [2; 130; 11.757629593209296], [2; 130; 12.237728879250307], [2; 140; 13.765113325521877], [2; 140; 14.436972651872201], [2; 150; 16.304898606241895], [2; 150; 17.293956556549098], [2; 160; 19.720551709366728], [2; 160; 21.30063034299161], [2; 170; 24.79202592186295], [2; 170; 27.718327630611224], [2; 180; 33.88909535792393], [2; 180; 41.50549573571784], [2; 190; 61.95861470371921]];
Intervals[0.0=0.4611721748413093, 0.4611721748413093=0.931854054812475, 0.931854054812475=1.4075168341271764, 1.4075168341271764=2.3691272922918007, 2.3691272922918007=3.341363602953093, 3.341363602953093=4.324585983347513, 4.324585983347513=6.81105971021748, 6.84048645908288=8.368324870612332, 8.368324870612332=9.915143369027211, 9.915143369027211=11.481667356105202, 11.481667356105202=15.184672708721772, 16.842684994070602=19.560168095110917, 19.560168095110917=22.867405158306692, 22.867405158306692=26.22292560854175, 26.22292560854175=33.034890080469545, 33.716973449713024=37.816798183879044, 37.816798183879044=41.98439320729989, 41.98439320729989=46.22323433217997, 46.22323433217997=56.083510186863336, 56.083510186863336=66.31600202198693, 66.69958287955966=72.02474046530756, 72.02474046530756=83.58408215438541, 83.58408215438541=89.84127106770687, 89.84127106770687=103.36174925029721, 103.69563849463029=111.92495910938968, 111.92495910938968=120.37978231481368, 120.37978231481368=129.0797236189753, 129.0797236189753=138.86266278272043, 138.86266278272043=148.9664389048925, 148.9664389048925=159.42484078671737, 159.42484078671737=171.18247037992666, 171.18247037992666=183.42019925917697, 183.42019925917697=197.18531258469883, 197.18531258469883=211.62228523657103, 211.62228523657103=227.92718384281292, 227.92718384281292=245.221140399362, 245.221140399362=264.9416921087287, 264.9416921087287=286.2423224517203, 286.2423224517203=311.03434837358327, 311.03434837358327=338.7526760041945, 338.7526760041945=372.6417713621184, 372.6417713621184=414.1472670978362, 414.1472670978362=476.1058818015554];

Jobs: [[1; 10; 0.46585424589262564], [2; 10; 0.47566277931470147], [2; 20; 0.9722363106612921], [2; 20; 0.9832223803944197], [1; 50; 2.515900475735368], [2; 30; 1.5278384115294519], [2; 30; 1.546818498414879], [2; 30; 1.566523987077992], [1; 100; 5.361017637965399], [2; 50; 2.717483101040316], [2; 60; 3.307237063195776], [2; 60; 3.355520450235059], [1; 130; 7.494047841171275], [2; 70; 4.099824734166024], [2; 70; 4.167595023420841], [2; 70; 4.238841124880083], [1; 160; 10.041213439384867], [1; 160; 10.435135107994814], [2; 80; 5.3251575857479025], [2; 90; 6.2571889133214595], [1; 190; 13.854367426923414], [2; 110; 8.229320614759384], [2; 110; 8.454823205424004], [2; 110; 8.699941304161607], [2; 120; 9.782939163745139], [2; 120; 10.10377612217206], [2; 120; 10.45840188182488], [2; 130; 11.757629593209296], [2; 130; 12.237728879250307], [2; 140; 13.765113325521877], [2; 140; 14.436972651872201], [2; 150; 16.304898606241895], [2; 150; 17.293956556549098], [2; 160; 19.720551709366728], [2; 160; 21.30063034299161], [2; 170; 24.79202592186295], [2; 170; 27.718327630611224], [2; 180; 33.88909535792393], [2; 180; 41.50549573571784], [2; 190; 61.95861470371921]];
Intervals[0.0=0.46585424589262564, 0.931854054812475=1.4075168341271764, 2.3691272922918007=3.341363602953093, 3.341363602953093=4.324585983347513, 4.324585983347513=6.84048645908288, 6.84048645908288=8.368324870612332, 8.368324870612332=9.915143369027211, 9.915143369027211=11.481667356105202, 11.481667356105202=16.842684994070602, 16.842684994070602=19.560168095110917, 19.560168095110917=22.867405158306692, 22.867405158306692=26.22292560854175, 26.22292560854175=33.716973449713024, 33.716973449713024=37.816798183879044, 37.816798183879044=41.98439320729989, 41.98439320729989=46.22323433217997, 46.22323433217997=56.26444777156484, 56.26444777156484=66.69958287955966, 66.69958287955966=72.02474046530756, 83.58408215438541=89.84127106770687, 89.84127106770687=103.69563849463029, 103.69563849463029=111.92495910938968, 111.92495910938968=120.37978231481368, 120.37978231481368=129.0797236189753, 129.0797236189753=138.86266278272043, 138.86266278272043=148.9664389048925, 148.9664389048925=159.42484078671737, 159.42484078671737=171.18247037992666, 171.18247037992666=183.42019925917697, 183.42019925917697=197.18531258469883, 197.18531258469883=211.62228523657103, 211.62228523657103=227.92718384281292, 227.92718384281292=245.221140399362, 245.221140399362=264.9416921087287, 264.9416921087287=286.2423224517203, 286.2423224517203=311.03434837358327, 311.03434837358327=338.7526760041945, 338.7526760041945=372.6417713621184, 372.6417713621184=414.1472670978362, 414.1472670978362=476.1058818015554];
