1.168505529530283
151962.9120991343
177569.50307136276
[2; 10; 2.465464760235962]
[2; 10; 2.4904955010561634]
[2; 10; 2.5163044339130742]
[2; 10; 2.5429327356097136]
[2; 10; 2.57042469929484]
[2; 20; 5.197656088817715]
[1; 60; 15.769165590954618]
[2; 30; 7.975737069947826]
[2; 40; 10.760170368597569]
[2; 50; 13.61325179783065]
[2; 60; 16.5388404000535]
[2; 70; 19.541123885555947]
[2; 80; 22.624656292061676]
[1; 160; 45.85671308536435]
[2; 520; 151.09006039740729]
[1; 1040; 306.4665777409375]
[2; 520; 155.4703895235093]
[2; 520; 157.80842131311283]
[2; 520; 160.25520941533753]
[1; 1040; 325.6389111710399]
[2; 540; 171.8766712269926]
[2; 540; 174.8149468242851]
[2; 540; 177.90925690223486]
[2; 540; 181.17391924174132]
[2; 540; 184.62516114905225]
[2; 540; 188.28145987984595]
[2; 540; 192.1639603049688]
[2; 540; 196.29699142328357]
[1; 1120; 416.28473312598965]
[2; 560; 213.04050416202102]
[2; 560; 218.30155573034403]
[2; 560; 223.97267040584384]
[1; 1200; 493.0929520471925]
[2; 600; 253.6942308595094]
[2; 620; 270.2187618645938]
[1; 1240; 558.1614744183249]
[1; 1240; 577.752015071752]
[2; 620; 299.78080046005726]
[2; 620; 312.0217498052212]
[2; 620; 325.8960888797287]
[2; 640; 352.82859520114124]
[1; 1280; 743.8279896487742]
[2; 640; 394.47436163775393]
[2; 640; 421.7108311756678]
[2; 660; 469.73412518992376]
[2; 680; 530.160921059407]
[2; 680; 592.737929251367]
[2; 700; 704.5652414956608]
[2; 700; 862.9126660825867]
[1; 1400; 2440.68559103504]


Jobs: [[2; 10; 2.465464760235962], [2; 10; 2.4904955010561634], [2; 10; 2.5163044339130742], [2; 10; 2.5429327356097136], [2; 10; 2.57042469929484], [2; 20; 5.197656088817715], [1; 60; 15.769165590954618], [2; 30; 7.975737069947826], [2; 40; 10.760170368597569], [2; 50; 13.61325179783065], [2; 60; 16.5388404000535], [2; 70; 19.541123885555947], [2; 80; 22.624656292061676], [1; 160; 45.85671308536435], [2; 520; 151.09006039740729], [1; 1040; 306.4665777409375], [2; 520; 155.4703895235093], [2; 520; 157.80842131311283], [2; 520; 160.25520941533753], [1; 1040; 325.6389111710399], [2; 540; 171.8766712269926], [2; 540; 174.8149468242851], [2; 540; 177.90925690223486], [2; 540; 181.17391924174132], [2; 540; 184.62516114905225], [2; 540; 188.28145987984595], [2; 540; 192.1639603049688], [2; 540; 196.29699142328357], [1; 1120; 416.28473312598965], [2; 560; 213.04050416202102], [2; 560; 218.30155573034403], [2; 560; 223.97267040584384], [1; 1200; 493.0929520471925], [2; 600; 253.6942308595094], [2; 620; 270.2187618645938], [1; 1240; 558.1614744183249], [2; 620; 299.78080046005726], [2; 620; 312.0217498052212], [2; 620; 325.8960888797287], [2; 640; 352.82859520114124], [1; 1280; 743.8279896487742], [2; 640; 394.47436163775393], [2; 640; 421.7108311756678], [2; 660; 469.73412518992376], [2; 680; 530.160921059407], [2; 680; 592.737929251367], [2; 700; 704.5652414956608], [2; 700; 862.9126660825867], [1; 1400; 2440.68559103504]];
Intervals[4.9E-324=2.465464760235962, 2.465464760235962=4.955960261292125, 4.955960261292125=7.472264695205199, 7.472264695205199=10.015197430814913, 10.015197430814913=12.585622130109753, 12.585622130109753=17.783278218927467, 17.783278218927467=33.552443809882085, 33.552443809882085=41.52818087982991, 41.52818087982991=52.28835124842748, 52.28835124842748=65.90160304625813, 65.90160304625813=82.44044344631163, 82.44044344631163=101.98156733186758, 101.98156733186758=124.60622362392925, 124.60622362392925=170.46293670929361, 170.46293670929361=321.5529971067009, 321.5529971067009=628.0195748476384, 628.0195748476384=783.4899643711477, 783.4899643711477=941.2983856842606, 941.2983856842606=1101.5535950995982, 1101.5535950995982=1427.1925062706382, 1427.1925062706382=1599.0691774976308, 1599.0691774976308=1773.8841243219158, 1773.8841243219158=1951.7933812241506, 1951.7933812241506=2132.967300465892, 2132.967300465892=2317.592461614944, 2317.592461614944=2505.87392149479, 2505.87392149479=2698.037881799759, 2698.037881799759=2894.3348732230425, 2894.3348732230425=3310.619606349032, 3310.619606349032=3523.660110511053, 3523.660110511053=3741.9616662413973, 3741.9616662413973=3965.9343366472413, 3965.9343366472413=4459.027288694434, 4459.027288694434=4712.721519553943, 4712.721519553943=4982.940281418537, 4982.940281418537=5541.101755836862, 5560.692296490289=5860.473096950346, 5860.473096950346=6172.494846755568, 6172.494846755568=6498.390935635296, 6498.390935635296=6851.219530836437, 6851.219530836437=7595.047520485211, 7595.047520485211=7989.521882122965, 7989.521882122965=8411.232713298632, 8411.232713298632=8880.966838488555, 8880.966838488555=9411.127759547962, 9411.127759547962=10003.86568879933, 10003.86568879933=10708.43093029499, 10708.43093029499=11571.343596377576, 11571.343596377576=14012.029187412616];

Jobs: [[2; 10; 2.465464760235962], [2; 10; 2.4904955010561634], [2; 10; 2.5163044339130742], [2; 10; 2.5429327356097136], [2; 10; 2.57042469929484], [2; 20; 5.197656088817715], [2; 30; 7.975737069947826], [2; 40; 10.760170368597569], [2; 50; 13.61325179783065], [2; 60; 16.5388404000535], [2; 70; 19.541123885555947], [2; 80; 22.624656292061676], [2; 520; 151.09006039740729], [2; 520; 155.4703895235093], [2; 520; 157.80842131311283], [2; 520; 160.25520941533753], [2; 540; 171.8766712269926], [2; 540; 174.8149468242851], [2; 540; 177.90925690223486], [2; 540; 181.17391924174132], [2; 540; 184.62516114905225], [2; 540; 188.28145987984595], [2; 540; 192.1639603049688], [2; 540; 196.29699142328357], [2; 560; 213.04050416202102], [2; 560; 218.30155573034403], [2; 560; 223.97267040584384], [2; 600; 253.6942308595094], [2; 620; 270.2187618645938], [1; 1240; 577.752015071752], [2; 620; 299.78080046005726], [2; 620; 312.0217498052212], [2; 620; 325.8960888797287], [2; 640; 352.82859520114124], [2; 640; 394.47436163775393], [2; 640; 421.7108311756678], [2; 660; 469.73412518992376], [2; 680; 530.160921059407], [2; 680; 592.737929251367], [2; 700; 704.5652414956608], [2; 700; 862.9126660825867]];
Intervals[4.9E-324=2.465464760235962, 2.465464760235962=4.955960261292125, 4.955960261292125=7.472264695205199, 7.472264695205199=10.015197430814913, 10.015197430814913=12.585622130109753, 12.585622130109753=17.783278218927467, 33.552443809882085=41.52818087982991, 41.52818087982991=52.28835124842748, 52.28835124842748=65.90160304625813, 65.90160304625813=82.44044344631163, 82.44044344631163=101.98156733186758, 101.98156733186758=124.60622362392925, 170.46293670929361=321.5529971067009, 628.0195748476384=783.4899643711477, 783.4899643711477=941.2983856842606, 941.2983856842606=1101.5535950995982, 1427.1925062706382=1599.0691774976308, 1599.0691774976308=1773.8841243219158, 1773.8841243219158=1951.7933812241506, 1951.7933812241506=2132.967300465892, 2132.967300465892=2317.592461614944, 2317.592461614944=2505.87392149479, 2505.87392149479=2698.037881799759, 2698.037881799759=2894.3348732230425, 3310.619606349032=3523.660110511053, 3523.660110511053=3741.9616662413973, 3741.9616662413973=3965.9343366472413, 4459.027288694434=4712.721519553943, 4712.721519553943=4982.940281418537, 4982.940281418537=5560.692296490289, 5560.692296490289=5860.473096950346, 5860.473096950346=6172.494846755568, 6172.494846755568=6498.390935635296, 6498.390935635296=6851.219530836437, 7595.047520485211=7989.521882122965, 7989.521882122965=8411.232713298632, 8411.232713298632=8880.966838488555, 8880.966838488555=9411.127759547962, 9411.127759547962=10003.86568879933, 10003.86568879933=10708.43093029499, 10708.43093029499=11571.343596377576];
