1.217079349776602
191346.09548066222
232883.38146989595
[2; 10; 2.7665581178110985]
[1; 40; 11.178582889433825]
[2; 40; 11.294426220653037]
[2; 40; 11.41394728688042]
[1; 80; 23.074689795608993]
[1; 100; 29.162083105038388]
[2; 50; 14.745804313918889]
[1; 120; 35.79907608864668]
[1; 140; 42.259873297879714]
[1; 140; 42.77213288944886]
[2; 80; 24.744848060517953]
[2; 80; 25.06008176339045]
[2; 100; 31.734598044659666]
[1; 1040; 334.4700825888086]
[1; 1040; 339.08368097949267]
[2; 540; 178.5601482368834]
[2; 540; 181.16700362171704]
[2; 540; 183.8914723452661]
[2; 580; 200.57546354130463]
[1; 1160; 407.56974948588436]
[2; 580; 207.15344798754825]
[1; 1160; 421.38957818870483]
[1; 1160; 428.84837986567425]
[1; 1200; 451.7770488261214]
[1; 1200; 460.38309924549515]
[1; 1200; 469.50048135622063]
[2; 600; 239.59096110704732]
[1; 1200; 489.4880888475345]
[2; 620; 258.5860839656629]
[1; 1280; 546.4181573671326]
[2; 640; 279.9559978083686]
[1; 1280; 574.45758657557]
[1; 1280; 590.1990651330344]
[1; 1280; 607.309827736481]
[1; 1280; 626.0006418082942]
[1; 1280; 646.5306827836474]
[2; 660; 345.06802474579763]
[1; 1320; 716.1880251243715]
[2; 660; 372.71606528155024]
[1; 1320; 778.5784677749173]
[1; 1320; 816.5799859970925]
[1; 1360; 886.83424256175]
[1; 1360; 940.6297600557734]
[1; 1360; 1005.5755114091671]
[2; 680; 543.0728451759741]
[2; 700; 612.4037452058061]
[1; 1400; 1369.3764039556436]
[1; 1400; 1581.219670891425]
[2; 700; 968.2953412338845]
[1; 1400; 2738.752807911287]


Jobs: [[2; 10; 2.7665581178110985], [1; 40; 11.178582889433825], [2; 40; 11.294426220653037], [2; 40; 11.41394728688042], [1; 80; 23.074689795608993], [2; 50; 14.745804313918889], [1; 120; 35.79907608864668], [1; 140; 42.77213288944886], [2; 80; 24.744848060517953], [2; 80; 25.06008176339045], [2; 100; 31.734598044659666], [1; 1040; 334.4700825888086], [2; 540; 178.5601482368834], [2; 540; 181.16700362171704], [2; 540; 183.8914723452661], [2; 580; 200.57546354130463], [1; 1160; 407.56974948588436], [2; 580; 207.15344798754825], [1; 1160; 421.38957818870483], [1; 1200; 451.7770488261214], [1; 1200; 469.50048135622063], [2; 600; 239.59096110704732], [1; 1200; 489.4880888475345], [2; 620; 258.5860839656629], [1; 1280; 546.4181573671326], [2; 640; 279.9559978083686], [1; 1280; 574.45758657557], [1; 1280; 607.309827736481], [1; 1280; 646.5306827836474], [2; 660; 345.06802474579763], [1; 1320; 716.1880251243715], [2; 660; 372.71606528155024], [1; 1320; 778.5784677749173], [1; 1360; 886.83424256175], [1; 1360; 1005.5755114091671], [2; 680; 543.0728451759741], [2; 700; 612.4037452058061], [1; 1400; 1369.3764039556436], [2; 700; 968.2953412338845], [1; 1400; 2738.752807911287]];
Intervals[4.9E-324=2.7665581178110985, 2.7665581178110985=13.945141007244924, 13.945141007244924=25.23956722789796, 25.23956722789796=36.65351451477838, 36.65351451477838=59.72820431038737, 65.81559761981677=80.56140193373565, 80.56140193373565=116.36047802238232, 116.36047802238232=159.1326109118312, 159.1326109118312=183.87745897234913, 183.87745897234913=208.9375407357396, 208.9375407357396=240.67213878039925, 240.67213878039925=575.1422213692078, 579.7558197598919=758.3159679967753, 758.3159679967753=939.4829716184923, 939.4829716184923=1123.3744439637585, 1123.3744439637585=1323.949907505063, 1323.949907505063=1731.5196569909474, 1731.5196569909474=1938.6731049784958, 1938.6731049784958=2360.0626831672007, 2360.0626831672007=2811.839731993322, 2811.839731993322=3281.3402133495424, 3281.3402133495424=3520.93117445659, 3520.93117445659=4010.4192633041243, 4010.4192633041243=4269.005347269787, 4269.005347269787=4815.4235046369195, 4815.4235046369195=5095.379502445288, 5095.379502445288=5669.837089020858, 5669.837089020858=6277.146916757339, 6277.146916757339=6923.677599540986, 6923.677599540986=7268.745624286784, 7268.745624286784=7984.933649411156, 7984.933649411156=8357.649714692707, 8357.649714692707=9136.228182467625, 9136.228182467625=10023.062425029375, 10023.062425029375=11028.637936438543, 11028.637936438543=11571.710781614516, 11571.710781614516=12184.114526820322, 12184.114526820322=13553.490930775966, 13765.334197711747=14733.629538945632, 14733.629538945632=17472.382346856917];

Jobs: [[2; 10; 2.7665581178110985], [2; 40; 11.294426220653037], [2; 40; 11.41394728688042], [1; 100; 29.162083105038388], [2; 50; 14.745804313918889], [1; 140; 42.259873297879714], [2; 80; 24.744848060517953], [2; 80; 25.06008176339045], [2; 100; 31.734598044659666], [1; 1040; 339.08368097949267], [2; 540; 178.5601482368834], [2; 540; 181.16700362171704], [2; 540; 183.8914723452661], [2; 580; 200.57546354130463], [2; 580; 207.15344798754825], [1; 1160; 428.84837986567425], [1; 1200; 460.38309924549515], [2; 600; 239.59096110704732], [2; 620; 258.5860839656629], [2; 640; 279.9559978083686], [1; 1280; 590.1990651330344], [1; 1280; 626.0006418082942], [2; 660; 345.06802474579763], [2; 660; 372.71606528155024], [1; 1320; 816.5799859970925], [1; 1360; 940.6297600557734], [2; 680; 543.0728451759741], [2; 700; 612.4037452058061], [1; 1400; 1581.219670891425], [2; 700; 968.2953412338845]];
Intervals[4.9E-324=2.7665581178110985, 13.945141007244924=25.23956722789796, 25.23956722789796=36.65351451477838, 36.65351451477838=65.81559761981677, 65.81559761981677=80.56140193373565, 80.56140193373565=122.82127523161537, 159.1326109118312=183.87745897234913, 183.87745897234913=208.9375407357396, 208.9375407357396=240.67213878039925, 240.67213878039925=579.7558197598919, 579.7558197598919=758.3159679967753, 758.3159679967753=939.4829716184923, 939.4829716184923=1123.3744439637585, 1123.3744439637585=1323.949907505063, 1731.5196569909474=1938.6731049784958, 1938.6731049784958=2367.52148484417, 2367.52148484417=2827.904584089665, 3281.3402133495424=3520.93117445659, 4010.4192633041243=4269.005347269787, 4815.4235046369195=5095.379502445288, 5095.379502445288=5685.578567578323, 5685.578567578323=6311.579209386617, 6923.677599540986=7268.745624286784, 7984.933649411156=8357.649714692707, 8357.649714692707=9174.229700689799, 9174.229700689799=10114.859460745573, 11028.637936438543=11571.710781614516, 11571.710781614516=12184.114526820322, 12184.114526820322=13765.334197711747, 13765.334197711747=14733.629538945632];
