1.086541676688052
3951.8514293574676
4293.8512780761375
[1; 10; 0.39758528289449885]
[1; 20; 0.8032435703847772]
[1; 20; 0.8115675602763527]
[1; 20; 0.8201558159543979]
[1; 30; 1.2435339345069412]
[1; 40; 1.676366744145332]
[1; 40; 1.6953093425111037]
[2; 20; 0.8574544727877481]
[1; 50; 2.169005540552943]
[1; 60; 2.6343569720963456]
[2; 30; 1.3335415791083758]
[2; 30; 1.3505300548059698]
[1; 60; 2.736369583541291]
[1; 60; 2.7731010201467337]
[1; 60; 2.8113524963467205]
[1; 60; 2.85123182859488]
[1; 70; 3.3750008282222588]
[1; 90; 4.40454287366313]
[1; 90; 4.472834432563112]
[1; 100; 5.049338142100804]
[1; 120; 6.159364717390235]
[2; 60; 3.132330315264019]
[2; 60; 3.187774094174591]
[1; 130; 7.0335855223950565]
[2; 70; 3.859461102662231]
[2; 70; 3.9358934948854083]
[2; 80; 4.590919402099449]
[1; 160; 9.379320295738092]
[1; 160; 9.590117858388071]
[1; 170; 10.42928597786202]
[1; 170; 10.686837993926494]
[1; 180; 11.609432930127936]
[2; 90; 5.963779243417484]
[2; 90; 6.136678214090162]
[1; 190; 13.353924357646921]
[1; 200; 14.51776186489266]
[1; 200; 15.027311192544378]
[1; 200; 15.594577813818134]
[2; 100; 8.115675602763528]
[2; 110; 9.324201383811072]
[2; 120; 10.668332632867006]
[2; 130; 12.182527484169121]
[2; 130; 12.921521694071213]
[2; 150; 15.938870470872953]
[2; 180; 20.659137309447523]
[2; 180; 22.630951045961982]
[2; 190; 26.707848715293842]
[2; 190; 30.839567290501403]
[2; 200; 39.758528289449885]
[2; 200; 56.227049926934406]


Jobs: [[1; 10; 0.39758528289449885], [1; 20; 0.8115675602763527], [1; 30; 1.2435339345069412], [1; 40; 1.6953093425111037], [2; 20; 0.8574544727877481], [1; 50; 2.169005540552943], [2; 30; 1.3335415791083758], [2; 30; 1.3505300548059698], [1; 60; 2.736369583541291], [1; 60; 2.8113524963467205], [1; 70; 3.3750008282222588], [1; 90; 4.472834432563112], [1; 120; 6.159364717390235], [2; 60; 3.132330315264019], [2; 60; 3.187774094174591], [1; 130; 7.0335855223950565], [2; 70; 3.859461102662231], [2; 70; 3.9358934948854083], [2; 80; 4.590919402099449], [1; 160; 9.379320295738092], [1; 170; 10.42928597786202], [1; 180; 11.609432930127936], [2; 90; 5.963779243417484], [2; 90; 6.136678214090162], [1; 190; 13.353924357646921], [1; 200; 15.027311192544378], [2; 100; 8.115675602763528], [2; 110; 9.324201383811072], [2; 120; 10.668332632867006], [2; 130; 12.182527484169121], [2; 130; 12.921521694071213], [2; 150; 15.938870470872953], [2; 180; 20.659137309447523], [2; 180; 22.630951045961982], [2; 190; 26.707848715293842], [2; 190; 30.839567290501403], [2; 200; 39.758528289449885], [2; 200; 56.227049926934406]];
Intervals[0.0=0.39758528289449885, 0.39758528289449885=1.2091528431708516, 1.2091528431708516=2.4526867776777928, 2.4526867776777928=4.147996120188896, 4.147996120188896=5.005450592976644, 5.005450592976644=7.1744561335295876, 7.63980756507299=8.973349144181366, 8.973349144181366=10.323879198987337, 10.323879198987337=13.060248782528628, 13.060248782528628=15.87160127887535, 15.87160127887535=19.24660210709761, 19.24660210709761=23.71943653966072, 23.71943653966072=29.878801257050956, 29.878801257050956=33.01113157231497, 33.01113157231497=36.198905666489566, 36.198905666489566=43.23249118888462, 43.23249118888462=47.09195229154685, 47.09195229154685=51.02784578643226, 51.02784578643226=55.61876518853171, 55.61876518853171=64.99808548426981, 64.99808548426981=75.42737146213183, 75.42737146213183=87.03680439225977, 87.03680439225977=93.00058363567726, 93.00058363567726=99.13726184976743, 99.13726184976743=112.49118620741434, 112.49118620741434=127.51849739995872, 129.24960152847822=137.36527713124175, 137.36527713124175=146.68947851505283, 146.68947851505283=157.35781114791985, 157.35781114791985=169.54033863208898, 169.54033863208898=182.46186032616018, 182.46186032616018=198.40073079703313, 198.40073079703313=219.05986810648065, 219.05986810648065=241.69081915244263, 241.69081915244263=268.3986678677365, 268.3986678677365=299.2382351582379, 299.2382351582379=338.9967634476878, 338.9967634476878=395.2238133746222];

Jobs: [[1; 20; 0.8032435703847772], [1; 20; 0.8201558159543979], [1; 40; 1.676366744145332], [2; 20; 0.8574544727877481], [1; 60; 2.6343569720963456], [2; 30; 1.3335415791083758], [2; 30; 1.3505300548059698], [1; 60; 2.7731010201467337], [1; 60; 2.85123182859488], [1; 90; 4.40454287366313], [1; 100; 5.049338142100804], [2; 60; 3.132330315264019], [2; 60; 3.187774094174591], [2; 70; 3.859461102662231], [2; 70; 3.9358934948854083], [2; 80; 4.590919402099449], [1; 160; 9.590117858388071], [1; 170; 10.686837993926494], [2; 90; 5.963779243417484], [2; 90; 6.136678214090162], [1; 200; 14.51776186489266], [1; 200; 15.594577813818134], [2; 100; 8.115675602763528], [2; 110; 9.324201383811072], [2; 120; 10.668332632867006], [2; 130; 12.182527484169121], [2; 130; 12.921521694071213], [2; 150; 15.938870470872953], [2; 180; 20.659137309447523], [2; 180; 22.630951045961982], [2; 190; 26.707848715293842], [2; 190; 30.839567290501403], [2; 200; 39.758528289449885], [2; 200; 56.227049926934406]];
Intervals[0.0=0.8032435703847772, 0.8032435703847772=1.6233993863391751, 1.6233993863391751=3.299766130484507, 4.147996120188896=5.005450592976644, 5.005450592976644=7.63980756507299, 7.63980756507299=8.973349144181366, 8.973349144181366=10.323879198987337, 10.323879198987337=13.096980219134071, 13.096980219134071=15.948212047728951, 15.948212047728951=20.35275492139208, 20.35275492139208=25.402093063492885, 29.878801257050956=33.01113157231497, 33.01113157231497=36.198905666489566, 43.23249118888462=47.09195229154685, 47.09195229154685=51.02784578643226, 51.02784578643226=55.61876518853171, 55.61876518853171=65.20888304691978, 65.20888304691978=75.89572104084627, 87.03680439225977=93.00058363567726, 93.00058363567726=99.13726184976743, 99.13726184976743=113.65502371466009, 113.65502371466009=129.24960152847822, 129.24960152847822=137.36527713124175, 137.36527713124175=146.68947851505283, 146.68947851505283=157.35781114791985, 157.35781114791985=169.54033863208898, 169.54033863208898=182.46186032616018, 182.46186032616018=198.40073079703313, 198.40073079703313=219.05986810648065, 219.05986810648065=241.69081915244263, 241.69081915244263=268.3986678677365, 268.3986678677365=299.2382351582379, 299.2382351582379=338.9967634476878, 338.9967634476878=395.2238133746222];
