1.1832560553389517
2455.397981883653
2905.364530330874
[2; 10; 0.31339419151500897]
[1; 20; 0.6331518800135384]
[2; 10; 0.31985660731826726]
[2; 20; 0.6464828551653551]
[2; 20; 0.6534720621264276]
[1; 40; 1.3213859342059247]
[2; 20; 0.6681586613268727]
[2; 20; 0.6758832955382581]
[1; 40; 1.3677643856923958]
[2; 20; 0.6921719766399034]
[2; 20; 0.7007707159811478]
[2; 30; 1.0645471370602733]
[1; 60; 2.156926753115615]
[1; 60; 2.1858800855788845]
[2; 40; 1.4773543866982564]
[1; 80; 2.9966216295836863]
[2; 40; 1.5201851224369787]
[2; 50; 1.9288079148922501]
[1; 100; 3.9174273939376114]
[2; 50; 1.9900551061764085]
[1; 100; 4.045901615119225]
[2; 50; 2.057533668339628]
[2; 50; 2.0939530208110364]
[2; 50; 2.1323773821217813]
[2; 50; 2.1729977441152815]
[2; 50; 2.216031580047384]
[2; 50; 2.261727760420695]
[2; 60; 2.772447158673324]
[1; 120; 5.66951424399309]
[1; 120; 5.802932833131274]
[1; 140; 6.937276154581104]
[2; 70; 3.558747578518378]
[1; 140; 7.312531135350209]
[1; 140; 7.5245324611386275]
[2; 70; 3.878055265082922]
[2; 80; 4.577415148903055]
[2; 80; 4.738074817604928]
[1; 160; 9.83386521834871]
[2; 80; 5.117705717092276]
[1; 180; 12.02685590388371]
[1; 180; 12.61387288766066]
[2; 90; 6.648094740142152]
[2; 90; 7.051369309087701]
[1; 180; 15.076461749839465]
[1; 180; 16.284439875029]
[1; 180; 17.83871011177998]
[1; 200; 22.160315800473843]
[1; 200; 25.58852858546138]
[2; 100; 15.669709575750446]
[2; 100; 22.160315800473843]


Jobs: [[2; 10; 0.31339419151500897], [1; 20; 0.6331518800135384], [2; 10; 0.31985660731826726], [2; 20; 0.6464828551653551], [2; 20; 0.6534720621264276], [1; 40; 1.3213859342059247], [2; 20; 0.6681586613268727], [2; 20; 0.6758832955382581], [1; 40; 1.3677643856923958], [2; 20; 0.6921719766399034], [2; 20; 0.7007707159811478], [2; 30; 1.0645471370602733], [1; 60; 2.156926753115615], [2; 40; 1.4773543866982564], [1; 80; 2.9966216295836863], [2; 40; 1.5201851224369787], [2; 50; 1.9288079148922501], [1; 100; 3.9174273939376114], [2; 50; 1.9900551061764085], [1; 100; 4.045901615119225], [2; 50; 2.057533668339628], [2; 50; 2.0939530208110364], [2; 50; 2.1323773821217813], [2; 50; 2.1729977441152815], [2; 50; 2.216031580047384], [2; 50; 2.261727760420695], [2; 60; 2.772447158673324], [1; 120; 5.66951424399309], [1; 140; 6.937276154581104], [2; 70; 3.558747578518378], [1; 140; 7.312531135350209], [2; 70; 3.878055265082922], [2; 80; 4.577415148903055], [2; 80; 4.738074817604928], [1; 160; 9.83386521834871], [2; 80; 5.117705717092276], [1; 180; 12.02685590388371], [2; 90; 6.648094740142152], [2; 90; 7.051369309087701], [1; 180; 15.076461749839465], [1; 180; 17.83871011177998], [1; 200; 25.58852858546138], [2; 100; 15.669709575750446], [2; 100; 22.160315800473843]];
Intervals[4.9E-324=0.31339419151500897, 0.31339419151500897=0.9465460715285474, 0.9465460715285474=1.2664026788468146, 1.2664026788468146=1.9128855340121698, 1.9128855340121698=2.566357596138597, 2.566357596138597=3.8877435303445216, 3.8877435303445216=4.555902191671394, 4.555902191671394=5.2317854872096525, 5.2317854872096525=6.599549872902048, 6.599549872902048=7.291721849541951, 7.291721849541951=7.992492565523099, 7.992492565523099=9.057039702583372, 9.057039702583372=11.213966455698987, 11.242919788162258=12.720274174860513, 12.720274174860513=15.7168958044442, 15.7168958044442=17.237080926881177, 17.237080926881177=19.165888841773427, 19.165888841773427=23.083316235711038, 23.083316235711038=25.073371341887448, 25.073371341887448=29.11927295700667, 29.11927295700667=31.1768066253463, 31.1768066253463=33.27075964615734, 33.27075964615734=35.40313702827912, 35.40313702827912=37.5761347723944, 37.5761347723944=39.79216635244178, 39.79216635244178=42.05389411286248, 42.05389411286248=44.8263412715358, 44.8263412715358=50.495855515528895, 50.495855515528895=57.43313167011, 57.43313167011=60.99187924862838, 60.99187924862838=68.30441038397859, 68.51641170976701=72.39446697484993, 72.39446697484993=76.97188212375299, 76.97188212375299=81.70995694135792, 81.70995694135792=91.54382215970662, 91.54382215970662=96.6615278767989, 96.6615278767989=108.68838378068261, 109.27540076445956=115.92349550460172, 115.92349550460172=122.97486481368942, 122.97486481368942=138.05132656352887, 138.05132656352887=155.89003667530886, 155.89003667530886=181.47856526077024, 181.47856526077024=197.14827483652067, 197.14827483652067=219.30859063699452];

Jobs: [[2; 10; 0.31339419151500897], [2; 10; 0.31985660731826726], [2; 20; 0.6464828551653551], [2; 20; 0.6534720621264276], [2; 20; 0.6681586613268727], [2; 20; 0.6758832955382581], [2; 20; 0.6921719766399034], [2; 20; 0.7007707159811478], [2; 30; 1.0645471370602733], [1; 60; 2.1858800855788845], [2; 40; 1.4773543866982564], [2; 40; 1.5201851224369787], [2; 50; 1.9288079148922501], [2; 50; 1.9900551061764085], [2; 50; 2.057533668339628], [2; 50; 2.0939530208110364], [2; 50; 2.1323773821217813], [2; 50; 2.1729977441152815], [2; 50; 2.216031580047384], [2; 50; 2.261727760420695], [2; 60; 2.772447158673324], [1; 120; 5.802932833131274], [2; 70; 3.558747578518378], [1; 140; 7.5245324611386275], [2; 70; 3.878055265082922], [2; 80; 4.577415148903055], [2; 80; 4.738074817604928], [2; 80; 5.117705717092276], [1; 180; 12.61387288766066], [2; 90; 6.648094740142152], [2; 90; 7.051369309087701], [1; 180; 16.284439875029], [1; 200; 22.160315800473843], [2; 100; 15.669709575750446], [2; 100; 22.160315800473843]];
Intervals[4.9E-324=0.31339419151500897, 0.9465460715285474=1.2664026788468146, 1.2664026788468146=1.9128855340121698, 1.9128855340121698=2.566357596138597, 3.8877435303445216=4.555902191671394, 4.555902191671394=5.2317854872096525, 6.599549872902048=7.291721849541951, 7.291721849541951=7.992492565523099, 7.992492565523099=9.057039702583372, 9.057039702583372=11.242919788162258, 11.242919788162258=12.720274174860513, 15.7168958044442=17.237080926881177, 17.237080926881177=19.165888841773427, 23.083316235711038=25.073371341887448, 29.11927295700667=31.1768066253463, 31.1768066253463=33.27075964615734, 33.27075964615734=35.40313702827912, 35.40313702827912=37.5761347723944, 37.5761347723944=39.79216635244178, 39.79216635244178=42.05389411286248, 42.05389411286248=44.8263412715358, 44.8263412715358=50.629274104667076, 57.43313167011=60.99187924862838, 60.99187924862838=68.51641170976701, 68.51641170976701=72.39446697484993, 72.39446697484993=76.97188212375299, 76.97188212375299=81.70995694135792, 91.54382215970662=96.6615278767989, 96.6615278767989=109.27540076445956, 109.27540076445956=115.92349550460172, 115.92349550460172=122.97486481368942, 122.97486481368942=139.25930468871843, 139.25930468871843=161.41962048919228, 181.47856526077024=197.14827483652067, 197.14827483652067=219.30859063699452];
