1.1317421775269307
38658.713524330764
43751.696624415905
[1; 10; 0.8793032869758962]
[1; 10; 0.8837330544924988]
[2; 10; 0.8882304527718244]
[1; 20; 1.7855944408407247]
[1; 20; 1.7948703185358261]
[2; 10; 0.9021461373545895]
[2; 10; 0.9069320920921323]
[2; 10; 0.9117950336116892]
[1; 30; 2.750211144933583]
[1; 30; 2.7652809078497205]
[1; 30; 2.780601140916502]
[2; 20; 1.8641192401541482]
[2; 20; 1.8746809067710397]
[2; 20; 1.885424151781866]
[1; 40; 3.7927084768603896]
[1; 50; 4.76869161512826]
[1; 50; 4.796992704036336]
[1; 60; 5.790964476084694]
[2; 30; 2.9130841159013086]
[2; 30; 2.931010956586321]
[1; 70; 6.881636728809883]
[1; 70; 6.92505442594745]
[1; 70; 6.969304425234634]
[1; 70; 7.014413662663932]
[2; 40; 4.034520177527448]
[2; 40; 4.061327915478851]
[2; 40; 4.088677234025074]
[2; 40; 4.116586617639492]
[2; 40; 4.145075446268514]
[2; 40; 4.174164051890239]
[2; 40; 4.203873779501447]
[1; 80; 8.468454105897136]
[2; 40; 4.265247446064022]
[1; 100; 10.742399399051804]
[2; 50; 5.411737630844557]
[1; 100; 10.906414982347389]
[2; 50; 5.495645543599352]
[1; 110; 12.185998127494615]
[2; 60; 6.7002977470574265]
[2; 60; 6.754994962748016]
[2; 60; 6.811053973446174]
[1; 120; 13.737064482390094]
[2; 60; 6.927490680878033]
[1; 130; 15.140653518551918]
[2; 70; 8.225129097319924]
[2; 70; 8.299566171996762]
[1; 150; 17.94870318535826]
[1; 150; 18.11723930714176]
[1; 160; 19.509988233080747]
[2; 80; 9.850167044581704]
[1; 160; 19.896362142088865]
[2; 80; 10.04918042258167]
[2; 80; 10.15331978869713]
[1; 170; 21.804126301397673]
[1; 170; 22.039853436476697]
[2; 90; 11.797091535102656]
[2; 90; 11.930396235648733]
[1; 180; 24.136648947465158]
[1; 180; 24.422299706350703]
[2; 90; 12.359169195123805]
[1; 190; 26.41571083870677]
[2; 100; 14.080121197819496]
[1; 200; 28.528365763636128]
[2; 100; 14.455656991310933]
[1; 200; 29.31010956586321]
[2; 110; 16.34923211205787]
[2; 110; 16.587919659027598]
[2; 110; 16.837376057799474]
[2; 110; 17.098436215857618]
[2; 110; 17.372028567348597]
[2; 120; 19.264569806605476]
[2; 120; 19.593902548221884]
[2; 120; 19.940724208627554]
[2; 120; 20.306639577394257]
[2; 120; 20.693467470721718]
[2; 130; 22.8618854613733]
[2; 130; 23.33331414096574]
[2; 130; 23.835163256091054]
[2; 130; 24.370851788023515]
[2; 130; 24.944362060988947]
[2; 140; 27.526546915239532]
[2; 140; 28.241641242692136]
[2; 140; 29.015528123879598]
[2; 150; 31.989355845480155]
[2; 150; 32.97387326159611]
[2; 160; 36.325621191712926]
[2; 160; 37.60059015917679]
[2; 160; 39.019976466161495]
[2; 160; 40.61327915478852]
[2; 160; 42.41918661563994]
[2; 170; 47.270219395580526]
[2; 180; 52.758197218553775]
[2; 180; 55.958518524624935]
[2; 190; 63.145626660653924]
[2; 190; 68.20507210436139]
[2; 190; 74.71491305565016]
[2; 190; 83.53381226271014]
[2; 190; 96.45653799262273]
[2; 190; 118.13465021865265]
[2; 200; 175.86065739517926]


Jobs: [[1; 10; 0.8793032869758962], [2; 10; 0.8882304527718244], [1; 20; 1.7855944408407247], [2; 10; 0.9021461373545895], [2; 10; 0.9069320920921323], [2; 10; 0.9117950336116892], [1; 30; 2.750211144933583], [1; 30; 2.780601140916502], [2; 20; 1.8641192401541482], [2; 20; 1.8746809067710397], [2; 20; 1.885424151781866], [1; 40; 3.7927084768603896], [1; 50; 4.796992704036336], [2; 30; 2.9130841159013086], [2; 30; 2.931010956586321], [1; 70; 6.881636728809883], [1; 70; 6.969304425234634], [2; 40; 4.034520177527448], [2; 40; 4.061327915478851], [2; 40; 4.088677234025074], [2; 40; 4.116586617639492], [2; 40; 4.145075446268514], [2; 40; 4.174164051890239], [2; 40; 4.203873779501447], [1; 80; 8.468454105897136], [2; 40; 4.265247446064022], [1; 100; 10.742399399051804], [2; 50; 5.411737630844557], [1; 100; 10.906414982347389], [2; 50; 5.495645543599352], [1; 110; 12.185998127494615], [2; 60; 6.7002977470574265], [2; 60; 6.754994962748016], [2; 60; 6.811053973446174], [1; 120; 13.737064482390094], [2; 60; 6.927490680878033], [1; 130; 15.140653518551918], [2; 70; 8.225129097319924], [2; 70; 8.299566171996762], [1; 150; 17.94870318535826], [1; 160; 19.509988233080747], [2; 80; 9.850167044581704], [1; 160; 19.896362142088865], [2; 80; 10.04918042258167], [2; 80; 10.15331978869713], [1; 170; 21.804126301397673], [2; 90; 11.797091535102656], [2; 90; 11.930396235648733], [1; 180; 24.136648947465158], [2; 90; 12.359169195123805], [1; 190; 26.41571083870677], [2; 100; 14.080121197819496], [1; 200; 28.528365763636128], [2; 100; 14.455656991310933], [1; 200; 29.31010956586321], [2; 110; 16.34923211205787], [2; 110; 16.587919659027598], [2; 110; 16.837376057799474], [2; 110; 17.098436215857618], [2; 110; 17.372028567348597], [2; 120; 19.264569806605476], [2; 120; 19.593902548221884], [2; 120; 19.940724208627554], [2; 120; 20.306639577394257], [2; 120; 20.693467470721718], [2; 130; 22.8618854613733], [2; 130; 23.33331414096574], [2; 130; 23.835163256091054], [2; 130; 24.370851788023515], [2; 130; 24.944362060988947], [2; 140; 27.526546915239532], [2; 140; 28.241641242692136], [2; 140; 29.015528123879598], [2; 150; 31.989355845480155], [2; 150; 32.97387326159611], [2; 160; 36.325621191712926], [2; 160; 37.60059015917679], [2; 160; 39.019976466161495], [2; 160; 40.61327915478852], [2; 160; 42.41918661563994], [2; 170; 47.270219395580526], [2; 180; 52.758197218553775], [2; 180; 55.958518524624935], [2; 190; 63.145626660653924], [2; 190; 68.20507210436139], [2; 190; 74.71491305565016], [2; 190; 83.53381226271014], [2; 190; 96.45653799262273], [2; 190; 118.13465021865265], [2; 200; 175.86065739517926]];
Intervals[0.0=0.8793032869758962, 0.8837330544924988=1.7719635072643234, 1.7719635072643234=3.557557948105048, 3.5668338258001495=4.468979963154739, 4.468979963154739=5.3759120552468715, 5.3759120552468715=6.287707088858561, 6.287707088858561=9.037918233792144, 9.037918233792144=11.818519374708647, 11.818519374708647=13.682638614862794, 13.682638614862794=15.557319521633834, 15.557319521633834=17.442743673415702, 17.442743673415702=21.235452150276092, 21.235452150276092=26.03244485431243, 28.002399764628656=30.915483880529965, 30.915483880529965=33.84649483711629, 33.84649483711629=40.72813156592617, 40.72813156592617=47.6974359911608, 47.785962925727674=51.82048310325512, 51.82048310325512=55.88181101873397, 55.88181101873397=59.97048825275904, 59.97048825275904=64.08707487039854, 64.08707487039854=68.23215031666706, 68.23215031666706=72.4063143685573, 72.4063143685573=76.61018814805875, 76.61018814805875=85.07864225395589, 85.07864225395589=89.34388970001991, 89.34388970001991=100.08628909907172, 100.08628909907172=105.49802672991628, 105.49802672991628=116.40444171226366, 116.40444171226366=121.90008725586301, 121.90008725586301=134.08608538335764, 134.08608538335764=140.78638313041506, 140.78638313041506=147.54137809316308, 147.54137809316308=154.35243206660925, 154.35243206660925=168.08949654899934, 168.08949654899934=175.01698722987737, 175.01698722987737=190.1576407484293, 190.1576407484293=198.3827698457492, 198.3827698457492=206.68233601774597, 206.68233601774597=224.63103920310422, 224.63103920310422=244.14102743618497, 244.14102743618497=253.99119448076667, 253.99119448076667=273.8875566228555, 273.8875566228555=283.9367370454372, 283.9367370454372=294.0900568341343, 294.0900568341343=315.894183135532, 316.129910270611=327.92700180571364, 327.92700180571364=339.8573980413624, 339.8573980413624=363.99404698882756, 364.2796977477131=376.6388669428369, 376.6388669428369=403.0545777815437, 403.0545777815437=417.1346989793632, 417.1346989793632=445.6630647429993, 445.6630647429993=460.11872173431027, 460.11872173431027=489.4288313001735, 489.4288313001735=505.77806341223135, 505.77806341223135=522.3659830712589, 522.3659830712589=539.2033591290584, 539.2033591290584=556.3017953449161, 556.3017953449161=573.6738239122647, 573.6738239122647=592.9383937188701, 592.9383937188701=612.532296267092, 612.532296267092=632.4730204757195, 632.4730204757195=652.7796600531137, 652.7796600531137=673.4731275238355, 673.4731275238355=696.3350129852088, 696.3350129852088=719.6683271261745, 719.6683271261745=743.5034903822656, 743.5034903822656=767.8743421702891, 767.8743421702891=792.818704231278, 792.818704231278=820.3452511465176, 820.3452511465176=848.5868923892098, 848.5868923892098=877.6024205130893, 877.6024205130893=909.5917763585695, 909.5917763585695=942.5656496201657, 942.5656496201657=978.8912708118786, 978.8912708118786=1016.4918609710554, 1016.4918609710554=1055.5118374372169, 1055.5118374372169=1096.1251165920053, 1096.1251165920053=1138.5443032076453, 1138.5443032076453=1185.814522603226, 1185.814522603226=1238.5727198217796, 1238.5727198217796=1294.5312383464045, 1294.5312383464045=1357.6768650070585, 1357.6768650070585=1425.8819371114198, 1425.8819371114198=1500.59685016707, 1500.59685016707=1584.1306624297802, 1584.1306624297802=1680.587200422403, 1680.587200422403=1798.7218506410557, 1798.7218506410557=1974.582508036235];

Jobs: [[1; 10; 0.8837330544924988], [2; 10; 0.8882304527718244], [1; 20; 1.7948703185358261], [2; 10; 0.9021461373545895], [2; 10; 0.9069320920921323], [2; 10; 0.9117950336116892], [1; 30; 2.7652809078497205], [2; 20; 1.8641192401541482], [2; 20; 1.8746809067710397], [2; 20; 1.885424151781866], [1; 50; 4.76869161512826], [1; 60; 5.790964476084694], [2; 30; 2.9130841159013086], [2; 30; 2.931010956586321], [1; 70; 6.92505442594745], [1; 70; 7.014413662663932], [2; 40; 4.034520177527448], [2; 40; 4.061327915478851], [2; 40; 4.088677234025074], [2; 40; 4.116586617639492], [2; 40; 4.145075446268514], [2; 40; 4.174164051890239], [2; 40; 4.203873779501447], [2; 40; 4.265247446064022], [2; 50; 5.411737630844557], [2; 50; 5.495645543599352], [2; 60; 6.7002977470574265], [2; 60; 6.754994962748016], [2; 60; 6.811053973446174], [2; 60; 6.927490680878033], [2; 70; 8.225129097319924], [2; 70; 8.299566171996762], [1; 150; 18.11723930714176], [2; 80; 9.850167044581704], [2; 80; 10.04918042258167], [2; 80; 10.15331978869713], [1; 170; 22.039853436476697], [2; 90; 11.797091535102656], [2; 90; 11.930396235648733], [1; 180; 24.422299706350703], [2; 90; 12.359169195123805], [2; 100; 14.080121197819496], [2; 100; 14.455656991310933], [2; 110; 16.34923211205787], [2; 110; 16.587919659027598], [2; 110; 16.837376057799474], [2; 110; 17.098436215857618], [2; 110; 17.372028567348597], [2; 120; 19.264569806605476], [2; 120; 19.593902548221884], [2; 120; 19.940724208627554], [2; 120; 20.306639577394257], [2; 120; 20.693467470721718], [2; 130; 22.8618854613733], [2; 130; 23.33331414096574], [2; 130; 23.835163256091054], [2; 130; 24.370851788023515], [2; 130; 24.944362060988947], [2; 140; 27.526546915239532], [2; 140; 28.241641242692136], [2; 140; 29.015528123879598], [2; 150; 31.989355845480155], [2; 150; 32.97387326159611], [2; 160; 36.325621191712926], [2; 160; 37.60059015917679], [2; 160; 39.019976466161495], [2; 160; 40.61327915478852], [2; 160; 42.41918661563994], [2; 170; 47.270219395580526], [2; 180; 52.758197218553775], [2; 180; 55.958518524624935], [2; 190; 63.145626660653924], [2; 190; 68.20507210436139], [2; 190; 74.71491305565016], [2; 190; 83.53381226271014], [2; 190; 96.45653799262273], [2; 190; 118.13465021865265], [2; 200; 175.86065739517926]];
Intervals[0.0=0.8837330544924988, 0.8837330544924988=1.7719635072643234, 1.7719635072643234=3.5668338258001495, 3.5668338258001495=4.468979963154739, 4.468979963154739=5.3759120552468715, 5.3759120552468715=6.287707088858561, 6.287707088858561=9.052987996708282, 11.818519374708647=13.682638614862794, 13.682638614862794=15.557319521633834, 15.557319521633834=17.442743673415702, 17.442743673415702=22.21143528854396, 22.21143528854396=28.002399764628656, 28.002399764628656=30.915483880529965, 30.915483880529965=33.84649483711629, 33.84649483711629=40.77154926306374, 40.77154926306374=47.785962925727674, 47.785962925727674=51.82048310325512, 51.82048310325512=55.88181101873397, 55.88181101873397=59.97048825275904, 59.97048825275904=64.08707487039854, 64.08707487039854=68.23215031666706, 68.23215031666706=72.4063143685573, 72.4063143685573=76.61018814805875, 85.07864225395589=89.34388970001991, 100.08628909907172=105.49802672991628, 116.40444171226366=121.90008725586301, 134.08608538335764=140.78638313041506, 140.78638313041506=147.54137809316308, 147.54137809316308=154.35243206660925, 168.08949654899934=175.01698722987737, 190.1576407484293=198.3827698457492, 198.3827698457492=206.68233601774597, 206.68233601774597=224.7995753248877, 244.14102743618497=253.99119448076667, 273.8875566228555=283.9367370454372, 283.9367370454372=294.0900568341343, 294.0900568341343=316.129910270611, 316.129910270611=327.92700180571364, 327.92700180571364=339.8573980413624, 339.8573980413624=364.2796977477131, 364.2796977477131=376.6388669428369, 403.0545777815437=417.1346989793632, 445.6630647429993=460.11872173431027, 489.4288313001735=505.77806341223135, 505.77806341223135=522.3659830712589, 522.3659830712589=539.2033591290584, 539.2033591290584=556.3017953449161, 556.3017953449161=573.6738239122647, 573.6738239122647=592.9383937188701, 592.9383937188701=612.532296267092, 612.532296267092=632.4730204757195, 632.4730204757195=652.7796600531137, 652.7796600531137=673.4731275238355, 673.4731275238355=696.3350129852088, 696.3350129852088=719.6683271261745, 719.6683271261745=743.5034903822656, 743.5034903822656=767.8743421702891, 767.8743421702891=792.818704231278, 792.818704231278=820.3452511465176, 820.3452511465176=848.5868923892098, 848.5868923892098=877.6024205130893, 877.6024205130893=909.5917763585695, 909.5917763585695=942.5656496201657, 942.5656496201657=978.8912708118786, 978.8912708118786=1016.4918609710554, 1016.4918609710554=1055.5118374372169, 1055.5118374372169=1096.1251165920053, 1096.1251165920053=1138.5443032076453, 1138.5443032076453=1185.814522603226, 1185.814522603226=1238.5727198217796, 1238.5727198217796=1294.5312383464045, 1294.5312383464045=1357.6768650070585, 1357.6768650070585=1425.8819371114198, 1425.8819371114198=1500.59685016707, 1500.59685016707=1584.1306624297802, 1584.1306624297802=1680.587200422403, 1680.587200422403=1798.7218506410557, 1798.7218506410557=1974.582508036235];
