0.9999999999999998
18448.958475799136
18448.958475799132
[2; 10; 0.6074365559595362]
[2; 10; 0.6104967091101523]
[2; 10; 0.6136035826565569]
[2; 10; 0.616758377655488]
[2; 10; 0.6199623388393434]
[2; 10; 0.6232167566796465]
[2; 10; 0.626522969570934]
[2; 10; 0.6298823661434539]
[2; 10; 0.633296387713751]
[2; 10; 0.6367665308829669]
[2; 10; 0.640294350293487]
[2; 10; 0.6438814615554731]
[2; 10; 0.6475295443557898]
[2; 20; 1.3024806915258365]
[2; 20; 1.3100313674852477]
[2; 20; 1.3177149018008993]
[2; 20; 1.3255352369370732]
[2; 20; 1.3334964811116923]
[2; 20; 1.3416029173652102]
[2; 20; 1.3498590132434138]
[2; 20; 1.3582694311438779]
[2; 20; 1.366839039380496]
[2; 30; 2.0633593860386137]
[2; 30; 2.076714602394176]
[2; 30; 2.090332548978953]
[2; 30; 2.104221954593144]
[2; 30; 2.1183919595092178]
[2; 30; 2.1328521407511203]
[2; 30; 2.147612539297949]
[2; 30; 2.162683689387665]
[2; 30; 2.17807665011517]
[2; 30; 2.1938030395401107]
[2; 30; 2.209875071543453]
[2; 40; 2.968407460931369]
[2; 40; 2.990810853936407]
[2; 40; 3.013729279928958]
[2; 40; 3.0371827797976807]
[2; 40; 3.0611925034638143]
[2; 40; 3.085780790056777]
[2; 40; 3.1109712552897193]
[2; 40; 3.1367888868118308]
[2; 40; 3.163260148412572]
[2; 50; 3.988016367582097]
[2; 50; 4.022846866162784]
[2; 50; 4.058606208218787]
[2; 50; 4.095336424830648]
[2; 50; 4.1330822589289555]
[2; 50; 4.171891394482564]
[2; 50; 4.211814709814151]
[2; 50; 4.25290655810352]
[2; 60; 5.154270094315077]
[2; 60; 5.206599051081739]
[2; 60; 5.260554886482861]
[2; 60; 5.316223684232886]
[2; 60; 5.373698043040059]
[2; 60; 5.4330777245755115]
[2; 60; 5.494470381991372]
[2; 70; 6.4843244446113335]
[2; 70; 6.56106468317945]
[2; 70; 6.640595643700167]
[2; 70; 6.723090678081613]
[2; 70; 6.808738598166472]
[2; 70; 6.897745494817235]
[2; 70; 6.990336825640123]
[2; 80; 8.099154079460483]
[2; 80; 8.214041435949419]
[2; 80; 8.333960792871908]
[2; 80; 8.459290544259051]
[2; 80; 8.590450157191794]
[2; 80; 8.727906087617317]
[2; 80; 8.87217877206099]
[2; 80; 9.023850934400782]
[2; 80; 9.183577510391443]
[2; 80; 9.35209757596953]
[2; 80; 9.53024877571468]
[2; 80; 9.718984895352579]
[2; 80; 9.919397421429494]
[2; 90; 11.399334978847518]
[2; 90; 11.655531798404215]
[2; 90; 11.929817132433659]
[2; 90; 12.2244248802949]
[2; 90; 12.54199529387372]
[2; 90; 12.885675235787694]
[2; 90; 13.259250429260721]
[2; 90; 13.667322509089566]
[2; 90; 14.11554999065324]
[2; 100; 16.23442483287515]
[2; 100; 16.847258839256604]
[2; 100; 17.535182954942872]
[2; 100; 18.31490127330457]
[2; 100; 19.20883050880461]
[2; 100; 20.247885198651208]
[2; 100; 21.476125392979487]
[2; 100; 22.958943775978607]
[2; 100; 24.798493553573735]
[2; 100; 27.165388622877554]
[2; 100; 30.37182779797681]
[2; 100; 35.070365909885744]
[2; 100; 42.952250785958974]
[2; 100; 60.74365559595362]


Jobs: [[2; 10; 0.6074365559595362], [2; 10; 0.6104967091101523], [2; 10; 0.6136035826565569], [2; 10; 0.616758377655488], [2; 10; 0.6199623388393434], [2; 10; 0.6232167566796465], [2; 10; 0.626522969570934], [2; 10; 0.6298823661434539], [2; 10; 0.633296387713751], [2; 10; 0.6367665308829669], [2; 10; 0.640294350293487], [2; 10; 0.6438814615554731], [2; 10; 0.6475295443557898], [2; 20; 1.3024806915258365], [2; 20; 1.3100313674852477], [2; 20; 1.3177149018008993], [2; 20; 1.3255352369370732], [2; 20; 1.3334964811116923], [2; 20; 1.3416029173652102], [2; 20; 1.3498590132434138], [2; 20; 1.3582694311438779], [2; 20; 1.366839039380496], [2; 30; 2.0633593860386137], [2; 30; 2.076714602394176], [2; 30; 2.090332548978953], [2; 30; 2.104221954593144], [2; 30; 2.1183919595092178], [2; 30; 2.1328521407511203], [2; 30; 2.147612539297949], [2; 30; 2.162683689387665], [2; 30; 2.17807665011517], [2; 30; 2.1938030395401107], [2; 30; 2.209875071543453], [2; 40; 2.968407460931369], [2; 40; 2.990810853936407], [2; 40; 3.013729279928958], [2; 40; 3.0371827797976807], [2; 40; 3.0611925034638143], [2; 40; 3.085780790056777], [2; 40; 3.1109712552897193], [2; 40; 3.1367888868118308], [2; 40; 3.163260148412572], [2; 50; 3.988016367582097], [2; 50; 4.022846866162784], [2; 50; 4.058606208218787], [2; 50; 4.095336424830648], [2; 50; 4.1330822589289555], [2; 50; 4.171891394482564], [2; 50; 4.211814709814151], [2; 50; 4.25290655810352], [2; 60; 5.154270094315077], [2; 60; 5.206599051081739], [2; 60; 5.260554886482861], [2; 60; 5.316223684232886], [2; 60; 5.373698043040059], [2; 60; 5.4330777245755115], [2; 60; 5.494470381991372], [2; 70; 6.4843244446113335], [2; 70; 6.56106468317945], [2; 70; 6.640595643700167], [2; 70; 6.723090678081613], [2; 70; 6.808738598166472], [2; 70; 6.897745494817235], [2; 70; 6.990336825640123], [2; 80; 8.099154079460483], [2; 80; 8.214041435949419], [2; 80; 8.333960792871908], [2; 80; 8.459290544259051], [2; 80; 8.590450157191794], [2; 80; 8.727906087617317], [2; 80; 8.87217877206099], [2; 80; 9.023850934400782], [2; 80; 9.183577510391443], [2; 80; 9.35209757596953], [2; 80; 9.53024877571468], [2; 80; 9.718984895352579], [2; 80; 9.919397421429494], [2; 90; 11.399334978847518], [2; 90; 11.655531798404215], [2; 90; 11.929817132433659], [2; 90; 12.2244248802949], [2; 90; 12.54199529387372], [2; 90; 12.885675235787694], [2; 90; 13.259250429260721], [2; 90; 13.667322509089566], [2; 90; 14.11554999065324], [2; 100; 16.23442483287515], [2; 100; 16.847258839256604], [2; 100; 17.535182954942872], [2; 100; 18.31490127330457], [2; 100; 19.20883050880461], [2; 100; 20.247885198651208], [2; 100; 21.476125392979487], [2; 100; 22.958943775978607], [2; 100; 24.798493553573735], [2; 100; 27.165388622877554], [2; 100; 30.37182779797681], [2; 100; 35.070365909885744], [2; 100; 42.952250785958974], [2; 100; 60.74365559595362]];
Intervals[4.9E-324=0.6074365559595362, 0.6074365559595362=1.2179332650696884, 1.2179332650696884=1.8315368477262453, 1.8315368477262453=2.448295225381733, 2.448295225381733=3.0682575642210765, 3.0682575642210765=3.6914743209007232, 3.6914743209007232=4.3179972904716575, 4.3179972904716575=4.947879656615111, 4.947879656615111=5.581176044328862, 5.581176044328862=6.217942575211828, 6.217942575211828=6.858236925505315, 6.858236925505315=7.502118387060788, 7.502118387060788=8.149647931416578, 8.149647931416578=9.452128622942414, 9.452128622942414=10.762159990427662, 10.762159990427662=12.079874892228561, 12.079874892228561=13.405410129165634, 13.405410129165634=14.738906610277327, 14.738906610277327=16.080509527642537, 16.080509527642537=17.43036854088595, 17.43036854088595=18.78863797202983, 18.78863797202983=20.155477011410326, 20.155477011410326=22.21883639744894, 22.21883639744894=24.295550999843115, 24.295550999843115=26.38588354882207, 26.38588354882207=28.49010550341521, 28.49010550341521=30.60849746292443, 30.60849746292443=32.74134960367555, 32.74134960367555=34.8889621429735, 34.8889621429735=37.05164583236116, 37.05164583236116=39.22972248247633, 39.22972248247633=41.42352552201645, 41.42352552201645=43.6334005935599, 43.6334005935599=46.601808054491265, 46.601808054491265=49.592618908427674, 49.592618908427674=52.606348188356634, 52.606348188356634=55.643530968154316, 55.643530968154316=58.70472347161813, 58.70472347161813=61.79050426167491, 61.79050426167491=64.90147551696464, 64.90147551696464=68.03826440377647, 68.03826440377647=71.20152455218904, 71.20152455218904=75.18954091977113, 75.18954091977113=79.21238778593391, 79.21238778593391=83.2709939941527, 83.2709939941527=87.36633041898335, 87.36633041898335=91.4994126779123, 91.4994126779123=95.67130407239486, 95.67130407239486=99.88311878220901, 99.88311878220901=104.13602534031253, 104.13602534031253=109.29029543462761, 109.29029543462761=114.49689448570935, 114.49689448570935=119.75744937219221, 119.75744937219221=125.0736730564251, 125.0736730564251=130.44737109946516, 130.44737109946516=135.88044882404068, 135.88044882404068=141.37491920603205, 141.37491920603205=147.85924365064338, 147.85924365064338=154.42030833382282, 154.42030833382282=161.060903977523, 161.060903977523=167.7839946556046, 167.7839946556046=174.5927332537711, 174.5927332537711=181.49047874858832, 181.49047874858832=188.48081557422844, 188.48081557422844=196.57996965368892, 196.57996965368892=204.79401108963833, 204.79401108963833=213.12797188251025, 213.12797188251025=221.5872624267693, 221.5872624267693=230.1777125839611, 230.1777125839611=238.90561867157842, 238.90561867157842=247.7777974436394, 247.7777974436394=256.80164837804017, 256.80164837804017=265.9852258884316, 265.9852258884316=275.33732346440115, 275.33732346440115=284.8675722401158, 284.8675722401158=294.5865571354684, 294.5865571354684=304.5059545568979, 304.5059545568979=315.9052895357454, 315.9052895357454=327.56082133414964, 327.56082133414964=339.4906384665833, 339.4906384665833=351.7150633468782, 351.7150633468782=364.2570586407519, 364.2570586407519=377.1427338765396, 377.1427338765396=390.4019843058003, 390.4019843058003=404.06930681488984, 404.06930681488984=418.18485680554306, 418.18485680554306=434.4192816384182, 434.4192816384182=451.2665404776748, 451.2665404776748=468.8017234326177, 468.8017234326177=487.1166247059223, 487.1166247059223=506.3254552147269, 506.3254552147269=526.5733404133781, 526.5733404133781=548.0494658063576, 548.0494658063576=571.0084095823362, 571.0084095823362=595.8069031359099, 595.8069031359099=622.9722917587875, 622.9722917587875=653.3441195567643, 653.3441195567643=688.41448546665, 688.41448546665=731.366736252609, 731.366736252609=792.1103918485627];

Jobs: [[2; 10; 0.6074365559595362], [2; 10; 0.6104967091101523], [2; 10; 0.6136035826565569], [2; 10; 0.616758377655488], [2; 10; 0.6199623388393434], [2; 10; 0.6232167566796465], [2; 10; 0.626522969570934], [2; 10; 0.6298823661434539], [2; 10; 0.633296387713751], [2; 10; 0.6367665308829669], [2; 10; 0.640294350293487], [2; 10; 0.6438814615554731], [2; 10; 0.6475295443557898], [2; 20; 1.3024806915258365], [2; 20; 1.3100313674852477], [2; 20; 1.3177149018008993], [2; 20; 1.3255352369370732], [2; 20; 1.3334964811116923], [2; 20; 1.3416029173652102], [2; 20; 1.3498590132434138], [2; 20; 1.3582694311438779], [2; 20; 1.366839039380496], [2; 30; 2.0633593860386137], [2; 30; 2.076714602394176], [2; 30; 2.090332548978953], [2; 30; 2.104221954593144], [2; 30; 2.1183919595092178], [2; 30; 2.1328521407511203], [2; 30; 2.147612539297949], [2; 30; 2.162683689387665], [2; 30; 2.17807665011517], [2; 30; 2.1938030395401107], [2; 30; 2.209875071543453], [2; 40; 2.968407460931369], [2; 40; 2.990810853936407], [2; 40; 3.013729279928958], [2; 40; 3.0371827797976807], [2; 40; 3.0611925034638143], [2; 40; 3.085780790056777], [2; 40; 3.1109712552897193], [2; 40; 3.1367888868118308], [2; 40; 3.163260148412572], [2; 50; 3.988016367582097], [2; 50; 4.022846866162784], [2; 50; 4.058606208218787], [2; 50; 4.095336424830648], [2; 50; 4.1330822589289555], [2; 50; 4.171891394482564], [2; 50; 4.211814709814151], [2; 50; 4.25290655810352], [2; 60; 5.154270094315077], [2; 60; 5.206599051081739], [2; 60; 5.260554886482861], [2; 60; 5.316223684232886], [2; 60; 5.373698043040059], [2; 60; 5.4330777245755115], [2; 60; 5.494470381991372], [2; 70; 6.4843244446113335], [2; 70; 6.56106468317945], [2; 70; 6.640595643700167], [2; 70; 6.723090678081613], [2; 70; 6.808738598166472], [2; 70; 6.897745494817235], [2; 70; 6.990336825640123], [2; 80; 8.099154079460483], [2; 80; 8.214041435949419], [2; 80; 8.333960792871908], [2; 80; 8.459290544259051], [2; 80; 8.590450157191794], [2; 80; 8.727906087617317], [2; 80; 8.87217877206099], [2; 80; 9.023850934400782], [2; 80; 9.183577510391443], [2; 80; 9.35209757596953], [2; 80; 9.53024877571468], [2; 80; 9.718984895352579], [2; 80; 9.919397421429494], [2; 90; 11.399334978847518], [2; 90; 11.655531798404215], [2; 90; 11.929817132433659], [2; 90; 12.2244248802949], [2; 90; 12.54199529387372], [2; 90; 12.885675235787694], [2; 90; 13.259250429260721], [2; 90; 13.667322509089566], [2; 90; 14.11554999065324], [2; 100; 16.23442483287515], [2; 100; 16.847258839256604], [2; 100; 17.535182954942872], [2; 100; 18.31490127330457], [2; 100; 19.20883050880461], [2; 100; 20.247885198651208], [2; 100; 21.476125392979487], [2; 100; 22.958943775978607], [2; 100; 24.798493553573735], [2; 100; 27.165388622877554], [2; 100; 30.37182779797681], [2; 100; 35.070365909885744], [2; 100; 42.952250785958974], [2; 100; 60.74365559595362]];
Intervals[4.9E-324=0.6074365559595362, 0.6074365559595362=1.2179332650696884, 1.2179332650696884=1.8315368477262453, 1.8315368477262453=2.448295225381733, 2.448295225381733=3.0682575642210765, 3.0682575642210765=3.6914743209007232, 3.6914743209007232=4.3179972904716575, 4.3179972904716575=4.947879656615111, 4.947879656615111=5.581176044328862, 5.581176044328862=6.217942575211828, 6.217942575211828=6.858236925505315, 6.858236925505315=7.502118387060788, 7.502118387060788=8.149647931416578, 8.149647931416578=9.452128622942414, 9.452128622942414=10.762159990427662, 10.762159990427662=12.079874892228561, 12.079874892228561=13.405410129165634, 13.405410129165634=14.738906610277327, 14.738906610277327=16.080509527642537, 16.080509527642537=17.43036854088595, 17.43036854088595=18.78863797202983, 18.78863797202983=20.155477011410326, 20.155477011410326=22.21883639744894, 22.21883639744894=24.295550999843115, 24.295550999843115=26.38588354882207, 26.38588354882207=28.49010550341521, 28.49010550341521=30.60849746292443, 30.60849746292443=32.74134960367555, 32.74134960367555=34.8889621429735, 34.8889621429735=37.05164583236116, 37.05164583236116=39.22972248247633, 39.22972248247633=41.42352552201645, 41.42352552201645=43.6334005935599, 43.6334005935599=46.601808054491265, 46.601808054491265=49.592618908427674, 49.592618908427674=52.606348188356634, 52.606348188356634=55.643530968154316, 55.643530968154316=58.70472347161813, 58.70472347161813=61.79050426167491, 61.79050426167491=64.90147551696464, 64.90147551696464=68.03826440377647, 68.03826440377647=71.20152455218904, 71.20152455218904=75.18954091977113, 75.18954091977113=79.21238778593391, 79.21238778593391=83.2709939941527, 83.2709939941527=87.36633041898335, 87.36633041898335=91.4994126779123, 91.4994126779123=95.67130407239486, 95.67130407239486=99.88311878220901, 99.88311878220901=104.13602534031253, 104.13602534031253=109.29029543462761, 109.29029543462761=114.49689448570935, 114.49689448570935=119.75744937219221, 119.75744937219221=125.0736730564251, 125.0736730564251=130.44737109946516, 130.44737109946516=135.88044882404068, 135.88044882404068=141.37491920603205, 141.37491920603205=147.85924365064338, 147.85924365064338=154.42030833382282, 154.42030833382282=161.060903977523, 161.060903977523=167.7839946556046, 167.7839946556046=174.5927332537711, 174.5927332537711=181.49047874858832, 181.49047874858832=188.48081557422844, 188.48081557422844=196.57996965368892, 196.57996965368892=204.79401108963833, 204.79401108963833=213.12797188251025, 213.12797188251025=221.5872624267693, 221.5872624267693=230.1777125839611, 230.1777125839611=238.90561867157842, 238.90561867157842=247.7777974436394, 247.7777974436394=256.80164837804017, 256.80164837804017=265.9852258884316, 265.9852258884316=275.33732346440115, 275.33732346440115=284.8675722401158, 284.8675722401158=294.5865571354684, 294.5865571354684=304.5059545568979, 304.5059545568979=315.9052895357454, 315.9052895357454=327.56082133414964, 327.56082133414964=339.4906384665833, 339.4906384665833=351.7150633468782, 351.7150633468782=364.2570586407519, 364.2570586407519=377.1427338765396, 377.1427338765396=390.4019843058003, 390.4019843058003=404.06930681488984, 404.06930681488984=418.18485680554306, 418.18485680554306=434.4192816384182, 434.4192816384182=451.2665404776748, 451.2665404776748=468.8017234326177, 468.8017234326177=487.1166247059223, 487.1166247059223=506.3254552147269, 506.3254552147269=526.5733404133781, 526.5733404133781=548.0494658063576, 548.0494658063576=571.0084095823362, 571.0084095823362=595.8069031359099, 595.8069031359099=622.9722917587875, 622.9722917587875=653.3441195567643, 653.3441195567643=688.41448546665, 688.41448546665=731.366736252609, 731.366736252609=792.1103918485627];
