1.1388071816783147
171750.49041417183
195590.69194043142
[1; 20; 5.242144453014195]
[2; 10; 2.647682779061273]
[2; 20; 5.350241278269169]
[2; 40; 10.813718329593044]
[2; 40; 10.930626790227995]
[2; 40; 11.051410863428252]
[2; 40; 11.17628952622216]
[2; 50; 14.13187434753856]
[1; 100; 28.598242571226695]
[2; 60; 17.366940355534478]
[2; 70; 20.513134853423086]
[1; 160; 47.48447819053166]
[1; 200; 60.13152083718732]
[2; 520; 158.4405978003967]
[1; 1040; 321.2521771927678]
[1; 1040; 325.8091732743204]
[2; 520; 165.28288158753068]
[2; 520; 167.76847792914455]
[2; 520; 170.36969472296133]
[2; 520; 173.09578293439822]
[2; 520; 175.95706409612558]
[2; 540; 185.84836793838238]
[2; 540; 189.13797496758158]
[1; 1080; 385.2173720353802]
[2; 560; 203.54729897095794]
[2; 560; 207.57832987840382]
[2; 560; 211.85874577550547]
[1; 1160; 448.2889789073946]
[2; 580; 229.18207326238038]
[2; 600; 242.66413502558646]
[2; 600; 248.65674442713564]
[2; 600; 255.11643688221196]
[1; 1240; 541.6882601448002]
[1; 1240; 557.3926212188429]
[2; 620; 287.2735815281481]
[1; 1240; 593.3897584340673]
[2; 620; 307.1083766713719]
[2; 620; 318.7014240879763]
[2; 640; 342.4154418092268]
[1; 1280; 715.2825296782182]
[2; 660; 386.81911437883537]
[2; 660; 407.74314797543605]
[1; 1320; 864.9538347473421]
[1; 1320; 924.6745442859543]
[2; 680; 514.5140968833705]
[1; 1360; 1127.2439080696815]
[2; 700; 648.6822808700119]
[2; 700; 749.0337789576837]
[2; 700; 917.3752792774841]
[2; 700; 1297.3645617400239]


Jobs: [[1; 20; 5.242144453014195], [2; 10; 2.647682779061273], [2; 20; 5.350241278269169], [2; 40; 10.813718329593044], [2; 40; 10.930626790227995], [2; 40; 11.051410863428252], [2; 40; 11.17628952622216], [2; 50; 14.13187434753856], [1; 100; 28.598242571226695], [2; 60; 17.366940355534478], [2; 70; 20.513134853423086], [1; 160; 47.48447819053166], [2; 520; 158.4405978003967], [1; 1040; 321.2521771927678], [2; 520; 165.28288158753068], [2; 520; 167.76847792914455], [2; 520; 170.36969472296133], [2; 520; 173.09578293439822], [2; 520; 175.95706409612558], [2; 540; 185.84836793838238], [2; 540; 189.13797496758158], [1; 1080; 385.2173720353802], [2; 560; 203.54729897095794], [2; 560; 207.57832987840382], [2; 560; 211.85874577550547], [1; 1160; 448.2889789073946], [2; 580; 229.18207326238038], [2; 600; 242.66413502558646], [2; 600; 248.65674442713564], [2; 600; 255.11643688221196], [1; 1240; 541.6882601448002], [2; 620; 287.2735815281481], [1; 1240; 593.3897584340673], [2; 620; 307.1083766713719], [2; 620; 318.7014240879763], [2; 640; 342.4154418092268], [1; 1280; 715.2825296782182], [2; 660; 386.81911437883537], [2; 660; 407.74314797543605], [1; 1320; 864.9538347473421], [2; 680; 514.5140968833705], [1; 1360; 1127.2439080696815], [2; 700; 648.6822808700119], [2; 700; 749.0337789576837], [2; 700; 917.3752792774841], [2; 700; 1297.3645617400239]];
Intervals[0.0=5.242144453014195, 5.242144453014195=7.889827232075468, 7.889827232075468=13.240068510344637, 13.240068510344637=24.05378683993768, 24.05378683993768=34.984413630165676, 34.984413630165676=46.03582449359393, 46.03582449359393=57.212114019816084, 57.212114019816084=71.34398836735464, 71.34398836735464=99.94223093858133, 99.94223093858133=117.30917129411581, 117.30917129411581=137.8223061475389, 137.8223061475389=185.30678433807057, 197.95382698472622=356.3944247851229, 356.3944247851229=677.6466019778907, 682.2035980594433=847.486479646974, 847.486479646974=1015.2549575761185, 1015.2549575761185=1185.6246522990798, 1185.6246522990798=1358.720435233478, 1358.720435233478=1534.6774993296035, 1534.6774993296035=1720.5258672679859, 1720.5258672679859=1909.6638422355675, 1909.6638422355675=2294.8812142709476, 2294.8812142709476=2498.4285132419054, 2498.4285132419054=2706.0068431203094, 2706.0068431203094=2917.865588895815, 2917.865588895815=3366.15456780321, 3366.15456780321=3595.3366410655904, 3595.3366410655904=3838.0007760911767, 3838.0007760911767=4086.657520518312, 4086.657520518312=4341.7739574005245, 4341.7739574005245=4883.462217545325, 4899.166578619367=5186.440160147516, 5186.440160147516=5779.829918581583, 5779.829918581583=6086.938295252955, 6086.938295252955=6405.639719340931, 6405.639719340931=6748.055161150158, 6748.055161150158=7463.337690828376, 7463.337690828376=7850.156805207212, 7850.156805207212=8257.899953182648, 8257.899953182648=9122.853787929991, 9182.574497468602=9697.088594351973, 9697.088594351973=10824.332502421656, 10824.332502421656=11473.014783291668, 11473.014783291668=12222.048562249352, 12222.048562249352=13139.423841526837, 13139.423841526837=14436.78840326686];

Jobs: [[2; 10; 2.647682779061273], [2; 20; 5.350241278269169], [2; 40; 10.813718329593044], [2; 40; 10.930626790227995], [2; 40; 11.051410863428252], [2; 40; 11.17628952622216], [2; 50; 14.13187434753856], [2; 60; 17.366940355534478], [2; 70; 20.513134853423086], [1; 200; 60.13152083718732], [2; 520; 158.4405978003967], [1; 1040; 325.8091732743204], [2; 520; 165.28288158753068], [2; 520; 167.76847792914455], [2; 520; 170.36969472296133], [2; 520; 173.09578293439822], [2; 520; 175.95706409612558], [2; 540; 185.84836793838238], [2; 540; 189.13797496758158], [2; 560; 203.54729897095794], [2; 560; 207.57832987840382], [2; 560; 211.85874577550547], [2; 580; 229.18207326238038], [2; 600; 242.66413502558646], [2; 600; 248.65674442713564], [2; 600; 255.11643688221196], [1; 1240; 557.3926212188429], [2; 620; 287.2735815281481], [2; 620; 307.1083766713719], [2; 620; 318.7014240879763], [2; 640; 342.4154418092268], [2; 660; 386.81911437883537], [2; 660; 407.74314797543605], [1; 1320; 924.6745442859543], [2; 680; 514.5140968833705], [2; 700; 648.6822808700119], [2; 700; 749.0337789576837], [2; 700; 917.3752792774841], [2; 700; 1297.3645617400239]];
Intervals[5.242144453014195=7.889827232075468, 7.889827232075468=13.240068510344637, 13.240068510344637=24.05378683993768, 24.05378683993768=34.984413630165676, 34.984413630165676=46.03582449359393, 46.03582449359393=57.212114019816084, 57.212114019816084=71.34398836735464, 99.94223093858133=117.30917129411581, 117.30917129411581=137.8223061475389, 137.8223061475389=197.95382698472622, 197.95382698472622=356.3944247851229, 356.3944247851229=682.2035980594433, 682.2035980594433=847.486479646974, 847.486479646974=1015.2549575761185, 1015.2549575761185=1185.6246522990798, 1185.6246522990798=1358.720435233478, 1358.720435233478=1534.6774993296035, 1534.6774993296035=1720.5258672679859, 1720.5258672679859=1909.6638422355675, 2294.8812142709476=2498.4285132419054, 2498.4285132419054=2706.0068431203094, 2706.0068431203094=2917.865588895815, 3366.15456780321=3595.3366410655904, 3595.3366410655904=3838.0007760911767, 3838.0007760911767=4086.657520518312, 4086.657520518312=4341.7739574005245, 4341.7739574005245=4899.166578619367, 4899.166578619367=5186.440160147516, 5779.829918581583=6086.938295252955, 6086.938295252955=6405.639719340931, 6405.639719340931=6748.055161150158, 7463.337690828376=7850.156805207212, 7850.156805207212=8257.899953182648, 8257.899953182648=9182.574497468602, 9182.574497468602=9697.088594351973, 10824.332502421656=11473.014783291668, 11473.014783291668=12222.048562249352, 12222.048562249352=13139.423841526837, 13139.423841526837=14436.78840326686];
