1.2172244711486386
42909.67946616824
52230.71189536424
[2; 10; 1.3101096055852464]
[1; 20; 2.64682110344846]
[2; 10; 1.3371250170011568]
[1; 20; 2.7025497642567022]
[1; 40; 5.4635347351830585]
[1; 40; 5.523907117485642]
[1; 40; 5.586326128302815]
[1; 60; 8.476365118243201]
[2; 30; 4.288340311630809]
[1; 60; 8.680644184205642]
[2; 40; 5.858988272128098]
[1; 80; 11.86725614893127]
[2; 40; 6.0111951323242305]
[2; 50; 7.614857407244065]
[2; 50; 7.719894885058008]
[2; 50; 7.829402409796425]
[1; 120; 19.064895123403282]
[1; 120; 19.35160136374002]
[2; 60; 9.825822041889346]
[2; 60; 9.983045177609748]
[1; 140; 23.678819192644127]
[2; 80; 13.762065517172543]
[1; 160; 28.011321618408754]
[2; 80; 14.262666848012339]
[1; 160; 29.06872221178775]
[2; 80; 14.822198179311375]
[1; 160; 30.25568533810226]
[1; 180; 34.76972214446571]
[2; 100; 19.750645436212558]
[2; 520; 105.12023649884561]
[2; 520; 107.71618879097001]
[2; 520; 110.51447786865275]
[1; 1080; 235.81972900534436]
[2; 560; 125.82188849410882]
[2; 560; 129.69423406897454]
[1; 1120; 267.89525794574126]
[1; 1160; 287.2014342624254]
[1; 1160; 298.0430136475554]
[1; 1160; 310.21300394426834]
[1; 1160; 324.0069154415633]
[2; 600; 175.76964816384296]
[1; 1200; 370.55495448278435]
[2; 620; 203.06698886571317]
[2; 620; 217.08774254266785]
[2; 620; 234.48156137029252]
[2; 640; 265.1475416393108]
[1; 1280; 592.887927172455]
[2; 660; 353.0010044883054]
[2; 680; 445.43726589898375]
[1; 1360; 1259.886845241467]


Jobs: [[2; 10; 1.3101096055852464], [1; 20; 2.64682110344846], [2; 10; 1.3371250170011568], [1; 20; 2.7025497642567022], [1; 40; 5.523907117485642], [1; 60; 8.476365118243201], [2; 30; 4.288340311630809], [1; 60; 8.680644184205642], [2; 40; 5.858988272128098], [1; 80; 11.86725614893127], [2; 40; 6.0111951323242305], [2; 50; 7.614857407244065], [2; 50; 7.719894885058008], [2; 50; 7.829402409796425], [1; 120; 19.064895123403282], [2; 60; 9.825822041889346], [2; 60; 9.983045177609748], [1; 140; 23.678819192644127], [2; 80; 13.762065517172543], [1; 160; 28.011321618408754], [2; 80; 14.262666848012339], [1; 160; 29.06872221178775], [2; 80; 14.822198179311375], [1; 160; 30.25568533810226], [2; 100; 19.750645436212558], [2; 520; 105.12023649884561], [2; 520; 107.71618879097001], [2; 520; 110.51447786865275], [1; 1080; 235.81972900534436], [2; 560; 125.82188849410882], [2; 560; 129.69423406897454], [1; 1120; 267.89525794574126], [1; 1160; 298.0430136475554], [1; 1160; 324.0069154415633], [2; 600; 175.76964816384296], [1; 1200; 370.55495448278435], [2; 620; 203.06698886571317], [2; 620; 217.08774254266785], [2; 620; 234.48156137029252], [2; 640; 265.1475416393108], [1; 1280; 592.887927172455], [2; 660; 353.0010044883054], [2; 680; 445.43726589898375], [1; 1360; 1259.886845241467]];
Intervals[4.9E-324=1.3101096055852464, 1.3101096055852464=3.9569307090337063, 3.9569307090337063=5.294055726034863, 5.294055726034863=7.996605490291564, 7.996605490291564=13.520512607777206, 13.520512607777206=21.996877726020408, 21.996877726020408=26.285218037651216, 26.285218037651216=34.96586222185686, 34.96586222185686=40.824850493984954, 40.824850493984954=52.69210664291622, 52.69210664291622=58.703301775240455, 58.703301775240455=66.31815918248452, 66.31815918248452=74.03805406754253, 74.03805406754253=81.86745647733896, 81.86745647733896=100.93235160074224, 101.21905784107898=111.04487988296833, 111.04487988296833=121.02792506057808, 121.02792506057808=144.7067442532222, 144.7067442532222=158.46880977039476, 158.46880977039476=186.4801313888035, 186.4801313888035=200.74279823681584, 200.74279823681584=229.8115204486036, 229.8115204486036=244.633718627915, 244.633718627915=274.88940396601726, 279.4034407723807=299.15408620859324, 299.15408620859324=404.27432270743884, 404.27432270743884=511.99051149840886, 511.99051149840886=622.5049893670616, 622.5049893670616=858.324718372406, 858.324718372406=984.1466068665148, 984.1466068665148=1113.8408409354893, 1113.8408409354893=1381.7360988812306, 1381.7360988812306=1679.779112528786, 1679.779112528786=2003.7860279703493, 2003.7860279703493=2179.5556761341923, 2179.5556761341923=2550.110630616977, 2550.110630616977=2753.17761948269, 2753.17761948269=2970.2653620253577, 2970.2653620253577=3204.7469233956504, 3204.7469233956504=3469.8944650349613, 3469.8944650349613=4062.7823922074163, 4062.7823922074163=4415.783396695721, 4415.783396695721=4861.220662594706, 4861.220662594706=6121.107507836173];

Jobs: [[2; 10; 1.3101096055852464], [2; 10; 1.3371250170011568], [1; 40; 5.4635347351830585], [1; 40; 5.586326128302815], [2; 30; 4.288340311630809], [2; 40; 5.858988272128098], [2; 40; 6.0111951323242305], [2; 50; 7.614857407244065], [2; 50; 7.719894885058008], [2; 50; 7.829402409796425], [1; 120; 19.35160136374002], [2; 60; 9.825822041889346], [2; 60; 9.983045177609748], [2; 80; 13.762065517172543], [2; 80; 14.262666848012339], [2; 80; 14.822198179311375], [1; 180; 34.76972214446571], [2; 100; 19.750645436212558], [2; 520; 105.12023649884561], [2; 520; 107.71618879097001], [2; 520; 110.51447786865275], [2; 560; 125.82188849410882], [2; 560; 129.69423406897454], [1; 1160; 287.2014342624254], [1; 1160; 310.21300394426834], [2; 600; 175.76964816384296], [2; 620; 203.06698886571317], [2; 620; 217.08774254266785], [2; 620; 234.48156137029252], [2; 640; 265.1475416393108], [2; 660; 353.0010044883054], [2; 680; 445.43726589898375]];
Intervals[4.9E-324=1.3101096055852464, 3.9569307090337063=5.294055726034863, 5.294055726034863=10.757590461217921, 10.757590461217921=16.343916589520738, 21.996877726020408=26.285218037651216, 34.96586222185686=40.824850493984954, 52.69210664291622=58.703301775240455, 58.703301775240455=66.31815918248452, 66.31815918248452=74.03805406754253, 74.03805406754253=81.86745647733896, 81.86745647733896=101.21905784107898, 101.21905784107898=111.04487988296833, 111.04487988296833=121.02792506057808, 144.7067442532222=158.46880977039476, 186.4801313888035=200.74279823681584, 229.8115204486036=244.633718627915, 244.633718627915=279.4034407723807, 279.4034407723807=299.15408620859324, 299.15408620859324=404.27432270743884, 404.27432270743884=511.99051149840886, 511.99051149840886=622.5049893670616, 858.324718372406=984.1466068665148, 984.1466068665148=1113.8408409354893, 1113.8408409354893=1401.0422751979147, 1401.0422751979147=1711.255279142183, 2003.7860279703493=2179.5556761341923, 2550.110630616977=2753.17761948269, 2753.17761948269=2970.2653620253577, 2970.2653620253577=3204.7469233956504, 3204.7469233956504=3469.8944650349613, 4062.7823922074163=4415.783396695721, 4415.783396695721=4861.220662594706];
