1.122600678236888
41896.73095071063
47033.298581176176
[1; 10; 0.9153876878209651]
[1; 10; 0.9199992418827645]
[1; 20; 1.8493624042082253]
[2; 10; 0.9294353784395474]
[2; 10; 0.9342636466614435]
[1; 30; 2.81750385440878]
[1; 30; 2.8324509293467655]
[1; 40; 3.7968512568852617]
[2; 20; 1.9087152736104902]
[1; 40; 3.8383481314586194]
[2; 30; 2.894710035589424]
[2; 30; 2.91092702542244]
[2; 30; 2.9274196617980346]
[1; 60; 5.888391686094258]
[2; 30; 2.9612637880205406]
[1; 60; 5.957264106016893]
[2; 30; 2.9963095497644137]
[2; 30; 3.014305564720258]
[2; 30; 3.0326297794858315]
[1; 70; 7.119682016385284]
[1; 80; 8.187476382936138]
[2; 40; 4.119566448896065]
[2; 40; 4.145889825033605]
[2; 40; 4.172724343525292]
[2; 40; 4.200086763550468]
[1; 80; 8.455989247620852]
[2; 40; 4.256466289774063]
[1; 90; 9.64242226006013]
[1; 90; 9.709152622093184]
[2; 50; 5.431826590212011]
[1; 100; 10.940975531160781]
[2; 50; 5.509986385126834]
[2; 50; 5.550353125405535]
[1; 100; 11.18324051916903]
[1; 100; 11.267643531800656]
[1; 110; 12.48938557956129]
[1; 110; 12.586580707538271]
[1; 110; 12.686080917634158]
[2; 60; 6.975261156460399]
[2; 60; 7.032203008655051]
[1; 120; 14.181125081015647]
[1; 120; 14.3007991443199]
[1; 130; 15.62551795629243]
[2; 70; 8.487224282444764]
[1; 140; 17.125335519486168]
[2; 70; 8.640159545212159]
[1; 140; 17.43958807101361]
[1; 140; 17.603343664308397]
[2; 70; 8.885900275987842]
[1; 150; 19.2269872263022]
[1; 150; 19.418305244186367]
[2; 80; 10.461573575096745]
[1; 160; 21.139973119052136]
[2; 80; 10.681841384102595]
[2; 80; 10.79732410659451]
[1; 160; 21.833270354496367]
[2; 80; 11.039990902593175]
[2; 80; 11.167625095421265]
[2; 90; 12.712264807034567]
[2; 90; 12.866358491416177]
[2; 90; 13.026195160152408]
[2; 90; 13.192140642001073]
[2; 90; 13.36459424435278]
[1; 190; 28.592873685216254]
[2; 100; 15.256461463682752]
[2; 100; 15.472875981759756]
[1; 200; 31.39753866363362]
[2; 100; 15.934854298657973]
[2; 100; 16.18192103682197]
[2; 100; 16.44084821426756]
[2; 110; 18.38387780100812]
[2; 110; 18.698154887832608]
[2; 110; 19.029121376451233]
[2; 120; 21.139973119052133]
[2; 130; 23.33789841350841]
[2; 140; 25.630855258987026]
[2; 140; 26.159382106520418]
[2; 150; 28.630729104157357]
[2; 150; 29.27419661798035]
[2; 160; 31.96063519748708]
[2; 160; 32.74990553174455]
[2; 160; 33.600694108403744]
[2; 160; 34.52143154522021]
[2; 170; 37.742401252757645]
[2; 170; 38.90397673239102]
[2; 170; 40.179854396211]
[2; 170; 41.590100547323544]
[2; 170; 43.1600870547981]
[2; 180; 47.5649395178673]
[2; 180; 49.67995906166928]
[2; 180; 52.10478064060963]
[2; 180; 54.923261269257914]
[2; 180; 58.25491573255909]
[2; 180; 62.2771245047495]
[2; 190; 71.0040371462697]
[2; 200; 81.87476382936137]
[2; 200; 91.53876878209651]
[2; 200; 105.69986559526068]
[2; 200; 129.45536829457575]
[2; 200; 183.07753756419302]


Jobs: [[1; 10; 0.9153876878209651], [1; 20; 1.8493624042082253], [2; 10; 0.9294353784395474], [2; 10; 0.9342636466614435], [1; 30; 2.81750385440878], [1; 40; 3.7968512568852617], [2; 20; 1.9087152736104902], [1; 40; 3.8383481314586194], [2; 30; 2.894710035589424], [2; 30; 2.91092702542244], [2; 30; 2.9274196617980346], [1; 60; 5.888391686094258], [2; 30; 2.9612637880205406], [1; 60; 5.957264106016893], [2; 30; 2.9963095497644137], [2; 30; 3.014305564720258], [2; 30; 3.0326297794858315], [1; 70; 7.119682016385284], [2; 40; 4.119566448896065], [2; 40; 4.145889825033605], [2; 40; 4.172724343525292], [2; 40; 4.200086763550468], [1; 80; 8.455989247620852], [2; 40; 4.256466289774063], [1; 90; 9.64242226006013], [2; 50; 5.431826590212011], [1; 100; 10.940975531160781], [2; 50; 5.509986385126834], [2; 50; 5.550353125405535], [1; 100; 11.18324051916903], [1; 110; 12.48938557956129], [1; 110; 12.686080917634158], [2; 60; 6.975261156460399], [2; 60; 7.032203008655051], [1; 120; 14.181125081015647], [1; 130; 15.62551795629243], [2; 70; 8.487224282444764], [1; 140; 17.125335519486168], [2; 70; 8.640159545212159], [1; 140; 17.43958807101361], [2; 70; 8.885900275987842], [1; 150; 19.2269872263022], [2; 80; 10.461573575096745], [1; 160; 21.139973119052136], [2; 80; 10.681841384102595], [2; 80; 10.79732410659451], [1; 160; 21.833270354496367], [2; 80; 11.039990902593175], [2; 80; 11.167625095421265], [2; 90; 12.712264807034567], [2; 90; 12.866358491416177], [2; 90; 13.026195160152408], [2; 90; 13.192140642001073], [2; 90; 13.36459424435278], [1; 190; 28.592873685216254], [2; 100; 15.256461463682752], [2; 100; 15.472875981759756], [1; 200; 31.39753866363362], [2; 100; 15.934854298657973], [2; 100; 16.18192103682197], [2; 100; 16.44084821426756], [2; 110; 18.38387780100812], [2; 110; 18.698154887832608], [2; 110; 19.029121376451233], [2; 120; 21.139973119052133], [2; 130; 23.33789841350841], [2; 140; 25.630855258987026], [2; 140; 26.159382106520418], [2; 150; 28.630729104157357], [2; 150; 29.27419661798035], [2; 160; 31.96063519748708], [2; 160; 32.74990553174455], [2; 160; 33.600694108403744], [2; 160; 34.52143154522021], [2; 170; 37.742401252757645], [2; 170; 38.90397673239102], [2; 170; 40.179854396211], [2; 170; 41.590100547323544], [2; 170; 43.1600870547981], [2; 180; 47.5649395178673], [2; 180; 49.67995906166928], [2; 180; 52.10478064060963], [2; 180; 54.923261269257914], [2; 180; 58.25491573255909], [2; 180; 62.2771245047495], [2; 190; 71.0040371462697], [2; 200; 81.87476382936137], [2; 200; 91.53876878209651], [2; 200; 105.69986559526068], [2; 200; 129.45536829457575], [2; 200; 183.07753756419302]];
Intervals[0.0=0.9153876878209651, 0.9153876878209651=2.7647500920291903, 2.7647500920291903=3.694185470468738, 3.694185470468738=4.628449117130181, 4.628449117130181=7.445952971538961, 7.445952971538961=11.242804228424223, 11.242804228424223=13.151519502034713, 13.151519502034713=16.989867633493333, 16.989867633493333=19.884577669082756, 19.884577669082756=22.795504694505198, 22.795504694505198=25.72292435630323, 25.72292435630323=31.61131604239749, 31.61131604239749=34.57257983041803, 34.57257983041803=40.52984393643492, 40.52984393643492=43.526153486199334, 43.526153486199334=46.540459050919594, 46.540459050919594=49.573088830405425, 49.573088830405425=56.69277084679071, 57.760565213341565=61.88013166223763, 61.88013166223763=66.02602148727124, 66.02602148727124=70.19874583079653, 70.19874583079653=74.398832594347, 74.398832594347=82.85482184196785, 82.85482184196785=87.11128813174192, 87.11128813174192=96.75371039180204, 96.8204407538351=102.25226734404711, 102.25226734404711=113.19324287520789, 113.19324287520789=118.70322926033472, 118.70322926033472=124.25358238574026, 124.25358238574026=135.4368229049093, 135.4368229049093=147.92620848447058, 147.92620848447058=160.61228940210475, 160.61228940210475=167.58755055856514, 167.58755055856514=174.6197535672202, 174.6197535672202=188.80087864823582, 188.80087864823582=204.42639660452826, 204.42639660452826=212.91362088697304, 212.91362088697304=230.0389564064592, 230.0389564064592=238.67911595167135, 238.67911595167135=256.11870402268494, 256.28245961597975=265.1683598919676, 265.1683598919676=284.3953471182698, 284.58666513615395=295.0482387112507, 295.0482387112507=316.1882118303028, 316.1882118303028=326.8700532144054, 326.8700532144054=337.6673773209999, 337.6673773209999=359.5006476754963, 359.5006476754963=370.54063857808944, 370.54063857808944=381.7082636735107, 381.7082636735107=394.4205284805453, 394.4205284805453=407.28688697196145, 407.28688697196145=420.31308213211383, 420.31308213211383=433.5052227741149, 433.5052227741149=446.86981701846764, 446.86981701846764=475.4626907036839, 475.4626907036839=490.71915216736664, 490.71915216736664=506.1920281491264, 506.1920281491264=537.58956681276, 537.58956681276=553.5244211114181, 553.5244211114181=569.7063421482401, 569.7063421482401=586.1471903625077, 586.1471903625077=604.5310681635158, 604.5310681635158=623.2292230513484, 623.2292230513484=642.2583444277997, 642.2583444277997=663.3983175468518, 663.3983175468518=686.7362159603601, 686.7362159603601=712.3670712193472, 712.3670712193472=738.5264533258676, 738.5264533258676=767.1571824300249, 767.1571824300249=796.4313790480053, 796.4313790480053=828.3920142454924, 828.3920142454924=861.1419197772369, 861.1419197772369=894.7426138856407, 894.7426138856407=929.264045430861, 929.264045430861=967.0064466836186, 967.0064466836186=1005.9104234160096, 1005.9104234160096=1046.0902778122206, 1046.0902778122206=1087.6803783595442, 1087.6803783595442=1130.8404654143424, 1130.8404654143424=1178.4054049322096, 1178.4054049322096=1228.085363993879, 1228.085363993879=1280.1901446344884, 1280.1901446344884=1335.1134059037463, 1335.1134059037463=1393.3683216363054, 1393.3683216363054=1455.645446141055, 1455.645446141055=1526.6494832873245, 1526.6494832873245=1608.524247116686, 1608.524247116686=1700.0630158987824, 1700.0630158987824=1805.762881494043, 1805.762881494043=1935.2182497886188, 1935.2182497886188=2118.2957873528117];

Jobs: [[1; 10; 0.9199992418827645], [2; 10; 0.9294353784395474], [2; 10; 0.9342636466614435], [1; 30; 2.8324509293467655], [2; 20; 1.9087152736104902], [2; 30; 2.894710035589424], [2; 30; 2.91092702542244], [2; 30; 2.9274196617980346], [2; 30; 2.9612637880205406], [2; 30; 2.9963095497644137], [2; 30; 3.014305564720258], [2; 30; 3.0326297794858315], [1; 80; 8.187476382936138], [2; 40; 4.119566448896065], [2; 40; 4.145889825033605], [2; 40; 4.172724343525292], [2; 40; 4.200086763550468], [2; 40; 4.256466289774063], [1; 90; 9.709152622093184], [2; 50; 5.431826590212011], [2; 50; 5.509986385126834], [2; 50; 5.550353125405535], [1; 100; 11.267643531800656], [1; 110; 12.586580707538271], [2; 60; 6.975261156460399], [2; 60; 7.032203008655051], [1; 120; 14.3007991443199], [2; 70; 8.487224282444764], [2; 70; 8.640159545212159], [1; 140; 17.603343664308397], [2; 70; 8.885900275987842], [1; 150; 19.418305244186367], [2; 80; 10.461573575096745], [2; 80; 10.681841384102595], [2; 80; 10.79732410659451], [2; 80; 11.039990902593175], [2; 80; 11.167625095421265], [2; 90; 12.712264807034567], [2; 90; 12.866358491416177], [2; 90; 13.026195160152408], [2; 90; 13.192140642001073], [2; 90; 13.36459424435278], [2; 100; 15.256461463682752], [2; 100; 15.472875981759756], [2; 100; 15.934854298657973], [2; 100; 16.18192103682197], [2; 100; 16.44084821426756], [2; 110; 18.38387780100812], [2; 110; 18.698154887832608], [2; 110; 19.029121376451233], [2; 120; 21.139973119052133], [2; 130; 23.33789841350841], [2; 140; 25.630855258987026], [2; 140; 26.159382106520418], [2; 150; 28.630729104157357], [2; 150; 29.27419661798035], [2; 160; 31.96063519748708], [2; 160; 32.74990553174455], [2; 160; 33.600694108403744], [2; 160; 34.52143154522021], [2; 170; 37.742401252757645], [2; 170; 38.90397673239102], [2; 170; 40.179854396211], [2; 170; 41.590100547323544], [2; 170; 43.1600870547981], [2; 180; 47.5649395178673], [2; 180; 49.67995906166928], [2; 180; 52.10478064060963], [2; 180; 54.923261269257914], [2; 180; 58.25491573255909], [2; 180; 62.2771245047495], [2; 190; 71.0040371462697], [2; 200; 81.87476382936137], [2; 200; 91.53876878209651], [2; 200; 105.69986559526068], [2; 200; 129.45536829457575], [2; 200; 183.07753756419302]];
Intervals[0.0=0.9199992418827645, 2.7647500920291903=3.694185470468738, 3.694185470468738=4.628449117130181, 4.628449117130181=7.460900046476946, 11.242804228424223=13.151519502034713, 16.989867633493333=19.884577669082756, 19.884577669082756=22.795504694505198, 22.795504694505198=25.72292435630323, 31.61131604239749=34.57257983041803, 40.52984393643492=43.526153486199334, 43.526153486199334=46.540459050919594, 46.540459050919594=49.573088830405425, 49.573088830405425=57.760565213341565, 57.760565213341565=61.88013166223763, 61.88013166223763=66.02602148727124, 66.02602148727124=70.19874583079653, 70.19874583079653=74.398832594347, 82.85482184196785=87.11128813174192, 87.11128813174192=96.8204407538351, 96.8204407538351=102.25226734404711, 113.19324287520789=118.70322926033472, 118.70322926033472=124.25358238574026, 124.25358238574026=135.5212259175409, 135.5212259175409=148.10780662507918, 160.61228940210475=167.58755055856514, 167.58755055856514=174.6197535672202, 174.6197535672202=188.9205527115401, 204.42639660452826=212.91362088697304, 230.0389564064592=238.67911595167135, 238.67911595167135=256.28245961597975, 256.28245961597975=265.1683598919676, 265.1683598919676=284.58666513615395, 284.58666513615395=295.0482387112507, 316.1882118303028=326.8700532144054, 326.8700532144054=337.6673773209999, 359.5006476754963=370.54063857808944, 370.54063857808944=381.7082636735107, 381.7082636735107=394.4205284805453, 394.4205284805453=407.28688697196145, 407.28688697196145=420.31308213211383, 420.31308213211383=433.5052227741149, 433.5052227741149=446.86981701846764, 475.4626907036839=490.71915216736664, 490.71915216736664=506.1920281491264, 537.58956681276=553.5244211114181, 553.5244211114181=569.7063421482401, 569.7063421482401=586.1471903625077, 586.1471903625077=604.5310681635158, 604.5310681635158=623.2292230513484, 623.2292230513484=642.2583444277997, 642.2583444277997=663.3983175468518, 663.3983175468518=686.7362159603601, 686.7362159603601=712.3670712193472, 712.3670712193472=738.5264533258676, 738.5264533258676=767.1571824300249, 767.1571824300249=796.4313790480053, 796.4313790480053=828.3920142454924, 828.3920142454924=861.1419197772369, 861.1419197772369=894.7426138856407, 894.7426138856407=929.264045430861, 929.264045430861=967.0064466836186, 967.0064466836186=1005.9104234160096, 1005.9104234160096=1046.0902778122206, 1046.0902778122206=1087.6803783595442, 1087.6803783595442=1130.8404654143424, 1130.8404654143424=1178.4054049322096, 1178.4054049322096=1228.085363993879, 1228.085363993879=1280.1901446344884, 1280.1901446344884=1335.1134059037463, 1335.1134059037463=1393.3683216363054, 1393.3683216363054=1455.645446141055, 1455.645446141055=1526.6494832873245, 1526.6494832873245=1608.524247116686, 1608.524247116686=1700.0630158987824, 1700.0630158987824=1805.762881494043, 1805.762881494043=1935.2182497886188, 1935.2182497886188=2118.2957873528117];
