1.1509390385361589
401781.2297700675
462425.702293437
[1; 20; 5.669435455281716]
[2; 10; 2.8489985118647265]
[1; 20; 5.726994651327348]
[2; 10; 2.8782197739964324]
[1; 20; 5.786343331284934]
[1; 20; 5.816718045663081]
[1; 20; 5.847576182870457]
[2; 10; 2.939465351759568]
[2; 10; 2.9553975299811794]
[1; 40; 11.886366441090898]
[1; 40; 11.952219390669278]
[1; 40; 12.019179126863024]
[2; 20; 6.043638501989792]
[1; 40; 12.156545634122695]
[1; 60; 18.340528429227778]
[2; 30; 9.224049216656882]
[1; 60; 18.557583658210635]
[1; 60; 18.669041619249324]
[1; 60; 18.78253227928807]
[1; 60; 18.898118184272388]
[1; 60; 19.01586460808608]
[1; 80; 25.514452943273934]
[1; 80; 25.67748625032239]
[1; 80; 25.843685307384572]
[2; 40; 13.006576956052374]
[2; 40; 13.093000345040428]
[1; 100; 32.95292423434948]
[1; 100; 33.17786148202945]
[1; 100; 33.40746879940952]
[1; 120; 40.37029206385355]
[1; 120; 40.65762872956483]
[1; 120; 40.951189427927744]
[2; 60; 20.62560107624847]
[1; 120; 41.55790676314221]
[1; 120; 41.87155579210311]
[1; 120; 42.19241531799095]
[1; 120; 42.52076591461287]
[2; 60; 21.42845184115382]
[1; 120; 43.201141370409644]
[1; 140; 50.8127778672646]
[2; 70; 25.617233950821277]
[1; 140; 51.66683394594386]
[1; 160; 59.554667676918335]
[2; 80; 30.037402827249686]
[1; 160; 60.6088144288369]
[1; 180; 68.80198687551291]
[1; 180; 69.4361199754192]
[2; 90; 35.0440583133685]
[2; 90; 35.37941579472419]
[1; 200; 79.38797555713259]
[1; 200; 80.17792511858285]
[1; 200; 80.9919350754531]
[1; 200; 81.8312521565027]
[1; 200; 82.69721544825295]
[2; 100; 41.795632691033305]
[1; 1040; 439.47775983132277]
[1; 1040; 444.44376785089736]
[1; 1040; 449.58201679218956]
[2; 540; 236.19947844883316]
[2; 540; 239.06260696571664]
[1; 1080; 484.0648853221057]
[1; 1080; 490.231565588537]
[1; 1080; 496.64009334506324]
[2; 540; 251.65335080917836]
[1; 1120; 529.1473091596268]
[1; 1120; 536.6533196572852]
[1; 1120; 544.4880891170503]
[1; 1120; 552.6763394026368]
[2; 560; 280.62273791504]
[2; 560; 285.11298683481004]
[1; 1120; 579.6518349397753]
[1; 1160; 610.6168858020737]
[1; 1160; 621.4251033934607]
[1; 1160; 632.8283500102874]
[1; 1160; 644.8833065450399]
[1; 1200; 680.332254633806]
[2; 600; 347.1805998770961]
[1; 1200; 709.2954071954832]
[2; 600; 362.61831011938744]
[1; 1200; 742.3033463284255]
[2; 620; 392.9945352337789]
[1; 1240; 806.4077712752471]
[1; 1240; 828.5052262253562]
[1; 1240; 852.5248444849368]
[2; 620; 439.381247784333]
[2; 640; 468.42942081501764]
[2; 640; 484.8705154306952]
[2; 640; 503.17391352496634]
[1; 1320; 1080.1725284658355]
[1; 1320; 1128.2034106984318]
[1; 1320; 1183.2697196762585]
[1; 1360; 1285.0720365305224]
[1; 1360; 1363.0247270159084]
[1; 1360; 1457.1347251984598]
[1; 1360; 1573.8853861095024]
[1; 1360; 1724.1050577998046]
[1; 1360; 1927.6080547957836]
[2; 680; 1112.9050293284367]
[1; 1400; 2806.2273791504]
[2; 700; 1984.3024093486006]


Jobs: [[1; 20; 5.669435455281716], [2; 10; 2.8489985118647265], [1; 20; 5.726994651327348], [2; 10; 2.8782197739964324], [1; 20; 5.786343331284934], [1; 20; 5.847576182870457], [2; 10; 2.939465351759568], [2; 10; 2.9553975299811794], [1; 40; 11.886366441090898], [1; 40; 12.019179126863024], [2; 20; 6.043638501989792], [1; 40; 12.156545634122695], [2; 30; 9.224049216656882], [1; 60; 18.557583658210635], [1; 60; 18.78253227928807], [1; 60; 19.01586460808608], [1; 80; 25.67748625032239], [2; 40; 13.006576956052374], [2; 40; 13.093000345040428], [1; 100; 32.95292423434948], [1; 100; 33.40746879940952], [1; 120; 40.65762872956483], [2; 60; 20.62560107624847], [1; 120; 41.55790676314221], [1; 120; 42.19241531799095], [2; 60; 21.42845184115382], [1; 120; 43.201141370409644], [2; 70; 25.617233950821277], [1; 140; 51.66683394594386], [2; 80; 30.037402827249686], [1; 160; 60.6088144288369], [1; 180; 69.4361199754192], [2; 90; 35.0440583133685], [2; 90; 35.37941579472419], [1; 200; 79.38797555713259], [1; 200; 80.9919350754531], [1; 200; 82.69721544825295], [2; 100; 41.795632691033305], [1; 1040; 439.47775983132277], [1; 1040; 449.58201679218956], [2; 540; 236.19947844883316], [2; 540; 239.06260696571664], [1; 1080; 484.0648853221057], [1; 1080; 496.64009334506324], [2; 540; 251.65335080917836], [1; 1120; 529.1473091596268], [1; 1120; 544.4880891170503], [2; 560; 280.62273791504], [2; 560; 285.11298683481004], [1; 1120; 579.6518349397753], [1; 1160; 621.4251033934607], [1; 1160; 644.8833065450399], [2; 600; 347.1805998770961], [1; 1200; 709.2954071954832], [2; 600; 362.61831011938744], [1; 1200; 742.3033463284255], [2; 620; 392.9945352337789], [1; 1240; 806.4077712752471], [1; 1240; 852.5248444849368], [2; 620; 439.381247784333], [2; 640; 468.42942081501764], [2; 640; 484.8705154306952], [2; 640; 503.17391352496634], [1; 1320; 1080.1725284658355], [1; 1320; 1183.2697196762585], [1; 1360; 1363.0247270159084], [1; 1360; 1573.8853861095024], [1; 1360; 1927.6080547957836], [2; 680; 1112.9050293284367], [1; 1400; 2806.2273791504], [2; 700; 1984.3024093486006]];
Intervals[0.0=5.669435455281716, 5.669435455281716=8.518433967146443, 8.518433967146443=14.245428618473792, 14.245428618473792=17.123648392470223, 17.123648392470223=22.909991723755155, 22.909991723755155=28.75756790662561, 28.75756790662561=31.69703325838518, 31.69703325838518=34.65243078836636, 34.65243078836636=46.53879722945726, 46.53879722945726=58.55797635632028, 58.55797635632028=64.60161485831007, 64.60161485831007=76.75816049243276, 82.94214328753785=92.16619250419473, 92.16619250419473=110.72377616240536, 110.72377616240536=129.50630844169342, 129.50630844169342=148.5221730497795, 148.5221730497795=174.19965930010187, 181.09149055837494=194.09806751442733, 194.09806751442733=207.19106785946775, 207.19106785946775=240.14399209381725, 240.14399209381725=273.55146089322676, 273.55146089322676=314.20908962279157, 321.6904108332785=342.316011909527, 342.316011909527=383.8739186726692, 383.8739186726692=426.06633399066015, 426.70833361624295=448.1367854573968, 448.1367854573968=491.3379268278064, 498.9495633246614=524.5667972754827, 524.5667972754827=576.2336312214265, 584.1214649524011=614.1588677796508, 614.1588677796508=674.7676822084877, 674.7676822084877=744.2038021839069, 744.2038021839069=779.2478604972754, 779.2478604972754=814.6272762919996, 814.6272762919996=894.0152518491321, 894.0152518491321=975.0071869245852, 975.0071869245852=1057.704402372838, 1057.704402372838=1099.5000350638713, 1099.5000350638713=1538.9777948951942, 1538.9777948951942=1988.5598116873837, 1988.5598116873837=2224.759290136217, 2224.759290136217=2463.8218971019332, 2463.8218971019332=2947.8867824240388, 2947.8867824240388=3444.526875769102, 3444.526875769102=3696.1802265782803, 3696.1802265782803=4225.327535737907, 4225.327535737907=4769.815624854958, 4785.509885638202=5066.1326235532415, 5066.1326235532415=5351.245610388051, 5351.245610388051=5930.897445327827, 5930.897445327827=6552.322548721288, 6552.322548721288=7197.2058552663275, 7275.023100834218=7622.203700711314, 7622.203700711314=8331.499107906797, 8331.499107906797=8694.117418026184, 8694.117418026184=9436.42076435461, 9436.42076435461=9829.415299588389, 9829.415299588389=10635.823070863637, 10635.823070863637=11488.347915348573, 11488.347915348573=11927.729163132906, 11927.729163132906=12396.158583947923, 12396.158583947923=12881.029099378618, 12881.029099378618=13384.203012903585, 13384.203012903585=14464.37554136942, 14464.37554136942=15647.645261045678, 15647.645261045678=17010.669988061585, 17010.669988061585=18584.555374171086, 18584.555374171086=20512.16342896687, 20512.16342896687=21625.068458295307, 21625.068458295307=24431.29583744571, 24431.29583744571=26415.59824679431];

Jobs: [[2; 10; 2.8489985118647265], [2; 10; 2.8782197739964324], [1; 20; 5.816718045663081], [2; 10; 2.939465351759568], [2; 10; 2.9553975299811794], [1; 40; 11.952219390669278], [2; 20; 6.043638501989792], [1; 60; 18.340528429227778], [2; 30; 9.224049216656882], [1; 60; 18.669041619249324], [1; 60; 18.898118184272388], [1; 80; 25.514452943273934], [1; 80; 25.843685307384572], [2; 40; 13.006576956052374], [2; 40; 13.093000345040428], [1; 100; 33.17786148202945], [1; 120; 40.37029206385355], [1; 120; 40.951189427927744], [2; 60; 20.62560107624847], [1; 120; 41.87155579210311], [1; 120; 42.52076591461287], [2; 60; 21.42845184115382], [1; 140; 50.8127778672646], [2; 70; 25.617233950821277], [1; 160; 59.554667676918335], [2; 80; 30.037402827249686], [1; 180; 68.80198687551291], [2; 90; 35.0440583133685], [2; 90; 35.37941579472419], [1; 200; 80.17792511858285], [1; 200; 81.8312521565027], [2; 100; 41.795632691033305], [1; 1040; 444.44376785089736], [2; 540; 236.19947844883316], [2; 540; 239.06260696571664], [1; 1080; 490.231565588537], [2; 540; 251.65335080917836], [1; 1120; 536.6533196572852], [1; 1120; 552.6763394026368], [2; 560; 280.62273791504], [2; 560; 285.11298683481004], [1; 1160; 610.6168858020737], [1; 1160; 632.8283500102874], [1; 1200; 680.332254633806], [2; 600; 347.1805998770961], [2; 600; 362.61831011938744], [2; 620; 392.9945352337789], [1; 1240; 828.5052262253562], [2; 620; 439.381247784333], [2; 640; 468.42942081501764], [2; 640; 484.8705154306952], [2; 640; 503.17391352496634], [1; 1320; 1128.2034106984318], [1; 1360; 1285.0720365305224], [1; 1360; 1457.1347251984598], [1; 1360; 1724.1050577998046], [2; 680; 1112.9050293284367], [2; 700; 1984.3024093486006]];
Intervals[5.669435455281716=8.518433967146443, 14.245428618473792=17.123648392470223, 17.123648392470223=22.940366438133303, 28.75756790662561=31.69703325838518, 31.69703325838518=34.65243078836636, 34.65243078836636=46.60465017903564, 58.55797635632028=64.60161485831007, 64.60161485831007=82.94214328753785, 82.94214328753785=92.16619250419473, 92.16619250419473=110.83523412344405, 110.83523412344405=129.73335230771644, 129.73335230771644=155.24780525099038, 155.24780525099038=181.09149055837494, 181.09149055837494=194.09806751442733, 194.09806751442733=207.19106785946775, 207.19106785946775=240.3689293414972, 240.3689293414972=280.73922140535075, 280.73922140535075=321.6904108332785, 321.6904108332785=342.316011909527, 342.316011909527=384.1875677016301, 384.1875677016301=426.70833361624295, 426.70833361624295=448.1367854573968, 448.1367854573968=498.9495633246614, 498.9495633246614=524.5667972754827, 524.5667972754827=584.1214649524011, 584.1214649524011=614.1588677796508, 614.1588677796508=682.9608546551638, 744.2038021839069=779.2478604972754, 779.2478604972754=814.6272762919996, 814.6272762919996=894.8052014105824, 894.8052014105824=976.6364535670851, 1057.704402372838=1099.5000350638713, 1099.5000350638713=1543.9438029147686, 1988.5598116873837=2224.759290136217, 2224.759290136217=2463.8218971019332, 2463.8218971019332=2954.05346269047, 3444.526875769102=3696.1802265782803, 3696.1802265782803=4232.833546235565, 4232.833546235565=4785.509885638202, 4785.509885638202=5066.1326235532415, 5066.1326235532415=5351.245610388051, 5351.245610388051=5961.862496190125, 5961.862496190125=6594.690846200412, 6594.690846200412=7275.023100834218, 7275.023100834218=7622.203700711314, 8331.499107906797=8694.117418026184, 9436.42076435461=9829.415299588389, 9829.415299588389=10657.920525813744, 11488.347915348573=11927.729163132906, 11927.729163132906=12396.158583947923, 12396.158583947923=12881.029099378618, 12881.029099378618=13384.203012903585, 13384.203012903585=14512.406423602017, 14512.406423602017=15797.47846013254, 15797.47846013254=17254.613185331, 17254.613185331=18978.718243130803, 20512.16342896687=21625.068458295307, 24431.29583744571=26415.59824679431];
