1.2868516031264383
58283.91543600025
75002.75001530269
[1; 20; 3.0537561248010685]
[2; 10; 1.542379759954849]
[2; 10; 1.5583633968044845]
[1; 20; 3.149708948012742]
[1; 20; 3.1837608451804904]
[1; 40; 6.437883182040521]
[1; 60; 9.765944900743811]
[1; 60; 9.878849748728538]
[2; 30; 4.997881641369968]
[2; 30; 5.058464236832872]
[2; 30; 5.121304711321141]
[1; 80; 13.830791711962592]
[2; 40; 7.0057970243296]
[1; 100; 17.74959694038001]
[1; 100; 17.99443053280657]
[2; 70; 12.774778402023289]
[2; 70; 12.961281382650252]
[2; 70; 13.15619880711615]
[2; 80; 15.268780624005341]
[1; 160; 31.026193254187625]
[1; 160; 31.539057639289165]
[2; 90; 18.044002060702113]
[2; 100; 20.40376636030015]
[1; 200; 41.556357248119575]
[1; 200; 42.34797804127871]
[2; 100; 21.593316639367885]
[2; 100; 22.03858650866707]
[2; 520; 117.06546193177363]
[1; 1080; 248.60037110436483]
[2; 560; 131.93734400673705]
[2; 560; 135.19554682285093]
[1; 1160; 287.32310184415974]
[1; 1160; 295.19642539743666]
[1; 1160; 303.75461576871925]
[2; 600; 161.94987479525915]
[1; 1200; 334.5222229346213]
[2; 600; 173.13169866137036]
[1; 1200; 359.33450931032615]
[2; 620; 193.23706120375604]
[1; 1280; 416.6803157650692]
[2; 640; 218.50900101636867]
[1; 1280; 460.6574216398482]
[2; 660; 251.93488029608815]
[2; 660; 269.329715955962]
[2; 660; 290.9093419144053]
[1; 1360; 656.664084568133]
[1; 1360; 734.1727657385081]
[2; 700; 436.3417511052556]
[1; 1400; 1068.814643680374]
[2; 700; 755.7660823778759]


Jobs: [[1; 20; 3.0537561248010685], [2; 10; 1.542379759954849], [2; 10; 1.5583633968044845], [1; 20; 3.149708948012742], [1; 40; 6.437883182040521], [1; 60; 9.878849748728538], [2; 30; 4.997881641369968], [2; 30; 5.058464236832872], [2; 30; 5.121304711321141], [1; 80; 13.830791711962592], [2; 40; 7.0057970243296], [1; 100; 17.74959694038001], [2; 70; 12.774778402023289], [2; 70; 12.961281382650252], [2; 70; 13.15619880711615], [2; 80; 15.268780624005341], [1; 160; 31.026193254187625], [2; 90; 18.044002060702113], [2; 100; 20.40376636030015], [1; 200; 41.556357248119575], [2; 100; 21.593316639367885], [2; 100; 22.03858650866707], [2; 520; 117.06546193177363], [1; 1080; 248.60037110436483], [2; 560; 131.93734400673705], [2; 560; 135.19554682285093], [1; 1160; 287.32310184415974], [1; 1160; 303.75461576871925], [2; 600; 161.94987479525915], [1; 1200; 334.5222229346213], [2; 600; 173.13169866137036], [1; 1200; 359.33450931032615], [2; 620; 193.23706120375604], [1; 1280; 416.6803157650692], [2; 640; 218.50900101636867], [1; 1280; 460.6574216398482], [2; 660; 251.93488029608815], [2; 660; 269.329715955962], [2; 660; 290.9093419144053], [1; 1360; 656.664084568133], [2; 700; 436.3417511052556], [1; 1400; 1068.814643680374], [2; 700; 755.7660823778759]];
Intervals[0.0=3.0537561248010685, 3.0537561248010685=4.596135884755918, 4.596135884755918=6.154499281560402, 6.154499281560402=9.304208229573144, 9.304208229573144=15.742091411613664, 15.742091411613664=25.620941160342202, 25.620941160342202=30.61882280171217, 30.61882280171217=35.677287038545046, 35.677287038545046=40.79859174986619, 40.79859174986619=54.62938346182878, 54.62938346182878=61.63518048615838, 61.63518048615838=79.38477742653839, 79.62961101896495=92.40438942098824, 92.40438942098824=105.3656708036385, 105.3656708036385=118.52186961075465, 118.52186961075465=133.79065023476, 133.79065023476=164.81684348894763, 165.32970787404915=183.37370993475128, 183.37370993475128=203.77747629505143, 203.77747629505143=245.333833543171, 246.12545433633014=267.718770975698, 267.718770975698=289.7573574843651, 289.7573574843651=406.8228194161387, 406.8228194161387=655.4231905205036, 655.4231905205036=787.3605345272406, 787.3605345272406=922.5560813500915, 922.5560813500915=1209.8791831942513, 1209.8791831942513=1513.6337989629706, 1513.6337989629706=1675.5836737582297, 1675.5836737582297=2010.105896692851, 2010.105896692851=2183.2375953542214, 2183.2375953542214=2542.5721046645476, 2542.5721046645476=2735.809165868304, 2735.809165868304=3152.489481633373, 3152.489481633373=3370.9984826497416, 3370.9984826497416=3831.6559042895897, 3831.6559042895897=4083.5907845856777, 4083.5907845856777=4352.92050054164, 4352.92050054164=4643.829842456045, 4643.829842456045=5300.493927024178, 5378.002608194553=5814.344359299809, 5814.344359299809=6883.159002980183, 6883.159002980183=7638.925085358059];

Jobs: [[2; 10; 1.542379759954849], [2; 10; 1.5583633968044845], [1; 20; 3.1837608451804904], [1; 60; 9.765944900743811], [2; 30; 4.997881641369968], [2; 30; 5.058464236832872], [2; 30; 5.121304711321141], [2; 40; 7.0057970243296], [1; 100; 17.99443053280657], [2; 70; 12.774778402023289], [2; 70; 12.961281382650252], [2; 70; 13.15619880711615], [2; 80; 15.268780624005341], [1; 160; 31.539057639289165], [2; 90; 18.044002060702113], [2; 100; 20.40376636030015], [1; 200; 42.34797804127871], [2; 100; 21.593316639367885], [2; 100; 22.03858650866707], [2; 520; 117.06546193177363], [2; 560; 131.93734400673705], [2; 560; 135.19554682285093], [1; 1160; 295.19642539743666], [2; 600; 161.94987479525915], [2; 600; 173.13169866137036], [2; 620; 193.23706120375604], [2; 640; 218.50900101636867], [2; 660; 251.93488029608815], [2; 660; 269.329715955962], [2; 660; 290.9093419144053], [1; 1360; 734.1727657385081], [2; 700; 436.3417511052556], [2; 700; 755.7660823778759]];
Intervals[3.0537561248010685=4.596135884755918, 4.596135884755918=6.154499281560402, 6.154499281560402=9.338260126740892, 9.338260126740892=19.104205027484703, 25.620941160342202=30.61882280171217, 30.61882280171217=35.677287038545046, 35.677287038545046=40.79859174986619, 54.62938346182878=61.63518048615838, 61.63518048615838=79.62961101896495, 79.62961101896495=92.40438942098824, 92.40438942098824=105.3656708036385, 105.3656708036385=118.52186961075465, 118.52186961075465=133.79065023476, 133.79065023476=165.32970787404915, 165.32970787404915=183.37370993475128, 183.37370993475128=203.77747629505143, 203.77747629505143=246.12545433633014, 246.12545433633014=267.718770975698, 267.718770975698=289.7573574843651, 289.7573574843651=406.8228194161387, 655.4231905205036=787.3605345272406, 787.3605345272406=922.5560813500915, 922.5560813500915=1217.752506747528, 1513.6337989629706=1675.5836737582297, 2010.105896692851=2183.2375953542214, 2542.5721046645476=2735.809165868304, 3152.489481633373=3370.9984826497416, 3831.6559042895897=4083.5907845856777, 4083.5907845856777=4352.92050054164, 4352.92050054164=4643.829842456045, 4643.829842456045=5378.002608194553, 5378.002608194553=5814.344359299809, 6883.159002980183=7638.925085358059];
