1.1779180834579845
12898.836695711945
15193.772999450535
[1; 20; 1.015828201841707]
[1; 20; 1.0209457566576832]
[2; 10; 0.5130707214591486]
[1; 20; 1.0314172691745571]
[1; 20; 1.036775317017142]
[2; 10; 0.52110887226359]
[2; 10; 0.5238733949642012]
[2; 10; 0.5266823877273593]
[1; 20; 1.059074111448377]
[2; 10; 0.5324386503525769]
[2; 10; 0.5353884715421743]
[2; 10; 0.5383878702014412]
[2; 10; 0.541438250817209]
[2; 10; 0.5445410742181157]
[1; 20; 1.0953957210285343]
[2; 10; 0.5509101922265595]
[1; 20; 1.1083594352405957]
[2; 10; 0.5575081542590639]
[1; 40; 2.2435891711849387]
[2; 20; 1.128698002046341]
[2; 20; 1.135730456389717]
[1; 40; 2.2857920386230868]
[1; 40; 2.3003978871635313]
[1; 40; 2.3152873493167676]
[2; 20; 1.1652348620596418]
[2; 20; 1.172977371567446]
[2; 20; 1.180876298334783]
[2; 20; 1.1889369809773587]
[2; 20; 1.1971650167380132]
[2; 30; 1.808349416732672]
[2; 30; 1.8212203935148819]
[1; 60; 3.6687403400189056]
[1; 60; 3.695617917948189]
[2; 30; 1.86154750470699]
[1; 60; 3.7511942383065078]
[1; 60; 3.77993944211007]
[2; 30; 1.9046778784532006]
[1; 60; 3.8394697097701167]
[2; 30; 1.935154659664079]
[2; 40; 2.601269470233125]
[2; 40; 2.6228571388938384]
[1; 80; 5.289982693655215]
[1; 80; 5.33539110328563]
[1; 80; 5.3819892902341655]
[1; 80; 5.42983013587759]
[1; 80; 5.478969871743691]
[1; 80; 5.529468357424759]
[1; 80; 5.581389387198383]
[1; 80; 5.634801028927166]
[2; 40; 2.844887999665855]
[1; 80; 5.746392080342463]
[2; 50; 3.627957863720382]
[1; 100; 7.331108572296538]
[2; 50; 3.7043443006240526]
[2; 50; 3.7443924299213243]
[2; 50; 3.785768187965723]
[1; 100; 7.657093174932623]
[1; 100; 7.745617424220044]
[1; 100; 7.837284726507172]
[1; 100; 7.932285585707881]
[2; 50; 4.015413536566307]
[2; 60; 4.879880836321618]
[1; 120; 9.887345671648129]
[1; 120; 10.020067659539922]
[1; 120; 10.15828201841707]
[1; 120; 10.302378322316844]
[1; 120; 10.452785961822697]
[1; 120; 10.60997953381775]
[2; 60; 5.387242575321058]
[1; 140; 12.771369169936682]
[1; 140; 12.982480482967658]
[1; 140; 13.204419302954758]
[2; 70; 6.719071992097705]
[1; 140; 13.684736001620204]
[1; 140; 13.94542106366967]
[1; 140; 14.221594825783898]
[2; 70; 7.257427219119996]
[2; 80; 8.472592891587016]
[1; 160; 17.326024026150687]
[2; 80; 8.866875481924765]
[1; 160; 18.171687302235473]
[2; 80; 9.321878896477134]
[2; 80; 9.577320133904106]
[2; 80; 9.854981114528504]
[1; 160; 20.31656403683414]
[2; 90; 11.802857125022273]
[2; 90; 12.217117805724579]
[1; 180; 25.356604630172246]
[2; 90; 13.195995430133767]
[1; 180; 27.565535429757446]
[2; 90; 14.455488731638702]
[1; 180; 30.47484605525121]
[1; 180; 32.32345545192636]
[1; 200; 38.39469709770117]
[2; 100; 20.735506340342845]
[2; 100; 22.71460912779434]
[1; 200; 50.79141009208535]
[2; 100; 29.32443428918615]
[2; 100; 35.91495050214039]
[2; 100; 50.79141009208535]


Jobs: [[1; 20; 1.015828201841707], [2; 10; 0.5130707214591486], [1; 20; 1.0314172691745571], [2; 10; 0.52110887226359], [2; 10; 0.5238733949642012], [2; 10; 0.5266823877273593], [1; 20; 1.059074111448377], [2; 10; 0.5324386503525769], [2; 10; 0.5353884715421743], [2; 10; 0.5383878702014412], [2; 10; 0.541438250817209], [2; 10; 0.5445410742181157], [1; 20; 1.0953957210285343], [2; 10; 0.5509101922265595], [1; 20; 1.1083594352405957], [2; 10; 0.5575081542590639], [1; 40; 2.2435891711849387], [2; 20; 1.128698002046341], [2; 20; 1.135730456389717], [1; 40; 2.2857920386230868], [1; 40; 2.3152873493167676], [2; 20; 1.1652348620596418], [2; 20; 1.172977371567446], [2; 20; 1.180876298334783], [2; 20; 1.1889369809773587], [2; 20; 1.1971650167380132], [2; 30; 1.808349416732672], [2; 30; 1.8212203935148819], [1; 60; 3.6687403400189056], [2; 30; 1.86154750470699], [1; 60; 3.7511942383065078], [2; 30; 1.9046778784532006], [1; 60; 3.8394697097701167], [2; 30; 1.935154659664079], [2; 40; 2.601269470233125], [2; 40; 2.6228571388938384], [1; 80; 5.289982693655215], [1; 80; 5.3819892902341655], [1; 80; 5.478969871743691], [1; 80; 5.581389387198383], [2; 40; 2.844887999665855], [1; 80; 5.746392080342463], [2; 50; 3.627957863720382], [1; 100; 7.331108572296538], [2; 50; 3.7043443006240526], [2; 50; 3.7443924299213243], [2; 50; 3.785768187965723], [1; 100; 7.657093174932623], [1; 100; 7.837284726507172], [2; 50; 4.015413536566307], [2; 60; 4.879880836321618], [1; 120; 9.887345671648129], [1; 120; 10.15828201841707], [1; 120; 10.452785961822697], [2; 60; 5.387242575321058], [1; 140; 12.771369169936682], [1; 140; 13.204419302954758], [2; 70; 6.719071992097705], [1; 140; 13.684736001620204], [1; 140; 14.221594825783898], [2; 70; 7.257427219119996], [2; 80; 8.472592891587016], [1; 160; 17.326024026150687], [2; 80; 8.866875481924765], [1; 160; 18.171687302235473], [2; 80; 9.321878896477134], [2; 80; 9.577320133904106], [2; 80; 9.854981114528504], [1; 160; 20.31656403683414], [2; 90; 11.802857125022273], [2; 90; 12.217117805724579], [1; 180; 25.356604630172246], [2; 90; 13.195995430133767], [1; 180; 27.565535429757446], [2; 90; 14.455488731638702], [1; 180; 30.47484605525121], [1; 200; 38.39469709770117], [2; 100; 20.735506340342845], [2; 100; 22.71460912779434], [1; 200; 50.79141009208535], [2; 100; 29.32443428918615], [2; 100; 35.91495050214039], [2; 100; 50.79141009208535]];
Intervals[0.0=1.015828201841707, 1.0209457566576832=1.5340164781168317, 1.5340164781168317=2.565433747291389, 2.5707917951339736=3.0919006673975638, 3.0919006673975638=3.6157740623617647, 3.6157740623617647=4.142456450089124, 4.142456450089124=5.201530561537501, 5.201530561537501=5.733969211890078, 5.733969211890078=6.269357683432252, 6.269357683432252=6.807745553633693, 6.807745553633693=7.349183804450902, 7.349183804450902=7.893724878669018, 7.893724878669018=8.989120599697552, 8.989120599697552=9.540030791924112, 9.540030791924112=10.648390227164708, 10.648390227164708=11.205898381423772, 11.205898381423772=13.44948755260871, 13.44948755260871=14.578185554655052, 14.578185554655052=15.71391601104477, 15.71391601104477=17.999708049667856, 17.999708049667856=20.314995398984625, 20.314995398984625=21.480230261044266, 21.480230261044266=22.65320763261171, 22.65320763261171=23.834083930946495, 23.834083930946495=25.023020911923854, 25.023020911923854=26.220185928661866, 26.220185928661866=28.028535345394538, 28.028535345394538=29.84975573890942, 29.84975573890942=33.51849607892832, 33.545373656857606=35.4069211615646, 35.4069211615646=39.15811539987111, 39.18686060367467=41.091538482127866, 41.091538482127866=44.93100819189798, 44.93100819189798=46.86616285156206, 46.86616285156206=49.46743232179519, 49.46743232179519=52.09028946068902, 52.09028946068902=57.38027215434424, 57.38027215434424=62.76226144457841, 62.76226144457841=68.2412313163221, 68.2412313163221=73.82262070352049, 74.01978008620416=76.86466808587002, 76.86466808587002=82.61106016621248, 82.61106016621248=86.23901802993286, 86.23901802993286=93.57012660222941, 93.57012660222941=97.27447090285347, 97.27447090285347=101.01886333277479, 101.01886333277479=104.80463152074051, 104.80463152074051=112.46172469567314, 112.46172469567314=120.29900942218032, 120.48253453066843=124.49794806723474, 124.49794806723474=129.37782890355635, 129.37782890355635=139.26517457520447, 139.26517457520447=149.42345659362155, 149.42345659362155=159.87624255544424, 160.3102544192309=165.69749699455195, 165.69749699455195=178.46886616448865, 178.46886616448865=191.6732854674434, 191.6732854674434=198.3923574595411, 198.3923574595411=212.0770934611613, 212.0770934611613=226.2986882869452, 226.2986882869452=233.5561155060652, 233.5561155060652=242.02870839765222, 242.02870839765222=259.3547324238029, 259.3547324238029=268.22160790572764, 268.22160790572764=286.3932952079631, 286.3932952079631=295.7151741044402, 295.7151741044402=305.2924942383443, 305.2924942383443=315.14747535287285, 315.14747535287285=335.464039389707, 335.464039389707=347.2668965147293, 347.2668965147293=359.48401432045387, 359.48401432045387=384.8406189506261, 384.8406189506261=398.0366143807599, 398.0366143807599=425.60214981051735, 425.60214981051735=440.05763854215604, 440.05763854215604=470.53248459740723, 470.53248459740723=508.9271816951084, 508.9271816951084=529.6626880354512, 529.6626880354512=552.3772971632455, 552.3772971632455=603.1687072553309, 603.1687072553309=632.493141544517, 632.493141544517=668.4080920466574, 668.4080920466574=719.1995021387428];

Jobs: [[1; 20; 1.0209457566576832], [2; 10; 0.5130707214591486], [1; 20; 1.036775317017142], [2; 10; 0.52110887226359], [2; 10; 0.5238733949642012], [2; 10; 0.5266823877273593], [2; 10; 0.5324386503525769], [2; 10; 0.5353884715421743], [2; 10; 0.5383878702014412], [2; 10; 0.541438250817209], [2; 10; 0.5445410742181157], [2; 10; 0.5509101922265595], [2; 10; 0.5575081542590639], [2; 20; 1.128698002046341], [2; 20; 1.135730456389717], [1; 40; 2.3003978871635313], [2; 20; 1.1652348620596418], [2; 20; 1.172977371567446], [2; 20; 1.180876298334783], [2; 20; 1.1889369809773587], [2; 20; 1.1971650167380132], [2; 30; 1.808349416732672], [2; 30; 1.8212203935148819], [1; 60; 3.695617917948189], [2; 30; 1.86154750470699], [1; 60; 3.77993944211007], [2; 30; 1.9046778784532006], [2; 30; 1.935154659664079], [2; 40; 2.601269470233125], [2; 40; 2.6228571388938384], [1; 80; 5.33539110328563], [1; 80; 5.42983013587759], [1; 80; 5.529468357424759], [1; 80; 5.634801028927166], [2; 40; 2.844887999665855], [2; 50; 3.627957863720382], [2; 50; 3.7043443006240526], [2; 50; 3.7443924299213243], [2; 50; 3.785768187965723], [1; 100; 7.745617424220044], [1; 100; 7.932285585707881], [2; 50; 4.015413536566307], [2; 60; 4.879880836321618], [1; 120; 10.020067659539922], [1; 120; 10.302378322316844], [1; 120; 10.60997953381775], [2; 60; 5.387242575321058], [1; 140; 12.982480482967658], [2; 70; 6.719071992097705], [1; 140; 13.94542106366967], [2; 70; 7.257427219119996], [2; 80; 8.472592891587016], [2; 80; 8.866875481924765], [2; 80; 9.321878896477134], [2; 80; 9.577320133904106], [2; 80; 9.854981114528504], [2; 90; 11.802857125022273], [2; 90; 12.217117805724579], [2; 90; 13.195995430133767], [2; 90; 14.455488731638702], [1; 180; 32.32345545192636], [2; 100; 20.735506340342845], [2; 100; 22.71460912779434], [2; 100; 29.32443428918615], [2; 100; 35.91495050214039], [2; 100; 50.79141009208535]];
Intervals[0.0=1.0209457566576832, 1.0209457566576832=1.5340164781168317, 1.5340164781168317=2.5707917951339736, 2.5707917951339736=3.0919006673975638, 3.0919006673975638=3.6157740623617647, 3.6157740623617647=4.142456450089124, 5.201530561537501=5.733969211890078, 5.733969211890078=6.269357683432252, 6.269357683432252=6.807745553633693, 6.807745553633693=7.349183804450902, 7.349183804450902=7.893724878669018, 8.989120599697552=9.540030791924112, 10.648390227164708=11.205898381423772, 13.44948755260871=14.578185554655052, 14.578185554655052=15.71391601104477, 15.71391601104477=18.0143138982083, 20.314995398984625=21.480230261044266, 21.480230261044266=22.65320763261171, 22.65320763261171=23.834083930946495, 23.834083930946495=25.023020911923854, 25.023020911923854=26.220185928661866, 26.220185928661866=28.028535345394538, 28.028535345394538=29.84975573890942, 29.84975573890942=33.545373656857606, 33.545373656857606=35.4069211615646, 35.4069211615646=39.18686060367467, 39.18686060367467=41.091538482127866, 44.93100819189798=46.86616285156206, 46.86616285156206=49.46743232179519, 49.46743232179519=52.09028946068902, 52.09028946068902=57.42568056397465, 57.42568056397465=62.85551069985224, 62.85551069985224=68.384979057277, 68.384979057277=74.01978008620416, 74.01978008620416=76.86466808587002, 82.61106016621248=86.23901802993286, 93.57012660222941=97.27447090285347, 97.27447090285347=101.01886333277479, 101.01886333277479=104.80463152074051, 104.80463152074051=112.55024894496056, 112.55024894496056=120.48253453066843, 120.48253453066843=124.49794806723474, 124.49794806723474=129.37782890355635, 129.37782890355635=139.39789656309628, 139.39789656309628=149.70027488541314, 149.70027488541314=160.3102544192309, 160.3102544192309=165.69749699455195, 165.69749699455195=178.6799774775196, 191.6732854674434=198.3923574595411, 198.3923574595411=212.33777852321077, 226.2986882869452=233.5561155060652, 233.5561155060652=242.02870839765222, 259.3547324238029=268.22160790572764, 286.3932952079631=295.7151741044402, 295.7151741044402=305.2924942383443, 305.2924942383443=315.14747535287285, 335.464039389707=347.2668965147293, 347.2668965147293=359.48401432045387, 384.8406189506261=398.0366143807599, 425.60214981051735=440.05763854215604, 440.05763854215604=472.3810939940824, 508.9271816951084=529.6626880354512, 529.6626880354512=552.3772971632455, 603.1687072553309=632.493141544517, 632.493141544517=668.4080920466574, 668.4080920466574=719.1995021387428];
