1.1284779099391526
438279.1362394325
494588.3236334119
[1; 20; 5.9213453622597125]
[1; 20; 5.951176006280769]
[1; 20; 5.98146208485908]
[1; 20; 6.0122153060021395]
[2; 10; 3.0217239017358137]
[1; 40; 12.15034431379658]
[1; 40; 12.214802826141277]
[2; 20; 6.140149108479353]
[1; 40; 12.34685858641161]
[2; 30; 9.310884834375766]
[2; 30; 9.362469078607763]
[1; 60; 18.82984059234236]
[2; 30; 9.468263047670566]
[2; 30; 9.52252287897342]
[2; 40; 12.770301830155667]
[1; 80; 25.690403206747515]
[1; 80; 25.842869846219852]
[1; 80; 25.99808367327289]
[1; 80; 26.1561281908222]
[2; 40; 13.158545249466028]
[1; 100; 33.101326870664586]
[2; 50; 16.655085060707066]
[2; 50; 16.76150841231321]
[2; 50; 16.86999827249301]
[2; 60; 20.37674687675789]
[1; 120; 41.024284066384645]
[2; 60; 20.650272496480703]
[1; 120; 41.58246324860184]
[1; 120; 41.87023459401357]
[1; 120; 42.16406440656638]
[1; 120; 42.46416829633402]
[1; 120; 42.77077277106591]
[1; 120; 43.08411595474952]
[2; 70; 25.319261546216882]
[2; 70; 25.510353023543676]
[1; 140; 51.41167502932467]
[1; 140; 51.81177191977248]
[1; 140; 52.22135751821623]
[2; 70; 26.320406455664035]
[2; 80; 30.32602340755429]
[2; 80; 30.57769596689919]
[1; 180; 69.38041538285495]
[2; 90; 34.9879831761953]
[1; 180; 70.58712176703021]
[1; 180; 71.21457518894573]
[1; 180; 71.85906411899138]
[1; 180; 72.52137364165954]
[1; 180; 73.20234044654536]
[1; 180; 73.90285727316329]
[1; 180; 74.62387783281505]
[2; 90; 37.68321113461221]
[2; 100; 42.2953240161408]
[2; 100; 42.73362923581734]
[1; 200; 86.37169909221102]
[1; 1040; 453.988466505756]
[1; 1040; 459.0050659398823]
[1; 1040; 464.1917284899001]
[1; 1040; 469.55828513890674]
[1; 1040; 475.1153813531685]
[1; 1040; 480.8745659461901]
[1; 1040; 486.8483920876037]
[2; 540; 256.0070072432599]
[1; 1080; 518.707292222783]
[1; 1080; 525.6701177620162]
[2; 540; 266.46054130168704]
[1; 1080; 540.4806244761227]
[2; 540; 274.1856349772782]
[1; 1080; 556.617917213809]
[1; 1080; 565.248167019183]
[2; 560; 297.7814062141796]
[2; 560; 302.70374639756943]
[1; 1120; 615.7570885244436]
[1; 1120; 626.6562902185947]
[2; 580; 330.4733994236541]
[1; 1160; 673.5373930135754]
[1; 1160; 686.8760620221267]
[1; 1200; 725.2137364165953]
[1; 1240; 765.5052323575197]
[2; 620; 391.3548726370501]
[2; 620; 400.5644826164077]
[1; 1280; 847.3939678890135]
[1; 1280; 869.40786674167]
[1; 1280; 893.2316713389562]
[2; 640; 459.5639035173283]
[1; 1320; 977.0219847728525]
[1; 1320; 1009.0639669076729]
[1; 1320; 1044.4804361045374]
[1; 1360; 1116.7542876833563]
[1; 1360; 1162.3547152142316]
[1; 1360; 1214.0399052812768]
[1; 1360; 1273.2957946906556]
[2; 680; 671.0858077227673]
[1; 1360; 1423.587976196461]
[2; 680; 760.9397809797221]
[1; 1360; 1643.817802544283]
[1; 1400; 1853.6743047572168]
[1; 1400; 2072.470876790899]
[1; 1400; 2393.083237205771]
[1; 1400; 2930.916421580949]
[2; 700; 2072.470876790899]


Jobs: [[1; 20; 5.9213453622597125], [1; 20; 5.98146208485908], [2; 10; 3.0217239017358137], [1; 40; 12.15034431379658], [2; 20; 6.140149108479353], [1; 40; 12.34685858641161], [2; 30; 9.310884834375766], [2; 30; 9.362469078607763], [1; 60; 18.82984059234236], [2; 30; 9.468263047670566], [2; 30; 9.52252287897342], [2; 40; 12.770301830155667], [1; 80; 25.690403206747515], [1; 80; 25.99808367327289], [2; 40; 13.158545249466028], [1; 100; 33.101326870664586], [2; 50; 16.655085060707066], [2; 50; 16.76150841231321], [2; 50; 16.86999827249301], [2; 60; 20.37674687675789], [1; 120; 41.024284066384645], [2; 60; 20.650272496480703], [1; 120; 41.58246324860184], [1; 120; 42.16406440656638], [1; 120; 42.77077277106591], [2; 70; 25.319261546216882], [2; 70; 25.510353023543676], [1; 140; 51.41167502932467], [1; 140; 52.22135751821623], [2; 70; 26.320406455664035], [2; 80; 30.32602340755429], [2; 80; 30.57769596689919], [1; 180; 69.38041538285495], [2; 90; 34.9879831761953], [1; 180; 70.58712176703021], [1; 180; 71.85906411899138], [1; 180; 73.20234044654536], [1; 180; 74.62387783281505], [2; 90; 37.68321113461221], [2; 100; 42.2953240161408], [2; 100; 42.73362923581734], [1; 200; 86.37169909221102], [1; 1040; 459.0050659398823], [1; 1040; 469.55828513890674], [1; 1040; 480.8745659461901], [2; 540; 256.0070072432599], [1; 1080; 518.707292222783], [2; 540; 266.46054130168704], [1; 1080; 540.4806244761227], [2; 540; 274.1856349772782], [1; 1080; 556.617917213809], [2; 560; 297.7814062141796], [2; 560; 302.70374639756943], [1; 1120; 615.7570885244436], [2; 580; 330.4733994236541], [1; 1160; 673.5373930135754], [1; 1200; 725.2137364165953], [2; 620; 391.3548726370501], [2; 620; 400.5644826164077], [1; 1280; 847.3939678890135], [1; 1280; 893.2316713389562], [2; 640; 459.5639035173283], [1; 1320; 977.0219847728525], [1; 1320; 1044.4804361045374], [1; 1360; 1162.3547152142316], [1; 1360; 1273.2957946906556], [2; 680; 671.0858077227673], [1; 1360; 1423.587976196461], [2; 680; 760.9397809797221], [1; 1360; 1643.817802544283], [1; 1400; 2072.470876790899], [1; 1400; 2930.916421580949], [2; 700; 2072.470876790899]];
Intervals[0.0=5.9213453622597125, 5.9213453622597125=11.902807447118793, 11.963391312282909=14.985115214018723, 14.985115214018723=27.135459527815303, 27.19991804016=33.34006714863935, 33.34006714863935=45.68692573505096, 45.68692573505096=54.99781056942673, 54.99781056942673=64.36027964803449, 64.36027964803449=83.19012024037686, 83.19012024037686=92.65838328804742, 92.65838328804742=102.18090616702084, 102.18090616702084=114.95120799717651, 114.95120799717651=140.64161120392401, 140.64161120392401=166.63969487719692, 166.95020603421858=180.1087512836846, 180.1087512836846=213.2100781543492, 213.2100781543492=229.86516321505627, 229.86516321505627=246.6266716273695, 246.6266716273695=263.4966698998625, 263.4966698998625=283.8734167766204, 283.8734167766204=324.89770084300505, 324.89770084300505=345.54797333948574, 345.54797333948574=387.1304365880876, 387.1304365880876=429.29450099465396, 429.29450099465396=472.0652737657199, 472.9664921845828=498.2857537307997, 498.2857537307997=523.7961067543433, 523.7961067543433=575.207781783668, 575.207781783668=627.4291393018842, 627.4291393018842=653.7495457575483, 653.7495457575483=684.0755691651026, 684.0755691651026=714.6532651320018, 714.6532651320018=784.0336805148568, 784.0336805148568=819.021663691052, 819.021663691052=889.6087854580823, 889.6087854580823=961.4678495770736, 961.4678495770736=1034.670190023619, 1034.670190023619=1109.294067856434, 1109.294067856434=1146.9772789910462, 1146.9772789910462=1189.272603007187, 1189.272603007187=1232.0062322430042, 1232.0062322430042=1318.3779313352152, 1318.3779313352152=1777.3829972750975, 1777.3829972750975=2246.9412824140045, 2246.9412824140045=2727.8158483601947, 3112.1502006794326=3368.1572079226926, 3368.1572079226926=3886.8645001454756, 3893.8273256847087=4160.287866986396, 4160.287866986396=4700.768491462519, 4700.768491462519=4974.954126439797, 4974.954126439797=5531.572043653606, 5540.2022934589795=5837.983699673159, 5837.983699673159=6140.687446070729, 6140.687446070729=6756.444534595172, 6767.343736289324=7097.817135712978, 7097.817135712978=7771.354528726553, 7771.354528726553=8496.568265143149, 8550.198430092623=8941.553302729673, 8941.553302729673=9342.117785346081, 9342.117785346081=10189.511753235094, 10189.511753235094=11082.74342457405, 11082.74342457405=11542.307328091378, 11542.307328091378=12519.32931286423, 12519.32931286423=13563.809748968768, 13563.809748968768=14726.164464182999, 14726.164464182999=15999.460258873654, 15999.460258873654=16670.54606659642, 16670.54606659642=18094.13404279288, 18094.13404279288=18855.073823772604, 18855.073823772604=20498.891626316887, 20498.891626316887=22571.362503107786, 22571.362503107786=25502.278924688737, 25502.278924688737=27574.749801479637];

Jobs: [[1; 20; 5.951176006280769], [1; 20; 6.0122153060021395], [2; 10; 3.0217239017358137], [1; 40; 12.214802826141277], [2; 20; 6.140149108479353], [2; 30; 9.310884834375766], [2; 30; 9.362469078607763], [2; 30; 9.468263047670566], [2; 30; 9.52252287897342], [2; 40; 12.770301830155667], [1; 80; 25.842869846219852], [1; 80; 26.1561281908222], [2; 40; 13.158545249466028], [2; 50; 16.655085060707066], [2; 50; 16.76150841231321], [2; 50; 16.86999827249301], [2; 60; 20.37674687675789], [2; 60; 20.650272496480703], [1; 120; 41.87023459401357], [1; 120; 42.46416829633402], [1; 120; 43.08411595474952], [2; 70; 25.319261546216882], [2; 70; 25.510353023543676], [1; 140; 51.81177191977248], [2; 70; 26.320406455664035], [2; 80; 30.32602340755429], [2; 80; 30.57769596689919], [2; 90; 34.9879831761953], [1; 180; 71.21457518894573], [1; 180; 72.52137364165954], [1; 180; 73.90285727316329], [2; 90; 37.68321113461221], [2; 100; 42.2953240161408], [2; 100; 42.73362923581734], [1; 1040; 453.988466505756], [1; 1040; 464.1917284899001], [1; 1040; 475.1153813531685], [1; 1040; 486.8483920876037], [2; 540; 256.0070072432599], [1; 1080; 525.6701177620162], [2; 540; 266.46054130168704], [2; 540; 274.1856349772782], [1; 1080; 565.248167019183], [2; 560; 297.7814062141796], [2; 560; 302.70374639756943], [1; 1120; 626.6562902185947], [2; 580; 330.4733994236541], [1; 1160; 686.8760620221267], [1; 1240; 765.5052323575197], [2; 620; 391.3548726370501], [2; 620; 400.5644826164077], [1; 1280; 869.40786674167], [2; 640; 459.5639035173283], [1; 1320; 1009.0639669076729], [1; 1360; 1116.7542876833563], [1; 1360; 1214.0399052812768], [2; 680; 671.0858077227673], [2; 680; 760.9397809797221], [1; 1400; 1853.6743047572168], [1; 1400; 2393.083237205771], [2; 700; 2072.470876790899]];
Intervals[0.0=5.951176006280769, 5.951176006280769=11.963391312282909, 11.963391312282909=14.985115214018723, 14.985115214018723=27.19991804016, 27.19991804016=33.34006714863935, 45.68692573505096=54.99781056942673, 54.99781056942673=64.36027964803449, 83.19012024037686=92.65838328804742, 92.65838328804742=102.18090616702084, 102.18090616702084=114.95120799717651, 114.95120799717651=140.79407784339637, 140.79407784339637=166.95020603421858, 166.95020603421858=180.1087512836846, 213.2100781543492=229.86516321505627, 229.86516321505627=246.6266716273695, 246.6266716273695=263.4966698998625, 263.4966698998625=283.8734167766204, 324.89770084300505=345.54797333948574, 345.54797333948574=387.4182079334993, 387.4182079334993=429.8823762298333, 429.8823762298333=472.9664921845828, 472.9664921845828=498.2857537307997, 498.2857537307997=523.7961067543433, 523.7961067543433=575.6078786741158, 627.4291393018842=653.7495457575483, 653.7495457575483=684.0755691651026, 684.0755691651026=714.6532651320018, 784.0336805148568=819.021663691052, 819.021663691052=890.2362388799977, 890.2362388799977=962.7576125216573, 962.7576125216573=1036.6604697948205, 1109.294067856434=1146.9772789910462, 1146.9772789910462=1189.272603007187, 1189.272603007187=1232.0062322430042, 1232.0062322430042=1685.9946987487601, 1685.9946987487601=2150.18642723866, 2150.18642723866=2625.301808591829, 2625.301808591829=3112.1502006794326, 3112.1502006794326=3368.1572079226926, 3368.1572079226926=3893.8273256847087, 3893.8273256847087=4160.287866986396, 4700.768491462519=4974.954126439797, 4974.954126439797=5540.2022934589795, 5540.2022934589795=5837.983699673159, 5837.983699673159=6140.687446070729, 6140.687446070729=6767.343736289324, 6767.343736289324=7097.817135712978, 7097.817135712978=7784.693197735104, 7784.693197735104=8550.198430092623, 8550.198430092623=8941.553302729673, 8941.553302729673=9342.117785346081, 9342.117785346081=10211.525652087752, 11082.74342457405=11542.307328091378, 11542.307328091378=12551.371294999051, 12551.371294999051=13668.125582682407, 13668.125582682407=14882.165487963684, 15999.460258873654=16670.54606659642, 18094.13404279288=18855.073823772604, 18855.073823772604=20708.74812852982, 20708.74812852982=23101.83136573559, 25502.278924688737=27574.749801479637];
