1.109178043645021
33986.71855598237
37697.32199783846
[1; 10; 0.82446004822529]
[2; 10; 0.8286135256368502]
[2; 10; 0.8328304155964151]
[1; 30; 2.511337044814281]
[2; 20; 1.6829220262186437]
[1; 40; 3.3835126465529193]
[1; 40; 3.4014624417244534]
[2; 20; 1.7098504884894854]
[2; 20; 1.7191180386916396]
[2; 20; 1.7285379340751863]
[1; 50; 4.3452859870069656]
[1; 50; 4.369629516343744]
[2; 30; 2.636632093323194]
[2; 30; 2.651741856525919]
[1; 60; 5.334228803734415]
[1; 60; 5.365514871441105]
[2; 30; 2.69867898461381]
[1; 60; 5.429774825070802]
[1; 70; 6.373246691928223]
[1; 70; 6.412467041752255]
[1; 70; 6.452420493975761]
[1; 70; 6.49313017538612]
[1; 70; 6.534620247226692]
[1; 80; 7.516475389095596]
[2; 40; 3.782882140211273]
[1; 80; 7.6160356924634085]
[1; 90; 8.62573804603248]
[1; 90; 8.684617487549858]
[1; 90; 8.744719363762359]
[1; 90; 8.806086568326544]
[1; 90; 8.868764132028724]
[1; 100; 9.925332624073596]
[2; 50; 4.999023327845149]
[2; 50; 5.036191299282814]
[1; 100; 10.14840165889435]
[2; 50; 5.113084163051492]
[1; 100; 10.305750602816126]
[1; 110; 11.425942280303238]
[2; 60; 6.282391849871701]
[2; 60; 6.333677532245465]
[1; 120; 12.772480145559648]
[1; 120; 12.880266699077765]
[2; 60; 6.49541447806906]
[2; 60; 6.552144065890818]
[1; 120; 13.220772983752099]
[1; 120; 13.340420426878284]
[2; 60; 6.731688104874575]
[1; 120; 13.5897956612867]
[1; 130; 14.863164892238983]
[2; 70; 8.081324899246521]
[2; 70; 8.161738072844868]
[2; 70; 8.244600482252899]
[2; 70; 8.330039038631853]
[2; 70; 8.418190054731497]
[1; 150; 18.234000342284638]
[1; 150; 18.43548712564503]
[1; 160; 19.8867246152844]
[2; 80; 10.058318292056562]
[2; 80; 10.177355788085608]
[1; 160; 20.60144436131282]
[2; 80; 10.428686368816717]
[1; 160; 21.123082465339007]
[2; 80; 10.699606455091486]
[2; 80; 10.843231760157096]
[1; 170; 23.359701366383216]
[2; 90; 12.542326517003072]
[1; 180; 25.45087171988913]
[1; 180; 25.833613072352417]
[2; 90; 13.117079045643537]
[2; 90; 13.326965637346136]
[1; 190; 28.599773191069936]
[1; 190; 29.088693619046108]
[1; 190; 29.60357772624021]
[1; 190; 30.146807949334324]
[1; 190; 30.721084464419096]
[2; 100; 16.489200964505798]
[2; 100; 16.82922026218644]
[1; 200; 34.382360773832794]
[2; 110; 19.335302017703423]
[2; 120; 21.58943187691048]
[2; 120; 22.12258455077404]
[2; 120; 22.69729284126764]
[2; 120; 23.319251636699622]
[2; 120; 23.99531197365671]
[2; 130; 26.794951567321924]
[2; 140; 29.80245367297251]
[2; 150; 33.05193245938025]
[2; 150; 34.29961128978227]
[2; 160; 38.08017846231704]
[2; 160; 39.7734492305688]
[2; 160; 41.71474547526687]
[2; 170; 46.71940273276643]
[2; 180; 52.46831618257415]
[2; 180; 56.09098937603408]
[2; 190; 63.95103699630845]
[2; 190; 70.05485107745112]
[2; 200; 82.446004822529]
[2; 200; 95.20044615579262]
[2; 200; 116.5962581834981]
[2; 200; 164.892009645058]


Jobs: [[1; 10; 0.82446004822529], [2; 10; 0.8286135256368502], [2; 10; 0.8328304155964151], [1; 30; 2.511337044814281], [2; 20; 1.6829220262186437], [1; 40; 3.3835126465529193], [2; 20; 1.7098504884894854], [2; 20; 1.7191180386916396], [2; 20; 1.7285379340751863], [1; 50; 4.3452859870069656], [2; 30; 2.636632093323194], [2; 30; 2.651741856525919], [1; 60; 5.334228803734415], [2; 30; 2.69867898461381], [1; 60; 5.429774825070802], [1; 70; 6.412467041752255], [1; 70; 6.49313017538612], [1; 80; 7.516475389095596], [2; 40; 3.782882140211273], [1; 80; 7.6160356924634085], [1; 90; 8.684617487549858], [1; 90; 8.806086568326544], [1; 100; 9.925332624073596], [2; 50; 4.999023327845149], [2; 50; 5.036191299282814], [1; 100; 10.14840165889435], [2; 50; 5.113084163051492], [1; 100; 10.305750602816126], [2; 60; 6.282391849871701], [2; 60; 6.333677532245465], [1; 120; 12.772480145559648], [2; 60; 6.49541447806906], [2; 60; 6.552144065890818], [1; 120; 13.220772983752099], [2; 60; 6.731688104874575], [1; 120; 13.5897956612867], [2; 70; 8.081324899246521], [2; 70; 8.161738072844868], [2; 70; 8.244600482252899], [2; 70; 8.330039038631853], [2; 70; 8.418190054731497], [1; 150; 18.234000342284638], [1; 160; 19.8867246152844], [2; 80; 10.058318292056562], [2; 80; 10.177355788085608], [1; 160; 20.60144436131282], [2; 80; 10.428686368816717], [1; 160; 21.123082465339007], [2; 80; 10.699606455091486], [2; 80; 10.843231760157096], [1; 170; 23.359701366383216], [2; 90; 12.542326517003072], [1; 180; 25.45087171988913], [2; 90; 13.117079045643537], [2; 90; 13.326965637346136], [1; 190; 28.599773191069936], [1; 190; 29.60357772624021], [1; 190; 30.721084464419096], [2; 100; 16.489200964505798], [2; 100; 16.82922026218644], [1; 200; 34.382360773832794], [2; 110; 19.335302017703423], [2; 120; 21.58943187691048], [2; 120; 22.12258455077404], [2; 120; 22.69729284126764], [2; 120; 23.319251636699622], [2; 120; 23.99531197365671], [2; 130; 26.794951567321924], [2; 140; 29.80245367297251], [2; 150; 33.05193245938025], [2; 150; 34.29961128978227], [2; 160; 38.08017846231704], [2; 160; 39.7734492305688], [2; 160; 41.71474547526687], [2; 170; 46.71940273276643], [2; 180; 52.46831618257415], [2; 180; 56.09098937603408], [2; 190; 63.95103699630845], [2; 190; 70.05485107745112], [2; 200; 82.446004822529], [2; 200; 95.20044615579262], [2; 200; 116.5962581834981], [2; 200; 164.892009645058]];
Intervals[0.0=0.82446004822529, 0.82446004822529=1.65307357386214, 1.65307357386214=2.485903989458555, 2.485903989458555=4.997241034272836, 4.997241034272836=6.68016306049148, 6.68016306049148=10.0636757070444, 10.081625502215934=11.791475990705418, 11.791475990705418=13.510594029397058, 13.510594029397058=15.239131963472245, 15.239131963472245=19.58441795047921, 19.60876147981599=22.245393573139182, 22.245393573139182=24.897135429665102, 24.897135429665102=30.231364233399518, 30.262650301106206=32.96132928572001, 32.96132928572001=38.39110411079081, 38.39110411079081=44.80357115254307, 44.80357115254307=51.29670132792919, 51.29670132792919=58.81317671702479, 58.81317671702479=62.59605885723606, 62.59605885723606=70.21209454969947, 70.21209454969947=78.89671203724933, 78.89671203724933=87.70279860557588, 87.70279860557588=97.62813122964947, 97.62813122964947=102.62715455749462, 102.62715455749462=107.66334585677744, 107.66334585677744=117.81174751567178, 117.81174751567178=122.92483167872328, 122.92483167872328=133.2305822815394, 134.35077395902653=140.63316580889824, 140.63316580889824=146.96684334114371, 146.96684334114371=159.73932348670337, 159.84711004022148=166.34252451829053, 166.34252451829053=172.89466858418135, 172.89466858418135=186.11544156793343, 186.23508901105964=192.9667771159342, 192.9667771159342=206.5565727772209, 207.8299420081732=215.9112669074197, 215.9112669074197=224.07300498026456, 224.07300498026456=232.31760546251746, 232.31760546251746=240.64764450114933, 240.64764450114933=249.06583455588083, 249.06583455588083=267.29983489816544, 267.29983489816544=287.1865595134498, 287.1865595134498=297.2448778055064, 297.2448778055064=307.422233593592, 307.422233593592=328.0236779549048, 328.0236779549048=338.45236432372155, 338.45236432372155=359.57544678906055, 359.57544678906055=370.27505324415205, 370.27505324415205=381.11828500430914, 381.11828500430914=404.47798637069235, 404.47798637069235=417.0203128876954, 417.0203128876954=442.4711846075845, 442.85392596004783=455.9710050056914, 455.9710050056914=469.2979706430375, 469.2979706430375=497.8977438341074, 497.8977438341074=527.5013215603476, 527.5013215603476=558.2224060247667, 558.2224060247667=574.7116069892725, 574.7116069892725=591.540827251459, 591.540827251459=625.9231880252918, 625.9231880252918=645.2584900429952, 645.2584900429952=666.8479219199056, 666.8479219199056=688.9705064706797, 688.9705064706797=711.6677993119473, 711.6677993119473=734.9870509486469, 734.9870509486469=758.9823629223037, 758.9823629223037=785.7773144896256, 785.7773144896256=815.5797681625982, 815.5797681625982=848.6317006219784, 848.6317006219784=882.9313119117608, 882.9313119117608=921.0114903740778, 921.0114903740778=960.7849396046465, 960.7849396046465=1002.4996850799134, 1002.4996850799134=1049.2190878126798, 1049.2190878126798=1101.687403995254, 1101.687403995254=1157.778393371288, 1157.778393371288=1221.7294303675965, 1221.7294303675965=1291.7842814450476, 1291.7842814450476=1374.2302862675765, 1374.2302862675765=1469.4307324233691, 1469.4307324233691=1586.0269906068672, 1586.0269906068672=1750.9190002519254];

Jobs: [[2; 10; 0.8286135256368502], [2; 10; 0.8328304155964151], [2; 20; 1.6829220262186437], [1; 40; 3.4014624417244534], [2; 20; 1.7098504884894854], [2; 20; 1.7191180386916396], [2; 20; 1.7285379340751863], [1; 50; 4.369629516343744], [2; 30; 2.636632093323194], [2; 30; 2.651741856525919], [1; 60; 5.365514871441105], [2; 30; 2.69867898461381], [1; 70; 6.373246691928223], [1; 70; 6.452420493975761], [1; 70; 6.534620247226692], [2; 40; 3.782882140211273], [1; 90; 8.62573804603248], [1; 90; 8.744719363762359], [1; 90; 8.868764132028724], [2; 50; 4.999023327845149], [2; 50; 5.036191299282814], [2; 50; 5.113084163051492], [1; 110; 11.425942280303238], [2; 60; 6.282391849871701], [2; 60; 6.333677532245465], [1; 120; 12.880266699077765], [2; 60; 6.49541447806906], [2; 60; 6.552144065890818], [1; 120; 13.340420426878284], [2; 60; 6.731688104874575], [1; 130; 14.863164892238983], [2; 70; 8.081324899246521], [2; 70; 8.161738072844868], [2; 70; 8.244600482252899], [2; 70; 8.330039038631853], [2; 70; 8.418190054731497], [1; 150; 18.43548712564503], [2; 80; 10.058318292056562], [2; 80; 10.177355788085608], [2; 80; 10.428686368816717], [2; 80; 10.699606455091486], [2; 80; 10.843231760157096], [2; 90; 12.542326517003072], [1; 180; 25.833613072352417], [2; 90; 13.117079045643537], [2; 90; 13.326965637346136], [1; 190; 29.088693619046108], [1; 190; 30.146807949334324], [2; 100; 16.489200964505798], [2; 100; 16.82922026218644], [2; 110; 19.335302017703423], [2; 120; 21.58943187691048], [2; 120; 22.12258455077404], [2; 120; 22.69729284126764], [2; 120; 23.319251636699622], [2; 120; 23.99531197365671], [2; 130; 26.794951567321924], [2; 140; 29.80245367297251], [2; 150; 33.05193245938025], [2; 150; 34.29961128978227], [2; 160; 38.08017846231704], [2; 160; 39.7734492305688], [2; 160; 41.71474547526687], [2; 170; 46.71940273276643], [2; 180; 52.46831618257415], [2; 180; 56.09098937603408], [2; 190; 63.95103699630845], [2; 190; 70.05485107745112], [2; 200; 82.446004822529], [2; 200; 95.20044615579262], [2; 200; 116.5962581834981], [2; 200; 164.892009645058]];
Intervals[0.82446004822529=1.65307357386214, 1.65307357386214=2.485903989458555, 4.997241034272836=6.68016306049148, 6.68016306049148=10.081625502215934, 10.081625502215934=11.791475990705418, 11.791475990705418=13.510594029397058, 13.510594029397058=15.239131963472245, 15.239131963472245=19.60876147981599, 19.60876147981599=22.245393573139182, 22.245393573139182=24.897135429665102, 24.897135429665102=30.262650301106206, 30.262650301106206=32.96132928572001, 32.96132928572001=39.334575977648235, 39.334575977648235=45.78699647162399, 45.78699647162399=52.321616718850684, 58.81317671702479=62.59605885723606, 62.59605885723606=71.22179690326854, 71.22179690326854=79.9665162670309, 79.9665162670309=88.83528039905963, 97.62813122964947=102.62715455749462, 102.62715455749462=107.66334585677744, 117.81174751567178=122.92483167872328, 122.92483167872328=134.35077395902653, 134.35077395902653=140.63316580889824, 140.63316580889824=146.96684334114371, 146.96684334114371=159.84711004022148, 159.84711004022148=166.34252451829053, 166.34252451829053=172.89466858418135, 172.89466858418135=186.23508901105964, 186.23508901105964=192.9667771159342, 192.9667771159342=207.8299420081732, 207.8299420081732=215.9112669074197, 215.9112669074197=224.07300498026456, 224.07300498026456=232.31760546251746, 232.31760546251746=240.64764450114933, 240.64764450114933=249.06583455588083, 249.06583455588083=267.50132168152584, 287.1865595134498=297.2448778055064, 297.2448778055064=307.422233593592, 328.0236779549048=338.45236432372155, 359.57544678906055=370.27505324415205, 370.27505324415205=381.11828500430914, 404.47798637069235=417.0203128876954, 417.0203128876954=442.85392596004783, 442.85392596004783=455.9710050056914, 455.9710050056914=469.2979706430375, 469.2979706430375=498.3866642620836, 498.3866642620836=528.5334722114179, 558.2224060247667=574.7116069892725, 574.7116069892725=591.540827251459, 625.9231880252918=645.2584900429952, 645.2584900429952=666.8479219199056, 666.8479219199056=688.9705064706797, 688.9705064706797=711.6677993119473, 711.6677993119473=734.9870509486469, 734.9870509486469=758.9823629223037, 758.9823629223037=785.7773144896256, 785.7773144896256=815.5797681625982, 815.5797681625982=848.6317006219784, 848.6317006219784=882.9313119117608, 882.9313119117608=921.0114903740778, 921.0114903740778=960.7849396046465, 960.7849396046465=1002.4996850799134, 1002.4996850799134=1049.2190878126798, 1049.2190878126798=1101.687403995254, 1101.687403995254=1157.778393371288, 1157.778393371288=1221.7294303675965, 1221.7294303675965=1291.7842814450476, 1291.7842814450476=1374.2302862675765, 1374.2302862675765=1469.4307324233691, 1469.4307324233691=1586.0269906068672, 1586.0269906068672=1750.9190002519254];
