1.0000000000000002
189113.01930179616
189113.0193017962
[2; 10; 1.9448034312073608]
[2; 10; 1.9546009916092655]
[2; 10; 1.964548134687986]
[2; 10; 1.9746487058150979]
[2; 10; 1.9849066901966503]
[2; 10; 1.9953262194796817]
[2; 10; 2.0059115787442736]
[2; 20; 4.033334427816038]
[2; 20; 4.055195479143913]
[2; 20; 4.07741589467887]
[2; 20; 4.1000056292839]
[2; 30; 6.184462542326692]
[2; 30; 6.2195022705638765]
[2; 30; 6.255144409178894]
[2; 30; 6.291406419679566]
[2; 30; 6.328306480486592]
[2; 30; 6.365863525226838]
[2; 30; 6.404097283556598]
[2; 40; 8.590704432953068]
[2; 40; 8.643570805366048]
[2; 40; 8.69742535010899]
[2; 40; 8.752299240523275]
[2; 40; 8.808225044326814]
[2; 40; 8.865236804842908]
[2; 40; 8.923370128088465]
[2; 50; 11.228327845284777]
[2; 50; 11.303940334936675]
[2; 50; 11.381101232974027]
[2; 50; 11.45986411901325]
[2; 50; 11.540285204746835]
[2; 60; 13.946908203064385]
[2; 60; 14.047609209001752]
[2; 60; 14.150523472820469]
[2; 60; 14.25573327437035]
[2; 60; 14.36332524054217]
[2; 60; 14.473390645079215]
[2; 60; 14.586025734055207]
[2; 60; 14.70133207965654]
[2; 60; 14.819416965224464]
[2; 60; 14.940393804874859]
[2; 70; 17.57511303499735]
[2; 70; 17.723428854645913]
[2; 70; 17.875564081563116]
[2; 70; 18.031685509356894]
[2; 70; 18.19197031050082]
[2; 70; 18.356606881732613]
[2; 80; 21.17233802876427]
[2; 80; 21.371143686399083]
[2; 80; 21.575656898204443]
[2; 80; 21.78615609655204]
[2; 80; 22.00293910850544]
[2; 80; 22.226324928084125]
[2; 80; 22.456655690569555]
[2; 80; 22.69429887665103]
[2; 90; 25.807106001057228]
[2; 90; 26.092276050326966]
[2; 90; 26.387113386725083]
[2; 90; 26.692176855335997]
[2; 90; 27.008071600775985]
[2; 90; 27.335454118697022]
[2; 90; 27.675037997666315]
[2; 90; 28.027600465773016]
[2; 90; 28.393989878739713]
[2; 90; 28.77513431386268]
[2; 100; 32.41339052012268]
[2; 100; 32.87317788991038]
[2; 100; 33.353103683235894]
[2; 100; 33.85468225991757]
[2; 100; 34.37959235703975]
[2; 100; 34.929700764470624]
[2; 520; 184.63686959219115]
[2; 520; 187.7932840398897]
[2; 540; 198.4679830753633]
[2; 540; 202.10990121512597]
[2; 540; 205.95995956720807]
[2; 540; 210.03877057039497]
[2; 560; 222.30954930202486]
[2; 560; 227.0909468320592]
[2; 580; 240.48742112846992]
[2; 580; 246.14672297543777]
[2; 580; 252.2253351531607]
[2; 620; 276.62447397074243]
[2; 620; 284.20463015152865]
[2; 620; 292.444151771623]
[2; 620; 301.4445318371409]
[2; 620; 311.33057376281016]
[2; 640; 332.653171392015]
[2; 640; 345.2105103712711]
[2; 640; 359.3064910491129]
[2; 640; 375.2833903889789]
[2; 660; 405.900557299106]
[2; 680; 440.8221110736684]
[2; 680; 467.5624560557406]
[2; 680; 499.8452907083224]
[2; 680; 539.894619733489]
[2; 700; 608.8197745076293]
[2; 700; 680.6812009225763]
[2; 700; 785.9829491699343]
[2; 700; 962.6285859971131]
[2; 700; 1361.3624018451526]


Jobs: [[2; 10; 1.9448034312073608], [2; 10; 1.9546009916092655], [2; 10; 1.964548134687986], [2; 10; 1.9746487058150979], [2; 10; 1.9849066901966503], [2; 10; 1.9953262194796817], [2; 10; 2.0059115787442736], [2; 20; 4.033334427816038], [2; 20; 4.055195479143913], [2; 20; 4.07741589467887], [2; 20; 4.1000056292839], [2; 30; 6.184462542326692], [2; 30; 6.2195022705638765], [2; 30; 6.255144409178894], [2; 30; 6.291406419679566], [2; 30; 6.328306480486592], [2; 30; 6.365863525226838], [2; 30; 6.404097283556598], [2; 40; 8.590704432953068], [2; 40; 8.643570805366048], [2; 40; 8.69742535010899], [2; 40; 8.752299240523275], [2; 40; 8.808225044326814], [2; 40; 8.865236804842908], [2; 40; 8.923370128088465], [2; 50; 11.228327845284777], [2; 50; 11.303940334936675], [2; 50; 11.381101232974027], [2; 50; 11.45986411901325], [2; 50; 11.540285204746835], [2; 60; 13.946908203064385], [2; 60; 14.047609209001752], [2; 60; 14.150523472820469], [2; 60; 14.25573327437035], [2; 60; 14.36332524054217], [2; 60; 14.473390645079215], [2; 60; 14.586025734055207], [2; 60; 14.70133207965654], [2; 60; 14.819416965224464], [2; 60; 14.940393804874859], [2; 70; 17.57511303499735], [2; 70; 17.723428854645913], [2; 70; 17.875564081563116], [2; 70; 18.031685509356894], [2; 70; 18.19197031050082], [2; 70; 18.356606881732613], [2; 80; 21.17233802876427], [2; 80; 21.371143686399083], [2; 80; 21.575656898204443], [2; 80; 21.78615609655204], [2; 80; 22.00293910850544], [2; 80; 22.226324928084125], [2; 80; 22.456655690569555], [2; 80; 22.69429887665103], [2; 90; 25.807106001057228], [2; 90; 26.092276050326966], [2; 90; 26.387113386725083], [2; 90; 26.692176855335997], [2; 90; 27.008071600775985], [2; 90; 27.335454118697022], [2; 90; 27.675037997666315], [2; 90; 28.027600465773016], [2; 90; 28.393989878739713], [2; 90; 28.77513431386268], [2; 100; 32.41339052012268], [2; 100; 32.87317788991038], [2; 100; 33.353103683235894], [2; 100; 33.85468225991757], [2; 100; 34.37959235703975], [2; 100; 34.929700764470624], [2; 520; 184.63686959219115], [2; 520; 187.7932840398897], [2; 540; 198.4679830753633], [2; 540; 202.10990121512597], [2; 540; 205.95995956720807], [2; 540; 210.03877057039497], [2; 560; 222.30954930202486], [2; 560; 227.0909468320592], [2; 580; 240.48742112846992], [2; 580; 246.14672297543777], [2; 580; 252.2253351531607], [2; 620; 276.62447397074243], [2; 620; 284.20463015152865], [2; 620; 292.444151771623], [2; 620; 301.4445318371409], [2; 620; 311.33057376281016], [2; 640; 332.653171392015], [2; 640; 345.2105103712711], [2; 640; 359.3064910491129], [2; 640; 375.2833903889789], [2; 660; 405.900557299106], [2; 680; 440.8221110736684], [2; 680; 467.5624560557406], [2; 680; 499.8452907083224], [2; 680; 539.894619733489], [2; 700; 608.8197745076293], [2; 700; 680.6812009225763], [2; 700; 785.9829491699343], [2; 700; 962.6285859971131], [2; 700; 1361.3624018451526]];
Intervals[4.9E-324=1.9448034312073608, 1.9448034312073608=3.8994044228166262, 3.8994044228166262=5.8639525575046125, 5.8639525575046125=7.838601263319711, 7.838601263319711=9.82350795351636, 9.82350795351636=11.818834172996041, 11.818834172996041=13.824745751740315, 13.824745751740315=17.858080179556353, 17.858080179556353=21.913275658700265, 21.913275658700265=25.990691553379136, 25.990691553379136=30.090697182663035, 30.090697182663035=36.27515972498973, 36.27515972498973=42.49466199555361, 42.49466199555361=48.7498064047325, 48.7498064047325=55.04121282441207, 55.04121282441207=61.36951930489866, 61.36951930489866=67.7353828301255, 67.7353828301255=74.1394801136821, 74.1394801136821=82.73018454663517, 82.73018454663517=91.37375535200123, 91.37375535200123=100.07118070211021, 100.07118070211021=108.82347994263348, 108.82347994263348=117.6317049869603, 117.6317049869603=126.49694179180321, 126.49694179180321=135.42031191989167, 135.42031191989167=146.64863976517645, 146.64863976517645=157.95258010011312, 157.95258010011312=169.33368133308716, 169.33368133308716=180.7935454521004, 180.7935454521004=192.33383065684723, 192.33383065684723=206.28073885991162, 206.28073885991162=220.32834806891339, 220.32834806891339=234.47887154173387, 234.47887154173387=248.73460481610422, 248.73460481610422=263.0979300566464, 263.0979300566464=277.57132070172565, 277.57132070172565=292.1573464357809, 292.1573464357809=306.8586785154374, 306.8586785154374=321.6780954806619, 321.6780954806619=336.6184892855368, 336.6184892855368=354.1936023205341, 354.1936023205341=371.91703117518006, 371.91703117518006=389.7925952567432, 389.7925952567432=407.8242807661001, 407.8242807661001=426.01625107660095, 426.01625107660095=444.37285795833355, 444.37285795833355=465.5451959870978, 465.5451959870978=486.9163396734969, 486.9163396734969=508.49199657170135, 508.49199657170135=530.2781526682534, 530.2781526682534=552.2810917767588, 552.2810917767588=574.5074167048429, 574.5074167048429=596.9640723954124, 596.9640723954124=619.6583712720634, 619.6583712720634=645.4654772731207, 645.4654772731207=671.5577533234476, 671.5577533234476=697.9448667101727, 697.9448667101727=724.6370435655087, 724.6370435655087=751.6451151662848, 751.6451151662848=778.9805692849818, 778.9805692849818=806.6556072826481, 806.6556072826481=834.6832077484212, 834.6832077484212=863.0771976271609, 863.0771976271609=891.8523319410235, 891.8523319410235=924.2657224611462, 924.2657224611462=957.1389003510566, 957.1389003510566=990.4920040342924, 990.4920040342924=1024.34668629421, 1024.34668629421=1058.7262786512497, 1058.7262786512497=1093.6559794157204, 1093.6559794157204=1278.2928490079116, 1278.2928490079116=1466.0861330478012, 1466.0861330478012=1664.5541161231645, 1664.5541161231645=1866.6640173382905, 1866.6640173382905=2072.6239769054987, 2072.6239769054987=2282.662747475894, 2282.662747475894=2504.972296777919, 2504.972296777919=2732.063243609978, 2732.063243609978=2972.550664738448, 2972.550664738448=3218.6973877138857, 3218.6973877138857=3470.9227228670466, 3470.9227228670466=3747.5471968377888, 3747.5471968377888=4031.7518269893176, 4031.7518269893176=4324.19597876094, 4324.19597876094=4625.640510598081, 4625.640510598081=4936.971084360891, 4936.971084360891=5269.624255752906, 5269.624255752906=5614.834766124177, 5614.834766124177=5974.14125717329, 5974.14125717329=6349.424647562269, 6349.424647562269=6755.325204861375, 6755.325204861375=7196.1473159350435, 7196.1473159350435=7663.709771990784, 7663.709771990784=8163.555062699106, 8163.555062699106=8703.449682432594, 8703.449682432594=9312.269456940223, 9312.269456940223=9992.950657862799, 9992.950657862799=10778.933607032734, 10778.933607032734=11741.562193029848, 11741.562193029848=13102.924594875];

Jobs: [[2; 10; 1.9448034312073608], [2; 10; 1.9546009916092655], [2; 10; 1.964548134687986], [2; 10; 1.9746487058150979], [2; 10; 1.9849066901966503], [2; 10; 1.9953262194796817], [2; 10; 2.0059115787442736], [2; 20; 4.033334427816038], [2; 20; 4.055195479143913], [2; 20; 4.07741589467887], [2; 20; 4.1000056292839], [2; 30; 6.184462542326692], [2; 30; 6.2195022705638765], [2; 30; 6.255144409178894], [2; 30; 6.291406419679566], [2; 30; 6.328306480486592], [2; 30; 6.365863525226838], [2; 30; 6.404097283556598], [2; 40; 8.590704432953068], [2; 40; 8.643570805366048], [2; 40; 8.69742535010899], [2; 40; 8.752299240523275], [2; 40; 8.808225044326814], [2; 40; 8.865236804842908], [2; 40; 8.923370128088465], [2; 50; 11.228327845284777], [2; 50; 11.303940334936675], [2; 50; 11.381101232974027], [2; 50; 11.45986411901325], [2; 50; 11.540285204746835], [2; 60; 13.946908203064385], [2; 60; 14.047609209001752], [2; 60; 14.150523472820469], [2; 60; 14.25573327437035], [2; 60; 14.36332524054217], [2; 60; 14.473390645079215], [2; 60; 14.586025734055207], [2; 60; 14.70133207965654], [2; 60; 14.819416965224464], [2; 60; 14.940393804874859], [2; 70; 17.57511303499735], [2; 70; 17.723428854645913], [2; 70; 17.875564081563116], [2; 70; 18.031685509356894], [2; 70; 18.19197031050082], [2; 70; 18.356606881732613], [2; 80; 21.17233802876427], [2; 80; 21.371143686399083], [2; 80; 21.575656898204443], [2; 80; 21.78615609655204], [2; 80; 22.00293910850544], [2; 80; 22.226324928084125], [2; 80; 22.456655690569555], [2; 80; 22.69429887665103], [2; 90; 25.807106001057228], [2; 90; 26.092276050326966], [2; 90; 26.387113386725083], [2; 90; 26.692176855335997], [2; 90; 27.008071600775985], [2; 90; 27.335454118697022], [2; 90; 27.675037997666315], [2; 90; 28.027600465773016], [2; 90; 28.393989878739713], [2; 90; 28.77513431386268], [2; 100; 32.41339052012268], [2; 100; 32.87317788991038], [2; 100; 33.353103683235894], [2; 100; 33.85468225991757], [2; 100; 34.37959235703975], [2; 100; 34.929700764470624], [2; 520; 184.63686959219115], [2; 520; 187.7932840398897], [2; 540; 198.4679830753633], [2; 540; 202.10990121512597], [2; 540; 205.95995956720807], [2; 540; 210.03877057039497], [2; 560; 222.30954930202486], [2; 560; 227.0909468320592], [2; 580; 240.48742112846992], [2; 580; 246.14672297543777], [2; 580; 252.2253351531607], [2; 620; 276.62447397074243], [2; 620; 284.20463015152865], [2; 620; 292.444151771623], [2; 620; 301.4445318371409], [2; 620; 311.33057376281016], [2; 640; 332.653171392015], [2; 640; 345.2105103712711], [2; 640; 359.3064910491129], [2; 640; 375.2833903889789], [2; 660; 405.900557299106], [2; 680; 440.8221110736684], [2; 680; 467.5624560557406], [2; 680; 499.8452907083224], [2; 680; 539.894619733489], [2; 700; 608.8197745076293], [2; 700; 680.6812009225763], [2; 700; 785.9829491699343], [2; 700; 962.6285859971131], [2; 700; 1361.3624018451526]];
Intervals[4.9E-324=1.9448034312073608, 1.9448034312073608=3.8994044228166262, 3.8994044228166262=5.8639525575046125, 5.8639525575046125=7.838601263319711, 7.838601263319711=9.82350795351636, 9.82350795351636=11.818834172996041, 11.818834172996041=13.824745751740315, 13.824745751740315=17.858080179556353, 17.858080179556353=21.913275658700265, 21.913275658700265=25.990691553379136, 25.990691553379136=30.090697182663035, 30.090697182663035=36.27515972498973, 36.27515972498973=42.49466199555361, 42.49466199555361=48.7498064047325, 48.7498064047325=55.04121282441207, 55.04121282441207=61.36951930489866, 61.36951930489866=67.7353828301255, 67.7353828301255=74.1394801136821, 74.1394801136821=82.73018454663517, 82.73018454663517=91.37375535200123, 91.37375535200123=100.07118070211021, 100.07118070211021=108.82347994263348, 108.82347994263348=117.6317049869603, 117.6317049869603=126.49694179180321, 126.49694179180321=135.42031191989167, 135.42031191989167=146.64863976517645, 146.64863976517645=157.95258010011312, 157.95258010011312=169.33368133308716, 169.33368133308716=180.7935454521004, 180.7935454521004=192.33383065684723, 192.33383065684723=206.28073885991162, 206.28073885991162=220.32834806891339, 220.32834806891339=234.47887154173387, 234.47887154173387=248.73460481610422, 248.73460481610422=263.0979300566464, 263.0979300566464=277.57132070172565, 277.57132070172565=292.1573464357809, 292.1573464357809=306.8586785154374, 306.8586785154374=321.6780954806619, 321.6780954806619=336.6184892855368, 336.6184892855368=354.1936023205341, 354.1936023205341=371.91703117518006, 371.91703117518006=389.7925952567432, 389.7925952567432=407.8242807661001, 407.8242807661001=426.01625107660095, 426.01625107660095=444.37285795833355, 444.37285795833355=465.5451959870978, 465.5451959870978=486.9163396734969, 486.9163396734969=508.49199657170135, 508.49199657170135=530.2781526682534, 530.2781526682534=552.2810917767588, 552.2810917767588=574.5074167048429, 574.5074167048429=596.9640723954124, 596.9640723954124=619.6583712720634, 619.6583712720634=645.4654772731207, 645.4654772731207=671.5577533234476, 671.5577533234476=697.9448667101727, 697.9448667101727=724.6370435655087, 724.6370435655087=751.6451151662848, 751.6451151662848=778.9805692849818, 778.9805692849818=806.6556072826481, 806.6556072826481=834.6832077484212, 834.6832077484212=863.0771976271609, 863.0771976271609=891.8523319410235, 891.8523319410235=924.2657224611462, 924.2657224611462=957.1389003510566, 957.1389003510566=990.4920040342924, 990.4920040342924=1024.34668629421, 1024.34668629421=1058.7262786512497, 1058.7262786512497=1093.6559794157204, 1093.6559794157204=1278.2928490079116, 1278.2928490079116=1466.0861330478012, 1466.0861330478012=1664.5541161231645, 1664.5541161231645=1866.6640173382905, 1866.6640173382905=2072.6239769054987, 2072.6239769054987=2282.662747475894, 2282.662747475894=2504.972296777919, 2504.972296777919=2732.063243609978, 2732.063243609978=2972.550664738448, 2972.550664738448=3218.6973877138857, 3218.6973877138857=3470.9227228670466, 3470.9227228670466=3747.5471968377888, 3747.5471968377888=4031.7518269893176, 4031.7518269893176=4324.19597876094, 4324.19597876094=4625.640510598081, 4625.640510598081=4936.971084360891, 4936.971084360891=5269.624255752906, 5269.624255752906=5614.834766124177, 5614.834766124177=5974.14125717329, 5974.14125717329=6349.424647562269, 6349.424647562269=6755.325204861375, 6755.325204861375=7196.1473159350435, 7196.1473159350435=7663.709771990784, 7663.709771990784=8163.555062699106, 8163.555062699106=8703.449682432594, 8703.449682432594=9312.269456940223, 9312.269456940223=9992.950657862799, 9992.950657862799=10778.933607032734, 10778.933607032734=11741.562193029848, 11741.562193029848=13102.924594875];
