1.1399172466325873
85086.04145896465
96991.04610676916
[2; 10; 1.8448419060609464]
[2; 10; 1.863571745704016]
[2; 20; 3.7657677716273805]
[1; 40; 7.611236551599318]
[2; 20; 3.8467612907023523]
[1; 60; 11.667804692157967]
[1; 80; 15.732864637401743]
[1; 100; 19.89344188524691]
[1; 100; 20.12887542797833]
[2; 50; 10.186435352656952]
[2; 50; 10.312979774231394]
[2; 60; 12.53323273116211]
[2; 60; 12.697072792624143]
[2; 80; 17.156681234818553]
[1; 160; 34.786672586474964]
[2; 80; 17.640062606584298]
[1; 180; 40.26958963017404]
[1; 180; 40.87518135087529]
[2; 90; 20.75447144318565]
[2; 90; 21.086564072851242]
[1; 200; 47.6336131903973]
[2; 100; 24.22396098749943]
[2; 100; 24.652736947296635]
[1; 1040; 261.093232166165]
[2; 540; 138.15011258503193]
[2; 540; 140.8860239752236]
[1; 1080; 287.5823921906793]
[1; 1120; 304.6479513572936]
[2; 560; 155.7474138163553]
[1; 1160; 330.21173205655975]
[1; 1160; 338.3663360725811]
[1; 1160; 347.15653588483815]
[1; 1200; 368.9683812121894]
[2; 600; 189.8326660206369]
[1; 1200; 391.35006659784335]
[2; 600; 202.0923053960814]
[2; 600; 209.1854096428992]
[2; 600; 217.08195873458018]
[1; 1200; 451.89213259528566]
[1; 1280; 503.4516683968558]
[2; 640; 264.0122822203237]
[2; 640; 278.2933806917997]
[1; 1280; 590.349409939503]
[1; 1320; 650.8322554086312]
[1; 1320; 702.9791809105494]
[1; 1320; 770.0751096824258]
[1; 1360; 887.0601509551116]
[1; 1360; 1024.2888338826476]
[1; 1400; 1291.3893342426627]
[1; 1400; 1826.3003107899353]


Jobs: [[2; 10; 1.8448419060609464], [2; 10; 1.863571745704016], [2; 20; 3.7657677716273805], [1; 40; 7.611236551599318], [2; 20; 3.8467612907023523], [1; 60; 11.667804692157967], [1; 100; 19.89344188524691], [2; 50; 10.186435352656952], [2; 50; 10.312979774231394], [2; 60; 12.53323273116211], [2; 60; 12.697072792624143], [2; 80; 17.156681234818553], [1; 160; 34.786672586474964], [2; 80; 17.640062606584298], [1; 180; 40.26958963017404], [2; 90; 20.75447144318565], [2; 90; 21.086564072851242], [1; 200; 47.6336131903973], [2; 100; 24.22396098749943], [2; 100; 24.652736947296635], [1; 1040; 261.093232166165], [2; 540; 138.15011258503193], [2; 540; 140.8860239752236], [1; 1080; 287.5823921906793], [2; 560; 155.7474138163553], [1; 1160; 330.21173205655975], [1; 1160; 347.15653588483815], [2; 600; 189.8326660206369], [1; 1200; 391.35006659784335], [2; 600; 202.0923053960814], [2; 600; 209.1854096428992], [2; 600; 217.08195873458018], [1; 1200; 451.89213259528566], [2; 640; 264.0122822203237], [2; 640; 278.2933806917997], [1; 1280; 590.349409939503], [1; 1320; 702.9791809105494], [1; 1360; 887.0601509551116], [1; 1400; 1291.3893342426627]];
Intervals[4.9E-324=1.8448419060609464, 1.8448419060609464=3.708413651764962, 3.708413651764962=7.474181423392343, 7.474181423392343=15.08541797499166, 15.08541797499166=18.932179265694014, 18.932179265694014=30.599983957851983, 30.599983957851983=50.49342584309889, 54.793919331074086=64.98035468373104, 64.98035468373104=75.29333445796243, 75.29333445796243=87.82656718912455, 87.82656718912455=100.52363998174869, 100.52363998174869=117.68032121656724, 117.68032121656724=152.46699380304221, 152.46699380304221=170.10705640962652, 170.10705640962652=210.37664603980056, 210.98223776050182=231.73670920368747, 231.73670920368747=252.8232732765387, 252.8232732765387=300.456886466936, 300.456886466936=324.6808474544354, 324.6808474544354=349.3335844017321, 349.3335844017321=610.426816567897, 610.426816567897=748.576929152929, 748.576929152929=889.4629531281525, 889.4629531281525=1177.0453453188318, 1194.110904485446=1349.8583183018013, 1349.8583183018013=1680.0700503583612, 1680.0700503583612=2027.2265862431993, 2057.193035586572=2247.025701607209, 2247.025701607209=2638.3757682050527, 2638.3757682050527=2840.468073601134, 2840.468073601134=3049.6534832440334, 3049.6534832440334=3266.7354419786134, 3266.7354419786134=3718.627574573899, 3770.1871103754693=4034.199392595793, 4034.199392595793=4312.492773287593, 4312.492773287593=4902.842183227096, 4902.842183227096=5605.821364137645, 5605.821364137645=6492.881515092757, 6492.881515092757=7784.270849335419];

Jobs: [[2; 10; 1.8448419060609464], [2; 10; 1.863571745704016], [2; 20; 3.7657677716273805], [2; 20; 3.8467612907023523], [1; 80; 15.732864637401743], [1; 100; 20.12887542797833], [2; 50; 10.186435352656952], [2; 50; 10.312979774231394], [2; 60; 12.53323273116211], [2; 60; 12.697072792624143], [2; 80; 17.156681234818553], [2; 80; 17.640062606584298], [1; 180; 40.87518135087529], [2; 90; 20.75447144318565], [2; 90; 21.086564072851242], [2; 100; 24.22396098749943], [2; 100; 24.652736947296635], [2; 540; 138.15011258503193], [2; 540; 140.8860239752236], [1; 1120; 304.6479513572936], [2; 560; 155.7474138163553], [1; 1160; 338.3663360725811], [1; 1200; 368.9683812121894], [2; 600; 189.8326660206369], [2; 600; 202.0923053960814], [2; 600; 209.1854096428992], [2; 600; 217.08195873458018], [1; 1280; 503.4516683968558], [2; 640; 264.0122822203237], [2; 640; 278.2933806917997], [1; 1320; 650.8322554086312], [1; 1320; 770.0751096824258], [1; 1360; 1024.2888338826476], [1; 1400; 1826.3003107899353]];
Intervals[4.9E-324=1.8448419060609464, 1.8448419060609464=3.708413651764962, 3.708413651764962=7.474181423392343, 15.08541797499166=18.932179265694014, 18.932179265694014=34.66504390309576, 34.66504390309576=54.793919331074086, 54.793919331074086=64.98035468373104, 64.98035468373104=75.29333445796243, 75.29333445796243=87.82656718912455, 87.82656718912455=100.52363998174869, 100.52363998174869=117.68032121656724, 152.46699380304221=170.10705640962652, 170.10705640962652=210.98223776050182, 210.98223776050182=231.73670920368747, 231.73670920368747=252.8232732765387, 300.456886466936=324.6808474544354, 324.6808474544354=349.3335844017321, 610.426816567897=748.576929152929, 748.576929152929=889.4629531281525, 889.4629531281525=1194.110904485446, 1194.110904485446=1349.8583183018013, 1349.8583183018013=1688.2246543743825, 1688.2246543743825=2057.193035586572, 2057.193035586572=2247.025701607209, 2638.3757682050527=2840.468073601134, 2840.468073601134=3049.6534832440334, 3049.6534832440334=3266.7354419786134, 3266.7354419786134=3770.1871103754693, 3770.1871103754693=4034.199392595793, 4034.199392595793=4312.492773287593, 4312.492773287593=4963.325028696225, 4963.325028696225=5733.400138378651, 5733.400138378651=6757.688972261299, 6757.688972261299=8583.989283051234];
