1.160312230523145
17061.49067904166
19796.65630584868
[2; 10; 0.5841487940420944]
[2; 10; 0.58709162775037]
[1; 20; 1.180158781397454]
[1; 20; 1.1862264757961378]
[1; 20; 1.1923887327210614]
[2; 10; 0.5993240170838382]
[2; 10; 0.6025034771514681]
[2; 10; 0.605734081956684]
[2; 20; 1.2180344351183416]
[1; 40; 2.44941729273489]
[2; 20; 1.23149378774241]
[1; 40; 2.476785933171568]
[1; 40; 2.4908188269608096]
[2; 20; 1.2525464886058215]
[1; 40; 2.519615377000129]
[1; 40; 2.5343933065153488]
[1; 40; 2.549434348395302]
[1; 40; 2.564746404076021]
[2; 20; 1.2901688556169941]
[2; 20; 1.2981084312046542]
[2; 20; 1.3061964124526473]
[1; 40; 2.6288749620691534]
[2; 20; 1.32283652803425]
[1; 60; 3.9941959984343636]
[1; 60; 4.020387728243122]
[2; 30; 2.023550780921991]
[2; 30; 2.0371775394732925]
[2; 30; 2.051083349637688]
[2; 40; 2.7537038232607256]
[1; 80; 5.546056595401732]
[1; 80; 5.585530805978364]
[1; 80; 5.625860071982466]
[2; 40; 2.8335378575443904]
[2; 40; 2.854605343581138]
[2; 40; 2.8761498404968218]
[2; 40; 2.898189625184695]
[1; 80; 5.8414879404209445]
[2; 40; 2.943833214654611]
[2; 40; 2.9674788412141644]
[2; 50; 3.739629450285681]
[2; 50; 3.7706642517202966]
[1; 100; 7.604969534710184]
[2; 50; 3.8351247202488086]
[2; 50; 3.8686198952463906]
[2; 50; 3.903008303933379]
[2; 50; 3.938330366012488]
[2; 50; 3.974629109070204]
[2; 50; 4.011950388978435]
[2; 50; 4.050343133498509]
[2; 50; 4.089859612030622]
[2; 50; 4.130555734891089]
[1; 100; 8.34498277202992]
[2; 50; 4.215730793587482]
[2; 50; 4.260342943822773]
[2; 50; 4.306402043954526]
[1; 120; 10.449571299621178]
[2; 60; 5.283824649753331]
[2; 60; 5.344911357176072]
[2; 60; 5.408166947820675]
[2; 60; 5.473722880094787]
[2; 60; 5.541722044840844]
[2; 60; 5.6123200762457195]
[1; 120; 11.371373702559561]
[2; 60; 5.762008210569963]
[1; 120; 11.682975880841889]
[2; 60; 5.924350064150497]
[2; 60; 6.010841501455319]
[1; 120; 12.20247033554346]
[2; 70; 7.228472536059404]
[2; 70; 7.34413544077547]
[2; 70; 7.4655343335135385]
[2; 70; 7.5931595498754625]
[2; 70; 7.727562188468354]
[2; 70; 7.869364148029964]
[2; 70; 8.019270268321664]
[1; 140; 16.356166233178644]
[2; 80; 9.539109861768491]
[1; 160; 19.488550961893466]
[2; 80; 9.963275307843238]
[2; 80; 10.197737393581209]
[1; 160; 20.899142599242357]
[1; 160; 21.44206788396332]
[2; 80; 11.014815293042902]
[1; 160; 22.668302860355123]
[2; 90; 13.143347865947126]
[2; 90; 13.574391306193068]
[2; 90; 14.050829894160167]
[1; 180; 29.162470561189267]
[1; 180; 30.353261713829863]
[2; 90; 15.851473949259988]
[2; 90; 16.625166134522534]
[2; 90; 17.524463821262835]
[2; 100; 20.65277867445544]
[2; 100; 22.078749109909584]
[2; 100; 23.847774654421226]
[1; 200; 52.24785649810588]
[1; 200; 58.414879404209444]
[2; 100; 33.725846348699854]
[1; 200; 82.61111469782176]
[2; 100; 58.414879404209444]


Jobs: [[2; 10; 0.5841487940420944], [2; 10; 0.58709162775037], [1; 20; 1.180158781397454], [1; 20; 1.1923887327210614], [2; 10; 0.5993240170838382], [2; 10; 0.6025034771514681], [2; 10; 0.605734081956684], [2; 20; 1.2180344351183416], [1; 40; 2.44941729273489], [2; 20; 1.23149378774241], [1; 40; 2.476785933171568], [2; 20; 1.2525464886058215], [1; 40; 2.519615377000129], [1; 40; 2.549434348395302], [2; 20; 1.2901688556169941], [2; 20; 1.2981084312046542], [2; 20; 1.3061964124526473], [1; 40; 2.6288749620691534], [2; 20; 1.32283652803425], [1; 60; 3.9941959984343636], [2; 30; 2.023550780921991], [2; 30; 2.0371775394732925], [2; 30; 2.051083349637688], [2; 40; 2.7537038232607256], [1; 80; 5.546056595401732], [1; 80; 5.625860071982466], [2; 40; 2.8335378575443904], [2; 40; 2.854605343581138], [2; 40; 2.8761498404968218], [2; 40; 2.898189625184695], [1; 80; 5.8414879404209445], [2; 40; 2.943833214654611], [2; 40; 2.9674788412141644], [2; 50; 3.739629450285681], [2; 50; 3.7706642517202966], [1; 100; 7.604969534710184], [2; 50; 3.8351247202488086], [2; 50; 3.8686198952463906], [2; 50; 3.903008303933379], [2; 50; 3.938330366012488], [2; 50; 3.974629109070204], [2; 50; 4.011950388978435], [2; 50; 4.050343133498509], [2; 50; 4.089859612030622], [2; 50; 4.130555734891089], [1; 100; 8.34498277202992], [2; 50; 4.215730793587482], [2; 50; 4.260342943822773], [2; 50; 4.306402043954526], [1; 120; 10.449571299621178], [2; 60; 5.283824649753331], [2; 60; 5.344911357176072], [2; 60; 5.408166947820675], [2; 60; 5.473722880094787], [2; 60; 5.541722044840844], [2; 60; 5.6123200762457195], [1; 120; 11.371373702559561], [2; 60; 5.762008210569963], [1; 120; 11.682975880841889], [2; 60; 5.924350064150497], [2; 60; 6.010841501455319], [1; 120; 12.20247033554346], [2; 70; 7.228472536059404], [2; 70; 7.34413544077547], [2; 70; 7.4655343335135385], [2; 70; 7.5931595498754625], [2; 70; 7.727562188468354], [2; 70; 7.869364148029964], [2; 70; 8.019270268321664], [1; 140; 16.356166233178644], [2; 80; 9.539109861768491], [1; 160; 19.488550961893466], [2; 80; 9.963275307843238], [2; 80; 10.197737393581209], [1; 160; 20.899142599242357], [2; 80; 11.014815293042902], [1; 160; 22.668302860355123], [2; 90; 13.143347865947126], [2; 90; 13.574391306193068], [2; 90; 14.050829894160167], [1; 180; 29.162470561189267], [2; 90; 15.851473949259988], [2; 90; 16.625166134522534], [2; 90; 17.524463821262835], [2; 100; 20.65277867445544], [2; 100; 22.078749109909584], [2; 100; 23.847774654421226], [1; 200; 52.24785649810588], [2; 100; 33.725846348699854], [1; 200; 82.61111469782176], [2; 100; 58.414879404209444]];
Intervals[4.9E-324=0.5841487940420944, 0.5841487940420944=1.1712404217924646, 1.1712404217924646=2.3513992031899185, 2.3513992031899185=3.54378793591098, 3.54378793591098=4.143111952994818, 4.143111952994818=4.7456154301462865, 4.7456154301462865=5.351349512102971, 5.351349512102971=6.569383947221312, 6.569383947221312=9.018801239956202, 9.018801239956202=10.250295027698613, 10.250295027698613=12.72708096087018, 12.741113854659423=13.993660343265244, 13.993660343265244=16.513275720265373, 16.513275720265373=19.062710068660675, 19.092800053856614=20.382968909473608, 20.382968909473608=21.68107734067826, 21.68107734067826=22.987273753130907, 22.987273753130907=25.61614871520006, 25.61614871520006=26.938985243234313, 26.938985243234313=30.933181241668677, 30.959372971477435=32.98292375239943, 32.98292375239943=35.02010129187272, 35.02010129187272=37.071184641510406, 37.071184641510406=39.824888464771135, 39.824888464771135=45.370945060172865, 45.370945060172865=50.99680513215533, 50.99680513215533=53.83034298969972, 53.83034298969972=56.68494833328086, 56.68494833328086=59.56109817377768, 59.56109817377768=62.45928779896237, 62.45928779896237=68.30077573938331, 68.30077573938331=71.24460895403793, 71.24460895403793=74.21208779525209, 74.21208779525209=77.95171724553776, 77.95171724553776=81.72238149725806, 81.72238149725806=89.32735103196823, 89.32735103196823=93.16247575221705, 93.16247575221705=97.03109564746345, 97.03109564746345=100.93410395139682, 100.93410395139682=104.87243431740931, 104.87243431740931=108.84706342647952, 108.84706342647952=112.85901381545796, 112.85901381545796=116.90935694895647, 116.90935694895647=120.9992165609871, 120.9992165609871=125.12977229587818, 125.12977229587818=133.4747550679081, 133.4747550679081=137.69048586149557, 137.69048586149557=141.95082880531834, 141.95082880531834=146.25723084927287, 146.25723084927287=156.70680214889404, 156.70680214889404=161.99062679864738, 161.99062679864738=167.33553815582346, 167.33553815582346=172.74370510364412, 172.74370510364412=178.2174279837389, 178.2174279837389=183.75915002857974, 183.75915002857974=189.37147010482545, 189.37147010482545=200.74284380738501, 200.74284380738501=206.504852017955, 206.504852017955=218.18782789879688, 218.18782789879688=224.11217796294738, 224.11217796294738=230.12301946440272, 230.12301946440272=242.32548979994618, 242.32548979994618=249.55396233600558, 249.55396233600558=256.89809777678107, 256.89809777678107=264.3636321102946, 264.3636321102946=271.95679166017004, 271.95679166017004=279.6843538486384, 279.6843538486384=287.55371799666835, 287.55371799666835=295.57298826499004, 295.57298826499004=311.9291544981687, 311.9291544981687=321.4682643599372, 321.4682643599372=340.9568153218307, 340.9568153218307=350.9200906296739, 350.9200906296739=361.11782802325513, 361.11782802325513=382.01697062249747, 382.55989590721845=393.57471120026133, 393.57471120026133=416.2430140606165, 416.2430140606165=429.3863619265636, 429.3863619265636=442.9607532327567, 442.9607532327567=457.0115831269169, 457.0115831269169=486.17405368810614, 487.36484484074674=503.2163187900067, 503.2163187900067=519.8414849245293, 519.8414849245293=537.3659487457921, 537.3659487457921=558.0187274202476, 558.0187274202476=580.0974765301572, 580.0974765301572=603.9452511845784, 603.9452511845784=656.1931076826843, 662.3601305887878=696.0859769374877, 696.0859769374877=778.6970916353094, 778.6970916353094=837.111971039519];

Jobs: [[2; 10; 0.5841487940420944], [2; 10; 0.58709162775037], [1; 20; 1.1862264757961378], [2; 10; 0.5993240170838382], [2; 10; 0.6025034771514681], [2; 10; 0.605734081956684], [2; 20; 1.2180344351183416], [2; 20; 1.23149378774241], [1; 40; 2.4908188269608096], [2; 20; 1.2525464886058215], [1; 40; 2.5343933065153488], [1; 40; 2.564746404076021], [2; 20; 1.2901688556169941], [2; 20; 1.2981084312046542], [2; 20; 1.3061964124526473], [2; 20; 1.32283652803425], [1; 60; 4.020387728243122], [2; 30; 2.023550780921991], [2; 30; 2.0371775394732925], [2; 30; 2.051083349637688], [2; 40; 2.7537038232607256], [1; 80; 5.585530805978364], [2; 40; 2.8335378575443904], [2; 40; 2.854605343581138], [2; 40; 2.8761498404968218], [2; 40; 2.898189625184695], [2; 40; 2.943833214654611], [2; 40; 2.9674788412141644], [2; 50; 3.739629450285681], [2; 50; 3.7706642517202966], [2; 50; 3.8351247202488086], [2; 50; 3.8686198952463906], [2; 50; 3.903008303933379], [2; 50; 3.938330366012488], [2; 50; 3.974629109070204], [2; 50; 4.011950388978435], [2; 50; 4.050343133498509], [2; 50; 4.089859612030622], [2; 50; 4.130555734891089], [2; 50; 4.215730793587482], [2; 50; 4.260342943822773], [2; 50; 4.306402043954526], [2; 60; 5.283824649753331], [2; 60; 5.344911357176072], [2; 60; 5.408166947820675], [2; 60; 5.473722880094787], [2; 60; 5.541722044840844], [2; 60; 5.6123200762457195], [2; 60; 5.762008210569963], [2; 60; 5.924350064150497], [2; 60; 6.010841501455319], [2; 70; 7.228472536059404], [2; 70; 7.34413544077547], [2; 70; 7.4655343335135385], [2; 70; 7.5931595498754625], [2; 70; 7.727562188468354], [2; 70; 7.869364148029964], [2; 70; 8.019270268321664], [2; 80; 9.539109861768491], [2; 80; 9.963275307843238], [2; 80; 10.197737393581209], [1; 160; 21.44206788396332], [2; 80; 11.014815293042902], [2; 90; 13.143347865947126], [2; 90; 13.574391306193068], [2; 90; 14.050829894160167], [1; 180; 30.353261713829863], [2; 90; 15.851473949259988], [2; 90; 16.625166134522534], [2; 90; 17.524463821262835], [2; 100; 20.65277867445544], [2; 100; 22.078749109909584], [2; 100; 23.847774654421226], [1; 200; 58.414879404209444], [2; 100; 33.725846348699854], [2; 100; 58.414879404209444]];
Intervals[4.9E-324=0.5841487940420944, 0.5841487940420944=1.1712404217924646, 1.1712404217924646=2.357466897588602, 3.54378793591098=4.143111952994818, 4.143111952994818=4.7456154301462865, 4.7456154301462865=5.351349512102971, 5.351349512102971=6.569383947221312, 9.018801239956202=10.250295027698613, 10.250295027698613=12.741113854659423, 12.741113854659423=13.993660343265244, 13.993660343265244=16.528053649780592, 16.528053649780592=19.092800053856614, 19.092800053856614=20.382968909473608, 20.382968909473608=21.68107734067826, 21.68107734067826=22.987273753130907, 25.61614871520006=26.938985243234313, 26.938985243234313=30.959372971477435, 30.959372971477435=32.98292375239943, 32.98292375239943=35.02010129187272, 35.02010129187272=37.071184641510406, 37.071184641510406=39.824888464771135, 39.824888464771135=45.4104192707495, 50.99680513215533=53.83034298969972, 53.83034298969972=56.68494833328086, 56.68494833328086=59.56109817377768, 59.56109817377768=62.45928779896237, 68.30077573938331=71.24460895403793, 71.24460895403793=74.21208779525209, 74.21208779525209=77.95171724553776, 77.95171724553776=81.72238149725806, 89.32735103196823=93.16247575221705, 93.16247575221705=97.03109564746345, 97.03109564746345=100.93410395139682, 100.93410395139682=104.87243431740931, 104.87243431740931=108.84706342647952, 108.84706342647952=112.85901381545796, 112.85901381545796=116.90935694895647, 116.90935694895647=120.9992165609871, 120.9992165609871=125.12977229587818, 133.4747550679081=137.69048586149557, 137.69048586149557=141.95082880531834, 141.95082880531834=146.25723084927287, 156.70680214889404=161.99062679864738, 161.99062679864738=167.33553815582346, 167.33553815582346=172.74370510364412, 172.74370510364412=178.2174279837389, 178.2174279837389=183.75915002857974, 183.75915002857974=189.37147010482545, 200.74284380738501=206.504852017955, 218.18782789879688=224.11217796294738, 224.11217796294738=230.12301946440272, 242.32548979994618=249.55396233600558, 249.55396233600558=256.89809777678107, 256.89809777678107=264.3636321102946, 264.3636321102946=271.95679166017004, 271.95679166017004=279.6843538486384, 279.6843538486384=287.55371799666835, 287.55371799666835=295.57298826499004, 311.9291544981687=321.4682643599372, 340.9568153218307=350.9200906296739, 350.9200906296739=361.11782802325513, 361.11782802325513=382.55989590721845, 382.55989590721845=393.57471120026133, 416.2430140606165=429.3863619265636, 429.3863619265636=442.9607532327567, 442.9607532327567=457.0115831269169, 457.0115831269169=487.36484484074674, 487.36484484074674=503.2163187900067, 503.2163187900067=519.8414849245293, 519.8414849245293=537.3659487457921, 537.3659487457921=558.0187274202476, 558.0187274202476=580.0974765301572, 580.0974765301572=603.9452511845784, 603.9452511845784=662.3601305887878, 662.3601305887878=696.0859769374877, 778.6970916353094=837.111971039519];
