0.9999999999999999
15772.986351937929
15772.986351937927
[2; 10; 0.7943043837708044]
[2; 10; 0.8023685944150537]
[2; 10; 0.8106835169559576]
[2; 20; 1.6385248348354118]
[2; 30; 2.484358697474027]
[2; 30; 2.511811008172226]
[2; 30; 2.540193954365058]
[2; 30; 2.5695613340896215]
[2; 40; 3.4666285366332987]
[2; 40; 3.50864981071002]
[2; 40; 3.5522371938751984]
[2; 40; 3.5974904474562286]
[2; 40; 3.6445184623876683]
[2; 50; 4.616800452861023]
[2; 50; 4.680483467421148]
[2; 50; 4.746876620012955]
[2; 60; 5.779413305608538]
[2; 60; 5.866326653386103]
[2; 60; 5.957282878281032]
[2; 60; 6.052605456942013]
[2; 60; 6.15265530032774]
[2; 60; 6.2578365142670656]
[2; 70; 7.430037162207384]
[2; 70; 7.566379491588937]
[2; 70; 7.710513956953936]
[2; 70; 7.863212225267527]
[2; 80; 9.171836995771475]
[2; 80; 9.369103370046203]
[2; 80; 9.579671310189887]
[2; 80; 9.805106184432816]
[2; 80; 10.047244032688903]
[2; 90; 11.596786735112502]
[2; 90; 11.914565756562064]
[2; 90; 12.259987019026678]
[2; 90; 12.637305362037095]
[2; 100; 14.501947617216997]
[2; 100; 15.010941891042552]
[2; 100; 15.577590586844705]
[2; 100; 16.213670339119155]
[2; 580; 98.22083290211557]
[2; 600; 106.56711581625595]
[2; 620; 116.07598999204443]
[2; 620; 123.11717948447468]
[2; 660; 140.10927220162495]
[2; 660; 151.33531043022933]
[2; 660; 165.77952653936688]
[2; 660; 185.34714530987742]
[2; 680; 220.50591661202048]
[2; 700; 278.0065343197815]
[2; 700; 393.1606112633764]


Jobs: [[2; 10; 0.7943043837708044], [2; 10; 0.8023685944150537], [2; 10; 0.8106835169559576], [2; 20; 1.6385248348354118], [2; 30; 2.484358697474027], [2; 30; 2.511811008172226], [2; 30; 2.540193954365058], [2; 30; 2.5695613340896215], [2; 40; 3.4666285366332987], [2; 40; 3.50864981071002], [2; 40; 3.5522371938751984], [2; 40; 3.5974904474562286], [2; 40; 3.6445184623876683], [2; 50; 4.616800452861023], [2; 50; 4.680483467421148], [2; 50; 4.746876620012955], [2; 60; 5.779413305608538], [2; 60; 5.866326653386103], [2; 60; 5.957282878281032], [2; 60; 6.052605456942013], [2; 60; 6.15265530032774], [2; 60; 6.2578365142670656], [2; 70; 7.430037162207384], [2; 70; 7.566379491588937], [2; 70; 7.710513956953936], [2; 70; 7.863212225267527], [2; 80; 9.171836995771475], [2; 80; 9.369103370046203], [2; 80; 9.579671310189887], [2; 80; 9.805106184432816], [2; 80; 10.047244032688903], [2; 90; 11.596786735112502], [2; 90; 11.914565756562064], [2; 90; 12.259987019026678], [2; 90; 12.637305362037095], [2; 100; 14.501947617216997], [2; 100; 15.010941891042552], [2; 100; 15.577590586844705], [2; 100; 16.213670339119155], [2; 580; 98.22083290211557], [2; 600; 106.56711581625595], [2; 620; 116.07598999204443], [2; 620; 123.11717948447468], [2; 660; 140.10927220162495], [2; 660; 151.33531043022933], [2; 660; 165.77952653936688], [2; 660; 185.34714530987742], [2; 680; 220.50591661202048], [2; 700; 278.0065343197815], [2; 700; 393.1606112633764]];
Intervals[4.9E-324=0.7943043837708044, 0.7943043837708044=1.596672978185858, 1.596672978185858=2.4073564951418156, 2.4073564951418156=4.045881329977227, 4.045881329977227=6.530240027451255, 6.530240027451255=9.04205103562348, 9.04205103562348=11.582244989988538, 11.582244989988538=14.15180632407816, 14.15180632407816=17.61843486071146, 17.61843486071146=21.12708467142148, 21.12708467142148=24.67932186529668, 24.67932186529668=28.276812312752906, 28.276812312752906=31.921330775140575, 31.921330775140575=36.538131228001596, 36.538131228001596=41.218614695422744, 41.218614695422744=45.9654913154357, 45.9654913154357=51.744904621044235, 51.744904621044235=57.61123127443034, 57.61123127443034=63.56851415271137, 63.56851415271137=69.62111960965339, 69.62111960965339=75.77377490998113, 75.77377490998113=82.0316114242482, 82.0316114242482=89.46164858645558, 89.46164858645558=97.02802807804451, 97.02802807804451=104.73854203499845, 104.73854203499845=112.60175426026598, 112.60175426026598=121.77359125603745, 121.77359125603745=131.14269462608365, 131.14269462608365=140.72236593627355, 140.72236593627355=150.52747212070636, 150.52747212070636=160.57471615339526, 160.57471615339526=172.17150288850775, 172.17150288850775=184.08606864506982, 184.08606864506982=196.3460556640965, 196.3460556640965=208.9833610261336, 208.9833610261336=223.48530864335058, 223.48530864335058=238.49625053439314, 238.49625053439314=254.07384112123785, 254.07384112123785=270.287511460357, 270.287511460357=368.5083443624726, 368.5083443624726=475.0754601787286, 475.0754601787286=591.151450170773, 591.151450170773=714.2686296552478, 714.2686296552478=854.3779018568728, 854.3779018568728=1005.7132122871021, 1005.7132122871021=1171.4927388264691, 1171.4927388264691=1356.8398841363464, 1356.8398841363464=1577.3458007483669, 1577.3458007483669=1855.3523350681485, 1855.3523350681485=2248.5129463315247];

Jobs: [[2; 10; 0.7943043837708044], [2; 10; 0.8023685944150537], [2; 10; 0.8106835169559576], [2; 20; 1.6385248348354118], [2; 30; 2.484358697474027], [2; 30; 2.511811008172226], [2; 30; 2.540193954365058], [2; 30; 2.5695613340896215], [2; 40; 3.4666285366332987], [2; 40; 3.50864981071002], [2; 40; 3.5522371938751984], [2; 40; 3.5974904474562286], [2; 40; 3.6445184623876683], [2; 50; 4.616800452861023], [2; 50; 4.680483467421148], [2; 50; 4.746876620012955], [2; 60; 5.779413305608538], [2; 60; 5.866326653386103], [2; 60; 5.957282878281032], [2; 60; 6.052605456942013], [2; 60; 6.15265530032774], [2; 60; 6.2578365142670656], [2; 70; 7.430037162207384], [2; 70; 7.566379491588937], [2; 70; 7.710513956953936], [2; 70; 7.863212225267527], [2; 80; 9.171836995771475], [2; 80; 9.369103370046203], [2; 80; 9.579671310189887], [2; 80; 9.805106184432816], [2; 80; 10.047244032688903], [2; 90; 11.596786735112502], [2; 90; 11.914565756562064], [2; 90; 12.259987019026678], [2; 90; 12.637305362037095], [2; 100; 14.501947617216997], [2; 100; 15.010941891042552], [2; 100; 15.577590586844705], [2; 100; 16.213670339119155], [2; 580; 98.22083290211557], [2; 600; 106.56711581625595], [2; 620; 116.07598999204443], [2; 620; 123.11717948447468], [2; 660; 140.10927220162495], [2; 660; 151.33531043022933], [2; 660; 165.77952653936688], [2; 660; 185.34714530987742], [2; 680; 220.50591661202048], [2; 700; 278.0065343197815], [2; 700; 393.1606112633764]];
Intervals[4.9E-324=0.7943043837708044, 0.7943043837708044=1.596672978185858, 1.596672978185858=2.4073564951418156, 2.4073564951418156=4.045881329977227, 4.045881329977227=6.530240027451255, 6.530240027451255=9.04205103562348, 9.04205103562348=11.582244989988538, 11.582244989988538=14.15180632407816, 14.15180632407816=17.61843486071146, 17.61843486071146=21.12708467142148, 21.12708467142148=24.67932186529668, 24.67932186529668=28.276812312752906, 28.276812312752906=31.921330775140575, 31.921330775140575=36.538131228001596, 36.538131228001596=41.218614695422744, 41.218614695422744=45.9654913154357, 45.9654913154357=51.744904621044235, 51.744904621044235=57.61123127443034, 57.61123127443034=63.56851415271137, 63.56851415271137=69.62111960965339, 69.62111960965339=75.77377490998113, 75.77377490998113=82.0316114242482, 82.0316114242482=89.46164858645558, 89.46164858645558=97.02802807804451, 97.02802807804451=104.73854203499845, 104.73854203499845=112.60175426026598, 112.60175426026598=121.77359125603745, 121.77359125603745=131.14269462608365, 131.14269462608365=140.72236593627355, 140.72236593627355=150.52747212070636, 150.52747212070636=160.57471615339526, 160.57471615339526=172.17150288850775, 172.17150288850775=184.08606864506982, 184.08606864506982=196.3460556640965, 196.3460556640965=208.9833610261336, 208.9833610261336=223.48530864335058, 223.48530864335058=238.49625053439314, 238.49625053439314=254.07384112123785, 254.07384112123785=270.287511460357, 270.287511460357=368.5083443624726, 368.5083443624726=475.0754601787286, 475.0754601787286=591.151450170773, 591.151450170773=714.2686296552478, 714.2686296552478=854.3779018568728, 854.3779018568728=1005.7132122871021, 1005.7132122871021=1171.4927388264691, 1171.4927388264691=1356.8398841363464, 1356.8398841363464=1577.3458007483669, 1577.3458007483669=1855.3523350681485, 1855.3523350681485=2248.5129463315247];
