1.1516583627153691
19319.95422533241
22249.986850882204
[1; 20; 1.2432201486569436]
[1; 20; 1.2494832620924075]
[2; 10; 0.6279209983021947]
[1; 20; 1.2622988103556754]
[2; 10; 0.6344281254492836]
[1; 20; 1.2755169593981115]
[2; 20; 1.282283675101787]
[2; 20; 1.2891592400728291]
[2; 20; 1.29614660420576]
[2; 20; 1.3032488305442431]
[1; 40; 2.620938201846043]
[1; 40; 2.6356214439151042]
[1; 40; 2.6505542628138885]
[2; 20; 1.3328719049380156]
[2; 20; 1.3405987633206917]
[2; 20; 1.3484615800876427]
[1; 60; 4.069393169081926]
[1; 60; 4.093834188648067]
[1; 60; 4.118720947895516]
[1; 60; 4.144067162189812]
[2; 30; 2.0849435725457397]
[2; 30; 2.09809792116207]
[1; 60; 4.223008868130263]
[1; 60; 4.250342544215462]
[2; 30; 2.139106970751012]
[1; 60; 4.306640924934317]
[1; 60; 4.3356422016032905]
[1; 60; 4.36523737248458]
[2; 30; 2.1977234940576813]
[2; 30; 2.213146304284644]
[2; 30; 2.228898434063605]
[2; 40; 2.9933223633896593]
[1; 80; 6.030503516245493]
[1; 80; 6.0753405909592795]
[1; 80; 6.121192868549234]
[1; 80; 6.168099246984812]
[1; 80; 6.216100743284718]
[1; 80; 6.2652406442876645]
[2; 50; 3.9472279192156887]
[1; 100; 7.958901445187308]
[2; 50; 4.012475776181542]
[2; 50; 4.046336931576636]
[2; 50; 4.081070074486932]
[1; 100; 8.233426569256679]
[2; 50; 4.153307011257545]
[1; 100; 8.381788532360428]
[1; 100; 8.459041672657115]
[2; 50; 4.26923551829727]
[1; 100; 8.620180755139565]
[2; 60; 5.222569242679979]
[1; 120; 10.549072771476869]
[2; 60; 5.328086351386901]
[2; 60; 5.383301156167897]
[2; 60; 5.4402688924156895]
[1; 120; 10.998168638949707]
[1; 120; 11.119699053577278]
[2; 60; 5.622674679415834]
[1; 120; 11.375357716732328]
[1; 120; 11.509982020688179]
[1; 120; 11.649502048288017]
[1; 120; 11.794221908307193]
[1; 120; 11.94447283066334]
[1; 140; 14.117385750546909]
[1; 140; 14.30688934057721]
[2; 70; 7.252117533832171]
[2; 70; 7.354989587411444]
[1; 140; 14.924734756072773]
[1; 140; 15.149179452056647]
[1; 140; 15.384064458403769]
[2; 70; 7.815112559985583]
[1; 140; 15.88859345183446]
[1; 160; 18.46881487467007]
[1; 160; 18.795721932862993]
[1; 160; 19.14062633304141]
[2; 80; 9.752621227220736]
[1; 160; 19.891522378511098]
[2; 80; 10.150850007188538]
[1; 160; 20.73834566729216]
[1; 160; 21.204434102511108]
[1; 160; 21.703430235103607]
[2; 80; 11.119699053577278]
[1; 180; 25.66928364901214]
[1; 180; 26.372681928692177]
[2; 90; 13.568632911552358]
[2; 90; 13.986226672390615]
[1; 180; 28.88982558850711]
[2; 90; 14.951905240527163]
[2; 90; 15.516325359251216]
[2; 90; 16.14990346850369]
[1; 180; 33.736048076495]
[1; 200; 39.31407302769064]
[2; 100; 20.720335810949063]
[1; 200; 43.954469881153614]
[1; 200; 46.98930483215748]
[2; 100; 25.37712501797135]
[2; 100; 27.799247633943192]
[1; 200; 62.16100743284718]
[2; 100; 35.88867437445265]
[2; 100; 43.954469881153614]
[1; 200; 124.32201486569436]


Jobs: [[1; 20; 1.2432201486569436], [2; 10; 0.6279209983021947], [1; 20; 1.2622988103556754], [2; 10; 0.6344281254492836], [1; 20; 1.2755169593981115], [2; 20; 1.282283675101787], [2; 20; 1.2891592400728291], [2; 20; 1.29614660420576], [2; 20; 1.3032488305442431], [1; 40; 2.620938201846043], [1; 40; 2.6505542628138885], [2; 20; 1.3328719049380156], [2; 20; 1.3405987633206917], [2; 20; 1.3484615800876427], [1; 60; 4.069393169081926], [1; 60; 4.118720947895516], [2; 30; 2.0849435725457397], [2; 30; 2.09809792116207], [1; 60; 4.223008868130263], [2; 30; 2.139106970751012], [1; 60; 4.306640924934317], [1; 60; 4.36523737248458], [2; 30; 2.1977234940576813], [2; 30; 2.213146304284644], [2; 30; 2.228898434063605], [2; 40; 2.9933223633896593], [1; 80; 6.030503516245493], [1; 80; 6.121192868549234], [1; 80; 6.216100743284718], [2; 50; 3.9472279192156887], [1; 100; 7.958901445187308], [2; 50; 4.012475776181542], [2; 50; 4.046336931576636], [2; 50; 4.081070074486932], [1; 100; 8.233426569256679], [2; 50; 4.153307011257545], [1; 100; 8.381788532360428], [2; 50; 4.26923551829727], [1; 100; 8.620180755139565], [2; 60; 5.222569242679979], [1; 120; 10.549072771476869], [2; 60; 5.328086351386901], [2; 60; 5.383301156167897], [2; 60; 5.4402688924156895], [1; 120; 10.998168638949707], [2; 60; 5.622674679415834], [1; 120; 11.375357716732328], [1; 120; 11.649502048288017], [1; 120; 11.94447283066334], [1; 140; 14.30688934057721], [2; 70; 7.252117533832171], [2; 70; 7.354989587411444], [1; 140; 14.924734756072773], [1; 140; 15.384064458403769], [2; 70; 7.815112559985583], [1; 140; 15.88859345183446], [1; 160; 18.795721932862993], [2; 80; 9.752621227220736], [1; 160; 19.891522378511098], [2; 80; 10.150850007188538], [1; 160; 20.73834566729216], [1; 160; 21.703430235103607], [2; 80; 11.119699053577278], [1; 180; 25.66928364901214], [2; 90; 13.568632911552358], [2; 90; 13.986226672390615], [1; 180; 28.88982558850711], [2; 90; 14.951905240527163], [2; 90; 15.516325359251216], [2; 90; 16.14990346850369], [1; 180; 33.736048076495], [2; 100; 20.720335810949063], [1; 200; 43.954469881153614], [2; 100; 25.37712501797135], [2; 100; 27.799247633943192], [1; 200; 62.16100743284718], [2; 100; 35.88867437445265], [2; 100; 43.954469881153614], [1; 200; 124.32201486569436]];
Intervals[0.0=1.2432201486569436, 1.2494832620924075=1.8774042603946022, 1.8774042603946022=3.1397030707502775, 3.1397030707502775=3.774131196199561, 3.774131196199561=5.049648155597673, 5.049648155597673=6.33193183069946, 6.33193183069946=7.621091070772289, 7.621091070772289=8.917237674978049, 8.917237674978049=10.220486505522292, 10.220486505522292=12.841424707368335, 12.841424707368335=15.491978970182224, 15.491978970182224=16.82485087512024, 16.82485087512024=18.165449638440933, 18.165449638440933=19.513911218528577, 19.513911218528577=23.583304387610504, 23.583304387610504=27.70202533550602, 27.751812569366457=29.836756141912197, 29.836756141912197=31.934854063074265, 31.934854063074265=36.15786293120453, 36.185196607289726=38.32430357804074, 38.32430357804074=42.630944502975055, 42.630944502975055=46.996181875459634, 46.996181875459634=49.19390536951732, 49.19390536951732=51.40705167380196, 51.40705167380196=53.63595010786556, 53.63595010786556=56.62927247125522, 56.62927247125522=62.659775987500716, 62.659775987500716=68.78096885604995, 68.78096885604995=74.99706959933467, 75.13795295348697=79.08518087270267, 79.08518087270267=87.04408231788997, 87.04408231788997=91.05655809407152, 91.05655809407152=95.10289502564815, 95.10289502564815=99.18396510013508, 99.18396510013508=107.41739166939176, 107.41739166939176=111.5706986806493, 111.5706986806493=119.95248721300973, 120.02974035330641=124.29897587160367, 124.29897587160367=132.91915662674324, 132.91915662674324=138.14172586942323, 138.14172586942323=148.69079864090008, 148.69079864090008=154.01888499228698, 154.01888499228698=159.4021861484549, 159.4021861484549=164.8424550408706, 164.8424550408706=175.84062367982028, 175.96215409444787=181.5848287738637, 181.5848287738637=192.96018649059604, 192.96018649059604=204.60968853888406, 204.60968853888406=216.5541613695474, 216.5541613695474=230.8610507101246, 230.8610507101246=238.11316824395678, 238.11316824395678=245.46815783136822, 245.46815783136822=260.392892587441, 260.392892587441=275.77695704584477, 275.77695704584477=283.5920696058304, 283.5920696058304=299.48066305766486, 299.48066305766486=318.27638499052784, 321.20151081354186=330.9541320407626, 330.9541320407626=350.8456544192737, 350.8456544192737=360.99650442646225, 360.99650442646225=381.7348500937544, 381.7348500937544=403.438280328858, 403.438280328858=414.5579793824353, 414.5579793824353=440.2272630314474, 440.9306613111275=454.49929422267985, 454.49929422267985=468.48552089507047, 468.48552089507047=497.3753464835776, 497.3753464835776=512.3272517241047, 512.3272517241047=527.843577083356, 527.843577083356=543.9934805518596, 543.9934805518596=577.7295286283546, 583.3075535795502=604.0278893904994, 604.0278893904994=647.982359271653, 651.0171942226568=676.3943192406282, 676.3943192406282=704.1935668745714, 704.1935668745714=766.3545743074186, 766.3545743074186=802.2432486818713, 802.2432486818713=846.1977185630249, 846.1977185630249=970.5197334287192];

Jobs: [[1; 20; 1.2494832620924075], [2; 10; 0.6279209983021947], [2; 10; 0.6344281254492836], [2; 20; 1.282283675101787], [2; 20; 1.2891592400728291], [2; 20; 1.29614660420576], [2; 20; 1.3032488305442431], [1; 40; 2.6356214439151042], [2; 20; 1.3328719049380156], [2; 20; 1.3405987633206917], [2; 20; 1.3484615800876427], [1; 60; 4.093834188648067], [1; 60; 4.144067162189812], [2; 30; 2.0849435725457397], [2; 30; 2.09809792116207], [1; 60; 4.250342544215462], [2; 30; 2.139106970751012], [1; 60; 4.3356422016032905], [2; 30; 2.1977234940576813], [2; 30; 2.213146304284644], [2; 30; 2.228898434063605], [2; 40; 2.9933223633896593], [1; 80; 6.0753405909592795], [1; 80; 6.168099246984812], [1; 80; 6.2652406442876645], [2; 50; 3.9472279192156887], [2; 50; 4.012475776181542], [2; 50; 4.046336931576636], [2; 50; 4.081070074486932], [2; 50; 4.153307011257545], [1; 100; 8.459041672657115], [2; 50; 4.26923551829727], [2; 60; 5.222569242679979], [2; 60; 5.328086351386901], [2; 60; 5.383301156167897], [2; 60; 5.4402688924156895], [1; 120; 11.119699053577278], [2; 60; 5.622674679415834], [1; 120; 11.509982020688179], [1; 120; 11.794221908307193], [1; 140; 14.117385750546909], [2; 70; 7.252117533832171], [2; 70; 7.354989587411444], [1; 140; 15.149179452056647], [2; 70; 7.815112559985583], [1; 160; 18.46881487467007], [1; 160; 19.14062633304141], [2; 80; 9.752621227220736], [2; 80; 10.150850007188538], [1; 160; 21.204434102511108], [2; 80; 11.119699053577278], [1; 180; 26.372681928692177], [2; 90; 13.568632911552358], [2; 90; 13.986226672390615], [2; 90; 14.951905240527163], [2; 90; 15.516325359251216], [2; 90; 16.14990346850369], [1; 200; 39.31407302769064], [2; 100; 20.720335810949063], [1; 200; 46.98930483215748], [2; 100; 25.37712501797135], [2; 100; 27.799247633943192], [2; 100; 35.88867437445265], [2; 100; 43.954469881153614]];
Intervals[0.0=1.2494832620924075, 1.2494832620924075=1.8774042603946022, 3.1397030707502775=3.774131196199561, 5.049648155597673=6.33193183069946, 6.33193183069946=7.621091070772289, 7.621091070772289=8.917237674978049, 8.917237674978049=10.220486505522292, 10.220486505522292=12.856107949437396, 15.491978970182224=16.82485087512024, 16.82485087512024=18.165449638440933, 18.165449638440933=19.513911218528577, 19.513911218528577=23.607745407176644, 23.607745407176644=27.751812569366457, 27.751812569366457=29.836756141912197, 29.836756141912197=31.934854063074265, 31.934854063074265=36.185196607289726, 36.185196607289726=38.32430357804074, 38.32430357804074=42.65994577964403, 46.996181875459634=49.19390536951732, 49.19390536951732=51.40705167380196, 51.40705167380196=53.63595010786556, 53.63595010786556=56.62927247125522, 56.62927247125522=62.7046130622145, 62.7046130622145=68.87271230919931, 68.87271230919931=75.13795295348697, 75.13795295348697=79.08518087270267, 87.04408231788997=91.05655809407152, 91.05655809407152=95.10289502564815, 95.10289502564815=99.18396510013508, 107.41739166939176=111.5706986806493, 111.5706986806493=120.02974035330641, 120.02974035330641=124.29897587160367, 132.91915662674324=138.14172586942323, 148.69079864090008=154.01888499228698, 154.01888499228698=159.4021861484549, 159.4021861484549=164.8424550408706, 164.8424550408706=175.96215409444787, 175.96215409444787=181.5848287738637, 181.5848287738637=193.09481079455188, 193.09481079455188=204.88903270285908, 204.88903270285908=219.00641845340598, 230.8610507101246=238.11316824395678, 238.11316824395678=245.46815783136822, 245.46815783136822=260.6173372834249, 275.77695704584477=283.5920696058304, 283.5920696058304=302.0608844805004, 302.0608844805004=321.20151081354186, 321.20151081354186=330.9541320407626, 350.8456544192737=360.99650442646225, 360.99650442646225=382.2009385289734, 403.438280328858=414.5579793824353, 414.5579793824353=440.9306613111275, 440.9306613111275=454.49929422267985, 454.49929422267985=468.48552089507047, 497.3753464835776=512.3272517241047, 512.3272517241047=527.843577083356, 527.843577083356=543.9934805518596, 543.9934805518596=583.3075535795502, 583.3075535795502=604.0278893904994, 604.0278893904994=651.0171942226568, 651.0171942226568=676.3943192406282, 676.3943192406282=704.1935668745714, 766.3545743074186=802.2432486818713, 802.2432486818713=846.1977185630249];
