1.1185414390999775
1518413.212273457
1698408.0996047722
[2; 10; 5.5107408073206585]
[1; 20; 11.077005802898682]
[1; 20; 11.133377697765336]
[1; 40; 22.3812381830335]
[1; 40; 22.497505137781076]
[1; 40; 22.615603089053046]
[1; 60; 34.10337090777517]
[1; 60; 34.286232116227616]
[2; 50; 28.72672226147196]
[2; 50; 28.884130137094747]
[1; 120; 69.7059701838735]
[1; 120; 70.09648287629322]
[1; 120; 70.49363326625156]
[1; 140; 82.71388014078877]
[1; 140; 83.19338491222383]
[1; 140; 83.6813268376415]
[2; 70; 42.088978141381624]
[1; 160; 96.78118187368655]
[1; 160; 97.36952274485635]
[2; 80; 48.984362731739196]
[2; 80; 49.28956420620426]
[1; 180; 111.60122053420409]
[2; 100; 62.396852572526306]
[1; 1040; 653.1274870867894]
[1; 1040; 657.4103361705988]
[2; 520; 330.88927960824714]
[1; 1040; 666.2350308434444]
[1; 1040; 670.7827630289144]
[1; 1040; 675.4249136644304]
[1; 1040; 680.1647957716087]
[1; 1040; 685.0058874397611]
[2; 540; 358.2442259408833]
[1; 1080; 721.7375217030408]
[2; 540; 363.55183690787015]
[2; 540; 366.2956632818259]
[1; 1080; 738.2051353000134]
[1; 1080; 743.950008988289]
[2; 540; 374.91556412329135]
[2; 540; 377.9269824932222]
[2; 540; 381.0121519076418]
[2; 540; 384.17413269633346]
[2; 540; 387.4161659774379]
[1; 1080; 781.483375249686]
[2; 540; 394.1543435775275]
[1; 1080; 795.3160132918775]
[2; 560; 416.11815776901034]
[2; 560; 419.95342923858004]
[1; 1120; 847.793480876854]
[1; 1120; 855.9065220068011]
[1; 1120; 864.2570272819339]
[2; 560; 436.42840575240115]
[1; 1160; 913.2084766417092]
[1; 1160; 922.6720296768431]
[1; 1160; 932.436026768037]
[1; 1160; 942.516709213011]
[1; 1160; 952.9315746532823]
[1; 1160; 963.6995048521854]
[1; 1160; 974.8409097243351]
[1; 1200; 1020.3909208108566]
[2; 600; 516.3798736033928]
[1; 1200; 1045.5895527581026]
[2; 600; 529.4548509447675]
[1; 1200; 1072.7522462962115]
[1; 1200; 1087.152249630988]
[1; 1200; 1102.1481614641318]
[1; 1240; 1155.0416579232526]
[1; 1240; 1171.904471912799]
[1; 1240; 1189.5280844740598]
[2; 620; 603.9857401037693]
[1; 1240; 1227.3002511917246]
[1; 1240; 1247.5875801432855]
[1; 1240; 1268.915408498647]
[1; 1240; 1291.3758319802255]
[1; 1240; 1315.0727779302129]
[1; 1240; 1340.1240342112046]
[2; 620; 683.3318601077617]
[2; 640; 719.9201644089944]
[1; 1280; 1470.8081797873642]
[1; 1280; 1503.8641763467]
[1; 1280; 1539.2540577419568]
[1; 1280; 1577.2660545985364]
[2; 640; 809.1204137484293]
[2; 660; 857.2700827279309]
[1; 1320; 1764.2472752740996]
[1; 1320; 1818.5444664158174]
[1; 1320; 1878.1846487376301]
[2; 660; 972.052905134517]
[1; 1320; 2017.4939447303168]
[1; 1360; 2163.50682820777]
[1; 1360; 2259.7091837913313]
[1; 1360; 2370.0029862516994]
[2; 680; 1249.1012496593494]
[2; 680; 1324.8719460340749]
[2; 680; 1416.3476866879894]
[1; 1400; 3149.650719289351]
[1; 1400; 3450.2694944342975]
[2; 700; 1928.7592825622307]
[2; 700; 2227.1393819785867]
[2; 700; 2727.677535952507]
[1; 1400; 7715.037130248923]


Jobs: [[2; 10; 5.5107408073206585], [1; 20; 11.077005802898682], [1; 40; 22.3812381830335], [1; 40; 22.615603089053046], [1; 60; 34.286232116227616], [2; 50; 28.72672226147196], [2; 50; 28.884130137094747], [1; 120; 69.7059701838735], [1; 120; 70.49363326625156], [1; 140; 83.19338491222383], [2; 70; 42.088978141381624], [1; 160; 96.78118187368655], [2; 80; 48.984362731739196], [2; 80; 49.28956420620426], [1; 180; 111.60122053420409], [2; 100; 62.396852572526306], [1; 1040; 653.1274870867894], [2; 520; 330.88927960824714], [1; 1040; 666.2350308434444], [1; 1040; 675.4249136644304], [1; 1040; 685.0058874397611], [2; 540; 358.2442259408833], [1; 1080; 721.7375217030408], [2; 540; 363.55183690787015], [2; 540; 366.2956632818259], [1; 1080; 738.2051353000134], [2; 540; 374.91556412329135], [2; 540; 377.9269824932222], [2; 540; 381.0121519076418], [2; 540; 384.17413269633346], [2; 540; 387.4161659774379], [1; 1080; 781.483375249686], [2; 540; 394.1543435775275], [1; 1080; 795.3160132918775], [2; 560; 416.11815776901034], [2; 560; 419.95342923858004], [1; 1120; 847.793480876854], [1; 1120; 864.2570272819339], [2; 560; 436.42840575240115], [1; 1160; 913.2084766417092], [1; 1160; 932.436026768037], [1; 1160; 952.9315746532823], [1; 1160; 974.8409097243351], [2; 600; 516.3798736033928], [1; 1200; 1045.5895527581026], [2; 600; 529.4548509447675], [1; 1200; 1072.7522462962115], [1; 1200; 1102.1481614641318], [1; 1240; 1171.904471912799], [2; 620; 603.9857401037693], [1; 1240; 1227.3002511917246], [1; 1240; 1268.915408498647], [1; 1240; 1315.0727779302129], [2; 620; 683.3318601077617], [2; 640; 719.9201644089944], [1; 1280; 1470.8081797873642], [1; 1280; 1539.2540577419568], [2; 640; 809.1204137484293], [2; 660; 857.2700827279309], [1; 1320; 1764.2472752740996], [1; 1320; 1878.1846487376301], [2; 660; 972.052905134517], [1; 1320; 2017.4939447303168], [1; 1360; 2259.7091837913313], [2; 680; 1249.1012496593494], [2; 680; 1324.8719460340749], [2; 680; 1416.3476866879894], [1; 1400; 3149.650719289351], [2; 700; 1928.7592825622307], [2; 700; 2227.1393819785867], [2; 700; 2727.677535952507], [1; 1400; 7715.037130248923]];
Intervals[4.9E-324=5.5107408073206585, 5.5107408073206585=16.58774661021934, 16.58774661021934=38.968984793252844, 38.968984793252844=61.58458788230589, 61.58458788230589=95.8708199985335, 95.8708199985335=124.59754226000547, 124.59754226000547=153.48167239710023, 153.48167239710023=223.18764258097372, 223.18764258097372=293.68127584722527, 293.68127584722527=376.8746607594491, 389.97336225182374=432.0623403932054, 432.0623403932054=528.8435222668919, 529.4318631380618=578.416225869801, 578.416225869801=627.7057900760053, 627.7057900760053=739.3070106102094, 739.3070106102094=801.7038631827357, 801.7038631827357=1454.831350269525, 1459.1141993533347=1790.0034789615818, 1790.0034789615818=2456.2385098050263, 2456.2385098050263=3131.6634234694566, 3131.6634234694566=3816.6693109092175, 3816.6693109092175=4174.913536850101, 4174.913536850101=4896.651058553141, 4896.651058553141=5260.202895461011, 5260.202895461011=5626.498558742837, 5626.498558742837=6364.703694042851, 6370.448567731126=6745.364131854417, 6745.364131854417=7123.291114347639, 7123.291114347639=7504.303266255281, 7504.303266255281=7888.477398951615, 7888.477398951615=8275.893564929052, 8275.893564929052=9057.376940178738, 9057.376940178738=9451.531283756265, 9451.531283756265=10246.847297048143, 10246.847297048143=10662.965454817153, 10662.965454817153=11082.918884055733, 11082.918884055733=11930.712364932586, 11930.712364932586=12794.96939221452, 12794.96939221452=13231.397797966922, 13231.397797966922=14144.606274608632, 14144.606274608632=15077.042301376669, 15077.042301376669=16029.973876029951, 16029.973876029951=17004.814785754286, 17080.676962519818=17597.05683612321, 17597.05683612321=18642.646388881312, 18642.646388881312=19172.10123982608, 19172.10123982608=20244.85348612229, 20244.85348612229=21347.00164758642, 21347.00164758642=22518.90611949922, 22603.823231854378=23207.808971958148, 23207.808971958148=24435.109223149873, 24435.109223149873=25704.02463164852, 25704.02463164852=27019.097409578735, 27086.89641829286=27770.228278400624, 27770.228278400624=28490.14844280962, 28490.14844280962=29960.956622596983, 29960.956622596983=31500.21068033894, 31571.278673754852=32380.399087503283, 32380.399087503283=33237.66917023122, 33237.66917023122=35001.91644550532, 35001.91644550532=36880.10109424295, 36880.10109424295=37852.153999377464, 37852.153999377464=39869.64794410778, 39869.64794410778=42129.357127899115, 42385.66381383693=43634.76506349628, 43634.76506349628=44959.63700953035, 44959.63700953035=46375.98469621834, 46375.98469621834=49525.635415507684, 49826.25419065263=51755.013473214865, 51755.013473214865=53982.15285519345, 53982.15285519345=56709.83039114596, 56709.83039114596=64424.86752139488];

Jobs: [[2; 10; 5.5107408073206585], [1; 20; 11.133377697765336], [1; 40; 22.497505137781076], [1; 60; 34.10337090777517], [2; 50; 28.72672226147196], [2; 50; 28.884130137094747], [1; 120; 70.09648287629322], [1; 140; 82.71388014078877], [1; 140; 83.6813268376415], [2; 70; 42.088978141381624], [1; 160; 97.36952274485635], [2; 80; 48.984362731739196], [2; 80; 49.28956420620426], [2; 100; 62.396852572526306], [1; 1040; 657.4103361705988], [2; 520; 330.88927960824714], [1; 1040; 670.7827630289144], [1; 1040; 680.1647957716087], [2; 540; 358.2442259408833], [2; 540; 363.55183690787015], [2; 540; 366.2956632818259], [1; 1080; 743.950008988289], [2; 540; 374.91556412329135], [2; 540; 377.9269824932222], [2; 540; 381.0121519076418], [2; 540; 384.17413269633346], [2; 540; 387.4161659774379], [2; 540; 394.1543435775275], [2; 560; 416.11815776901034], [2; 560; 419.95342923858004], [1; 1120; 855.9065220068011], [2; 560; 436.42840575240115], [1; 1160; 922.6720296768431], [1; 1160; 942.516709213011], [1; 1160; 963.6995048521854], [1; 1200; 1020.3909208108566], [2; 600; 516.3798736033928], [2; 600; 529.4548509447675], [1; 1200; 1087.152249630988], [1; 1240; 1155.0416579232526], [1; 1240; 1189.5280844740598], [2; 620; 603.9857401037693], [1; 1240; 1247.5875801432855], [1; 1240; 1291.3758319802255], [1; 1240; 1340.1240342112046], [2; 620; 683.3318601077617], [2; 640; 719.9201644089944], [1; 1280; 1503.8641763467], [1; 1280; 1577.2660545985364], [2; 640; 809.1204137484293], [2; 660; 857.2700827279309], [1; 1320; 1818.5444664158174], [2; 660; 972.052905134517], [1; 1360; 2163.50682820777], [1; 1360; 2370.0029862516994], [2; 680; 1249.1012496593494], [2; 680; 1324.8719460340749], [2; 680; 1416.3476866879894], [1; 1400; 3450.2694944342975], [2; 700; 1928.7592825622307], [2; 700; 2227.1393819785867], [2; 700; 2727.677535952507]];
Intervals[4.9E-324=5.5107408073206585, 5.5107408073206585=16.644118505085995, 16.644118505085995=39.141623642867074, 39.141623642867074=73.24499455064225, 95.8708199985335=124.59754226000547, 124.59754226000547=153.48167239710023, 153.48167239710023=223.57815527339346, 223.57815527339346=306.29203541418224, 306.29203541418224=389.97336225182374, 389.97336225182374=432.0623403932054, 432.0623403932054=529.4318631380618, 529.4318631380618=578.416225869801, 578.416225869801=627.7057900760053, 739.3070106102094=801.7038631827357, 801.7038631827357=1459.1141993533347, 1459.1141993533347=1790.0034789615818, 1790.0034789615818=2460.786241990496, 2460.786241990496=3140.9510377621045, 3816.6693109092175=4174.913536850101, 4896.651058553141=5260.202895461011, 5260.202895461011=5626.498558742837, 5626.498558742837=6370.448567731126, 6370.448567731126=6745.364131854417, 6745.364131854417=7123.291114347639, 7123.291114347639=7504.303266255281, 7504.303266255281=7888.477398951615, 7888.477398951615=8275.893564929052, 9057.376940178738=9451.531283756265, 10246.847297048143=10662.965454817153, 10662.965454817153=11082.918884055733, 11082.918884055733=11938.825406062533, 12794.96939221452=13231.397797966922, 13231.397797966922=14154.069827643765, 14154.069827643765=15096.586536856776, 15096.586536856776=16060.286041708961, 16060.286041708961=17080.676962519818, 17080.676962519818=17597.05683612321, 18642.646388881312=19172.10123982608, 19172.10123982608=20259.253489457067, 20259.253489457067=21414.29514738032, 21414.29514738032=22603.823231854378, 22603.823231854378=23207.808971958148, 23207.808971958148=24455.396552101432, 24455.396552101432=25746.772384081658, 25746.772384081658=27086.89641829286, 27086.89641829286=27770.228278400624, 27770.228278400624=28490.14844280962, 28490.14844280962=29994.012619156318, 29994.012619156318=31571.278673754852, 31571.278673754852=32380.399087503283, 32380.399087503283=33237.66917023122, 33237.66917023122=35056.21363664704, 36880.10109424295=37852.153999377464, 37852.153999377464=40015.660827585234, 40015.660827585234=42385.66381383693, 42385.66381383693=43634.76506349628, 43634.76506349628=44959.63700953035, 44959.63700953035=46375.98469621834, 46375.98469621834=49826.25419065263, 49826.25419065263=51755.013473214865, 51755.013473214865=53982.15285519345, 53982.15285519345=56709.83039114596];
