1.1468300811513545
1939.4786968456074
2224.2525112947715
[1; 20; 0.5570606712875152]
[2; 10; 0.2813581272855231]
[2; 10; 0.2842738334222251]
[2; 10; 0.2872821059105646]
[1; 20; 0.5807758973387849]
[2; 20; 0.5871935053903036]
[1; 40; 1.187657341720355]
[1; 40; 1.201387940550036]
[2; 20; 0.6078030221090363]
[2; 20; 0.6151706004655878]
[2; 20; 0.6228127642952748]
[1; 40; 1.261494009448051]
[2; 20; 0.6389924135692655]
[2; 30; 0.9713548151133082]
[2; 30; 0.984753445499331]
[1; 60; 1.9974445543735821]
[2; 30; 1.0133029357040755]
[1; 60; 2.0570828578418467]
[2; 30; 1.0444887586640912]
[2; 30; 1.0612016400048874]
[2; 30; 1.0787433513618356]
[2; 40; 1.4629129926641222]
[1; 100; 3.7220181707217534]
[2; 50; 1.8951588894815006]
[2; 50; 1.9312603979533915]
[2; 50; 1.969506890998662]
[2; 50; 2.010119553267504]
[2; 50; 2.0533528767897855]
[2; 60; 2.5194016801693553]
[1; 120; 5.1573796627077195]
[2; 60; 2.6423707742563662]
[2; 70; 3.1628510813311057]
[2; 70; 3.249520582510506]
[1; 140; 6.687458187504155]
[2; 70; 3.4466370592476583]
[2; 70; 3.5596714482366636]
[2; 70; 3.684610003503662]
[2; 80; 4.369943435615595]
[2; 80; 4.548381334755602]
[2; 80; 4.75062936688142]
[2; 80; 4.982502114362198]
[2; 80; 5.252018375996432]
[2; 80; 5.570606712875152]
[2; 90; 6.699632707299156]
[2; 90; 7.2364303917630135]
[2; 90; 7.927112322769097]
[2; 100; 9.84753445499331]
[2; 100; 11.370953336889004]
[2; 100; 13.926516782187882]
[2; 100; 19.69506890998662]


Jobs: [[1; 20; 0.5570606712875152], [2; 10; 0.2813581272855231], [2; 10; 0.2842738334222251], [2; 10; 0.2872821059105646], [1; 20; 0.5807758973387849], [2; 20; 0.5871935053903036], [1; 40; 1.187657341720355], [2; 20; 0.6078030221090363], [2; 20; 0.6151706004655878], [2; 20; 0.6228127642952748], [1; 40; 1.261494009448051], [2; 20; 0.6389924135692655], [2; 30; 0.9713548151133082], [2; 30; 0.984753445499331], [1; 60; 1.9974445543735821], [2; 30; 1.0133029357040755], [1; 60; 2.0570828578418467], [2; 30; 1.0444887586640912], [2; 30; 1.0612016400048874], [2; 30; 1.0787433513618356], [2; 40; 1.4629129926641222], [1; 100; 3.7220181707217534], [2; 50; 1.8951588894815006], [2; 50; 1.9312603979533915], [2; 50; 1.969506890998662], [2; 50; 2.010119553267504], [2; 50; 2.0533528767897855], [2; 60; 2.5194016801693553], [1; 120; 5.1573796627077195], [2; 60; 2.6423707742563662], [2; 70; 3.1628510813311057], [2; 70; 3.249520582510506], [1; 140; 6.687458187504155], [2; 70; 3.4466370592476583], [2; 70; 3.5596714482366636], [2; 70; 3.684610003503662], [2; 80; 4.369943435615595], [2; 80; 4.548381334755602], [2; 80; 4.75062936688142], [2; 80; 4.982502114362198], [2; 80; 5.252018375996432], [2; 80; 5.570606712875152], [2; 90; 6.699632707299156], [2; 90; 7.2364303917630135], [2; 90; 7.927112322769097], [2; 100; 9.84753445499331], [2; 100; 11.370953336889004], [2; 100; 13.926516782187882], [2; 100; 19.69506890998662]];
Intervals[0.0=0.5570606712875152, 0.5570606712875152=0.8384187985730384, 0.8384187985730384=1.1226926319952635, 1.1226926319952635=1.409974737905828, 1.409974737905828=1.990750635244613, 1.990750635244613=2.5779441406349166, 2.5779441406349166=3.7656014823552715, 3.7793320811849527=4.387135103293989, 4.387135103293989=5.002305703759577, 5.002305703759577=5.625118468054851, 5.625118468054851=6.8866124775029025, 6.8866124775029025=7.5256048910721685, 7.5256048910721685=8.496959706185477, 8.496959706185477=9.481713151684808, 9.481713151684808=11.47915770605839, 11.47915770605839=12.492460641762465, 12.492460641762465=14.549543499604312, 14.549543499604312=15.594032258268403, 15.594032258268403=16.65523389827329, 16.65523389827329=17.733977249635128, 17.733977249635128=19.19689024229925, 19.19689024229925=22.918908413021004, 22.918908413021004=24.814067302502504, 24.814067302502504=26.745327700455896, 26.745327700455896=28.714834591454558, 28.714834591454558=30.724954144722062, 30.724954144722062=32.77830702151185, 32.77830702151185=35.2977087016812, 35.2977087016812=40.45508836438892, 40.45508836438892=43.097459138645284, 43.097459138645284=46.26031021997639, 46.26031021997639=49.509830802486896, 49.509830802486896=56.19728898999105, 56.19728898999105=59.64392604923871, 59.64392604923871=63.20359749747537, 63.20359749747537=66.88820750097904, 66.88820750097904=71.25815093659463, 71.25815093659463=75.80653227135024, 75.80653227135024=80.55716163823166, 80.55716163823166=85.53966375259387, 85.53966375259387=90.7916821285903, 90.7916821285903=96.36228884146544, 96.36228884146544=103.0619215487646, 103.0619215487646=110.29835194052761, 110.29835194052761=118.2254642632967, 118.2254642632967=128.07299871829002, 128.07299871829002=139.44395205517904, 139.44395205517904=153.37046883736693, 153.37046883736693=173.06553774735355];

Jobs: [[2; 10; 0.2813581272855231], [2; 10; 0.2842738334222251], [2; 10; 0.2872821059105646], [2; 20; 0.5871935053903036], [1; 40; 1.201387940550036], [2; 20; 0.6078030221090363], [2; 20; 0.6151706004655878], [2; 20; 0.6228127642952748], [2; 20; 0.6389924135692655], [2; 30; 0.9713548151133082], [2; 30; 0.984753445499331], [2; 30; 1.0133029357040755], [2; 30; 1.0444887586640912], [2; 30; 1.0612016400048874], [2; 30; 1.0787433513618356], [2; 40; 1.4629129926641222], [2; 50; 1.8951588894815006], [2; 50; 1.9312603979533915], [2; 50; 1.969506890998662], [2; 50; 2.010119553267504], [2; 50; 2.0533528767897855], [2; 60; 2.5194016801693553], [2; 60; 2.6423707742563662], [2; 70; 3.1628510813311057], [2; 70; 3.249520582510506], [2; 70; 3.4466370592476583], [2; 70; 3.5596714482366636], [2; 70; 3.684610003503662], [2; 80; 4.369943435615595], [2; 80; 4.548381334755602], [2; 80; 4.75062936688142], [2; 80; 4.982502114362198], [2; 80; 5.252018375996432], [2; 80; 5.570606712875152], [2; 90; 6.699632707299156], [2; 90; 7.2364303917630135], [2; 90; 7.927112322769097], [2; 100; 9.84753445499331], [2; 100; 11.370953336889004], [2; 100; 13.926516782187882], [2; 100; 19.69506890998662]];
Intervals[0.5570606712875152=0.8384187985730384, 0.8384187985730384=1.1226926319952635, 1.1226926319952635=1.409974737905828, 1.990750635244613=2.5779441406349166, 2.5779441406349166=3.7793320811849527, 3.7793320811849527=4.387135103293989, 4.387135103293989=5.002305703759577, 5.002305703759577=5.625118468054851, 6.8866124775029025=7.5256048910721685, 7.5256048910721685=8.496959706185477, 8.496959706185477=9.481713151684808, 11.47915770605839=12.492460641762465, 14.549543499604312=15.594032258268403, 15.594032258268403=16.65523389827329, 16.65523389827329=17.733977249635128, 17.733977249635128=19.19689024229925, 22.918908413021004=24.814067302502504, 24.814067302502504=26.745327700455896, 26.745327700455896=28.714834591454558, 28.714834591454558=30.724954144722062, 30.724954144722062=32.77830702151185, 32.77830702151185=35.2977087016812, 40.45508836438892=43.097459138645284, 43.097459138645284=46.26031021997639, 46.26031021997639=49.509830802486896, 56.19728898999105=59.64392604923871, 59.64392604923871=63.20359749747537, 63.20359749747537=66.88820750097904, 66.88820750097904=71.25815093659463, 71.25815093659463=75.80653227135024, 75.80653227135024=80.55716163823166, 80.55716163823166=85.53966375259387, 85.53966375259387=90.7916821285903, 90.7916821285903=96.36228884146544, 96.36228884146544=103.0619215487646, 103.0619215487646=110.29835194052761, 110.29835194052761=118.2254642632967, 118.2254642632967=128.07299871829002, 128.07299871829002=139.44395205517904, 139.44395205517904=153.37046883736693, 153.37046883736693=173.06553774735355];
