1.160062560531161
745037.3741614805
864289.9639611796
[1; 20; 7.720297269724686]
[1; 20; 7.759190701115759]
[2; 10; 3.8993389658559385]
[1; 20; 7.83877422650651]
[1; 40; 15.758990811189662]
[2; 20; 7.920857870399649]
[2; 30; 11.944317947141693]
[1; 60; 24.016726012991064]
[2; 30; 12.073449461573079]
[1; 60; 24.279211688514042]
[1; 60; 24.413723585909306]
[2; 40; 16.366997477854113]
[1; 80; 32.91945816767133]
[1; 80; 33.10810990218336]
[1; 80; 33.30004258197387]
[2; 40; 16.747676212174973]
[2; 40; 16.847069821940135]
[2; 50; 21.185317917793927]
[2; 50; 21.314105231179205]
[1; 100; 42.890540387359366]
[1; 100; 43.15777375402607]
[1; 100; 43.4300652485973]
[2; 60; 26.22454588583546]
[2; 60; 26.39428581892782]
[2; 60; 26.567364957491748]
[2; 60; 26.74389424139688]
[1; 120; 53.847979680350974]
[1; 120; 54.21554694862391]
[1; 140; 63.68920310898034]
[1; 140; 64.13615036859339]
[1; 140; 64.59264118538806]
[1; 140; 65.05902010240789]
[2; 80; 37.448942475579436]
[2; 80; 37.727377108310606]
[2; 80; 38.01211606936333]
[2; 80; 38.30340091200369]
[1; 180; 86.85334428440272]
[2; 90; 43.769971335391006]
[1; 180; 88.24308603608331]
[1; 200; 98.84827745700044]
[1; 200; 99.66860917804766]
[2; 100; 50.25485469968424]
[2; 100; 50.686234755210194]
[2; 520; 265.8703720376928]
[1; 1080; 557.1007837847241]
[1; 1080; 562.1425226017625]
[2; 540; 283.66183460141383]
[1; 1080; 572.6507688832897]
[2; 540; 289.0654027042534]
[1; 1080; 583.7712395168501]
[1; 1080; 589.5800516374178]
[1; 1120; 617.6237815779749]
[1; 1120; 624.0241989659272]
[1; 1120; 630.6278135413816]
[2; 560; 318.7228048327454]
[2; 560; 322.24471069672796]
[1; 1160; 675.049590997071]
[1; 1160; 682.853891781921]
[1; 1160; 690.9352842245924]
[1; 1160; 699.3105631565184]
[1; 1160; 707.9979839913698]
[2; 580; 358.5087151019659]
[2; 580; 363.19530244753855]
[1; 1160; 736.1412506466509]
[1; 1160; 746.295402740053]
[2; 600; 391.4905251166061]
[2; 600; 397.2060175912073]
[1; 1200; 806.3587511969084]
[1; 1200; 818.861182829747]
[1; 1200; 831.9637937192327]
[2; 600; 422.8580965273756]
[1; 1240; 888.8463916439154]
[1; 1240; 904.5794075980807]
[1; 1240; 921.1785794258925]
[1; 1240; 938.7264148468935]
[1; 1240; 957.316861445861]
[1; 1240; 977.057430293759]
[2; 640; 515.1338436937847]
[2; 640; 526.7113306827413]
[1; 1280; 1078.2124686041686]
[2; 640; 552.4195040515336]
[2; 640; 566.7704524264906]
[2; 640; 582.3012855678202]
[1; 1280; 1198.366159218542]
[2; 640; 617.6237815779749]
[1; 1280; 1275.75819747901]
[1; 1320; 1361.8019159182145]
[2; 660; 706.6043177215083]
[1; 1320; 1470.9141832768287]
[2; 660; 768.15987941046]
[2; 660; 805.6528783350072]
[1; 1320; 1698.465399339431]
[2; 680; 928.0426738737133]
[2; 680; 992.1193502688626]
[1; 1360; 2143.222750321794]
[1; 1400; 2416.8353302254595]
[1; 1400; 2702.1040444036403]
[2; 700; 1560.0604974148182]
[2; 700; 1910.6760932694096]
[1; 1400; 5404.208088807281]


Jobs: [[1; 20; 7.720297269724686], [2; 10; 3.8993389658559385], [1; 20; 7.83877422650651], [2; 20; 7.920857870399649], [2; 30; 11.944317947141693], [1; 60; 24.016726012991064], [2; 30; 12.073449461573079], [1; 60; 24.279211688514042], [2; 40; 16.366997477854113], [1; 80; 32.91945816767133], [1; 80; 33.30004258197387], [2; 40; 16.747676212174973], [2; 40; 16.847069821940135], [2; 50; 21.185317917793927], [2; 50; 21.314105231179205], [1; 100; 42.890540387359366], [1; 100; 43.4300652485973], [2; 60; 26.22454588583546], [2; 60; 26.39428581892782], [2; 60; 26.567364957491748], [2; 60; 26.74389424139688], [1; 120; 53.847979680350974], [1; 140; 63.68920310898034], [1; 140; 64.59264118538806], [2; 80; 37.448942475579436], [2; 80; 37.727377108310606], [2; 80; 38.01211606936333], [2; 80; 38.30340091200369], [1; 180; 86.85334428440272], [2; 90; 43.769971335391006], [1; 180; 88.24308603608331], [1; 200; 99.66860917804766], [2; 100; 50.25485469968424], [2; 100; 50.686234755210194], [2; 520; 265.8703720376928], [1; 1080; 557.1007837847241], [2; 540; 283.66183460141383], [1; 1080; 572.6507688832897], [2; 540; 289.0654027042534], [1; 1080; 583.7712395168501], [1; 1120; 617.6237815779749], [1; 1120; 630.6278135413816], [2; 560; 318.7228048327454], [2; 560; 322.24471069672796], [1; 1160; 675.049590997071], [1; 1160; 690.9352842245924], [1; 1160; 707.9979839913698], [2; 580; 358.5087151019659], [2; 580; 363.19530244753855], [1; 1160; 736.1412506466509], [2; 600; 391.4905251166061], [2; 600; 397.2060175912073], [1; 1200; 806.3587511969084], [1; 1200; 831.9637937192327], [2; 600; 422.8580965273756], [1; 1240; 888.8463916439154], [1; 1240; 921.1785794258925], [1; 1240; 957.316861445861], [2; 640; 515.1338436937847], [2; 640; 526.7113306827413], [1; 1280; 1078.2124686041686], [2; 640; 552.4195040515336], [2; 640; 566.7704524264906], [2; 640; 582.3012855678202], [1; 1280; 1198.366159218542], [2; 640; 617.6237815779749], [1; 1280; 1275.75819747901], [2; 660; 706.6043177215083], [1; 1320; 1470.9141832768287], [2; 660; 768.15987941046], [2; 660; 805.6528783350072], [1; 1320; 1698.465399339431], [2; 680; 928.0426738737133], [2; 680; 992.1193502688626], [1; 1360; 2143.222750321794], [1; 1400; 2702.1040444036403], [2; 700; 1560.0604974148182], [2; 700; 1910.6760932694096], [1; 1400; 5404.208088807281]];
Intervals[0.0=7.720297269724686, 7.759190701115759=11.658529666971697, 11.658529666971697=19.497303893478207, 27.417520478161357=35.33837834856101, 35.33837834856101=47.2826962957027, 47.2826962957027=71.29942230869376, 71.29942230869376=83.37287177026684, 83.37287177026684=107.65208345878088, 107.78659535617615=124.15359283403026, 124.15359283403026=157.0730510017016, 157.0730510017016=190.37309358367548, 190.37309358367548=207.12076979585046, 207.12076979585046=223.9678396177906, 223.9678396177906=245.1531575355845, 245.1531575355845=266.4672627667637, 266.4672627667637=309.3578031541231, 309.3578031541231=352.7878684027204, 352.7878684027204=379.0124142885559, 379.0124142885559=405.4067001074837, 405.4067001074837=431.97406506497543, 431.97406506497543=458.71795930637234, 458.71795930637234=512.5659389867233, 512.5659389867233=576.2551420957036, 576.2551420957036=640.8477832810917, 642.1286767259975=679.5776192015769, 679.5776192015769=717.3049963098875, 717.3049963098875=755.3171123792508, 755.3171123792508=793.6205132912545, 793.6205132912545=880.4738575756572, 880.4738575756572=924.2438289110482, 924.2438289110482=1012.4869149471316, 1012.4869149471316=1112.1555241251792, 1112.1555241251792=1162.4103788248635, 1162.4103788248635=1213.0966135800736, 1213.0966135800736=1478.9669856177663, 1478.9669856177663=2036.0677694024903, 2041.1095082195288=2324.7713428209427, 2324.7713428209427=2897.4221117042325, 2897.4221117042325=3186.487514408486, 3186.487514408486=3770.258753925336, 3770.258753925336=4387.8825355033105, 4387.8825355033105=5018.510349044692, 5018.510349044692=5337.233153877437, 5337.233153877437=5659.477864574165, 5659.477864574165=6334.527455571237, 6334.527455571237=7025.462739795829, 7025.462739795829=7733.460723787199, 7733.460723787199=8091.969438889165, 8091.969438889165=8455.164741336703, 8455.164741336703=9191.305991983354, 9201.460144076756=9592.950669193362, 9592.950669193362=9990.156686784569, 9990.156686784569=10796.515437981478, 10796.515437981478=11628.47923170071, 11628.47923170071=12051.337328228086, 12051.337328228086=12940.183719872002, 12940.183719872002=13861.362299297894, 13861.362299297894=14818.679160743755, 14871.700580966819=15386.834424660603, 15386.834424660603=15913.545755343344, 15913.545755343344=16991.758223947512, 16991.758223947512=17544.177727999046, 17544.177727999046=18110.948180425537, 18110.948180425537=18693.249465993358, 18693.249465993358=19891.6156252119, 19891.6156252119=20509.239406789875, 20509.239406789875=21784.997604268887, 21871.04132270809=22577.645640429597, 22577.645640429597=24048.559823706426, 24048.559823706426=24816.719703116887, 24816.719703116887=25622.372581451895, 25622.372581451895=27320.837980791326, 27320.837980791326=28248.880654665038, 28248.880654665038=29241.0000049339, 29241.0000049339=31384.222755255694, 31384.222755255694=34086.326799659335, 34086.326799659335=35646.38729707415, 35646.38729707415=37557.06339034356, 37557.06339034356=42961.27147915084];

Jobs: [[1; 20; 7.759190701115759], [2; 10; 3.8993389658559385], [1; 40; 15.758990811189662], [2; 20; 7.920857870399649], [2; 30; 11.944317947141693], [2; 30; 12.073449461573079], [1; 60; 24.413723585909306], [2; 40; 16.366997477854113], [1; 80; 33.10810990218336], [2; 40; 16.747676212174973], [2; 40; 16.847069821940135], [2; 50; 21.185317917793927], [2; 50; 21.314105231179205], [1; 100; 43.15777375402607], [2; 60; 26.22454588583546], [2; 60; 26.39428581892782], [2; 60; 26.567364957491748], [2; 60; 26.74389424139688], [1; 120; 54.21554694862391], [1; 140; 64.13615036859339], [1; 140; 65.05902010240789], [2; 80; 37.448942475579436], [2; 80; 37.727377108310606], [2; 80; 38.01211606936333], [2; 80; 38.30340091200369], [2; 90; 43.769971335391006], [1; 200; 98.84827745700044], [2; 100; 50.25485469968424], [2; 100; 50.686234755210194], [2; 520; 265.8703720376928], [1; 1080; 562.1425226017625], [2; 540; 283.66183460141383], [2; 540; 289.0654027042534], [1; 1080; 589.5800516374178], [1; 1120; 624.0241989659272], [2; 560; 318.7228048327454], [2; 560; 322.24471069672796], [1; 1160; 682.853891781921], [1; 1160; 699.3105631565184], [2; 580; 358.5087151019659], [2; 580; 363.19530244753855], [1; 1160; 746.295402740053], [2; 600; 391.4905251166061], [2; 600; 397.2060175912073], [1; 1200; 818.861182829747], [2; 600; 422.8580965273756], [1; 1240; 904.5794075980807], [1; 1240; 938.7264148468935], [1; 1240; 977.057430293759], [2; 640; 515.1338436937847], [2; 640; 526.7113306827413], [2; 640; 552.4195040515336], [2; 640; 566.7704524264906], [2; 640; 582.3012855678202], [2; 640; 617.6237815779749], [1; 1320; 1361.8019159182145], [2; 660; 706.6043177215083], [2; 660; 768.15987941046], [2; 660; 805.6528783350072], [2; 680; 928.0426738737133], [2; 680; 992.1193502688626], [1; 1400; 2416.8353302254595], [2; 700; 1560.0604974148182], [2; 700; 1910.6760932694096]];
Intervals[0.0=7.759190701115759, 7.759190701115759=11.658529666971697, 11.658529666971697=27.417520478161357, 27.417520478161357=35.33837834856101, 35.33837834856101=47.2826962957027, 71.29942230869376=83.37287177026684, 83.37287177026684=107.78659535617615, 107.78659535617615=124.15359283403026, 124.15359283403026=157.26170273621364, 190.37309358367548=207.12076979585046, 207.12076979585046=223.9678396177906, 223.9678396177906=245.1531575355845, 245.1531575355845=266.4672627667637, 266.4672627667637=309.62503652078976, 352.7878684027204=379.0124142885559, 379.0124142885559=405.4067001074837, 405.4067001074837=431.97406506497543, 431.97406506497543=458.71795930637234, 458.71795930637234=512.9335062549962, 512.9335062549962=577.0696566235896, 577.0696566235896=642.1286767259975, 642.1286767259975=679.5776192015769, 679.5776192015769=717.3049963098875, 717.3049963098875=755.3171123792508, 755.3171123792508=793.6205132912545, 880.4738575756572=924.2438289110482, 924.2438289110482=1023.0921063680487, 1112.1555241251792=1162.4103788248635, 1162.4103788248635=1213.0966135800736, 1213.0966135800736=1478.9669856177663, 1478.9669856177663=2041.1095082195288, 2041.1095082195288=2324.7713428209427, 2897.4221117042325=3186.487514408486, 3186.487514408486=3776.0675660459037, 3776.0675660459037=4400.091765011831, 5018.510349044692=5337.233153877437, 5337.233153877437=5659.477864574165, 5659.477864574165=6342.331756356087, 6342.331756356087=7041.642319512605, 7733.460723787199=8091.969438889165, 8091.969438889165=8455.164741336703, 8455.164741336703=9201.460144076756, 9201.460144076756=9592.950669193362, 9592.950669193362=9990.156686784569, 9990.156686784569=10809.017869614316, 11628.47923170071=12051.337328228086, 12051.337328228086=12955.916735826167, 12955.916735826167=13894.64315067306, 13894.64315067306=14871.700580966819, 14871.700580966819=15386.834424660603, 15386.834424660603=15913.545755343344, 16991.758223947512=17544.177727999046, 17544.177727999046=18110.948180425537, 18110.948180425537=18693.249465993358, 19891.6156252119=20509.239406789875, 20509.239406789875=21871.04132270809, 21871.04132270809=22577.645640429597, 24048.559823706426=24816.719703116887, 24816.719703116887=25622.372581451895, 27320.837980791326=28248.880654665038, 28248.880654665038=29241.0000049339, 29241.0000049339=31657.835335159358, 34086.326799659335=35646.38729707415, 35646.38729707415=37557.06339034356];
