0.9999999999999998
127941.14074005834
127941.14074005831
[2; 10; 1.5996320873254473]
[2; 10; 1.6076907382641006]
[2; 10; 1.6158724233591648]
[2; 20; 3.2483606109811585]
[2; 20; 3.2652353251087733]
[2; 20; 3.2823757857933957]
[2; 20; 3.299789042129535]
[2; 20; 3.3174824077945804]
[2; 20; 3.3354634739556106]
[2; 20; 3.3537401229541963]
[2; 20; 3.372320542825184]
[2; 20; 3.3912132427102453]
[2; 20; 3.4104270692320573]
[2; 30; 5.144956835851073]
[2; 30; 5.174782922445233]
[2; 30; 5.205133815673828]
[2; 30; 5.2360250887493365]
[2; 30; 5.2674729696312435]
[2; 30; 5.299494376849239]
[2; 30; 5.332106957751491]
[2; 40; 7.15377217249916]
[2; 40; 7.198906829531607]
[2; 40; 7.244906702237544]
[2; 40; 7.291799791797675]
[2; 40; 7.33961538473332]
[2; 40; 7.388384129773678]
[2; 50; 9.297672650521507]
[2; 50; 9.361138729615563]
[2; 50; 9.425922469595127]
[2; 50; 9.492070105480945]
[2; 50; 9.559630175903338]
[2; 50; 9.62865367280218]
[2; 50; 9.699194203191283]
[2; 50; 9.771308164153329]
[2; 50; 9.845054932363572]
[2; 50; 9.920497069589668]
[2; 50; 9.997700545784046]
[2; 50; 10.07673498157688]
[2; 50; 10.15767391219558]
[2; 60; 12.288714090101765]
[2; 60; 12.39069686854093]
[2; 60; 12.495261565132926]
[2; 60; 12.6025189964794]
[2; 60; 12.712586754372303]
[2; 60; 12.825589747846882]
[2; 60; 12.941660799199264]
[2; 70; 15.237764850507608]
[2; 70; 15.380845593780942]
[2; 70; 15.528034072732973]
[2; 70; 15.679530675577844]
[2; 70; 15.835549748919815]
[2; 70; 15.996320873254472]
[2; 70; 16.162090283879923]
[2; 80; 18.666425665398855]
[2; 80; 18.86823072667241]
[2; 80; 19.076725793331093]
[2; 80; 19.292288859169204]
[2; 80; 19.515328510023277]
[2; 80; 19.746287182493603]
[2; 80; 19.985644857227065]
[2; 80; 20.2339232569511]
[2; 90; 23.053151961972162]
[2; 90; 23.35451314430719]
[2; 90; 23.668010569571255]
[2; 90; 23.994481309881706]
[2; 90; 24.334845562860473]
[2; 100; 27.433463972487232]
[2; 100; 27.8460204153134]
[2; 100; 28.277767408785376]
[2; 100; 28.730240417580738]
[2; 100; 29.205152597907368]
[2; 100; 29.70442214147623]
[2; 100; 30.23020494473064]
[2; 100; 30.784933874056993]
[2; 100; 31.371366260929282]
[2; 520; 166.3617370818465]
[2; 520; 169.79223690565624]
[2; 520; 173.44410064569178]
[2; 540; 184.16306173853107]
[2; 540; 188.49690319497614]
[2; 560; 200.30562082997645]
[2; 560; 205.509230772533]
[2; 560; 211.14066331893085]
[2; 580; 225.02130551403778]
[2; 580; 231.94665266218985]
[2; 580; 239.5534727917913]
[2; 600; 256.51179495693765]
[2; 600; 266.1948698182795]
[2; 600; 277.064404866513]
[2; 600; 289.3843328875381]
[2; 620; 313.6258104827421]
[2; 620; 330.5906313805924]
[2; 620; 350.6443158689387]
[2; 620; 374.8545413146599]
[2; 620; 404.8891803134879]
[2; 620; 443.5338746949479]
[2; 680; 543.874909690652]
[2; 700; 646.483611355197]
[2; 700; 791.7774874459907]
[2; 700; 1119.7424611278132]


Jobs: [[2; 10; 1.5996320873254473], [2; 10; 1.6076907382641006], [2; 10; 1.6158724233591648], [2; 20; 3.2483606109811585], [2; 20; 3.2652353251087733], [2; 20; 3.2823757857933957], [2; 20; 3.299789042129535], [2; 20; 3.3174824077945804], [2; 20; 3.3354634739556106], [2; 20; 3.3537401229541963], [2; 20; 3.372320542825184], [2; 20; 3.3912132427102453], [2; 20; 3.4104270692320573], [2; 30; 5.144956835851073], [2; 30; 5.174782922445233], [2; 30; 5.205133815673828], [2; 30; 5.2360250887493365], [2; 30; 5.2674729696312435], [2; 30; 5.299494376849239], [2; 30; 5.332106957751491], [2; 40; 7.15377217249916], [2; 40; 7.198906829531607], [2; 40; 7.244906702237544], [2; 40; 7.291799791797675], [2; 40; 7.33961538473332], [2; 40; 7.388384129773678], [2; 50; 9.297672650521507], [2; 50; 9.361138729615563], [2; 50; 9.425922469595127], [2; 50; 9.492070105480945], [2; 50; 9.559630175903338], [2; 50; 9.62865367280218], [2; 50; 9.699194203191283], [2; 50; 9.771308164153329], [2; 50; 9.845054932363572], [2; 50; 9.920497069589668], [2; 50; 9.997700545784046], [2; 50; 10.07673498157688], [2; 50; 10.15767391219558], [2; 60; 12.288714090101765], [2; 60; 12.39069686854093], [2; 60; 12.495261565132926], [2; 60; 12.6025189964794], [2; 60; 12.712586754372303], [2; 60; 12.825589747846882], [2; 60; 12.941660799199264], [2; 70; 15.237764850507608], [2; 70; 15.380845593780942], [2; 70; 15.528034072732973], [2; 70; 15.679530675577844], [2; 70; 15.835549748919815], [2; 70; 15.996320873254472], [2; 70; 16.162090283879923], [2; 80; 18.666425665398855], [2; 80; 18.86823072667241], [2; 80; 19.076725793331093], [2; 80; 19.292288859169204], [2; 80; 19.515328510023277], [2; 80; 19.746287182493603], [2; 80; 19.985644857227065], [2; 80; 20.2339232569511], [2; 90; 23.053151961972162], [2; 90; 23.35451314430719], [2; 90; 23.668010569571255], [2; 90; 23.994481309881706], [2; 90; 24.334845562860473], [2; 100; 27.433463972487232], [2; 100; 27.8460204153134], [2; 100; 28.277767408785376], [2; 100; 28.730240417580738], [2; 100; 29.205152597907368], [2; 100; 29.70442214147623], [2; 100; 30.23020494473064], [2; 100; 30.784933874056993], [2; 100; 31.371366260929282], [2; 520; 166.3617370818465], [2; 520; 169.79223690565624], [2; 520; 173.44410064569178], [2; 540; 184.16306173853107], [2; 540; 188.49690319497614], [2; 560; 200.30562082997645], [2; 560; 205.509230772533], [2; 560; 211.14066331893085], [2; 580; 225.02130551403778], [2; 580; 231.94665266218985], [2; 580; 239.5534727917913], [2; 600; 256.51179495693765], [2; 600; 266.1948698182795], [2; 600; 277.064404866513], [2; 600; 289.3843328875381], [2; 620; 313.6258104827421], [2; 620; 330.5906313805924], [2; 620; 350.6443158689387], [2; 620; 374.8545413146599], [2; 620; 404.8891803134879], [2; 620; 443.5338746949479], [2; 680; 543.874909690652], [2; 700; 646.483611355197], [2; 700; 791.7774874459907], [2; 700; 1119.7424611278132]];
Intervals[4.9E-324=1.5996320873254473, 1.5996320873254473=3.207322825589548, 3.207322825589548=4.823195248948712, 4.823195248948712=8.071555859929871, 8.071555859929871=11.336791185038646, 11.336791185038646=14.61916697083204, 14.61916697083204=17.918956012961576, 17.918956012961576=21.23643842075616, 21.23643842075616=24.571901894711768, 24.571901894711768=27.925642017665965, 27.925642017665965=31.29796256049115, 31.29796256049115=34.689175803201394, 34.689175803201394=38.09960287243345, 38.09960287243345=43.24455970828453, 43.24455970828453=48.41934263072976, 48.41934263072976=53.624476446403584, 53.624476446403584=58.86050153515292, 58.86050153515292=64.12797450478416, 64.12797450478416=69.4274688816334, 69.4274688816334=74.7595758393849, 74.7595758393849=81.91334801188405, 81.91334801188405=89.11225484141566, 89.11225484141566=96.3571615436532, 96.3571615436532=103.64896133545088, 103.64896133545088=110.9885767201842, 110.9885767201842=118.37696084995788, 118.37696084995788=127.67463350047939, 127.67463350047939=137.03577223009495, 137.03577223009495=146.46169469969007, 146.46169469969007=155.953764805171, 155.953764805171=165.51339498107436, 165.51339498107436=175.14204865387654, 175.14204865387654=184.8412428570678, 184.8412428570678=194.61255102122115, 194.61255102122115=204.45760595358473, 204.45760595358473=214.3781030231744, 214.3781030231744=224.37580356895845, 224.37580356895845=234.45253855053534, 234.45253855053534=244.6102124627309, 244.6102124627309=256.8989265528327, 256.8989265528327=269.2896234213736, 269.2896234213736=281.78488498650654, 281.78488498650654=294.3874039829859, 294.3874039829859=307.0999907373582, 307.0999907373582=319.9255804852051, 319.9255804852051=332.8672412844044, 332.8672412844044=348.105006134912, 348.105006134912=363.4858517286929, 363.4858517286929=379.0138858014259, 379.0138858014259=394.6934164770037, 394.6934164770037=410.5289662259235, 410.5289662259235=426.525287099178, 426.525287099178=442.68737738305794, 442.68737738305794=461.35380304845677, 461.35380304845677=480.2220337751292, 480.2220337751292=499.2987595684603, 499.2987595684603=518.5910484276295, 518.5910484276295=538.1063769376528, 538.1063769376528=557.8526641201464, 557.8526641201464=577.8383089773735, 577.8383089773735=598.0722322343246, 598.0722322343246=621.1253841962967, 621.1253841962967=644.4798973406039, 644.4798973406039=668.1479079101751, 668.1479079101751=692.1423892200569, 692.1423892200569=716.4772347829173, 716.4772347829173=743.9106987554046, 743.9106987554046=771.756719170718, 771.756719170718=800.0344865795034, 800.0344865795034=828.7647269970842, 828.7647269970842=857.9698795949915, 857.9698795949915=887.6743017364678, 887.6743017364678=917.9045066811984, 917.9045066811984=948.6894405552554, 948.6894405552554=980.0608068161847, 980.0608068161847=1146.422543898031, 1146.422543898031=1316.2147808036873, 1316.2147808036873=1489.6588814493791, 1489.6588814493791=1673.8219431879102, 1673.8219431879102=1862.3188463828862, 1862.3188463828862=2062.624467212863, 2062.624467212863=2268.133697985396, 2268.133697985396=2479.2743613043267, 2479.2743613043267=2704.2956668183647, 2704.2956668183647=2936.2423194805547, 2936.2423194805547=3175.795792272346, 3175.795792272346=3432.3075872292834, 3432.3075872292834=3698.502457047563, 3698.502457047563=3975.566861914076, 3975.566861914076=4264.951194801614, 4264.951194801614=4578.577005284356, 4578.577005284356=4909.167636664949, 4909.167636664949=5259.811952533888, 5259.811952533888=5634.666493848548, 5634.666493848548=6039.555674162036, 6039.555674162036=6483.089548856984, 6483.089548856984=7026.964458547636, 7026.964458547636=7673.448069902834, 7673.448069902834=8465.225557348824, 8465.225557348824=9584.968018476637];

Jobs: [[2; 10; 1.5996320873254473], [2; 10; 1.6076907382641006], [2; 10; 1.6158724233591648], [2; 20; 3.2483606109811585], [2; 20; 3.2652353251087733], [2; 20; 3.2823757857933957], [2; 20; 3.299789042129535], [2; 20; 3.3174824077945804], [2; 20; 3.3354634739556106], [2; 20; 3.3537401229541963], [2; 20; 3.372320542825184], [2; 20; 3.3912132427102453], [2; 20; 3.4104270692320573], [2; 30; 5.144956835851073], [2; 30; 5.174782922445233], [2; 30; 5.205133815673828], [2; 30; 5.2360250887493365], [2; 30; 5.2674729696312435], [2; 30; 5.299494376849239], [2; 30; 5.332106957751491], [2; 40; 7.15377217249916], [2; 40; 7.198906829531607], [2; 40; 7.244906702237544], [2; 40; 7.291799791797675], [2; 40; 7.33961538473332], [2; 40; 7.388384129773678], [2; 50; 9.297672650521507], [2; 50; 9.361138729615563], [2; 50; 9.425922469595127], [2; 50; 9.492070105480945], [2; 50; 9.559630175903338], [2; 50; 9.62865367280218], [2; 50; 9.699194203191283], [2; 50; 9.771308164153329], [2; 50; 9.845054932363572], [2; 50; 9.920497069589668], [2; 50; 9.997700545784046], [2; 50; 10.07673498157688], [2; 50; 10.15767391219558], [2; 60; 12.288714090101765], [2; 60; 12.39069686854093], [2; 60; 12.495261565132926], [2; 60; 12.6025189964794], [2; 60; 12.712586754372303], [2; 60; 12.825589747846882], [2; 60; 12.941660799199264], [2; 70; 15.237764850507608], [2; 70; 15.380845593780942], [2; 70; 15.528034072732973], [2; 70; 15.679530675577844], [2; 70; 15.835549748919815], [2; 70; 15.996320873254472], [2; 70; 16.162090283879923], [2; 80; 18.666425665398855], [2; 80; 18.86823072667241], [2; 80; 19.076725793331093], [2; 80; 19.292288859169204], [2; 80; 19.515328510023277], [2; 80; 19.746287182493603], [2; 80; 19.985644857227065], [2; 80; 20.2339232569511], [2; 90; 23.053151961972162], [2; 90; 23.35451314430719], [2; 90; 23.668010569571255], [2; 90; 23.994481309881706], [2; 90; 24.334845562860473], [2; 100; 27.433463972487232], [2; 100; 27.8460204153134], [2; 100; 28.277767408785376], [2; 100; 28.730240417580738], [2; 100; 29.205152597907368], [2; 100; 29.70442214147623], [2; 100; 30.23020494473064], [2; 100; 30.784933874056993], [2; 100; 31.371366260929282], [2; 520; 166.3617370818465], [2; 520; 169.79223690565624], [2; 520; 173.44410064569178], [2; 540; 184.16306173853107], [2; 540; 188.49690319497614], [2; 560; 200.30562082997645], [2; 560; 205.509230772533], [2; 560; 211.14066331893085], [2; 580; 225.02130551403778], [2; 580; 231.94665266218985], [2; 580; 239.5534727917913], [2; 600; 256.51179495693765], [2; 600; 266.1948698182795], [2; 600; 277.064404866513], [2; 600; 289.3843328875381], [2; 620; 313.6258104827421], [2; 620; 330.5906313805924], [2; 620; 350.6443158689387], [2; 620; 374.8545413146599], [2; 620; 404.8891803134879], [2; 620; 443.5338746949479], [2; 680; 543.874909690652], [2; 700; 646.483611355197], [2; 700; 791.7774874459907], [2; 700; 1119.7424611278132]];
Intervals[4.9E-324=1.5996320873254473, 1.5996320873254473=3.207322825589548, 3.207322825589548=4.823195248948712, 4.823195248948712=8.071555859929871, 8.071555859929871=11.336791185038646, 11.336791185038646=14.61916697083204, 14.61916697083204=17.918956012961576, 17.918956012961576=21.23643842075616, 21.23643842075616=24.571901894711768, 24.571901894711768=27.925642017665965, 27.925642017665965=31.29796256049115, 31.29796256049115=34.689175803201394, 34.689175803201394=38.09960287243345, 38.09960287243345=43.24455970828453, 43.24455970828453=48.41934263072976, 48.41934263072976=53.624476446403584, 53.624476446403584=58.86050153515292, 58.86050153515292=64.12797450478416, 64.12797450478416=69.4274688816334, 69.4274688816334=74.7595758393849, 74.7595758393849=81.91334801188405, 81.91334801188405=89.11225484141566, 89.11225484141566=96.3571615436532, 96.3571615436532=103.64896133545088, 103.64896133545088=110.9885767201842, 110.9885767201842=118.37696084995788, 118.37696084995788=127.67463350047939, 127.67463350047939=137.03577223009495, 137.03577223009495=146.46169469969007, 146.46169469969007=155.953764805171, 155.953764805171=165.51339498107436, 165.51339498107436=175.14204865387654, 175.14204865387654=184.8412428570678, 184.8412428570678=194.61255102122115, 194.61255102122115=204.45760595358473, 204.45760595358473=214.3781030231744, 214.3781030231744=224.37580356895845, 224.37580356895845=234.45253855053534, 234.45253855053534=244.6102124627309, 244.6102124627309=256.8989265528327, 256.8989265528327=269.2896234213736, 269.2896234213736=281.78488498650654, 281.78488498650654=294.3874039829859, 294.3874039829859=307.0999907373582, 307.0999907373582=319.9255804852051, 319.9255804852051=332.8672412844044, 332.8672412844044=348.105006134912, 348.105006134912=363.4858517286929, 363.4858517286929=379.0138858014259, 379.0138858014259=394.6934164770037, 394.6934164770037=410.5289662259235, 410.5289662259235=426.525287099178, 426.525287099178=442.68737738305794, 442.68737738305794=461.35380304845677, 461.35380304845677=480.2220337751292, 480.2220337751292=499.2987595684603, 499.2987595684603=518.5910484276295, 518.5910484276295=538.1063769376528, 538.1063769376528=557.8526641201464, 557.8526641201464=577.8383089773735, 577.8383089773735=598.0722322343246, 598.0722322343246=621.1253841962967, 621.1253841962967=644.4798973406039, 644.4798973406039=668.1479079101751, 668.1479079101751=692.1423892200569, 692.1423892200569=716.4772347829173, 716.4772347829173=743.9106987554046, 743.9106987554046=771.756719170718, 771.756719170718=800.0344865795034, 800.0344865795034=828.7647269970842, 828.7647269970842=857.9698795949915, 857.9698795949915=887.6743017364678, 887.6743017364678=917.9045066811984, 917.9045066811984=948.6894405552554, 948.6894405552554=980.0608068161847, 980.0608068161847=1146.422543898031, 1146.422543898031=1316.2147808036873, 1316.2147808036873=1489.6588814493791, 1489.6588814493791=1673.8219431879102, 1673.8219431879102=1862.3188463828862, 1862.3188463828862=2062.624467212863, 2062.624467212863=2268.133697985396, 2268.133697985396=2479.2743613043267, 2479.2743613043267=2704.2956668183647, 2704.2956668183647=2936.2423194805547, 2936.2423194805547=3175.795792272346, 3175.795792272346=3432.3075872292834, 3432.3075872292834=3698.502457047563, 3698.502457047563=3975.566861914076, 3975.566861914076=4264.951194801614, 4264.951194801614=4578.577005284356, 4578.577005284356=4909.167636664949, 4909.167636664949=5259.811952533888, 5259.811952533888=5634.666493848548, 5634.666493848548=6039.555674162036, 6039.555674162036=6483.089548856984, 6483.089548856984=7026.964458547636, 7026.964458547636=7673.448069902834, 7673.448069902834=8465.225557348824, 8465.225557348824=9584.968018476637];
