1.118539925226508
2193.8124805430875
2453.866847947645
[2; 10; 0.2962304832756472]
[2; 10; 0.29923797645482614]
[2; 10; 0.3023389709514174]
[2; 10; 0.3055384142400127]
[2; 10; 0.3088416282303283]
[2; 10; 0.31225434650782063]
[1; 20; 0.6315655124073666]
[2; 20; 0.6388670903801565]
[2; 20; 0.6464279108400015]
[2; 20; 0.6542636867603806]
[2; 20; 0.6623914976119617]
[1; 40; 1.3416598921062803]
[2; 20; 0.6795993371551379]
[2; 20; 0.6887218840946888]
[1; 40; 1.396443890122522]
[2; 30; 1.0621894457040215]
[2; 30; 1.077696681241111]
[2; 30; 1.093903555797831]
[2; 30; 1.110864312283677]
[2; 40; 1.5048523598934005]
[1; 100; 3.8243190945518544]
[2; 50; 1.944848403161847]
[2; 50; 1.9792731713141785]
[2; 50; 2.0155931396761155]
[2; 50; 2.0539888400111996]
[2; 60; 2.5135990022205394]
[2; 60; 2.565431238920518]
[1; 120; 5.241216231224636]
[2; 60; 2.679505539520833]
[2; 70; 3.1996549151225264]
[2; 70; 3.2786706383321165]
[2; 80; 3.8443943983382463]
[1; 160; 7.899479554017259]
[1; 160; 8.128497401256821]
[1; 160; 8.378663340735132]
[1; 160; 8.653446288572203]
[2; 80; 4.478583940021948]
[2; 80; 4.647646199210913]
[1; 180; 10.884202954251025]
[2; 90; 5.6840896116663]
[2; 90; 5.961523478507655]
[2; 90; 6.283997505551349]
[2; 90; 6.665185873702062]
[2; 90; 7.125383416731043]
[2; 90; 7.696293716761554]
[2; 100; 9.367630395234618]
[2; 100; 10.473329175918915]
[2; 100; 12.093558838056694]
[2; 100; 14.811524163782359]
[2; 100; 20.94665835183783]


Jobs: [[2; 10; 0.2962304832756472], [2; 10; 0.29923797645482614], [2; 10; 0.3023389709514174], [2; 10; 0.3055384142400127], [2; 10; 0.3088416282303283], [2; 10; 0.31225434650782063], [1; 20; 0.6315655124073666], [2; 20; 0.6388670903801565], [2; 20; 0.6464279108400015], [2; 20; 0.6542636867603806], [2; 20; 0.6623914976119617], [1; 40; 1.3416598921062803], [2; 20; 0.6795993371551379], [2; 20; 0.6887218840946888], [1; 40; 1.396443890122522], [2; 30; 1.0621894457040215], [2; 30; 1.077696681241111], [2; 30; 1.093903555797831], [2; 30; 1.110864312283677], [2; 40; 1.5048523598934005], [1; 100; 3.8243190945518544], [2; 50; 1.944848403161847], [2; 50; 1.9792731713141785], [2; 50; 2.0155931396761155], [2; 50; 2.0539888400111996], [2; 60; 2.5135990022205394], [2; 60; 2.565431238920518], [1; 120; 5.241216231224636], [2; 60; 2.679505539520833], [2; 70; 3.1996549151225264], [2; 70; 3.2786706383321165], [2; 80; 3.8443943983382463], [1; 160; 7.899479554017259], [1; 160; 8.378663340735132], [2; 80; 4.478583940021948], [2; 80; 4.647646199210913], [1; 180; 10.884202954251025], [2; 90; 5.6840896116663], [2; 90; 5.961523478507655], [2; 90; 6.283997505551349], [2; 90; 6.665185873702062], [2; 90; 7.125383416731043], [2; 90; 7.696293716761554], [2; 100; 9.367630395234618], [2; 100; 10.473329175918915], [2; 100; 12.093558838056694], [2; 100; 14.811524163782359], [2; 100; 20.94665835183783]];
Intervals[4.9E-324=0.2962304832756472, 0.2962304832756472=0.5954684597304734, 0.5954684597304734=0.8978074306818907, 0.8978074306818907=1.2033458449219034, 1.2033458449219034=1.5121874731522318, 1.5121874731522318=1.8244418196600525, 1.8244418196600525=2.456007332067419, 2.456007332067419=3.0948744224475755, 3.0948744224475755=3.741302333287577, 3.741302333287577=4.395566020047958, 4.395566020047958=5.057957517659919, 5.057957517659919=6.3996174097662, 6.3996174097662=7.079216746921338, 7.079216746921338=7.767938631016027, 7.767938631016027=9.164382521138549, 9.164382521138549=10.22657196684257, 10.22657196684257=11.304268648083681, 11.304268648083681=12.398172203881511, 12.398172203881511=13.509036516165189, 13.509036516165189=15.013888876058589, 15.013888876058589=18.838207970610444, 18.838207970610444=20.78305637377229, 20.78305637377229=22.76232954508647, 22.76232954508647=24.777922684762586, 24.777922684762586=26.831911524773787, 26.831911524773787=29.345510526994325, 29.345510526994325=31.910941765914842, 31.910941765914842=37.152157997139476, 37.152157997139476=39.83166353666031, 39.83166353666031=43.03131845178284, 43.03131845178284=46.309989090114954, 46.309989090114954=50.1543834884532, 50.1543834884532=58.05386304247046, 58.05386304247046=66.4325263832056, 66.93632717828223=71.41491111830418, 71.41491111830418=76.06255731751509, 76.06255731751509=86.94676027176611, 86.94676027176611=92.6308498834324, 92.6308498834324=98.59237336194006, 98.59237336194006=104.87637086749142, 104.87637086749142=111.54155674119347, 111.54155674119347=118.66694015792451, 118.66694015792451=126.36323387468607, 126.36323387468607=135.7308642699207, 135.7308642699207=146.2041934458396, 146.2041934458396=158.29775228389627, 158.29775228389627=173.10927644767864, 173.10927644767864=194.05593479951648];

Jobs: [[2; 10; 0.2962304832756472], [2; 10; 0.29923797645482614], [2; 10; 0.3023389709514174], [2; 10; 0.3055384142400127], [2; 10; 0.3088416282303283], [2; 10; 0.31225434650782063], [2; 20; 0.6388670903801565], [2; 20; 0.6464279108400015], [2; 20; 0.6542636867603806], [2; 20; 0.6623914976119617], [2; 20; 0.6795993371551379], [2; 20; 0.6887218840946888], [2; 30; 1.0621894457040215], [2; 30; 1.077696681241111], [2; 30; 1.093903555797831], [2; 30; 1.110864312283677], [2; 40; 1.5048523598934005], [2; 50; 1.944848403161847], [2; 50; 1.9792731713141785], [2; 50; 2.0155931396761155], [2; 50; 2.0539888400111996], [2; 60; 2.5135990022205394], [2; 60; 2.565431238920518], [2; 60; 2.679505539520833], [2; 70; 3.1996549151225264], [2; 70; 3.2786706383321165], [2; 80; 3.8443943983382463], [1; 160; 8.128497401256821], [1; 160; 8.653446288572203], [2; 80; 4.478583940021948], [2; 80; 4.647646199210913], [2; 90; 5.6840896116663], [2; 90; 5.961523478507655], [2; 90; 6.283997505551349], [2; 90; 6.665185873702062], [2; 90; 7.125383416731043], [2; 90; 7.696293716761554], [2; 100; 9.367630395234618], [2; 100; 10.473329175918915], [2; 100; 12.093558838056694], [2; 100; 14.811524163782359], [2; 100; 20.94665835183783]];
Intervals[4.9E-324=0.2962304832756472, 0.2962304832756472=0.5954684597304734, 0.5954684597304734=0.8978074306818907, 0.8978074306818907=1.2033458449219034, 1.2033458449219034=1.5121874731522318, 1.5121874731522318=1.8244418196600525, 2.456007332067419=3.0948744224475755, 3.0948744224475755=3.741302333287577, 3.741302333287577=4.395566020047958, 4.395566020047958=5.057957517659919, 6.3996174097662=7.079216746921338, 7.079216746921338=7.767938631016027, 9.164382521138549=10.22657196684257, 10.22657196684257=11.304268648083681, 11.304268648083681=12.398172203881511, 12.398172203881511=13.509036516165189, 13.509036516165189=15.013888876058589, 18.838207970610444=20.78305637377229, 20.78305637377229=22.76232954508647, 22.76232954508647=24.777922684762586, 24.777922684762586=26.831911524773787, 26.831911524773787=29.345510526994325, 29.345510526994325=31.910941765914842, 37.152157997139476=39.83166353666031, 39.83166353666031=43.03131845178284, 43.03131845178284=46.309989090114954, 46.309989090114954=50.1543834884532, 50.1543834884532=58.28288088971002, 58.28288088971002=66.93632717828223, 66.93632717828223=71.41491111830418, 71.41491111830418=76.06255731751509, 86.94676027176611=92.6308498834324, 92.6308498834324=98.59237336194006, 98.59237336194006=104.87637086749142, 104.87637086749142=111.54155674119347, 111.54155674119347=118.66694015792451, 118.66694015792451=126.36323387468607, 126.36323387468607=135.7308642699207, 135.7308642699207=146.2041934458396, 146.2041934458396=158.29775228389627, 158.29775228389627=173.10927644767864, 173.10927644767864=194.05593479951648];
