1.1480915182432172
178901.19210366343
205394.9412578164
[1; 20; 5.350158010431668]
[1; 60; 16.21342718398183]
[1; 60; 16.381446461027036]
[1; 60; 16.554799928402694]
[1; 80; 22.311701253158486]
[1; 80; 22.55824687301196]
[1; 100; 28.516438010993475]
[1; 120; 34.61534252048624]
[1; 140; 40.862506771295756]
[1; 140; 41.35782796834737]
[1; 160; 47.853268006760956]
[1; 180; 54.52074939830869]
[1; 180; 55.23346918289907]
[2; 520; 161.70524126094298]
[1; 1040; 327.87152749829926]
[1; 1040; 332.5224197634305]
[2; 540; 175.1765288089304]
[1; 1080; 355.6218202986894]
[2; 540; 180.5678328520688]
[2; 540; 183.45710163489528]
[1; 1080; 372.9793117316411]
[2; 560; 196.70284580398274]
[1; 1120; 400.36916480278853]
[2; 560; 203.85800040389196]
[1; 1120; 415.48271775113994]
[1; 1120; 423.71089707472515]
[2; 580; 223.94634964590733]
[2; 580; 228.76295121079298]
[1; 1160; 467.808667274336]
[1; 1200; 495.32838230167624]
[2; 600; 253.7802773213845]
[2; 600; 260.37307071790747]
[2; 620; 276.42483053896956]
[2; 620; 284.4388040141462]
[1; 1280; 605.3012815353216]
[1; 1280; 625.1524754198153]
[1; 1280; 647.0942889372484]
[1; 1280; 671.5214792860512]
[1; 1280; 698.9417156704869]
[1; 1280; 730.0208130814331]
[1; 1320; 789.5789221115557]
[2; 660; 416.14463105553364]
[1; 1320; 882.7760717212252]
[1; 1320; 943.7273170351443]
[2; 700; 540.5601543177074]
[2; 700; 592.1539804165639]
[1; 1400; 1324.096553358516]
[1; 1400; 1528.9350030291898]
[1; 1400; 1872.555303651084]
[2; 700; 1324.096553358516]


Jobs: [[1; 20; 5.350158010431668], [1; 60; 16.381446461027036], [1; 80; 22.311701253158486], [1; 100; 28.516438010993475], [1; 140; 40.862506771295756], [1; 160; 47.853268006760956], [1; 180; 55.23346918289907], [2; 520; 161.70524126094298], [1; 1040; 327.87152749829926], [2; 540; 175.1765288089304], [1; 1080; 355.6218202986894], [2; 540; 180.5678328520688], [2; 540; 183.45710163489528], [1; 1080; 372.9793117316411], [2; 560; 196.70284580398274], [1; 1120; 400.36916480278853], [2; 560; 203.85800040389196], [1; 1120; 415.48271775113994], [2; 580; 223.94634964590733], [2; 580; 228.76295121079298], [1; 1160; 467.808667274336], [2; 600; 253.7802773213845], [2; 600; 260.37307071790747], [2; 620; 276.42483053896956], [2; 620; 284.4388040141462], [1; 1280; 605.3012815353216], [1; 1280; 647.0942889372484], [1; 1280; 698.9417156704869], [1; 1320; 789.5789221115557], [2; 660; 416.14463105553364], [1; 1320; 882.7760717212252], [2; 700; 540.5601543177074], [2; 700; 592.1539804165639], [1; 1400; 1324.096553358516], [1; 1400; 1872.555303651084], [2; 700; 1324.096553358516]];
Intervals[0.0=5.350158010431668, 5.350158010431668=21.731604471458702, 21.731604471458702=44.043305724617184, 44.043305724617184=72.55974373561065, 72.55974373561065=113.42225050690641, 113.42225050690641=161.27551851366735, 161.27551851366735=216.5089876965664, 216.5089876965664=378.21422895750936, 378.21422895750936=706.0857564558087, 710.7366487209399=885.9131775298704, 885.9131775298704=1241.5349978285599, 1241.5349978285599=1422.1028306806286, 1422.1028306806286=1605.5599323155238, 1605.5599323155238=1978.5392440471649, 1978.5392440471649=2175.2420898511477, 2175.2420898511477=2575.611254653936, 2575.611254653936=2779.469255057828, 2779.469255057828=3194.951972808968, 3203.1801521325533=3427.126501778461, 3427.126501778461=3655.8894529892536, 3655.8894529892536=4123.69812026359, 4151.2178352909295=4404.998112612314, 4404.998112612314=4665.371183330221, 4665.371183330221=4941.796013869191, 4941.796013869191=5226.234817883337, 5226.234817883337=5831.5360994186585, 5831.5360994186585=6478.630388355907, 6478.630388355907=7177.572104026393, 7177.572104026393=7967.151026137949, 7967.151026137949=8383.295657193483, 8383.295657193483=9266.071728914709, 9327.022974228626=9867.583128546334, 9867.583128546334=10459.737108962898, 10459.737108962898=11783.833662321415, 11783.833662321415=13656.3889659725, 13656.3889659725=14980.485519331016];

Jobs: [[1; 60; 16.21342718398183], [1; 60; 16.554799928402694], [1; 80; 22.55824687301196], [1; 120; 34.61534252048624], [1; 140; 41.35782796834737], [1; 180; 54.52074939830869], [2; 520; 161.70524126094298], [1; 1040; 332.5224197634305], [2; 540; 175.1765288089304], [2; 540; 180.5678328520688], [2; 540; 183.45710163489528], [2; 560; 196.70284580398274], [2; 560; 203.85800040389196], [1; 1120; 423.71089707472515], [2; 580; 223.94634964590733], [2; 580; 228.76295121079298], [1; 1200; 495.32838230167624], [2; 600; 253.7802773213845], [2; 600; 260.37307071790747], [2; 620; 276.42483053896956], [2; 620; 284.4388040141462], [1; 1280; 625.1524754198153], [1; 1280; 671.5214792860512], [1; 1280; 730.0208130814331], [2; 660; 416.14463105553364], [1; 1320; 943.7273170351443], [2; 700; 540.5601543177074], [2; 700; 592.1539804165639], [1; 1400; 1528.9350030291898], [2; 700; 1324.096553358516]];
Intervals[0.0=16.21342718398183, 16.21342718398183=32.76822711238452, 32.76822711238452=55.32647398539648, 55.32647398539648=89.94181650588271, 89.94181650588271=131.2996444742301, 131.2996444742301=185.82039387253877, 216.5089876965664=378.21422895750936, 378.21422895750936=710.7366487209399, 710.7366487209399=885.9131775298704, 1241.5349978285599=1422.1028306806286, 1422.1028306806286=1605.5599323155238, 1978.5392440471649=2175.2420898511477, 2575.611254653936=2779.469255057828, 2779.469255057828=3203.1801521325533, 3203.1801521325533=3427.126501778461, 3427.126501778461=3655.8894529892536, 3655.8894529892536=4151.2178352909295, 4151.2178352909295=4404.998112612314, 4404.998112612314=4665.371183330221, 4665.371183330221=4941.796013869191, 4941.796013869191=5226.234817883337, 5226.234817883337=5851.387293303153, 5851.387293303153=6522.908772589204, 6522.908772589204=7252.929585670638, 7967.151026137949=8383.295657193483, 8383.295657193483=9327.022974228626, 9327.022974228626=9867.583128546334, 9867.583128546334=10459.737108962898, 10459.737108962898=11988.672111992088, 13656.3889659725=14980.485519331016];
