1.1966350512644497
158753.64280775387
189970.17349967468
[2; 10; 2.519949545588196]
[1; 20; 5.091066891238206]
[1; 20; 5.143825470207848]
[1; 20; 5.198259001639714]
[2; 10; 2.627229014758573]
[1; 40; 10.62504020368668]
[1; 40; 10.745100965987966]
[1; 60; 16.303988870011178]
[1; 60; 16.496942200182115]
[2; 30; 8.348456218527616]
[2; 50; 14.086946209512279]
[2; 50; 14.26640498836312]
[1; 100; 28.905803715895235]
[2; 100; 29.29381844281882]
[1; 1040; 308.8580580684512]
[2; 520; 156.61962113024327]
[2; 520; 158.90615990580667]
[2; 520; 161.29586031475438]
[2; 520; 163.79672046323273]
[1; 1080; 345.63662530967514]
[2; 540; 175.67500722022857]
[2; 540; 178.678216341539]
[1; 1080; 363.6818163596974]
[2; 540; 185.1777169274825]
[1; 1160; 405.3667871504803]
[2; 580; 206.69731578427118]
[2; 580; 210.95956453099495]
[1; 1160; 430.99369687927464]
[1; 1160; 440.6801579398844]
[1; 1200; 466.6039879436519]
[1; 1200; 478.1268091659007]
[2; 620; 253.4496738071446]
[2; 620; 260.3947863774469]
[1; 1240; 535.8880493066158]
[1; 1240; 552.3807576993455]
[1; 1240; 570.4963934226664]
[2; 640; 304.7844486425869]
[1; 1280; 632.5795399986946]
[1; 1280; 658.4096601866046]
[1; 1280; 687.6864618232298]
[1; 1320; 743.7907598622484]
[1; 1320; 784.0243012506838]
[1; 1320; 831.5833500441047]
[1; 1320; 888.999995545927]
[1; 1360; 989.3276129729418]
[2; 700; 557.8146106935508]
[1; 1400; 1247.3113883533606]
[1; 1400; 1440.2711316581974]
[1; 1400; 1763.9646819117372]
[1; 1400; 2494.622776706721]


Jobs: [[2; 10; 2.519949545588196], [1; 20; 5.091066891238206], [1; 20; 5.198259001639714], [2; 10; 2.627229014758573], [1; 40; 10.62504020368668], [1; 60; 16.303988870011178], [2; 30; 8.348456218527616], [2; 50; 14.086946209512279], [2; 50; 14.26640498836312], [1; 100; 28.905803715895235], [2; 100; 29.29381844281882], [1; 1040; 308.8580580684512], [2; 520; 156.61962113024327], [2; 520; 158.90615990580667], [2; 520; 161.29586031475438], [2; 520; 163.79672046323273], [1; 1080; 345.63662530967514], [2; 540; 175.67500722022857], [2; 540; 178.678216341539], [1; 1080; 363.6818163596974], [2; 540; 185.1777169274825], [1; 1160; 405.3667871504803], [2; 580; 206.69731578427118], [2; 580; 210.95956453099495], [1; 1160; 430.99369687927464], [1; 1200; 466.6039879436519], [2; 620; 253.4496738071446], [2; 620; 260.3947863774469], [1; 1240; 535.8880493066158], [1; 1240; 570.4963934226664], [2; 640; 304.7844486425869], [1; 1280; 632.5795399986946], [1; 1280; 687.6864618232298], [1; 1320; 784.0243012506838], [1; 1320; 888.999995545927], [2; 700; 557.8146106935508], [1; 1400; 1247.3113883533606], [1; 1400; 1763.9646819117372]];
Intervals[4.9E-324=2.519949545588196, 2.519949545588196=7.611016436826402, 7.611016436826402=12.809275438466116, 12.809275438466116=15.43650445322469, 15.43650445322469=26.06154465691137, 26.06154465691137=42.36553352692255, 42.67854761939477=51.027003837922386, 51.027003837922386=65.11395004743467, 65.11395004743467=79.38035503579779, 79.38035503579779=108.28615875169302, 108.28615875169302=137.57997719451186, 137.57997719451186=446.43803526296307, 446.43803526296307=603.0576563932063, 603.0576563932063=761.963816299013, 761.963816299013=923.2596766137674, 923.2596766137674=1087.0563970770002, 1087.0563970770002=1432.6930223866752, 1432.6930223866752=1608.3680296069037, 1608.3680296069037=1787.0462459484427, 1787.0462459484427=2150.72806230814, 2150.72806230814=2335.9057792356225, 2335.9057792356225=2741.272566386103, 2741.272566386103=2947.969882170374, 2947.969882170374=3158.929446701369, 3158.929446701369=3589.9231435806437, 3589.9231435806437=4056.5271315242953, 4077.7364138071543=4331.186087614299, 4331.186087614299=4591.580873991746, 4591.580873991746=5127.468923298362, 5127.468923298362=5697.965316721028, 5697.965316721028=6002.749765363615, 6002.749765363615=6635.329305362309, 6635.329305362309=7323.0157671855395, 7323.0157671855395=8107.040068436223, 8107.040068436223=8996.04006398215, 9225.861148429514=9783.675759123065, 9783.675759123065=11030.987147476426, 11030.987147476426=12794.951829388163];

Jobs: [[2; 10; 2.519949545588196], [1; 20; 5.143825470207848], [2; 10; 2.627229014758573], [1; 40; 10.745100965987966], [1; 60; 16.496942200182115], [2; 30; 8.348456218527616], [2; 50; 14.086946209512279], [2; 50; 14.26640498836312], [2; 100; 29.29381844281882], [2; 520; 156.61962113024327], [2; 520; 158.90615990580667], [2; 520; 161.29586031475438], [2; 520; 163.79672046323273], [2; 540; 175.67500722022857], [2; 540; 178.678216341539], [2; 540; 185.1777169274825], [2; 580; 206.69731578427118], [2; 580; 210.95956453099495], [1; 1160; 440.6801579398844], [1; 1200; 478.1268091659007], [2; 620; 253.4496738071446], [2; 620; 260.3947863774469], [1; 1240; 552.3807576993455], [2; 640; 304.7844486425869], [1; 1280; 658.4096601866046], [1; 1320; 743.7907598622484], [1; 1320; 831.5833500441047], [1; 1360; 989.3276129729418], [2; 700; 557.8146106935508], [1; 1400; 1440.2711316581974], [1; 1400; 2494.622776706721]];
Intervals[4.9E-324=2.519949545588196, 2.519949545588196=7.663775015796045, 12.809275438466116=15.43650445322469, 15.43650445322469=26.181605419212655, 26.181605419212655=42.67854761939477, 42.67854761939477=51.027003837922386, 51.027003837922386=65.11395004743467, 65.11395004743467=79.38035503579779, 108.28615875169302=137.57997719451186, 446.43803526296307=603.0576563932063, 603.0576563932063=761.963816299013, 761.963816299013=923.2596766137674, 923.2596766137674=1087.0563970770002, 1432.6930223866752=1608.3680296069037, 1608.3680296069037=1787.0462459484427, 2150.72806230814=2335.9057792356225, 2741.272566386103=2947.969882170374, 2947.969882170374=3158.929446701369, 3158.929446701369=3599.6096046412536, 3599.6096046412536=4077.7364138071543, 4077.7364138071543=4331.186087614299, 4331.186087614299=4591.580873991746, 4591.580873991746=5143.9616316910915, 5697.965316721028=6002.749765363615, 6002.749765363615=6661.15942555022, 6661.15942555022=7404.950185412468, 7404.950185412468=8236.533535456572, 8236.533535456572=9225.861148429514, 9225.861148429514=9783.675759123065, 9783.675759123065=11223.946890781262, 11223.946890781262=13718.569667487984];
