1.2659945016211969
209762.10095442523
265557.66645681276
[2; 10; 2.0482289957640245]
[1; 20; 4.1170951901064905]
[2; 10; 2.069023731896649]
[2; 10; 2.0796614561644864]
[1; 20; 4.18092992999589]
[1; 40; 8.405754439068017]
[2; 20; 4.225173806868654]
[1; 40; 8.49565811341401]
[2; 20; 4.270852689064463]
[2; 20; 4.294254796787179]
[1; 40; 8.636091728284919]
[2; 20; 4.342236786554844]
[1; 40; 8.733677783144453]
[1; 40; 8.783727922307357]
[2; 20; 4.417324255378569]
[1; 60; 13.329697613056087]
[2; 30; 6.704403152637162]
[2; 30; 6.7446702002839425]
[1; 60; 13.571343225178296]
[1; 60; 13.654859971760166]
[1; 60; 13.739937804043462]
[2; 30; 6.913312984379893]
[1; 60; 13.91497591543592]
[2; 40; 9.336694283144544]
[1; 80; 18.795838327926695]
[2; 40; 9.460364496530852]
[1; 80; 19.04814274913537]
[2; 40; 9.589082855383996]
[1; 80; 19.310888164368723]
[2; 40; 9.72320241581424]
[1; 80; 19.584815153643333]
[1; 80; 19.726223597604836]
[2; 50; 12.419212492629207]
[1; 100; 25.023099832696392]
[1; 100; 25.211956095569512]
[1; 100; 25.405153986751177]
[2; 50; 12.801431223525155]
[1; 100; 25.80525976620561]
[1; 120; 31.215041110500454]
[1; 120; 31.46986200068574]
[1; 120; 31.731027159252836]
[1; 140; 37.33193833570108]
[1; 140; 37.65239003590762]
[1; 140; 37.981238113956074]
[2; 70; 19.159427879512588]
[2; 70; 19.332819901322615]
[2; 70; 19.51100633998082]
[1; 140; 39.38842459358848]
[1; 140; 39.7653559052578]
[1; 160; 45.88950832475286]
[1; 160; 46.34613159448493]
[1; 180; 52.668745605360634]
[1; 180; 53.21455029298604]
[2; 90; 26.88884145475745]
[1; 180; 54.359080161953095]
[2; 90; 27.479875608086925]
[2; 90; 27.79039253321881]
[1; 180; 56.22335884220407]
[2; 90; 28.44437359822923]
[1; 180; 57.57833294600211]
[2; 90; 29.1468095829616]
[1; 180; 59.03624297911336]
[2; 100; 33.22666184940747]
[1; 200; 67.34535453461493]
[2; 100; 34.13714992940041]
[2; 100; 34.62138900856564]
[1; 200; 70.25367496427839]
[2; 520; 185.40646927040908]
[1; 1040; 376.56231920519]
[2; 540; 198.6513051982656]
[2; 540; 201.93502030489972]
[1; 1080; 410.7743021150394]
[1; 1080; 418.0452082125309]
[2; 540; 212.85820117194416]
[1; 1120; 449.89364507046895]
[2; 560; 229.40164752557075]
[1; 1120; 468.2641521595397]
[2; 580; 247.70945596573884]
[2; 580; 253.2766557111891]
[2; 580; 259.2369219019703]
[1; 1160; 531.2775950896806]
[2; 580; 272.5396557549371]
[1; 1200; 579.3266449310617]
[2; 620; 307.99646981720434]
[1; 1240; 634.9509886868476]
[1; 1240; 655.7745612912253]
[1; 1240; 678.7911591598745]
[2; 620; 352.2074380179976]
[1; 1280; 756.8291597224681]
[2; 640; 395.24113825022306]
[2; 640; 414.5324029576761]
[1; 1280; 873.9110381926506]
[1; 1320; 955.8889641362516]
[2; 660; 510.9441433708711]
[2; 680; 568.6064704794411]
[1; 1360; 1245.7543608999406]
[2; 700; 716.8801485174085]
[2; 700; 827.7818934464495]
[2; 700; 1013.8216286293577]
[2; 700; 1433.760297034817]


Jobs: [[2; 10; 2.0482289957640245], [1; 20; 4.1170951901064905], [2; 10; 2.069023731896649], [2; 10; 2.0796614561644864], [1; 20; 4.18092992999589], [2; 20; 4.225173806868654], [1; 40; 8.49565811341401], [2; 20; 4.270852689064463], [2; 20; 4.294254796787179], [1; 40; 8.636091728284919], [2; 20; 4.342236786554844], [1; 40; 8.733677783144453], [2; 20; 4.417324255378569], [1; 60; 13.329697613056087], [2; 30; 6.704403152637162], [2; 30; 6.7446702002839425], [1; 60; 13.571343225178296], [1; 60; 13.739937804043462], [2; 30; 6.913312984379893], [1; 60; 13.91497591543592], [2; 40; 9.336694283144544], [1; 80; 18.795838327926695], [2; 40; 9.460364496530852], [1; 80; 19.04814274913537], [2; 40; 9.589082855383996], [1; 80; 19.310888164368723], [2; 40; 9.72320241581424], [1; 80; 19.584815153643333], [2; 50; 12.419212492629207], [1; 100; 25.023099832696392], [1; 100; 25.405153986751177], [2; 50; 12.801431223525155], [1; 100; 25.80525976620561], [1; 120; 31.46986200068574], [1; 140; 37.33193833570108], [1; 140; 37.981238113956074], [2; 70; 19.159427879512588], [2; 70; 19.332819901322615], [2; 70; 19.51100633998082], [1; 140; 39.38842459358848], [1; 160; 45.88950832475286], [1; 180; 52.668745605360634], [2; 90; 26.88884145475745], [1; 180; 54.359080161953095], [2; 90; 27.479875608086925], [2; 90; 27.79039253321881], [1; 180; 56.22335884220407], [2; 90; 28.44437359822923], [1; 180; 57.57833294600211], [2; 90; 29.1468095829616], [1; 180; 59.03624297911336], [2; 100; 33.22666184940747], [1; 200; 67.34535453461493], [2; 100; 34.13714992940041], [2; 100; 34.62138900856564], [1; 200; 70.25367496427839], [2; 520; 185.40646927040908], [1; 1040; 376.56231920519], [2; 540; 198.6513051982656], [2; 540; 201.93502030489972], [1; 1080; 410.7743021150394], [2; 540; 212.85820117194416], [1; 1120; 449.89364507046895], [2; 560; 229.40164752557075], [1; 1120; 468.2641521595397], [2; 580; 247.70945596573884], [2; 580; 253.2766557111891], [2; 580; 259.2369219019703], [1; 1160; 531.2775950896806], [2; 580; 272.5396557549371], [1; 1200; 579.3266449310617], [2; 620; 307.99646981720434], [1; 1240; 634.9509886868476], [1; 1240; 678.7911591598745], [2; 620; 352.2074380179976], [1; 1280; 756.8291597224681], [2; 640; 395.24113825022306], [2; 640; 414.5324029576761], [1; 1280; 873.9110381926506], [2; 660; 510.9441433708711], [2; 680; 568.6064704794411], [1; 1360; 1245.7543608999406], [2; 700; 716.8801485174085], [2; 700; 827.7818934464495], [2; 700; 1013.8216286293577], [2; 700; 1433.760297034817]];
Intervals[4.9E-324=2.0482289957640245, 2.0482289957640245=6.1653241858705154, 6.1653241858705154=8.234347917767165, 8.234347917767165=10.31400937393165, 10.31400937393165=14.494939303927541, 18.719763812999666=22.94493761986832, 22.94493761986832=31.44059573328233, 31.44059573328233=35.71144842234679, 35.71144842234679=40.00570321913397, 40.00570321913397=48.64179494741889, 48.64179494741889=52.98403173397373, 52.98403173397373=61.71770951711818, 61.767759656281086=66.18508391165966, 66.18508391165966=79.51478152471574, 79.51478152471574=86.2191846773529, 86.2191846773529=92.96385487763685, 92.96385487763685=106.53519810281514, 106.53519810281514=120.27513590685861, 120.27513590685861=127.1884488912385, 127.1884488912385=141.1034248066744, 141.1034248066744=150.44011908981895, 150.44011908981895=169.23595741774565, 169.23595741774565=178.6963219142765, 178.6963219142765=197.74446466341186, 197.74446466341186=207.33354751879585, 207.33354751879585=226.64443568316457, 226.64443568316457=236.3676380989788, 236.3676380989788=255.95245325262215, 256.09386169658364=268.51307418921283, 268.51307418921283=293.53617402190923, 293.53617402190923=318.94132800866043, 318.94132800866043=331.74275923218556, 331.74275923218556=357.54801899839117, 357.54801899839117=389.0178809990769, 389.0178809990769=426.349819334778, 426.349819334778=464.33105744873404, 464.33105744873404=483.4904853282466, 483.4904853282466=502.82330522956926, 502.82330522956926=522.3343115695501, 522.3343115695501=561.7227361631386, 561.7227361631386=607.6122444878915, 607.6122444878915=660.2809900932522, 661.6603493622789=688.5491908170363, 688.5491908170363=742.9082709789894, 742.9082709789894=770.3881465870763, 770.3881465870763=798.1785391202951, 798.1785391202951=854.4018979624992, 854.4018979624992=882.8462715607285, 882.8462715607285=940.4246045067306, 940.4246045067306=969.5714140896922, 969.5714140896922=1028.6076570688056, 1028.6076570688056=1061.834318918213, 1061.834318918213=1129.179673452828, 1129.179673452828=1163.3168233822284, 1163.3168233822284=1197.938212390794, 1197.938212390794=1268.1918873550724, 1268.1918873550724=1453.5983566254815, 1453.5983566254815=1830.1606758306716, 1830.1606758306716=2028.8119810289372, 2028.8119810289372=2230.747001333837, 2230.747001333837=2641.5213034488766, 2648.7922095463678=2861.650410718312, 2861.650410718312=3311.544055788781, 3311.544055788781=3540.9457033143517, 3540.9457033143517=4009.2098554738914, 4009.2098554738914=4256.91931143963, 4256.91931143963=4510.195967150819, 4510.195967150819=4769.4328890527895, 4769.4328890527895=5300.71048414247, 5300.71048414247=5573.250139897407, 5573.250139897407=6152.576784828469, 6152.576784828469=6460.573254645673, 6460.573254645673=7095.52424333252, 7095.52424333252=7774.315402492395, 7774.315402492395=8126.522840510393, 8126.522840510393=8883.35200023286, 8883.35200023286=9278.593138483084, 9278.593138483084=9693.12554144076, 9693.12554144076=10567.036579633412, 10649.014505577012=11159.958648947882, 11159.958648947882=11728.565119427323, 11728.565119427323=12974.319480327264, 12974.319480327264=13691.199628844672, 13691.199628844672=14518.981522291122, 14518.981522291122=15532.80315092048, 15532.80315092048=16966.563447955297];

Jobs: [[2; 10; 2.0482289957640245], [2; 10; 2.069023731896649], [2; 10; 2.0796614561644864], [1; 40; 8.405754439068017], [2; 20; 4.225173806868654], [2; 20; 4.270852689064463], [2; 20; 4.294254796787179], [2; 20; 4.342236786554844], [1; 40; 8.783727922307357], [2; 20; 4.417324255378569], [2; 30; 6.704403152637162], [2; 30; 6.7446702002839425], [1; 60; 13.654859971760166], [2; 30; 6.913312984379893], [2; 40; 9.336694283144544], [2; 40; 9.460364496530852], [2; 40; 9.589082855383996], [2; 40; 9.72320241581424], [1; 80; 19.726223597604836], [2; 50; 12.419212492629207], [1; 100; 25.211956095569512], [2; 50; 12.801431223525155], [1; 120; 31.215041110500454], [1; 120; 31.731027159252836], [1; 140; 37.65239003590762], [2; 70; 19.159427879512588], [2; 70; 19.332819901322615], [2; 70; 19.51100633998082], [1; 140; 39.7653559052578], [1; 160; 46.34613159448493], [1; 180; 53.21455029298604], [2; 90; 26.88884145475745], [2; 90; 27.479875608086925], [2; 90; 27.79039253321881], [2; 90; 28.44437359822923], [2; 90; 29.1468095829616], [2; 100; 33.22666184940747], [2; 100; 34.13714992940041], [2; 100; 34.62138900856564], [2; 520; 185.40646927040908], [2; 540; 198.6513051982656], [2; 540; 201.93502030489972], [1; 1080; 418.0452082125309], [2; 540; 212.85820117194416], [2; 560; 229.40164752557075], [2; 580; 247.70945596573884], [2; 580; 253.2766557111891], [2; 580; 259.2369219019703], [2; 580; 272.5396557549371], [2; 620; 307.99646981720434], [1; 1240; 655.7745612912253], [2; 620; 352.2074380179976], [2; 640; 395.24113825022306], [2; 640; 414.5324029576761], [1; 1320; 955.8889641362516], [2; 660; 510.9441433708711], [2; 680; 568.6064704794411], [2; 700; 716.8801485174085], [2; 700; 827.7818934464495], [2; 700; 1013.8216286293577], [2; 700; 1433.760297034817]];
Intervals[4.9E-324=2.0482289957640245, 6.1653241858705154=8.234347917767165, 8.234347917767165=10.31400937393165, 10.31400937393165=18.719763812999666, 18.719763812999666=22.94493761986832, 31.44059573328233=35.71144842234679, 35.71144842234679=40.00570321913397, 48.64179494741889=52.98403173397373, 52.98403173397373=61.767759656281086, 61.767759656281086=66.18508391165966, 79.51478152471574=86.2191846773529, 86.2191846773529=92.96385487763685, 92.96385487763685=106.61871484939701, 120.27513590685861=127.1884488912385, 141.1034248066744=150.44011908981895, 169.23595741774565=178.6963219142765, 197.74446466341186=207.33354751879585, 226.64443568316457=236.3676380989788, 236.3676380989788=256.09386169658364, 256.09386169658364=268.51307418921283, 268.51307418921283=293.72503028478235, 318.94132800866043=331.74275923218556, 331.74275923218556=362.957800342686, 362.957800342686=394.6888275019389, 394.6888275019389=432.3412175378465, 464.33105744873404=483.4904853282466, 483.4904853282466=502.82330522956926, 502.82330522956926=522.3343115695501, 522.3343115695501=562.0996674748079, 562.0996674748079=608.4457990692929, 608.4457990692929=661.6603493622789, 661.6603493622789=688.5491908170363, 742.9082709789894=770.3881465870763, 770.3881465870763=798.1785391202951, 854.4018979624992=882.8462715607285, 940.4246045067306=969.5714140896922, 1028.6076570688056=1061.834318918213, 1129.179673452828=1163.3168233822284, 1163.3168233822284=1197.938212390794, 1268.1918873550724=1453.5983566254815, 1830.1606758306716=2028.8119810289372, 2028.8119810289372=2230.747001333837, 2230.747001333837=2648.7922095463678, 2648.7922095463678=2861.650410718312, 3311.544055788781=3540.9457033143517, 4009.2098554738914=4256.91931143963, 4256.91931143963=4510.195967150819, 4510.195967150819=4769.4328890527895, 5300.71048414247=5573.250139897407, 6152.576784828469=6460.573254645673, 6460.573254645673=7116.347815936898, 7774.315402492395=8126.522840510393, 8883.35200023286=9278.593138483084, 9278.593138483084=9693.12554144076, 9693.12554144076=10649.014505577012, 10649.014505577012=11159.958648947882, 11159.958648947882=11728.565119427323, 12974.319480327264=13691.199628844672, 13691.199628844672=14518.981522291122, 14518.981522291122=15532.80315092048, 15532.80315092048=16966.563447955297];
