1.1679535466372857
8857.016130472048
10344.583402208476
[1; 20; 2.092998737843117]
[1; 40; 4.219961918324247]
[1; 40; 4.254910887486013]
[1; 40; 4.290894341708995]
[1; 40; 4.327965908555545]
[1; 40; 4.366183241030956]
[1; 60; 6.608412626181251]
[1; 60; 6.669462586807381]
[2; 30; 3.366266623421316]
[2; 30; 3.398871021648503]
[2; 40; 4.576810881537627]
[2; 50; 5.779245373946144]
[1; 100; 11.679211787094205]
[1; 100; 11.804464294605198]
[2; 50; 5.967273954537486]
[2; 50; 6.03489556719976]
[1; 100; 12.210555043351409]
[1; 100; 12.357237581959476]
[1; 120; 15.012334312452431]
[1; 120; 15.204198852967783]
[2; 60; 7.7024647774129456]
[1; 120; 15.61525279478266]
[2; 60; 7.91799112006155]
[2; 60; 8.034016461096508]
[1; 120; 16.312438200769975]
[1; 120; 16.570370350930055]
[1; 120; 16.843165727014533]
[2; 70; 9.993874194315268]
[1; 140; 20.346323055094494]
[1; 140; 20.728472050417533]
[2; 70; 10.568491787525636]
[1; 140; 21.575137282527972]
[2; 70; 11.023411264265771]
[1; 160; 25.779078359408068]
[2; 80; 13.205929256298893]
[1; 160; 27.102568549989233]
[1; 160; 27.86093845426865]
[1; 180; 32.2865868748649]
[1; 180; 33.33703562888185]
[1; 180; 34.517744005291846]
[1; 200; 39.84345291022412]
[1; 200; 41.55850961971919]
[2; 100; 21.781660153491995]
[1; 200; 45.95341086495527]
[2; 100; 24.438045685570795]
[2; 100; 26.28687565377401]
[1; 200; 57.48214576459884]
[2; 100; 32.24619460594006]
[1; 200; 75.84814606458878]
[1; 200; 100.08222874968287]


Jobs: [[1; 20; 2.092998737843117], [1; 40; 4.254910887486013], [1; 40; 4.327965908555545], [1; 60; 6.608412626181251], [2; 30; 3.366266623421316], [2; 30; 3.398871021648503], [2; 40; 4.576810881537627], [2; 50; 5.779245373946144], [1; 100; 11.679211787094205], [2; 50; 5.967273954537486], [2; 50; 6.03489556719976], [1; 100; 12.210555043351409], [1; 120; 15.012334312452431], [2; 60; 7.7024647774129456], [1; 120; 15.61525279478266], [2; 60; 7.91799112006155], [2; 60; 8.034016461096508], [1; 120; 16.312438200769975], [1; 120; 16.843165727014533], [2; 70; 9.993874194315268], [1; 140; 20.346323055094494], [2; 70; 10.568491787525636], [1; 140; 21.575137282527972], [2; 70; 11.023411264265771], [1; 160; 25.779078359408068], [2; 80; 13.205929256298893], [1; 160; 27.102568549989233], [1; 180; 32.2865868748649], [1; 180; 34.517744005291846], [1; 200; 41.55850961971919], [2; 100; 21.781660153491995], [1; 200; 45.95341086495527], [2; 100; 24.438045685570795], [2; 100; 26.28687565377401], [1; 200; 57.48214576459884], [2; 100; 32.24619460594006], [1; 200; 75.84814606458878]];
Intervals[0.0=2.092998737843117, 2.092998737843117=6.34790962532913, 6.34790962532913=10.675875533884675, 10.675875533884675=17.284288160065927, 19.54650208787158=22.912768711292898, 22.912768711292898=26.3116397329414, 26.3116397329414=30.888450614479027, 30.888450614479027=36.66769598842517, 36.66769598842517=48.34690777551938, 48.47216028303037=54.43943423756785, 54.43943423756785=60.47432980476761, 60.47432980476761=72.68488484811903, 72.68488484811903=87.69721916057145, 88.03576623969487=95.73823101710781, 95.73823101710781=111.35348381189047, 111.35348381189047=119.27147493195201, 119.27147493195201=127.30549139304853, 127.30549139304853=143.6179295938185, 143.6179295938185=160.46109532083304, 160.46109532083304=170.45496951514832, 170.45496951514832=190.80129257024282, 191.18344156556586=201.7519333530915, 201.7519333530915=223.32707063561946, 223.32707063561946=234.35048189988524, 234.35048189988524=260.1295602592933, 260.1295602592933=273.3354895155922, 273.3354895155922=300.43805806558146, 300.43805806558146=332.72464494044635, 332.72464494044635=367.2423889457382, 367.2423889457382=408.8008985654574, 408.8008985654574=430.5825587189494, 430.5825587189494=476.53596958390466, 476.53596958390466=500.97401526947544, 500.97401526947544=527.2608909232495, 527.2608909232495=584.7430366878483, 584.7430366878483=616.9892312937884, 616.9892312937884=692.8373773583771];

Jobs: [[1; 40; 4.219961918324247], [1; 40; 4.290894341708995], [1; 40; 4.366183241030956], [1; 60; 6.669462586807381], [2; 30; 3.366266623421316], [2; 30; 3.398871021648503], [2; 40; 4.576810881537627], [2; 50; 5.779245373946144], [1; 100; 11.804464294605198], [2; 50; 5.967273954537486], [2; 50; 6.03489556719976], [1; 100; 12.357237581959476], [1; 120; 15.204198852967783], [2; 60; 7.7024647774129456], [2; 60; 7.91799112006155], [2; 60; 8.034016461096508], [1; 120; 16.570370350930055], [2; 70; 9.993874194315268], [1; 140; 20.728472050417533], [2; 70; 10.568491787525636], [2; 70; 11.023411264265771], [2; 80; 13.205929256298893], [1; 160; 27.86093845426865], [1; 180; 33.33703562888185], [1; 200; 39.84345291022412], [2; 100; 21.781660153491995], [2; 100; 24.438045685570795], [2; 100; 26.28687565377401], [2; 100; 32.24619460594006], [1; 200; 100.08222874968287]];
Intervals[0.0=4.219961918324247, 4.219961918324247=8.510856260033243, 8.510856260033243=12.8770395010642, 12.8770395010642=19.54650208787158, 19.54650208787158=22.912768711292898, 22.912768711292898=26.3116397329414, 26.3116397329414=30.888450614479027, 30.888450614479027=36.66769598842517, 36.66769598842517=48.47216028303037, 48.47216028303037=54.43943423756785, 54.43943423756785=60.47432980476761, 60.47432980476761=72.83156738672709, 72.83156738672709=88.03576623969487, 88.03576623969487=95.73823101710781, 111.35348381189047=119.27147493195201, 119.27147493195201=127.30549139304853, 127.30549139304853=143.8758617439786, 160.46109532083304=170.45496951514832, 170.45496951514832=191.18344156556586, 191.18344156556586=201.7519333530915, 223.32707063561946=234.35048189988524, 260.1295602592933=273.3354895155922, 273.3354895155922=301.19642796986085, 301.19642796986085=334.5334635987427, 334.5334635987427=374.3769165089668, 408.8008985654574=430.5825587189494, 476.53596958390466=500.97401526947544, 500.97401526947544=527.2608909232495, 584.7430366878483=616.9892312937884, 616.9892312937884=717.0714600434712];
