1.1435810638340749
1565741.3136821368
1790552.1171895799
[1; 40; 25.13969439649058]
[1; 60; 37.86144414765332]
[1; 60; 38.01551014102368]
[2; 40; 25.447861959450528]
[1; 80; 51.10713038744162]
[2; 40; 25.660821276565137]
[2; 40; 25.769669729796178]
[1; 80; 51.76030303099988]
[2; 50; 32.4903863808707]
[1; 100; 65.26546637515601]
[1; 120; 78.66548868900311]
[2; 60; 39.50892839306238]
[1; 120; 79.37581177870692]
[1; 120; 79.73950726175734]
[1; 120; 80.1091028817108]
[2; 70; 46.9494460450103]
[2; 70; 47.17222140642542]
[2; 70; 47.39874095577647]
[1; 140; 95.25822776458054]
[1; 160; 109.40218043812966]
[2; 80; 54.9735768072943]
[1; 160; 110.50174818928025]
[1; 180; 124.94954146389496]
[2; 90; 62.7980592222243]
[1; 200; 140.28284385016525]
[2; 520; 366.6729232801388]
[2; 520; 368.6469612900212]
[2; 520; 370.65870345214427]
[1; 1040; 745.4188027933393]
[1; 1040; 749.6007328826224]
[2; 540; 391.43039537836165]
[2; 540; 393.6897667175725]
[2; 540; 395.99545138658095]
[1; 1080; 796.698202072145]
[2; 540; 400.7524520209018]
[2; 540; 403.20733110792173]
[1; 1120; 841.4843353014475]
[2; 560; 423.400932232531]
[2; 560; 426.1194461599547]
[2; 560; 428.9000488260417]
[1; 1120; 863.4904230753597]
[1; 1120; 869.3150946083913]
[1; 1120; 875.2796430653957]
[1; 1120; 881.3899274629044]
[2; 580; 459.67701177645785]
[2; 580; 463.00205695816504]
[2; 580; 466.4128341900703]
[1; 1160; 939.8264081062805]
[2; 580; 473.5072781225722]
[2; 580; 477.19944049768446]
[1; 1160; 961.9887432868874]
[2; 580; 484.89707484376345]
[2; 580; 488.91290561269966]
[2; 580; 493.04760446382744]
[2; 600; 514.4558622435217]
[2; 600; 518.9986731497762]
[2; 600; 523.6850578301204]
[1; 1200; 1057.0459497733705]
[1; 1200; 1067.0420453915797]
[1; 1200; 1077.377015156316]
[1; 1200; 1088.0710422105922]
[2; 620; 567.8921289645234]
[2; 620; 573.8233988386363]
[1; 1240; 1159.954617910902]
[2; 620; 586.368581170477]
[2; 620; 593.0133555474079]
[2; 620; 599.9293723249991]
[2; 620; 607.1361833999872]
[2; 620; 614.6553991763152]
[2; 620; 622.5109780146056]
[2; 640; 651.0756823568973]
[2; 640; 659.9648075218659]
[2; 640; 669.2937417263241]
[1; 1280; 1358.2023159168089]
[2; 640; 689.4307302524413]
[2; 640; 700.3320037746333]
[2; 640; 711.8614583557721]
[2; 640; 724.0838186387382]
[1; 1320; 1520.2144684328898]
[2; 660; 774.3837310118136]
[2; 660; 789.6450912238812]
[1; 1320; 1612.0276752959753]
[1; 1320; 1647.2705412221317]
[1; 1320; 1685.3665315289784]
[2; 660; 863.3679946196717]
[2; 660; 885.946373174967]
[2; 660; 910.7364614273835]
[2; 680; 966.5661339041565]
[1; 1360; 1996.027004558888]
[2; 680; 1033.3604633898892]
[2; 680; 1073.516973196316]
[2; 680; 1119.7263841072042]
[1; 1360; 2347.4854884544693]
[2; 680; 1238.1398432246465]
[2; 680; 1316.8867113158883]
[1; 1360; 2833.0282769630244]
[2; 680; 1548.762836220122]
[1; 1400; 3577.4991271209137]
[1; 1400; 4207.421676507237]
[2; 700; 2775.8630930543263]


Jobs: [[1; 40; 25.13969439649058], [1; 60; 38.01551014102368], [2; 40; 25.447861959450528], [1; 80; 51.10713038744162], [2; 40; 25.660821276565137], [2; 40; 25.769669729796178], [1; 80; 51.76030303099988], [2; 50; 32.4903863808707], [1; 100; 65.26546637515601], [2; 60; 39.50892839306238], [1; 120; 79.37581177870692], [1; 120; 80.1091028817108], [2; 70; 46.9494460450103], [2; 70; 47.17222140642542], [2; 70; 47.39874095577647], [1; 140; 95.25822776458054], [2; 80; 54.9735768072943], [1; 160; 110.50174818928025], [2; 90; 62.7980592222243], [1; 200; 140.28284385016525], [2; 520; 366.6729232801388], [2; 520; 368.6469612900212], [2; 520; 370.65870345214427], [1; 1040; 745.4188027933393], [2; 540; 391.43039537836165], [2; 540; 393.6897667175725], [2; 540; 395.99545138658095], [1; 1080; 796.698202072145], [2; 540; 400.7524520209018], [2; 540; 403.20733110792173], [1; 1120; 841.4843353014475], [2; 560; 423.400932232531], [2; 560; 426.1194461599547], [2; 560; 428.9000488260417], [1; 1120; 863.4904230753597], [1; 1120; 875.2796430653957], [2; 580; 459.67701177645785], [2; 580; 463.00205695816504], [2; 580; 466.4128341900703], [1; 1160; 939.8264081062805], [2; 580; 473.5072781225722], [2; 580; 477.19944049768446], [1; 1160; 961.9887432868874], [2; 580; 484.89707484376345], [2; 580; 488.91290561269966], [2; 580; 493.04760446382744], [2; 600; 514.4558622435217], [2; 600; 518.9986731497762], [2; 600; 523.6850578301204], [1; 1200; 1057.0459497733705], [1; 1200; 1077.377015156316], [2; 620; 567.8921289645234], [2; 620; 573.8233988386363], [1; 1240; 1159.954617910902], [2; 620; 586.368581170477], [2; 620; 593.0133555474079], [2; 620; 599.9293723249991], [2; 620; 607.1361833999872], [2; 620; 614.6553991763152], [2; 620; 622.5109780146056], [2; 640; 651.0756823568973], [2; 640; 659.9648075218659], [2; 640; 669.2937417263241], [1; 1280; 1358.2023159168089], [2; 640; 689.4307302524413], [2; 640; 700.3320037746333], [2; 640; 711.8614583557721], [2; 640; 724.0838186387382], [1; 1320; 1520.2144684328898], [2; 660; 774.3837310118136], [2; 660; 789.6450912238812], [1; 1320; 1612.0276752959753], [1; 1320; 1685.3665315289784], [2; 660; 863.3679946196717], [2; 660; 885.946373174967], [2; 660; 910.7364614273835], [2; 680; 966.5661339041565], [1; 1360; 1996.027004558888], [2; 680; 1033.3604633898892], [2; 680; 1073.516973196316], [2; 680; 1119.7263841072042], [1; 1360; 2347.4854884544693], [2; 680; 1238.1398432246465], [2; 680; 1316.8867113158883], [1; 1360; 2833.0282769630244], [2; 680; 1548.762836220122], [1; 1400; 3577.4991271209137], [2; 700; 2775.8630930543263]];
Intervals[0.0=25.13969439649058, 25.13969439649058=63.155204537514265, 63.155204537514265=88.6030664969648, 88.6030664969648=139.71019688440643, 139.71019688440643=165.37101816097157, 165.37101816097157=191.14068789076777, 191.14068789076777=242.90099092176763, 242.90099092176763=275.3913773026383, 275.3913773026383=340.6568436777943, 354.0568659916414=393.5657943847038, 393.5657943847038=472.9416061634107, 472.9416061634107=553.0507090451215, 553.0507090451215=600.0001550901318, 600.0001550901318=647.1723764965573, 647.1723764965573=694.5711174523337, 694.5711174523337=789.8293452169142, 803.9732978904634=858.9468746977577, 858.9468746977577=969.448622887038, 983.8964161616527=1046.694475383877, 1046.694475383877=1186.9773192340422, 1186.9773192340422=1553.650242514181, 1553.650242514181=1922.2972038042021, 1922.2972038042021=2292.9559072563466, 2292.9559072563466=3038.3747100496857, 3042.5566401389688=3433.9870355173302, 3433.9870355173302=3827.676802234903, 3827.676802234903=4223.672253621484, 4223.672253621484=5020.370455693629, 5020.370455693629=5421.122907714531, 5421.122907714531=5824.330238822453, 5824.330238822453=6665.8145741239005, 6665.8145741239005=7089.215506356431, 7089.215506356431=7515.334952516386, 7515.334952516386=7944.2350013424275, 7944.2350013424275=8807.725424417788, 8807.725424417788=9683.005067483184, 9694.940023413723=10154.61703519018, 10154.61703519018=10617.619092148345, 10617.619092148345=11084.031926338415, 11084.031926338415=12023.858334444696, 12023.858334444696=12497.365612567268, 12497.365612567268=12974.565053064953, 12974.565053064953=13936.55379635184, 13936.55379635184=14421.450871195604, 14421.450871195604=14910.363776808304, 14910.363776808304=15403.411381272132, 15403.411381272132=15917.867243515653, 15917.867243515653=16436.86591666543, 16436.86591666543=16960.55097449555, 16960.55097449555=18017.59692426892, 18017.59692426892=19094.973939425236, 19115.66406209772=19683.556191062242, 19683.556191062242=20257.379589900876, 20257.379589900876=21417.33420781178, 21417.33420781178=22003.702788982257, 22003.702788982257=22596.716144529666, 22596.716144529666=23196.645516854664, 23196.645516854664=23803.78170025465, 23803.78170025465=24418.437099430965, 24418.437099430965=25040.94807744557, 25040.94807744557=25692.02375980247, 25692.02375980247=26351.988567324333, 26351.988567324333=27021.282309050657, 27021.282309050657=28379.484624967467, 28379.484624967467=29068.91535521991, 29068.91535521991=29769.247358994544, 29769.247358994544=30481.108817350316, 30481.108817350316=31205.192635989053, 31205.192635989053=32725.40710442194, 32725.40710442194=33499.790835433756, 33499.790835433756=34289.435926657636, 34289.435926657636=35901.46360195361, 35901.46360195361=37586.83013348259, 37586.83013348259=38450.19812810226, 38450.19812810226=39336.144501277224, 39336.144501277224=40246.88096270461, 40246.88096270461=41213.44709660876, 41213.44709660876=43209.47410116765, 43209.47410116765=44242.83456455754, 44242.83456455754=45316.35153775386, 45316.35153775386=46436.07792186106, 46436.07792186106=48783.56341031553, 48783.56341031553=50021.70325354018, 50021.70325354018=51338.589964856066, 51338.589964856066=54171.61824181909, 54171.61824181909=55720.38107803921, 55720.38107803921=59297.88020516012, 59927.80275454644=62703.66584760077];

Jobs: [[1; 60; 37.86144414765332], [2; 40; 25.447861959450528], [2; 40; 25.660821276565137], [2; 40; 25.769669729796178], [2; 50; 32.4903863808707], [1; 120; 78.66548868900311], [2; 60; 39.50892839306238], [1; 120; 79.73950726175734], [2; 70; 46.9494460450103], [2; 70; 47.17222140642542], [2; 70; 47.39874095577647], [1; 160; 109.40218043812966], [2; 80; 54.9735768072943], [1; 180; 124.94954146389496], [2; 90; 62.7980592222243], [2; 520; 366.6729232801388], [2; 520; 368.6469612900212], [2; 520; 370.65870345214427], [1; 1040; 749.6007328826224], [2; 540; 391.43039537836165], [2; 540; 393.6897667175725], [2; 540; 395.99545138658095], [2; 540; 400.7524520209018], [2; 540; 403.20733110792173], [2; 560; 423.400932232531], [2; 560; 426.1194461599547], [2; 560; 428.9000488260417], [1; 1120; 869.3150946083913], [1; 1120; 881.3899274629044], [2; 580; 459.67701177645785], [2; 580; 463.00205695816504], [2; 580; 466.4128341900703], [2; 580; 473.5072781225722], [2; 580; 477.19944049768446], [2; 580; 484.89707484376345], [2; 580; 488.91290561269966], [2; 580; 493.04760446382744], [2; 600; 514.4558622435217], [2; 600; 518.9986731497762], [2; 600; 523.6850578301204], [1; 1200; 1067.0420453915797], [1; 1200; 1088.0710422105922], [2; 620; 567.8921289645234], [2; 620; 573.8233988386363], [2; 620; 586.368581170477], [2; 620; 593.0133555474079], [2; 620; 599.9293723249991], [2; 620; 607.1361833999872], [2; 620; 614.6553991763152], [2; 620; 622.5109780146056], [2; 640; 651.0756823568973], [2; 640; 659.9648075218659], [2; 640; 669.2937417263241], [2; 640; 689.4307302524413], [2; 640; 700.3320037746333], [2; 640; 711.8614583557721], [2; 640; 724.0838186387382], [2; 660; 774.3837310118136], [2; 660; 789.6450912238812], [1; 1320; 1647.2705412221317], [2; 660; 863.3679946196717], [2; 660; 885.946373174967], [2; 660; 910.7364614273835], [2; 680; 966.5661339041565], [2; 680; 1033.3604633898892], [2; 680; 1073.516973196316], [2; 680; 1119.7263841072042], [2; 680; 1238.1398432246465], [2; 680; 1316.8867113158883], [2; 680; 1548.762836220122], [1; 1400; 4207.421676507237], [2; 700; 2775.8630930543263]];
Intervals[0.0=37.86144414765332, 63.155204537514265=88.6030664969648, 139.71019688440643=165.37101816097157, 165.37101816097157=191.14068789076777, 242.90099092176763=275.3913773026383, 275.3913773026383=354.0568659916414, 354.0568659916414=393.5657943847038, 393.5657943847038=473.30530164646115, 553.0507090451215=600.0001550901318, 600.0001550901318=647.1723764965573, 647.1723764965573=694.5711174523337, 694.5711174523337=803.9732978904634, 803.9732978904634=858.9468746977577, 858.9468746977577=983.8964161616527, 983.8964161616527=1046.694475383877, 1186.9773192340422=1553.650242514181, 1553.650242514181=1922.2972038042021, 1922.2972038042021=2292.9559072563466, 2292.9559072563466=3042.5566401389688, 3042.5566401389688=3433.9870355173302, 3433.9870355173302=3827.676802234903, 3827.676802234903=4223.672253621484, 5020.370455693629=5421.122907714531, 5421.122907714531=5824.330238822453, 6665.8145741239005=7089.215506356431, 7089.215506356431=7515.334952516386, 7515.334952516386=7944.2350013424275, 7944.2350013424275=8813.550095950819, 8813.550095950819=9694.940023413723, 9694.940023413723=10154.61703519018, 10154.61703519018=10617.619092148345, 10617.619092148345=11084.031926338415, 12023.858334444696=12497.365612567268, 12497.365612567268=12974.565053064953, 13936.55379635184=14421.450871195604, 14421.450871195604=14910.363776808304, 14910.363776808304=15403.411381272132, 15403.411381272132=15917.867243515653, 15917.867243515653=16436.86591666543, 16436.86591666543=16960.55097449555, 16960.55097449555=18027.59301988713, 18027.59301988713=19115.66406209772, 19115.66406209772=19683.556191062242, 19683.556191062242=20257.379589900876, 21417.33420781178=22003.702788982257, 22003.702788982257=22596.716144529666, 22596.716144529666=23196.645516854664, 23196.645516854664=23803.78170025465, 23803.78170025465=24418.437099430965, 24418.437099430965=25040.94807744557, 25040.94807744557=25692.02375980247, 25692.02375980247=26351.988567324333, 26351.988567324333=27021.282309050657, 28379.484624967467=29068.91535521991, 29068.91535521991=29769.247358994544, 29769.247358994544=30481.108817350316, 30481.108817350316=31205.192635989053, 32725.40710442194=33499.790835433756, 33499.790835433756=34289.435926657636, 34289.435926657636=35936.70646787977, 37586.83013348259=38450.19812810226, 38450.19812810226=39336.144501277224, 39336.144501277224=40246.88096270461, 40246.88096270461=41213.44709660876, 43209.47410116765=44242.83456455754, 44242.83456455754=45316.35153775386, 45316.35153775386=46436.07792186106, 48783.56341031553=50021.70325354018, 50021.70325354018=51338.589964856066, 54171.61824181909=55720.38107803921, 55720.38107803921=59927.80275454644, 59927.80275454644=62703.66584760077];
