1.0730662745741588
3832.4916130188485
4112.517497518845
[1; 10; 0.7485425318204134]
[1; 10; 0.7546160734390596]
[1; 10; 0.7608656686700201]
[1; 10; 0.7673002511283621]
[1; 20; 1.5478588210526845]
[2; 10; 0.7807634564082923]
[2; 10; 0.7878134896557345]
[1; 20; 1.5901829658228643]
[1; 20; 1.605220742544133]
[1; 20; 1.6207683096822512]
[1; 40; 3.2737120601036778]
[1; 40; 3.307033787269732]
[2; 20; 1.6707868194488338]
[1; 40; 3.3774100022528604]
[1; 40; 3.4146286078307693]
[1; 50; 4.316654306059216]
[1; 50; 4.366997276119662]
[1; 50; 4.4194569918558875]
[1; 60; 5.369028911292118]
[2; 30; 2.7188237856822357]
[1; 60; 5.509437135813898]
[1; 70; 6.515433618024614]
[1; 70; 6.60753254639672]
[1; 70; 6.704355238601169]
[1; 70; 6.806332861979449]
[1; 80; 7.901662338296051]
[1; 80; 8.031746150764796]
[1; 80; 8.169647836554493]
[1; 80; 8.316209054514731]
[1; 90; 9.531456607456754]
[1; 90; 9.71930016202372]
[1; 90; 9.920773914650187]
[1; 100; 11.26407365096034]
[1; 100; 11.52457490432715]
[2; 50; 5.903730101348607]
[1; 110; 13.327867455122727]
[1; 110; 13.700800874608317]
[1; 130; 16.679018673080023]
[1; 140; 18.546417020694314]
[1; 150; 20.574944315762547]
[1; 160; 22.799455023940574]
[1; 170; 25.26715829295016]
[1; 170; 26.486063144111665]
[1; 170; 27.93921430413524]
[1; 190; 33.212195395048916]
[1; 190; 35.724822752662966]
[1; 190; 39.06016629610759]
[1; 200; 46.13026795568645]
[2; 110; 29.839062245368755]
[2; 200; 71.58705215056158]


Jobs: [[1; 10; 0.7485425318204134], [1; 10; 0.7608656686700201], [1; 20; 1.5478588210526845], [2; 10; 0.7807634564082923], [2; 10; 0.7878134896557345], [1; 20; 1.5901829658228643], [1; 20; 1.6207683096822512], [1; 40; 3.307033787269732], [2; 20; 1.6707868194488338], [1; 40; 3.3774100022528604], [1; 50; 4.316654306059216], [1; 50; 4.4194569918558875], [2; 30; 2.7188237856822357], [1; 60; 5.509437135813898], [1; 70; 6.60753254639672], [1; 70; 6.806332861979449], [1; 80; 8.031746150764796], [1; 80; 8.316209054514731], [1; 90; 9.71930016202372], [1; 100; 11.26407365096034], [2; 50; 5.903730101348607], [1; 110; 13.327867455122727], [1; 130; 16.679018673080023], [1; 150; 20.574944315762547], [1; 170; 25.26715829295016], [1; 170; 27.93921430413524], [1; 190; 35.724822752662966], [1; 200; 46.13026795568645], [2; 110; 29.839062245368755], [2; 200; 71.58705215056158]];
Intervals[0.0=0.7485425318204134, 0.7485425318204134=1.5094082004904337, 1.5094082004904337=3.057267021543118, 3.057267021543118=3.8380304779514103, 3.8380304779514103=4.625843967607144, 4.625843967607144=6.216026933430008, 6.216026933430008=7.83679524311226, 7.83679524311226=11.143829030381992, 11.143829030381992=12.814615849830826, 12.814615849830826=16.192025852083688, 16.192025852083688=20.508680158142905, 20.508680158142905=24.928137149998793, 25.965270645073375=28.68409443075561, 28.68409443075561=34.19353156656951, 34.19353156656951=40.80106411296623, 40.80106411296623=47.60739697494568, 47.60739697494568=55.639143125710476, 55.639143125710476=63.955352180225205, 63.955352180225205=73.67465234224892, 73.67465234224892=84.93872599320926, 88.95199888866601=94.85572899001463, 94.85572899001463=108.18359644513735, 108.18359644513735=124.86261511821738, 124.86261511821738=145.4375594339799, 145.4375594339799=170.70471772693008, 170.70471772693008=198.64393203106533, 198.64393203106533=234.3687547837283, 234.3687547837283=280.4990227394147, 280.4990227394147=310.3380849847835, 310.3380849847835=381.9251371353451];

Jobs: [[1; 10; 0.7546160734390596], [1; 10; 0.7673002511283621], [2; 10; 0.7807634564082923], [2; 10; 0.7878134896557345], [1; 20; 1.605220742544133], [1; 40; 3.2737120601036778], [2; 20; 1.6707868194488338], [1; 40; 3.4146286078307693], [1; 50; 4.366997276119662], [1; 60; 5.369028911292118], [2; 30; 2.7188237856822357], [1; 70; 6.515433618024614], [1; 70; 6.704355238601169], [1; 80; 7.901662338296051], [1; 80; 8.169647836554493], [1; 90; 9.531456607456754], [1; 90; 9.920773914650187], [1; 100; 11.52457490432715], [2; 50; 5.903730101348607], [1; 110; 13.700800874608317], [1; 140; 18.546417020694314], [1; 160; 22.799455023940574], [1; 170; 26.486063144111665], [1; 190; 33.212195395048916], [1; 190; 39.06016629610759], [2; 110; 29.839062245368755], [2; 200; 71.58705215056158]];
Intervals[0.0=0.7546160734390596, 0.7546160734390596=1.5219163245674217, 3.057267021543118=3.8380304779514103, 3.8380304779514103=4.625843967607144, 4.625843967607144=6.231064710151277, 6.231064710151277=9.504776770254955, 11.143829030381992=12.814615849830826, 12.814615849830826=16.229244457661594, 16.229244457661594=20.596241733781255, 20.596241733781255=25.965270645073375, 25.965270645073375=28.68409443075561, 28.68409443075561=35.19952804878022, 35.19952804878022=41.90388328738139, 41.90388328738139=49.80554562567744, 49.80554562567744=57.97519346223193, 57.97519346223193=67.50665006968867, 67.50665006968867=77.42742398433886, 77.42742398433886=88.95199888866601, 88.95199888866601=94.85572899001463, 94.85572899001463=108.55652986462295, 108.55652986462295=127.10294688531727, 127.10294688531727=149.90240190925783, 149.90240190925783=176.3884650533695, 176.3884650533695=209.6006604484184, 209.6006604484184=248.660826744526, 280.4990227394147=310.3380849847835, 310.3380849847835=381.9251371353451];
