1.173234055839923
39488.82262268883
46329.631525960525
[1; 20; 3.805779884268651]
[1; 20; 3.836659308664615]
[2; 10; 1.934216917115471]
[2; 10; 1.9505744408650376]
[1; 40; 7.869706415377596]
[2; 20; 3.969599228442545]
[1; 40; 8.01088676737104]
[1; 40; 8.084893090733901]
[2; 30; 6.12101171819344]
[1; 60; 12.360595092134352]
[2; 30; 6.241643080853372]
[2; 40; 8.406898826162795]
[2; 40; 8.494703504549966]
[2; 50; 10.732255099989317]
[1; 100; 21.70104622566788]
[1; 100; 21.946964169676864]
[2; 50; 11.101460292238642]
[1; 120; 26.963566884716432]
[2; 60; 13.648751647391107]
[2; 70; 16.12705380298537]
[1; 140; 32.67993666280984]
[1; 140; 33.12611527959884]
[2; 80; 19.196782609053372]
[2; 80; 19.478080379563128]
[1; 160; 39.548709415749464]
[1; 180; 45.195809975575514]
[1; 180; 45.93986141912324]
[1; 180; 46.72862941747921]
[1; 180; 47.566928078333945]
[2; 100; 26.922411280299425]
[2; 100; 27.452991404689744]
[2; 100; 28.022071184809768]
[2; 100; 28.63470216681703]
[2; 100; 29.29692935348011]
[1; 200; 60.03211923635713]
[1; 1040; 320.3306596295722]
[2; 520; 164.64699234121736]
[1; 1040; 339.20142707710914]
[2; 540; 181.85403168703075]
[2; 540; 188.2948136715808]
[1; 1120; 405.71372052812603]
[1; 1120; 423.177619555497]
[1; 1200; 475.27713739700914]
[1; 1200; 501.35309741353944]
[2; 620; 275.50714207134934]
[2; 660; 315.4696661360153]
[2; 660; 344.9225684326672]
[2; 700; 410.44144742952255]
[1; 1400; 965.4231525930501]
[1; 1400; 1273.8834870898368]


Jobs: [[1; 20; 3.805779884268651], [2; 10; 1.934216917115471], [2; 10; 1.9505744408650376], [1; 40; 7.869706415377596], [2; 20; 3.969599228442545], [1; 40; 8.01088676737104], [2; 30; 6.12101171819344], [1; 60; 12.360595092134352], [2; 30; 6.241643080853372], [2; 40; 8.406898826162795], [2; 40; 8.494703504549966], [2; 50; 10.732255099989317], [1; 100; 21.70104622566788], [2; 50; 11.101460292238642], [1; 120; 26.963566884716432], [2; 60; 13.648751647391107], [2; 70; 16.12705380298537], [1; 140; 32.67993666280984], [2; 80; 19.196782609053372], [2; 80; 19.478080379563128], [1; 160; 39.548709415749464], [1; 180; 45.93986141912324], [1; 180; 47.566928078333945], [2; 100; 26.922411280299425], [2; 100; 27.452991404689744], [2; 100; 28.022071184809768], [2; 100; 28.63470216681703], [2; 100; 29.29692935348011], [1; 200; 60.03211923635713], [2; 520; 164.64699234121736], [1; 1040; 339.20142707710914], [2; 540; 181.85403168703075], [2; 540; 188.2948136715808], [1; 1120; 405.71372052812603], [1; 1200; 475.27713739700914], [2; 620; 275.50714207134934], [2; 660; 315.4696661360153], [2; 660; 344.9225684326672], [2; 700; 410.44144742952255], [1; 1400; 965.4231525930501]];
Intervals[0.0=3.805779884268651, 3.836659308664615=5.770876225780086, 5.770876225780086=7.721450666645123, 7.721450666645123=15.591157082022718, 15.591157082022718=19.560756310465262, 19.560756310465262=27.571643077836303, 27.645649401199165=33.76666111939261, 33.76666111939261=46.12725621152696, 46.12725621152696=52.368899292380334, 52.368899292380334=60.77579811854313, 60.77579811854313=69.2705016230931, 69.2705016230931=80.00275672308241, 80.00275672308241=101.7038029487503, 101.94972089275927=113.05118118499792, 113.05118118499792=140.01474806971436, 140.01474806971436=153.66349971710545, 153.66349971710545=169.7905535200908, 169.7905535200908=202.47049018290065, 202.91666879968966=222.11345140874303, 222.11345140874303=241.59153178830616, 241.59153178830616=281.1402412040556, 281.1402412040556=327.08010262317885, 327.08010262317885=374.6470307015128, 374.6470307015128=401.5694419818122, 401.5694419818122=429.0224333865019, 429.0224333865019=457.0445045713117, 457.0445045713117=485.6792067381287, 485.6792067381287=514.9761360916089, 514.9761360916089=575.008255327966, 835.3067957211811=999.9537880623984, 999.9537880623984=1339.1552151395076, 1339.1552151395076=1521.0092468265384, 1521.0092468265384=1709.3040604981193, 1709.3040604981193=2115.0177810262453, 2115.0177810262453=2590.2949184232543, 2633.8347774671556=2909.341919538505, 2909.341919538505=3224.8115856745203, 3224.8115856745203=3569.7341541071874, 3569.7341541071874=3980.17560153671, 3980.17560153671=4945.59875412976];

Jobs: [[1; 20; 3.836659308664615], [2; 10; 1.934216917115471], [2; 10; 1.9505744408650376], [2; 20; 3.969599228442545], [1; 40; 8.084893090733901], [2; 30; 6.12101171819344], [2; 30; 6.241643080853372], [2; 40; 8.406898826162795], [2; 40; 8.494703504549966], [2; 50; 10.732255099989317], [1; 100; 21.946964169676864], [2; 50; 11.101460292238642], [2; 60; 13.648751647391107], [2; 70; 16.12705380298537], [1; 140; 33.12611527959884], [2; 80; 19.196782609053372], [2; 80; 19.478080379563128], [1; 180; 45.195809975575514], [1; 180; 46.72862941747921], [2; 100; 26.922411280299425], [2; 100; 27.452991404689744], [2; 100; 28.022071184809768], [2; 100; 28.63470216681703], [2; 100; 29.29692935348011], [1; 1040; 320.3306596295722], [2; 520; 164.64699234121736], [2; 540; 181.85403168703075], [2; 540; 188.2948136715808], [1; 1120; 423.177619555497], [1; 1200; 501.35309741353944], [2; 620; 275.50714207134934], [2; 660; 315.4696661360153], [2; 660; 344.9225684326672], [2; 700; 410.44144742952255], [1; 1400; 1273.8834870898368]];
Intervals[0.0=3.836659308664615, 3.836659308664615=5.770876225780086, 5.770876225780086=7.721450666645123, 15.591157082022718=19.560756310465262, 19.560756310465262=27.645649401199165, 27.645649401199165=33.76666111939261, 46.12725621152696=52.368899292380334, 52.368899292380334=60.77579811854313, 60.77579811854313=69.2705016230931, 69.2705016230931=80.00275672308241, 80.00275672308241=101.94972089275927, 101.94972089275927=113.05118118499792, 140.01474806971436=153.66349971710545, 153.66349971710545=169.7905535200908, 169.7905535200908=202.91666879968966, 202.91666879968966=222.11345140874303, 222.11345140874303=241.59153178830616, 241.59153178830616=286.78734176388167, 286.78734176388167=333.5159711813609, 374.6470307015128=401.5694419818122, 401.5694419818122=429.0224333865019, 429.0224333865019=457.0445045713117, 457.0445045713117=485.6792067381287, 485.6792067381287=514.9761360916089, 514.9761360916089=835.3067957211811, 835.3067957211811=999.9537880623984, 1339.1552151395076=1521.0092468265384, 1521.0092468265384=1709.3040604981193, 1709.3040604981193=2132.4816800536164, 2132.4816800536164=2633.8347774671556, 2633.8347774671556=2909.341919538505, 2909.341919538505=3224.8115856745203, 3224.8115856745203=3569.7341541071874, 3569.7341541071874=3980.17560153671, 3980.17560153671=5254.059088626547];
