1.1292623618226356
7861.59448504517
8877.802755873916
[1; 20; 1.995529937372078]
[1; 20; 2.011721314095066]
[2; 10; 1.0141910149428355]
[2; 10; 1.022767950376874]
[1; 40; 4.126416983580476]
[1; 40; 4.16285457415436]
[2; 20; 2.1002218803122834]
[2; 30; 3.179436283815559]
[2; 30; 3.20950304591974]
[2; 30; 3.2405890908255306]
[1; 60; 6.545510252823106]
[2; 30; 3.3060671133552484]
[1; 60; 6.681193737385507]
[2; 40; 4.501897009034913]
[1; 80; 9.103014621443343]
[1; 80; 9.206170691280255]
[2; 40; 4.6567688169841155]
[2; 40; 4.712709490390117]
[2; 50; 5.963843887536385]
[2; 60; 7.248077468054742]
[2; 60; 7.343768907725737]
[2; 60; 7.444033259125046]
[2; 60; 7.549258410070501]
[2; 60; 7.659880570200261]
[2; 60; 7.77639235815162]
[1; 120; 15.798705231279573]
[1; 140; 18.73526294152607]
[1; 140; 19.056939485437216]
[2; 70; 9.699407849076335]
[2; 70; 9.881584203728526]
[1; 140; 20.152655970172074]
[2; 70; 10.285202654867577]
[2; 80; 12.011499804875815]
[1; 160; 24.578573170604294]
[2; 90; 14.164810538793896]
[2; 90; 14.535241752948192]
[2; 90; 14.941959288835243]
[2; 90; 15.391516850782416]
[2; 90; 15.892282068270363]
[1; 180; 32.91028813714867]
[1; 180; 34.18918582593427]
[2; 90; 17.830427639378303]
[2; 90; 18.690579560537802]
[1; 180; 39.432066968129256]
[1; 200; 46.599982020704346]
[2; 100; 25.062722866780426]
[2; 100; 27.402630652288668]
[1; 200; 61.489044918194026]
[1; 200; 72.31597584336538]
[1; 200; 95.42150220058215]


Jobs: [[1; 20; 1.995529937372078], [2; 10; 1.0141910149428355], [2; 10; 1.022767950376874], [1; 40; 4.126416983580476], [2; 20; 2.1002218803122834], [2; 30; 3.179436283815559], [2; 30; 3.20950304591974], [2; 30; 3.2405890908255306], [1; 60; 6.545510252823106], [2; 30; 3.3060671133552484], [1; 60; 6.681193737385507], [2; 40; 4.501897009034913], [1; 80; 9.103014621443343], [2; 40; 4.6567688169841155], [2; 40; 4.712709490390117], [2; 50; 5.963843887536385], [2; 60; 7.248077468054742], [2; 60; 7.343768907725737], [2; 60; 7.444033259125046], [2; 60; 7.549258410070501], [2; 60; 7.659880570200261], [2; 60; 7.77639235815162], [1; 120; 15.798705231279573], [1; 140; 19.056939485437216], [2; 70; 9.699407849076335], [2; 70; 9.881584203728526], [1; 140; 20.152655970172074], [2; 70; 10.285202654867577], [2; 80; 12.011499804875815], [1; 160; 24.578573170604294], [2; 90; 14.164810538793896], [2; 90; 14.535241752948192], [2; 90; 14.941959288835243], [2; 90; 15.391516850782416], [2; 90; 15.892282068270363], [1; 180; 32.91028813714867], [2; 90; 17.830427639378303], [2; 90; 18.690579560537802], [1; 180; 39.432066968129256], [2; 100; 25.062722866780426], [2; 100; 27.402630652288668], [1; 200; 61.489044918194026], [1; 200; 95.42150220058215]];
Intervals[0.0=1.995529937372078, 2.011721314095066=3.0259123290379017, 3.0259123290379017=4.048680279414776, 4.048680279414776=8.175097262995251, 8.211534853569136=10.311756733881419, 10.311756733881419=13.491193017696977, 13.491193017696977=16.700696063616718, 16.700696063616718=19.941285154442248, 19.941285154442248=26.486795407265355, 26.486795407265355=29.792862520620602, 29.792862520620602=36.47405625800611, 36.47405625800611=40.97595326704102, 40.97595326704102=50.078967888484364, 50.18212395832128=54.838892775305396, 54.838892775305396=59.551602265695514, 59.551602265695514=65.51544615323189, 65.51544615323189=72.76352362128664, 72.76352362128664=80.10729252901237, 80.10729252901237=87.55132578813742, 87.55132578813742=95.10058419820793, 95.10058419820793=102.76046476840818, 102.76046476840818=110.53685712655981, 110.53685712655981=126.33556235783938, 126.33556235783938=145.3925018432766, 145.3925018432766=155.0919096923529, 155.0919096923529=164.97349389608144, 164.97349389608144=185.1261498662535, 185.1261498662535=195.4113525211211, 195.4113525211211=207.42285232599693, 207.42285232599693=232.00142549660123, 232.00142549660123=246.16623603539512, 246.16623603539512=260.7014777883433, 260.7014777883433=275.64343707717853, 275.64343707717853=291.03495392796094, 291.03495392796094=306.92723599623133, 306.92723599623133=339.83752413338, 341.1164218221656=358.9468494615439, 358.9468494615439=377.6374290220817, 377.6374290220817=417.06949599021095, 424.237411042786=449.3001339095664, 449.3001339095664=476.7027645618551, 476.7027645618551=538.1918094800491, 538.1918094800491=633.6133116806312];

Jobs: [[1; 20; 2.011721314095066], [2; 10; 1.0141910149428355], [2; 10; 1.022767950376874], [1; 40; 4.16285457415436], [2; 20; 2.1002218803122834], [2; 30; 3.179436283815559], [2; 30; 3.20950304591974], [2; 30; 3.2405890908255306], [2; 30; 3.3060671133552484], [2; 40; 4.501897009034913], [1; 80; 9.206170691280255], [2; 40; 4.6567688169841155], [2; 40; 4.712709490390117], [2; 50; 5.963843887536385], [2; 60; 7.248077468054742], [2; 60; 7.343768907725737], [2; 60; 7.444033259125046], [2; 60; 7.549258410070501], [2; 60; 7.659880570200261], [2; 60; 7.77639235815162], [1; 140; 18.73526294152607], [2; 70; 9.699407849076335], [2; 70; 9.881584203728526], [2; 70; 10.285202654867577], [2; 80; 12.011499804875815], [2; 90; 14.164810538793896], [2; 90; 14.535241752948192], [2; 90; 14.941959288835243], [2; 90; 15.391516850782416], [2; 90; 15.892282068270363], [1; 180; 34.18918582593427], [2; 90; 17.830427639378303], [2; 90; 18.690579560537802], [1; 200; 46.599982020704346], [2; 100; 25.062722866780426], [2; 100; 27.402630652288668], [1; 200; 72.31597584336538]];
Intervals[0.0=2.011721314095066, 2.011721314095066=3.0259123290379017, 3.0259123290379017=4.048680279414776, 4.048680279414776=8.211534853569136, 8.211534853569136=10.311756733881419, 10.311756733881419=13.491193017696977, 13.491193017696977=16.700696063616718, 16.700696063616718=19.941285154442248, 26.486795407265355=29.792862520620602, 36.47405625800611=40.97595326704102, 40.97595326704102=50.18212395832128, 50.18212395832128=54.838892775305396, 54.838892775305396=59.551602265695514, 59.551602265695514=65.51544615323189, 65.51544615323189=72.76352362128664, 72.76352362128664=80.10729252901237, 80.10729252901237=87.55132578813742, 87.55132578813742=95.10058419820793, 95.10058419820793=102.76046476840818, 102.76046476840818=110.53685712655981, 110.53685712655981=129.27212006808588, 145.3925018432766=155.0919096923529, 155.0919096923529=164.97349389608144, 185.1261498662535=195.4113525211211, 195.4113525211211=207.42285232599693, 232.00142549660123=246.16623603539512, 246.16623603539512=260.7014777883433, 260.7014777883433=275.64343707717853, 275.64343707717853=291.03495392796094, 291.03495392796094=306.92723599623133, 306.92723599623133=341.1164218221656, 341.1164218221656=358.9468494615439, 358.9468494615439=377.6374290220817, 377.6374290220817=424.237411042786, 424.237411042786=449.3001339095664, 449.3001339095664=476.7027645618551, 476.7027645618551=549.0187404052205];
