1.1891633691521162
106887.99003879014
127107.28235642552
[2; 10; 2.8339720371180186]
[1; 20; 5.713932769284951]
[1; 20; 5.761254537587885]
[2; 10; 2.9049885121198544]
[1; 20; 5.860172842285706]
[2; 30; 8.86788008298063]
[2; 30; 8.947954078383729]
[1; 80; 24.081645958493542]
[1; 80; 24.309377246519933]
[2; 40; 12.27241438670453]
[1; 80; 24.788460352004908]
[2; 50; 15.650482238021]
[1; 100; 31.62788301947373]
[1; 120; 38.36048760378383]
[2; 70; 22.623542104351976]
[1; 140; 45.75982768684302]
[2; 80; 26.453429464527154]
[1; 160; 53.542416637114286]
[1; 160; 54.20552484065762]
[2; 90; 30.88029171997686]
[1; 180; 62.57596643914728]
[2; 90; 31.715157519789262]
[2; 100; 35.73718578783838]
[1; 200; 72.52171277770411]
[1; 200; 73.62481541012603]
[1; 1040; 388.9026462761856]
[2; 540; 205.2545653347331]
[1; 1080; 417.5573988901931]
[2; 560; 220.39539557765175]
[2; 560; 224.53490907921955]
[2; 580; 237.1371290950427]
[1; 1160; 484.1056054042653]
[2; 600; 255.87379522625218]
[2; 600; 261.7913208413726]
[1; 1240; 554.3157959700436]
[1; 1240; 568.8119922138075]
[2; 640; 301.79519587720563]
[2; 640; 310.8752843611372]
[2; 640; 320.98965651132704]
[2; 660; 342.7444443845315]
[2; 660; 356.0635340242449]
[1; 1320; 742.7804933131513]
[1; 1320; 778.6127280326426]
[2; 660; 410.66555928051633]
[1; 1360; 900.0403309663117]
[1; 1360; 968.1317633947468]
[1; 1360; 1058.5185526756434]
[2; 680; 593.805168362351]
[2; 700; 718.9018549770369]
[2; 700; 948.5966847115081]


Jobs: [[2; 10; 2.8339720371180186], [1; 20; 5.713932769284951], [2; 10; 2.9049885121198544], [1; 20; 5.860172842285706], [2; 30; 8.86788008298063], [2; 30; 8.947954078383729], [1; 80; 24.081645958493542], [2; 40; 12.27241438670453], [1; 80; 24.788460352004908], [2; 50; 15.650482238021], [1; 100; 31.62788301947373], [2; 70; 22.623542104351976], [1; 140; 45.75982768684302], [2; 80; 26.453429464527154], [1; 160; 53.542416637114286], [2; 90; 30.88029171997686], [1; 180; 62.57596643914728], [2; 90; 31.715157519789262], [2; 100; 35.73718578783838], [1; 200; 72.52171277770411], [1; 1040; 388.9026462761856], [2; 540; 205.2545653347331], [1; 1080; 417.5573988901931], [2; 560; 220.39539557765175], [2; 560; 224.53490907921955], [2; 580; 237.1371290950427], [1; 1160; 484.1056054042653], [2; 600; 255.87379522625218], [2; 600; 261.7913208413726], [1; 1240; 554.3157959700436], [2; 640; 301.79519587720563], [2; 640; 310.8752843611372], [2; 640; 320.98965651132704], [2; 660; 342.7444443845315], [2; 660; 356.0635340242449], [1; 1320; 742.7804933131513], [2; 660; 410.66555928051633], [1; 1360; 900.0403309663117], [1; 1360; 1058.5185526756434], [2; 680; 593.805168362351], [2; 700; 718.9018549770369], [2; 700; 948.5966847115081]];
Intervals[4.9E-324=2.8339720371180186, 2.8339720371180186=8.54790480640297, 8.595226574705904=11.500215086825758, 11.500215086825758=17.360387929111464, 17.360387929111464=26.228268012092094, 26.228268012092094=35.176222090475825, 35.176222090475825=59.25786804896937, 59.48559933699576=71.75801372370029, 71.75801372370029=96.54647407570519, 96.54647407570519=112.19695631372619, 112.19695631372619=143.82483933319992, 150.55744391751003=173.180986021862, 173.180986021862=218.940813708705, 218.940813708705=245.39424317323216, 245.39424317323216=298.93665981034644, 299.5997680138898=330.48005973386665, 330.48005973386665=393.05602617301395, 393.05602617301395=424.7711836928032, 424.7711836928032=460.5083694806416, 460.5083694806416=533.0300822583457, 533.0300822583457=921.9327285345313, 921.9327285345313=1127.1872938692643, 1127.1872938692643=1544.7446927594574, 1544.7446927594574=1765.140088337109, 1765.140088337109=1989.6749974163286, 1989.6749974163286=2226.8121265113714, 2226.8121265113714=2710.9177319156365, 2710.9177319156365=2966.7915271418888, 2966.7915271418888=3228.582847983261, 3228.582847983261=3782.8986439533046, 3797.394840197069=4099.190036074275, 4099.190036074275=4410.065320435412, 4410.065320435412=4731.054976946739, 4731.054976946739=5073.79942133127, 5073.79942133127=5429.862955355516, 5429.862955355516=6172.643448668667, 6208.475683388158=6619.141242668675, 6619.141242668675=7519.181573634986, 7519.181573634986=8577.70012631063, 8577.70012631063=9171.505294672981, 9171.505294672981=9890.407149650018, 9890.407149650018=10839.003834361527];

Jobs: [[2; 10; 2.8339720371180186], [1; 20; 5.761254537587885], [2; 10; 2.9049885121198544], [2; 30; 8.86788008298063], [2; 30; 8.947954078383729], [1; 80; 24.309377246519933], [2; 40; 12.27241438670453], [2; 50; 15.650482238021], [1; 120; 38.36048760378383], [2; 70; 22.623542104351976], [2; 80; 26.453429464527154], [1; 160; 54.20552484065762], [2; 90; 30.88029171997686], [2; 90; 31.715157519789262], [2; 100; 35.73718578783838], [1; 200; 73.62481541012603], [2; 540; 205.2545653347331], [2; 560; 220.39539557765175], [2; 560; 224.53490907921955], [2; 580; 237.1371290950427], [2; 600; 255.87379522625218], [2; 600; 261.7913208413726], [1; 1240; 568.8119922138075], [2; 640; 301.79519587720563], [2; 640; 310.8752843611372], [2; 640; 320.98965651132704], [2; 660; 342.7444443845315], [2; 660; 356.0635340242449], [1; 1320; 778.6127280326426], [2; 660; 410.66555928051633], [1; 1360; 968.1317633947468], [2; 680; 593.805168362351], [2; 700; 718.9018549770369], [2; 700; 948.5966847115081]];
Intervals[4.9E-324=2.8339720371180186, 2.8339720371180186=8.595226574705904, 8.595226574705904=11.500215086825758, 17.360387929111464=26.228268012092094, 26.228268012092094=35.176222090475825, 35.176222090475825=59.48559933699576, 59.48559933699576=71.75801372370029, 96.54647407570519=112.19695631372619, 112.19695631372619=150.55744391751003, 150.55744391751003=173.180986021862, 218.940813708705=245.39424317323216, 245.39424317323216=299.5997680138898, 299.5997680138898=330.48005973386665, 393.05602617301395=424.7711836928032, 424.7711836928032=460.5083694806416, 460.5083694806416=534.1331848907677, 921.9327285345313=1127.1872938692643, 1544.7446927594574=1765.140088337109, 1765.140088337109=1989.6749974163286, 1989.6749974163286=2226.8121265113714, 2710.9177319156365=2966.7915271418888, 2966.7915271418888=3228.582847983261, 3228.582847983261=3797.394840197069, 3797.394840197069=4099.190036074275, 4099.190036074275=4410.065320435412, 4410.065320435412=4731.054976946739, 4731.054976946739=5073.79942133127, 5073.79942133127=5429.862955355516, 5429.862955355516=6208.475683388158, 6208.475683388158=6619.141242668675, 6619.141242668675=7587.273006063421, 8577.70012631063=9171.505294672981, 9171.505294672981=9890.407149650018, 9890.407149650018=10839.003834361527];
