1.2271131420312622
71272.08707218108
87458.91470626983
[1; 40; 9.63943942322475]
[2; 20; 4.858826064310193]
[2; 20; 4.89906599196134]
[1; 40; 9.88099403274987]
[1; 60; 14.949542651526729]
[1; 60; 15.081551926539575]
[1; 80; 20.290311071215616]
[2; 40; 10.238878700463014]
[1; 80; 20.671408037466506]
[2; 50; 13.044764722878748]
[2; 50; 13.174246849284511]
[2; 50; 13.308341922727292]
[2; 50; 13.447339037662825]
[2; 60; 16.30986437317127]
[2; 70; 19.237863041465303]
[2; 70; 19.455868002013602]
[2; 70; 19.682772013981964]
[1; 140; 39.83843309084511]
[2; 70; 20.165910600884175]
[1; 160; 46.68260621213737]
[2; 80; 23.64946246389302]
[2; 80; 23.972348170766235]
[2; 80; 24.31120935891229]
[2; 90; 27.750882120121634]
[2; 90; 28.172991167829444]
[2; 100; 31.79829143590291]
[1; 200; 64.64356331791446]
[2; 100; 32.876732985210516]
[2; 100; 33.46653246313981]
[1; 1040; 354.5891236192687]
[2; 520; 180.7886385355002]
[2; 520; 184.53625048602908]
[1; 1040; 377.1413281194589]
[2; 520; 192.93168795374342]
[2; 540; 205.27003465050063]
[2; 540; 210.6381564447759]
[1; 1080; 433.0642464388007]
[2; 540; 223.04690829651503]
[2; 540; 230.30377158204882]
[2; 560; 247.29238425500472]
[2; 600; 275.2523523755237]
[2; 600; 287.10055726905097]
[2; 620; 310.9821656127708]
[2; 640; 338.6261920289775]
[1; 1280; 720.3262778864525]
[2; 640; 387.41083351290854]
[2; 660; 436.8171971601979]
[2; 680; 504.940492942158]
[2; 680; 593.8499213725402]
[1; 1400; 1613.272848070734]


Jobs: [[1; 40; 9.63943942322475], [2; 20; 4.858826064310193], [2; 20; 4.89906599196134], [1; 40; 9.88099403274987], [1; 60; 15.081551926539575], [2; 40; 10.238878700463014], [1; 80; 20.671408037466506], [2; 50; 13.044764722878748], [2; 50; 13.174246849284511], [2; 50; 13.308341922727292], [2; 50; 13.447339037662825], [2; 60; 16.30986437317127], [2; 70; 19.237863041465303], [2; 70; 19.455868002013602], [2; 70; 19.682772013981964], [1; 140; 39.83843309084511], [2; 70; 20.165910600884175], [1; 160; 46.68260621213737], [2; 80; 23.64946246389302], [2; 80; 23.972348170766235], [2; 80; 24.31120935891229], [2; 90; 27.750882120121634], [2; 90; 28.172991167829444], [2; 100; 31.79829143590291], [1; 200; 64.64356331791446], [2; 100; 32.876732985210516], [2; 100; 33.46653246313981], [1; 1040; 354.5891236192687], [2; 520; 180.7886385355002], [2; 520; 184.53625048602908], [1; 1040; 377.1413281194589], [2; 520; 192.93168795374342], [2; 540; 205.27003465050063], [2; 540; 210.6381564447759], [1; 1080; 433.0642464388007], [2; 540; 223.04690829651503], [2; 540; 230.30377158204882], [2; 560; 247.29238425500472], [2; 600; 275.2523523755237], [2; 600; 287.10055726905097], [2; 620; 310.9821656127708], [2; 640; 338.6261920289775], [1; 1280; 720.3262778864525], [2; 640; 387.41083351290854], [2; 660; 436.8171971601979], [2; 680; 504.940492942158], [2; 680; 593.8499213725402], [1; 1400; 1613.272848070734]];
Intervals[0.0=9.63943942322475, 9.63943942322475=14.498265487534944, 14.498265487534944=19.397331479496284, 19.397331479496284=29.278325512246155, 29.278325512246155=44.35987743878573, 54.637185202238626=64.87606390270165, 64.87606390270165=85.54747194016815, 85.54747194016815=98.5922366630469, 98.5922366630469=111.76648351233142, 111.76648351233142=125.07482543505871, 125.07482543505871=138.52216447272153, 138.52216447272153=154.8320288458928, 154.8320288458928=174.0698918873581, 174.0698918873581=193.5257598893717, 193.5257598893717=213.20853190335367, 213.20853190335367=253.0469649941988, 253.0469649941988=273.21287559508295, 273.21287559508295=319.89548180722034, 319.89548180722034=343.54494427111337, 343.54494427111337=367.5172924418796, 367.5172924418796=391.82850180079186, 391.82850180079186=419.5793839209135, 419.5793839209135=447.7523750887429, 447.7523750887429=479.5506665246458, 479.5506665246458=544.1942298425603, 544.1942298425603=577.0709628277708, 577.0709628277708=610.5374952909107, 610.5374952909107=965.1266189101793, 965.1266189101793=1145.9152574456796, 1145.9152574456796=1330.4515079317086, 1330.4515079317086=1707.5928360511675, 1707.5928360511675=1900.524524004911, 1900.524524004911=2105.7945586554115, 2105.7945586554115=2316.4327151001876, 2316.4327151001876=2749.496961538988, 2749.496961538988=2972.5438698355033, 2972.5438698355033=3202.847641417552, 3202.847641417552=3450.140025672557, 3450.140025672557=3725.3923780480804, 3725.3923780480804=4012.4929353171315, 4012.4929353171315=4323.4751009299025, 4323.4751009299025=4662.10129295888, 4662.10129295888=5382.427570845332, 5382.427570845332=5769.838404358241, 5769.838404358241=6206.655601518439, 6206.655601518439=6711.596094460597, 6711.596094460597=7305.446015833137, 7305.446015833137=8918.71886390387];

Jobs: [[2; 20; 4.858826064310193], [2; 20; 4.89906599196134], [1; 60; 14.949542651526729], [1; 80; 20.290311071215616], [2; 40; 10.238878700463014], [2; 50; 13.044764722878748], [2; 50; 13.174246849284511], [2; 50; 13.308341922727292], [2; 50; 13.447339037662825], [2; 60; 16.30986437317127], [2; 70; 19.237863041465303], [2; 70; 19.455868002013602], [2; 70; 19.682772013981964], [2; 70; 20.165910600884175], [2; 80; 23.64946246389302], [2; 80; 23.972348170766235], [2; 80; 24.31120935891229], [2; 90; 27.750882120121634], [2; 90; 28.172991167829444], [2; 100; 31.79829143590291], [2; 100; 32.876732985210516], [2; 100; 33.46653246313981], [2; 520; 180.7886385355002], [2; 520; 184.53625048602908], [2; 520; 192.93168795374342], [2; 540; 205.27003465050063], [2; 540; 210.6381564447759], [2; 540; 223.04690829651503], [2; 540; 230.30377158204882], [2; 560; 247.29238425500472], [2; 600; 275.2523523755237], [2; 600; 287.10055726905097], [2; 620; 310.9821656127708], [2; 640; 338.6261920289775], [2; 640; 387.41083351290854], [2; 660; 436.8171971601979], [2; 680; 504.940492942158], [2; 680; 593.8499213725402]];
Intervals[9.63943942322475=14.498265487534944, 14.498265487534944=19.397331479496284, 19.397331479496284=34.346874131023014, 34.346874131023014=54.637185202238626, 54.637185202238626=64.87606390270165, 85.54747194016815=98.5922366630469, 98.5922366630469=111.76648351233142, 111.76648351233142=125.07482543505871, 125.07482543505871=138.52216447272153, 138.52216447272153=154.8320288458928, 154.8320288458928=174.0698918873581, 174.0698918873581=193.5257598893717, 193.5257598893717=213.20853190335367, 253.0469649941988=273.21287559508295, 319.89548180722034=343.54494427111337, 343.54494427111337=367.5172924418796, 367.5172924418796=391.82850180079186, 391.82850180079186=419.5793839209135, 419.5793839209135=447.7523750887429, 447.7523750887429=479.5506665246458, 544.1942298425603=577.0709628277708, 577.0709628277708=610.5374952909107, 965.1266189101793=1145.9152574456796, 1145.9152574456796=1330.4515079317086, 1707.5928360511675=1900.524524004911, 1900.524524004911=2105.7945586554115, 2105.7945586554115=2316.4327151001876, 2749.496961538988=2972.5438698355033, 2972.5438698355033=3202.847641417552, 3202.847641417552=3450.140025672557, 3450.140025672557=3725.3923780480804, 3725.3923780480804=4012.4929353171315, 4012.4929353171315=4323.4751009299025, 4323.4751009299025=4662.10129295888, 5382.427570845332=5769.838404358241, 5769.838404358241=6206.655601518439, 6206.655601518439=6711.596094460597, 6711.596094460597=7305.446015833137];
