1.0860246947085355
47143.063065021364
51198.53067281506
[1; 10; 1.548029088178821]
[1; 10; 1.5542648990781418]
[1; 10; 1.5605895222146315]
[1; 20; 3.1340102965363004]
[1; 20; 3.1470280905304726]
[1; 20; 3.1602371243006133]
[1; 20; 3.1736422651227274]
[2; 10; 1.5936242788242407]
[1; 20; 3.2010612323610763]
[2; 10; 1.6075428572656336]
[2; 10; 1.6146638168544913]
[1; 20; 3.243792833788919]
[2; 10; 1.6292436918458657]
[1; 30; 4.910126383058913]
[1; 30; 4.932885003809342]
[1; 30; 4.95601716020204]
[1; 30; 4.979533486954545]
[1; 30; 5.00344505286799]
[1; 30; 5.027763384035387]
[2; 20; 3.3683336590609976]
[1; 40; 6.770225177502872]
[2; 20; 3.4021877472682522]
[1; 40; 6.839136429340444]
[2; 20; 3.437263470412137]
[2; 20; 3.45528341637786]
[2; 20; 3.473638401565234]
[2; 20; 3.492339248565158]
[2; 20; 3.5113972819914756]
[1; 50; 8.82706089758598]
[1; 50; 8.876582255820061]
[1; 50; 8.927089838356997]
[1; 50; 8.978617801339654]
[1; 60; 10.837442401553956]
[1; 60; 10.901856127571481]
[2; 30; 5.483815029756694]
[1; 70; 12.873949890190291]
[1; 70; 12.954038021990689]
[1; 80; 14.898168580294152]
[1; 80; 14.993824672889605]
[2; 40; 7.545832738031721]
[1; 80; 15.19177794745751]
[1; 90; 17.206035784631997]
[2; 50; 9.624494395100895]
[1; 100; 19.383365039900315]
[1; 110; 21.47319121187673]
[1; 110; 21.628516209963966]
[1; 110; 21.787846065069786]
[1; 110; 21.951361119023677]
[1; 120; 24.13009466019479]
[2; 60; 12.159124265900276]
[1; 120; 24.51163953550206]
[2; 60; 12.355261320188989]
[1; 120; 24.915170765276844]
[1; 130; 27.219699486152198]
[1; 130; 27.454866523297653]
[1; 130; 27.697301834517347]
[1; 140; 30.09719915954438]
[1; 140; 30.375243665477225]
[2; 70; 15.331245598655133]
[2; 70; 15.479738303700977]
[1; 150; 33.500121297858236]
[1; 150; 33.84110483013676]
[1; 150; 34.194553514047335]
[2; 80; 18.43267706233756]
[1; 160; 37.271605386364115]
[1; 170; 40.04984325043407]
[2; 90; 21.450136472094055]
[2; 90; 21.70781193893776]
[1; 180; 43.95331451949318]
[1; 180; 44.515058104394186]
[1; 190; 47.608469053391545]
[1; 190; 48.258466667795055]
[2; 100; 25.758223339645767]
[1; 200; 52.27133680283938]
[2; 100; 26.533208993188165]
[1; 200; 53.90550378851433]
[2; 100; 27.39647076920029]
[2; 110; 30.653542248750522]
[2; 110; 31.203458301027666]
[2; 110; 31.789528334814744]
[2; 120; 35.36294005150035]
[2; 120; 36.09598709370603]
[2; 130; 39.958894750541866]
[2; 130; 40.88301354523575]
[2; 140; 45.108580388013614]
[2; 140; 46.28823797370071]
[2; 140; 47.583451249764614]
[2; 150; 52.51616874705342]
[2; 150; 54.224789860827215]
[2; 150; 56.14528646137927]
[2; 160; 62.21557219485646]
[2; 160; 64.89363412810027]
[2; 170; 72.2756562369445]
[2; 170; 76.24104184864237]
[2; 180; 85.86004701763122]
[2; 180; 92.35568214492213]
[2; 190; 106.58810017988591]
[2; 200; 125.8811236212189]
[2; 200; 148.04614882275072]
[2; 200; 195.34806453108084]


Jobs: [[1; 10; 1.548029088178821], [1; 10; 1.5605895222146315], [1; 20; 3.1470280905304726], [1; 20; 3.1736422651227274], [2; 10; 1.5936242788242407], [1; 20; 3.2010612323610763], [2; 10; 1.6075428572656336], [2; 10; 1.6146638168544913], [1; 20; 3.243792833788919], [2; 10; 1.6292436918458657], [1; 30; 4.910126383058913], [1; 30; 4.95601716020204], [1; 30; 5.00344505286799], [2; 20; 3.3683336590609976], [1; 40; 6.770225177502872], [2; 20; 3.4021877472682522], [1; 40; 6.839136429340444], [2; 20; 3.437263470412137], [2; 20; 3.45528341637786], [2; 20; 3.473638401565234], [2; 20; 3.492339248565158], [2; 20; 3.5113972819914756], [1; 50; 8.82706089758598], [1; 50; 8.927089838356997], [1; 60; 10.837442401553956], [2; 30; 5.483815029756694], [1; 70; 12.873949890190291], [1; 80; 14.898168580294152], [2; 40; 7.545832738031721], [1; 80; 15.19177794745751], [2; 50; 9.624494395100895], [1; 100; 19.383365039900315], [1; 110; 21.628516209963966], [1; 110; 21.951361119023677], [2; 60; 12.159124265900276], [1; 120; 24.51163953550206], [2; 60; 12.355261320188989], [1; 120; 24.915170765276844], [1; 130; 27.454866523297653], [1; 140; 30.09719915954438], [2; 70; 15.331245598655133], [2; 70; 15.479738303700977], [1; 150; 33.500121297858236], [1; 150; 34.194553514047335], [2; 80; 18.43267706233756], [1; 160; 37.271605386364115], [2; 90; 21.450136472094055], [2; 90; 21.70781193893776], [1; 180; 43.95331451949318], [1; 190; 47.608469053391545], [2; 100; 25.758223339645767], [1; 200; 52.27133680283938], [2; 100; 26.533208993188165], [1; 200; 53.90550378851433], [2; 100; 27.39647076920029], [2; 110; 30.653542248750522], [2; 110; 31.203458301027666], [2; 110; 31.789528334814744], [2; 120; 35.36294005150035], [2; 120; 36.09598709370603], [2; 130; 39.958894750541866], [2; 130; 40.88301354523575], [2; 140; 45.108580388013614], [2; 140; 46.28823797370071], [2; 140; 47.583451249764614], [2; 150; 52.51616874705342], [2; 150; 54.224789860827215], [2; 150; 56.14528646137927], [2; 160; 62.21557219485646], [2; 160; 64.89363412810027], [2; 170; 72.2756562369445], [2; 170; 76.24104184864237], [2; 180; 85.86004701763122], [2; 180; 92.35568214492213], [2; 190; 106.58810017988591], [2; 200; 125.8811236212189], [2; 200; 148.04614882275072], [2; 200; 195.34806453108084]];
Intervals[0.0=1.548029088178821, 1.548029088178821=3.1086186103934526, 3.1086186103934526=6.255646700923926, 6.255646700923926=9.429288966046652, 9.429288966046652=11.022913244870892, 11.022913244870892=14.22397447723197, 14.22397447723197=15.831517334497603, 15.831517334497603=17.446181151352093, 17.446181151352093=20.689973985141012, 20.689973985141012=22.319217676986877, 22.319217676986877=27.22934406004579, 27.22934406004579=32.18536122024783, 32.18536122024783=37.188806273115816, 37.25939955178615=40.627733210847154, 40.627733210847154=47.39795838835003, 47.39795838835003=50.80014613561828, 50.80014613561828=57.63928256495872, 57.63928256495872=61.07654603537085, 61.07654603537085=64.5318294517487, 64.5318294517487=68.00546785331395, 68.00546785331395=71.4978071018791, 71.4978071018791=75.00920438387058, 75.00920438387058=83.83626528145656, 83.83626528145656=92.76335511981355, 92.76335511981355=103.60079752136751, 103.76626056860178=109.25007559835848, 109.25007559835848=122.12402548854877, 122.12402548854877=137.0221940688429, 137.19793829323876=144.74377103127048, 144.74377103127048=159.93554897872798, 161.9498068159025=171.5743012110034, 171.5743012110034=190.9576662509037, 190.9576662509037=212.5861824608677, 212.5861824608677=234.53754357989138, 238.9654331481447=251.124557414045, 251.124557414045=275.63619694954707, 275.63619694954707=287.9914582697361, 287.9914582697361=312.90662903501294, 312.90662903501294=340.3614955583106, 340.3614955583106=370.458694717855, 373.28370325588287=388.614948854538, 388.614948854538=404.09468715823897, 404.09468715823897=437.5948084560972, 437.5948084560972=471.78936197014457, 471.78936197014457=490.22203903248214, 490.22203903248214=527.4936444188463, 530.2718822829162=551.7220187550103, 551.7220187550103=573.429830693948, 573.429830693948=617.3831452134413, 617.3831452134413=664.9916142668328, 666.2033554661372=691.9615788057829, 691.9615788057829=744.2329156086223, 744.2329156086223=770.7661246018105, 770.7661246018105=824.6716283903248, 824.6716283903248=852.0680991595251, 852.0680991595251=882.7216414082757, 882.7216414082757=913.9250997093034, 913.9250997093034=945.7146280441181, 945.7146280441181=981.0775680956184, 981.0775680956184=1017.1735551893245, 1017.1735551893245=1057.1324499398663, 1057.1324499398663=1098.0154634851021, 1098.0154634851021=1143.1240438731159, 1143.1240438731159=1189.4122818468165, 1189.4122818468165=1236.9957330965813, 1236.9957330965813=1289.5119018436346, 1289.5119018436346=1343.736691704462, 1343.736691704462=1399.8819781658412, 1399.8819781658412=1462.0975503606978, 1462.0975503606978=1526.9911844887981, 1526.9911844887981=1599.2668407257427, 1599.2668407257427=1675.5078825743851, 1675.5078825743851=1761.3679295920163, 1761.3679295920163=1853.7236117369384, 1853.7236117369384=1960.3117119168244, 1960.3117119168244=2086.1928355380433, 2086.1928355380433=2234.238984360794, 2234.238984360794=2429.587048891875];

Jobs: [[1; 10; 1.5542648990781418], [1; 20; 3.1340102965363004], [1; 20; 3.1602371243006133], [2; 10; 1.5936242788242407], [2; 10; 1.6075428572656336], [2; 10; 1.6146638168544913], [2; 10; 1.6292436918458657], [1; 30; 4.932885003809342], [1; 30; 4.979533486954545], [1; 30; 5.027763384035387], [2; 20; 3.3683336590609976], [2; 20; 3.4021877472682522], [2; 20; 3.437263470412137], [2; 20; 3.45528341637786], [2; 20; 3.473638401565234], [2; 20; 3.492339248565158], [2; 20; 3.5113972819914756], [1; 50; 8.876582255820061], [1; 50; 8.978617801339654], [1; 60; 10.901856127571481], [2; 30; 5.483815029756694], [1; 70; 12.954038021990689], [1; 80; 14.993824672889605], [2; 40; 7.545832738031721], [1; 90; 17.206035784631997], [2; 50; 9.624494395100895], [1; 110; 21.47319121187673], [1; 110; 21.787846065069786], [1; 120; 24.13009466019479], [2; 60; 12.159124265900276], [2; 60; 12.355261320188989], [1; 130; 27.219699486152198], [1; 130; 27.697301834517347], [1; 140; 30.375243665477225], [2; 70; 15.331245598655133], [2; 70; 15.479738303700977], [1; 150; 33.84110483013676], [2; 80; 18.43267706233756], [1; 170; 40.04984325043407], [2; 90; 21.450136472094055], [2; 90; 21.70781193893776], [1; 180; 44.515058104394186], [1; 190; 48.258466667795055], [2; 100; 25.758223339645767], [2; 100; 26.533208993188165], [2; 100; 27.39647076920029], [2; 110; 30.653542248750522], [2; 110; 31.203458301027666], [2; 110; 31.789528334814744], [2; 120; 35.36294005150035], [2; 120; 36.09598709370603], [2; 130; 39.958894750541866], [2; 130; 40.88301354523575], [2; 140; 45.108580388013614], [2; 140; 46.28823797370071], [2; 140; 47.583451249764614], [2; 150; 52.51616874705342], [2; 150; 54.224789860827215], [2; 150; 56.14528646137927], [2; 160; 62.21557219485646], [2; 160; 64.89363412810027], [2; 170; 72.2756562369445], [2; 170; 76.24104184864237], [2; 180; 85.86004701763122], [2; 180; 92.35568214492213], [2; 190; 106.58810017988591], [2; 200; 125.8811236212189], [2; 200; 148.04614882275072], [2; 200; 195.34806453108084]];
Intervals[0.0=1.5542648990781418, 1.5542648990781418=4.688275195614442, 4.688275195614442=7.848512319915056, 9.429288966046652=11.022913244870892, 14.22397447723197=15.831517334497603, 15.831517334497603=17.446181151352093, 20.689973985141012=22.319217676986877, 22.319217676986877=27.25210268079622, 27.25210268079622=32.231636167750764, 32.231636167750764=37.25939955178615, 37.25939955178615=40.627733210847154, 47.39795838835003=50.80014613561828, 57.63928256495872=61.07654603537085, 61.07654603537085=64.5318294517487, 64.5318294517487=68.00546785331395, 68.00546785331395=71.4978071018791, 71.4978071018791=75.00920438387058, 75.00920438387058=83.88578663969065, 83.88578663969065=92.8644044410303, 92.8644044410303=103.76626056860178, 103.76626056860178=109.25007559835848, 109.25007559835848=122.20411362034916, 122.20411362034916=137.19793829323876, 137.19793829323876=144.74377103127048, 144.74377103127048=161.9498068159025, 161.9498068159025=171.5743012110034, 171.5743012110034=193.0474924228801, 193.0474924228801=214.8353384879499, 214.8353384879499=238.9654331481447, 238.9654331481447=251.124557414045, 275.63619694954707=287.9914582697361, 287.9914582697361=315.2111577558883, 315.2111577558883=342.90845959040564, 342.90845959040564=373.28370325588287, 373.28370325588287=388.614948854538, 388.614948854538=404.09468715823897, 404.09468715823897=437.93579198837574, 471.78936197014457=490.22203903248214, 490.22203903248214=530.2718822829162, 530.2718822829162=551.7220187550103, 551.7220187550103=573.429830693948, 573.429830693948=617.9448887983422, 617.9448887983422=666.2033554661372, 666.2033554661372=691.9615788057829, 744.2329156086223=770.7661246018105, 824.6716283903248=852.0680991595251, 852.0680991595251=882.7216414082757, 882.7216414082757=913.9250997093034, 913.9250997093034=945.7146280441181, 945.7146280441181=981.0775680956184, 981.0775680956184=1017.1735551893245, 1017.1735551893245=1057.1324499398663, 1057.1324499398663=1098.0154634851021, 1098.0154634851021=1143.1240438731159, 1143.1240438731159=1189.4122818468165, 1189.4122818468165=1236.9957330965813, 1236.9957330965813=1289.5119018436346, 1289.5119018436346=1343.736691704462, 1343.736691704462=1399.8819781658412, 1399.8819781658412=1462.0975503606978, 1462.0975503606978=1526.9911844887981, 1526.9911844887981=1599.2668407257427, 1599.2668407257427=1675.5078825743851, 1675.5078825743851=1761.3679295920163, 1761.3679295920163=1853.7236117369384, 1853.7236117369384=1960.3117119168244, 1960.3117119168244=2086.1928355380433, 2086.1928355380433=2234.238984360794, 2234.238984360794=2429.587048891875];
