1.1128256262781273
7416.065044617683
8252.787227796001
[1; 10; 0.9747503698208788]
[1; 10; 0.9826593218005348]
[1; 10; 0.9907975303907598]
[1; 30; 2.9975298867738736]
[1; 30; 3.023427315310371]
[2; 20; 2.0334167679845283]
[2; 20; 2.051777842267058]
[1; 40; 4.141465229100903]
[1; 40; 4.180629545882455]
[2; 20; 2.110560779244757]
[1; 40; 4.263020343697333]
[1; 50; 5.383014775579724]
[1; 50; 5.439236920141787]
[1; 60; 6.597083349545479]
[2; 30; 3.3348911619519006]
[2; 30; 3.372682408028826]
[2; 30; 3.4120163081867454]
[1; 60; 6.906008122332079]
[1; 70; 8.156793337432779]
[2; 40; 4.720594805528704]
[1; 80; 9.565835219506098]
[2; 40; 4.848218702143596]
[1; 90; 11.062689097183219]
[2; 60; 7.483196597309981]
[1; 120; 15.194041813199227]
[1; 130; 16.7204807120969]
[1; 130; 16.99574733122311]
[1; 140; 18.61736921426148]
[1; 140; 18.95135965813946]
[1; 140; 19.307308152309776]
[1; 140; 19.68781173553045]
[2; 70; 10.047962602573115]
[2; 80; 11.734440719365715]
[1; 160; 24.01164005513886]
[1; 160; 24.60103619493072]
[1; 170; 26.822164896237553]
[2; 90; 14.597305778154304]
[1; 180; 30.072987553695764]
[1; 200; 34.50157392776339]
[2; 110; 19.647939919785028]
[2; 110; 20.411461188517027]
[2; 120; 23.225531036547945]
[2; 130; 26.374775271342376]
[2; 130; 27.82182065035458]
[2; 140; 31.867569812259745]
[2; 140; 34.27847119286815]
[2; 150; 40.1558360946849]
[2; 160; 48.05658338786766]
[2; 180; 63.58313206876373]
[2; 180; 83.89844575645145]


Jobs: [[1; 10; 0.9747503698208788], [1; 10; 0.9907975303907598], [1; 30; 3.023427315310371], [2; 20; 2.0334167679845283], [2; 20; 2.051777842267058], [1; 40; 4.141465229100903], [2; 20; 2.110560779244757], [1; 40; 4.263020343697333], [1; 50; 5.439236920141787], [2; 30; 3.3348911619519006], [2; 30; 3.372682408028826], [2; 30; 3.4120163081867454], [1; 60; 6.906008122332079], [2; 40; 4.720594805528704], [1; 80; 9.565835219506098], [2; 40; 4.848218702143596], [1; 90; 11.062689097183219], [2; 60; 7.483196597309981], [1; 120; 15.194041813199227], [1; 130; 16.99574733122311], [1; 140; 18.95135965813946], [1; 140; 19.68781173553045], [2; 70; 10.047962602573115], [2; 80; 11.734440719365715], [1; 160; 24.01164005513886], [1; 170; 26.822164896237553], [2; 90; 14.597305778154304], [1; 180; 30.072987553695764], [2; 110; 19.647939919785028], [2; 110; 20.411461188517027], [2; 120; 23.225531036547945], [2; 130; 26.374775271342376], [2; 130; 27.82182065035458], [2; 140; 31.867569812259745], [2; 140; 34.27847119286815], [2; 150; 40.1558360946849], [2; 160; 48.05658338786766], [2; 180; 63.58313206876373], [2; 180; 83.89844575645145]];
Intervals[0.0=0.9747503698208788, 0.9747503698208788=1.9655479002116385, 1.9655479002116385=4.988975215522009, 4.988975215522009=7.022391983506537, 7.022391983506537=9.074169825773595, 9.074169825773595=13.215635054874497, 13.25479937165605=15.365360150900807, 15.365360150900807=19.62838049459814, 19.62838049459814=25.067617414739928, 27.345458276026008=30.68034943797791, 30.68034943797791=34.05303184600673, 34.05303184600673=37.465048154193475, 37.465048154193475=44.37105627652555, 45.621841491626256=50.34243629715496, 50.34243629715496=59.90827151666106, 59.90827151666106=64.75649021880466, 64.75649021880466=75.81917931598788, 75.81917931598788=83.30237591329787, 83.30237591329787=98.4964177264971, 98.4964177264971=115.49216505772021, 115.49216505772021=134.44352471585967, 134.44352471585967=154.13133645139013, 154.13133645139013=164.17929905396323, 164.17929905396323=175.91373977332896, 175.91373977332896=199.9253798284678, 199.9253798284678=226.74754472470536, 226.74754472470536=241.34485050285966, 241.34485050285966=271.4178380565554, 275.8464244306231=295.4943643504081, 295.4943643504081=315.9058255389251, 315.9058255389251=339.13135657547303, 339.13135657547303=365.50613184681544, 365.50613184681544=393.32795249717003, 393.32795249717003=425.19552230942975, 425.19552230942975=459.4739935022979, 459.4739935022979=499.6298295969828, 499.6298295969828=547.6864129848504, 547.6864129848504=611.2695450536141, 611.2695450536141=695.1679908100656];

Jobs: [[1; 10; 0.9826593218005348], [1; 30; 2.9975298867738736], [2; 20; 2.0334167679845283], [2; 20; 2.051777842267058], [1; 40; 4.180629545882455], [2; 20; 2.110560779244757], [1; 50; 5.383014775579724], [1; 60; 6.597083349545479], [2; 30; 3.3348911619519006], [2; 30; 3.372682408028826], [2; 30; 3.4120163081867454], [1; 70; 8.156793337432779], [2; 40; 4.720594805528704], [2; 40; 4.848218702143596], [2; 60; 7.483196597309981], [1; 130; 16.7204807120969], [1; 140; 18.61736921426148], [1; 140; 19.307308152309776], [2; 70; 10.047962602573115], [2; 80; 11.734440719365715], [1; 160; 24.60103619493072], [2; 90; 14.597305778154304], [1; 200; 34.50157392776339], [2; 110; 19.647939919785028], [2; 110; 20.411461188517027], [2; 120; 23.225531036547945], [2; 130; 26.374775271342376], [2; 130; 27.82182065035458], [2; 140; 31.867569812259745], [2; 140; 34.27847119286815], [2; 150; 40.1558360946849], [2; 160; 48.05658338786766], [2; 180; 63.58313206876373], [2; 180; 83.89844575645145]];
Intervals[0.0=0.9826593218005348, 0.9826593218005348=3.9801892085744086, 4.988975215522009=7.022391983506537, 7.022391983506537=9.074169825773595, 9.074169825773595=13.25479937165605, 13.25479937165605=15.365360150900807, 15.365360150900807=20.74837492648053, 20.74837492648053=27.345458276026008, 27.345458276026008=30.68034943797791, 30.68034943797791=34.05303184600673, 34.05303184600673=37.465048154193475, 37.465048154193475=45.621841491626256, 45.621841491626256=50.34243629715496, 59.90827151666106=64.75649021880466, 75.81917931598788=83.30237591329787, 83.30237591329787=100.02285662539477, 100.02285662539477=118.64022583965624, 118.64022583965624=137.94753399196603, 154.13133645139013=164.17929905396323, 164.17929905396323=175.91373977332896, 175.91373977332896=200.51477596825967, 226.74754472470536=241.34485050285966, 241.34485050285966=275.8464244306231, 275.8464244306231=295.4943643504081, 295.4943643504081=315.9058255389251, 315.9058255389251=339.13135657547303, 339.13135657547303=365.50613184681544, 365.50613184681544=393.32795249717003, 393.32795249717003=425.19552230942975, 425.19552230942975=459.4739935022979, 459.4739935022979=499.6298295969828, 499.6298295969828=547.6864129848504, 547.6864129848504=611.2695450536141, 611.2695450536141=695.1679908100656];
