1.1522623663913683
1396916.2249788607
1609613.995044639
[1; 20; 12.00909107865705]
[2; 10; 6.028733205313318]
[2; 20; 12.106530718180212]
[1; 40; 24.312601991756516]
[2; 30; 18.310192257466305]
[1; 60; 36.77409140340584]
[1; 60; 36.93008029109953]
[1; 80; 49.45121317345359]
[1; 80; 49.66552137984338]
[1; 80; 49.883115848834876]
[2; 50; 31.315052452970605]
[1; 100; 62.91064534694046]
[1; 100; 63.195633835674805]
[2; 60; 38.091115594760645]
[1; 120; 76.53533870087699]
[2; 60; 38.447120870495176]
[1; 120; 77.25910531101349]
[2; 70; 45.28422566911175]
[1; 160; 104.00987744031032]
[1; 160; 104.52161656098549]
[1; 180; 118.17256255140775]
[2; 90; 59.384323834850775]
[1; 180; 119.37539096623384]
[1; 180; 119.99312336396063]
[1; 200; 134.02465614735826]
[2; 100; 67.36830763915665]
[1; 200; 135.46198980966116]
[1; 200; 136.2012190042043]
[1; 200; 136.95476278248987]
[1; 1040; 716.160135587976]
[1; 1040; 720.2350730036865]
[1; 1040; 724.3923344239856]
[2; 540; 378.3296143090124]
[1; 1080; 761.1565295895019]
[1; 1080; 765.7487987580283]
[2; 540; 385.21976333437146]
[1; 1080; 775.2323884463935]
[2; 540; 390.06562831317626]
[1; 1080; 785.1402150978764]
[1; 1120; 819.5325955452207]
[1; 1120; 824.9690686540474]
[1; 1120; 830.5338945298308]
[2; 560; 418.1161786252309]
[1; 1120; 842.070054454643]
[1; 1120; 848.0529218495371]
[2; 560; 427.093630055906]
[1; 1120; 860.479764464198]
[1; 1120; 866.937557248872]
[1; 1120; 873.5682238644296]
[1; 1160; 911.8219900749264]
[1; 1160; 919.0732594098498]
[2; 580; 463.2652285849614]
[1; 1160; 934.2038165513096]
[1; 1160; 942.1043063986235]
[1; 1200; 983.0107253004547]
[1; 1200; 991.6910265111081]
[1; 1200; 1000.6456652697611]
[1; 1200; 1009.8898486949003]
[1; 1200; 1019.4400063711844]
[2; 600; 514.6569603037825]
[1; 1240; 1074.1819032910005]
[1; 1240; 1085.1155454840293]
[2; 620; 548.2244414776743]
[1; 1240; 1108.2076364098875]
[1; 1240; 1120.4199360390276]
[1; 1240; 1133.1166219145452]
[1; 1240; 1146.3315916868441]
[1; 1240; 1160.1022046817718]
[2; 620; 587.2348767872932]
[1; 1240; 1189.4800174635175]
[2; 640; 622.0304069896929]
[2; 640; 630.5229775064283]
[2; 640; 639.4357366483038]
[2; 640; 648.8056321545748]
[1; 1280; 1317.348779415933]
[2; 640; 669.0893442047587]
[1; 1280; 1360.2089116840637]
[1; 1280; 1383.5631236357872]
[1; 1280; 1408.383862617659]
[2; 640; 717.4182149147454]
[1; 1320; 1508.8361331306924]
[2; 660; 770.0565833707038]
[2; 660; 786.891902850132]
[1; 1320; 1610.1802877028792]
[1; 1320; 1649.7042037603294]
[1; 1360; 1744.1448408738886]
[1; 1360; 1792.9485899939507]
[2; 680; 923.4464470833682]
[2; 680; 953.4909102376716]
[1; 1360; 1974.5220011369413]
[1; 1360; 2051.2521595964154]
[1; 1360; 2139.548065754672]
[1; 1360; 2242.761315396964]
[1; 1400; 2435.392490697481]
[1; 1400; 2590.2857624589965]
[1; 1400; 2786.2506119179666]
[1; 1400; 3046.3807475723556]
[1; 1400; 3417.902554727044]
[1; 1400; 4019.7234956479665]
[1; 1400; 5304.0569516271635]


Jobs: [[1; 20; 12.00909107865705], [2; 10; 6.028733205313318], [2; 20; 12.106530718180212], [1; 40; 24.312601991756516], [2; 30; 18.310192257466305], [1; 60; 36.77409140340584], [1; 80; 49.45121317345359], [1; 80; 49.883115848834876], [2; 50; 31.315052452970605], [1; 100; 62.91064534694046], [2; 60; 38.091115594760645], [1; 120; 76.53533870087699], [2; 60; 38.447120870495176], [1; 120; 77.25910531101349], [2; 70; 45.28422566911175], [1; 160; 104.00987744031032], [1; 180; 118.17256255140775], [2; 90; 59.384323834850775], [1; 180; 119.37539096623384], [1; 200; 134.02465614735826], [2; 100; 67.36830763915665], [1; 200; 135.46198980966116], [1; 200; 136.95476278248987], [1; 1040; 720.2350730036865], [2; 540; 378.3296143090124], [1; 1080; 761.1565295895019], [2; 540; 385.21976333437146], [1; 1080; 775.2323884463935], [2; 540; 390.06562831317626], [1; 1080; 785.1402150978764], [1; 1120; 824.9690686540474], [2; 560; 418.1161786252309], [1; 1120; 842.070054454643], [2; 560; 427.093630055906], [1; 1120; 860.479764464198], [1; 1120; 873.5682238644296], [1; 1160; 919.0732594098498], [2; 580; 463.2652285849614], [1; 1160; 934.2038165513096], [1; 1200; 983.0107253004547], [1; 1200; 1000.6456652697611], [1; 1200; 1019.4400063711844], [2; 600; 514.6569603037825], [1; 1240; 1074.1819032910005], [2; 620; 548.2244414776743], [1; 1240; 1108.2076364098875], [1; 1240; 1133.1166219145452], [1; 1240; 1160.1022046817718], [2; 620; 587.2348767872932], [1; 1240; 1189.4800174635175], [2; 640; 622.0304069896929], [2; 640; 630.5229775064283], [2; 640; 639.4357366483038], [2; 640; 648.8056321545748], [1; 1280; 1317.348779415933], [2; 640; 669.0893442047587], [1; 1280; 1360.2089116840637], [1; 1280; 1408.383862617659], [2; 640; 717.4182149147454], [1; 1320; 1508.8361331306924], [2; 660; 770.0565833707038], [2; 660; 786.891902850132], [1; 1320; 1610.1802877028792], [1; 1360; 1744.1448408738886], [2; 680; 923.4464470833682], [2; 680; 953.4909102376716], [1; 1360; 1974.5220011369413], [1; 1360; 2139.548065754672], [1; 1400; 2435.392490697481], [1; 1400; 2786.2506119179666], [1; 1400; 3417.902554727044], [1; 1400; 5304.0569516271635]];
Intervals[0.0=12.00909107865705, 12.00909107865705=18.03782428397037, 18.03782428397037=30.144355002150583, 30.144355002150583=54.4569569939071, 54.4569569939071=72.76714925137341, 72.76714925137341=109.54124065477924, 109.54124065477924=158.99245382823284, 158.99245382823284=208.87556967706772, 208.87556967706772=240.19062213003832, 240.19062213003832=303.10126747697876, 303.38625596571313=341.4773715604738, 341.4773715604738=418.0127102613508, 418.0127102613508=456.45983113184593, 456.45983113184593=533.7189364428594, 533.7189364428594=579.0031621119712, 579.0031621119712=683.0130395522815, 683.0130395522815=801.1856021036892, 801.1856021036892=860.56992593854, 860.56992593854=979.9453169047738, 979.9453169047738=1113.969973052132, 1113.969973052132=1181.3382806912887, 1181.3382806912887=1316.8002705009499, 1316.8002705009499=1453.7550332834398, 1453.7550332834398=2173.9901062871263, 2758.0919697074546=3136.421584016467, 3136.421584016467=3897.578113605969, 3902.1703827744955=4287.390146108867, 4287.390146108867=5062.622534555261, 5062.622534555261=5452.688162868438, 5452.688162868438=6237.828377966314, 6237.828377966314=7062.797446620361, 7102.754652943489=7520.87083156872, 7520.87083156872=8362.940886023363, 8368.923753418258=8796.017383474164, 8796.017383474164=9656.497147938362, 9656.497147938362=10530.065371802792, 10530.065371802792=11449.138631212641, 11449.138631212641=11912.403859797603, 11912.403859797603=12846.607676348913, 12846.607676348913=13829.618401649368, 13829.618401649368=14830.26406691913, 14830.26406691913=15849.704073290313, 15849.704073290313=16364.361033594096, 16364.361033594096=17438.542936885096, 17449.476579078124=17997.7010205558, 17997.7010205558=19105.908656965687, 19105.908656965687=20239.02527888023, 20239.02527888023=21399.127483562002, 21399.127483562002=21986.362360349296, 21986.362360349296=23175.842377812813, 23175.842377812813=23797.872784802505, 23797.872784802505=24428.395762308934, 24428.395762308934=25067.83149895724, 25067.83149895724=25716.637131111813, 25716.637131111813=27033.985910527746, 27033.985910527746=27703.075254732506, 27703.075254732506=29063.28416641657, 29063.28416641657=30471.66802903423, 30471.66802903423=31189.086243948976, 31189.086243948976=32697.922377079667, 32697.922377079667=33467.97896045037, 33467.97896045037=34254.8708633005, 34254.8708633005=35865.05115100338, 35865.05115100338=37609.19599187727, 37697.523657054786=38620.970104138156, 38620.970104138156=39574.461014375825, 39574.461014375825=41548.983015512764, 41548.983015512764=43688.531081267436, 43688.531081267436=46123.923571964915, 46123.923571964915=48910.17418388288, 48910.17418388288=52328.076738609925, 52328.076738609925=57632.13369023709];

Jobs: [[2; 10; 6.028733205313318], [2; 20; 12.106530718180212], [2; 30; 18.310192257466305], [1; 60; 36.93008029109953], [1; 80; 49.66552137984338], [2; 50; 31.315052452970605], [1; 100; 63.195633835674805], [2; 60; 38.091115594760645], [2; 60; 38.447120870495176], [2; 70; 45.28422566911175], [1; 160; 104.52161656098549], [2; 90; 59.384323834850775], [1; 180; 119.99312336396063], [2; 100; 67.36830763915665], [1; 200; 136.2012190042043], [1; 1040; 716.160135587976], [1; 1040; 724.3923344239856], [2; 540; 378.3296143090124], [1; 1080; 765.7487987580283], [2; 540; 385.21976333437146], [2; 540; 390.06562831317626], [1; 1120; 819.5325955452207], [1; 1120; 830.5338945298308], [2; 560; 418.1161786252309], [1; 1120; 848.0529218495371], [2; 560; 427.093630055906], [1; 1120; 866.937557248872], [1; 1160; 911.8219900749264], [2; 580; 463.2652285849614], [1; 1160; 942.1043063986235], [1; 1200; 991.6910265111081], [1; 1200; 1009.8898486949003], [2; 600; 514.6569603037825], [1; 1240; 1085.1155454840293], [2; 620; 548.2244414776743], [1; 1240; 1120.4199360390276], [1; 1240; 1146.3315916868441], [2; 620; 587.2348767872932], [2; 640; 622.0304069896929], [2; 640; 630.5229775064283], [2; 640; 639.4357366483038], [2; 640; 648.8056321545748], [2; 640; 669.0893442047587], [1; 1280; 1383.5631236357872], [2; 640; 717.4182149147454], [2; 660; 770.0565833707038], [2; 660; 786.891902850132], [1; 1320; 1649.7042037603294], [1; 1360; 1792.9485899939507], [2; 680; 923.4464470833682], [2; 680; 953.4909102376716], [1; 1360; 2051.2521595964154], [1; 1360; 2242.761315396964], [1; 1400; 2590.2857624589965], [1; 1400; 3046.3807475723556], [1; 1400; 4019.7234956479665]];
Intervals[12.00909107865705=18.03782428397037, 18.03782428397037=30.144355002150583, 54.4569569939071=72.76714925137341, 72.76714925137341=109.69722954247294, 109.69722954247294=159.3627509223163, 208.87556967706772=240.19062213003832, 240.19062213003832=303.38625596571313, 303.38625596571313=341.4773715604738, 418.0127102613508=456.45983113184593, 533.7189364428594=579.0031621119712, 579.0031621119712=683.5247786729567, 801.1856021036892=860.56992593854, 860.56992593854=980.5630493025006, 1113.969973052132=1181.3382806912887, 1181.3382806912887=1317.5394996954929, 1317.5394996954929=2033.699635283469, 2033.699635283469=2758.0919697074546, 2758.0919697074546=3136.421584016467, 3136.421584016467=3902.1703827744955, 3902.1703827744955=4287.390146108867, 5062.622534555261=5452.688162868438, 5452.688162868438=6272.220758413659, 6272.220758413659=7102.754652943489, 7102.754652943489=7520.87083156872, 7520.87083156872=8368.923753418258, 8368.923753418258=8796.017383474164, 8796.017383474164=9662.954940723035, 9662.954940723035=10574.776930797962, 11449.138631212641=11912.403859797603, 11912.403859797603=12854.508166196227, 12854.508166196227=13846.199192707334, 13846.199192707334=14856.089041402234, 15849.704073290313=16364.361033594096, 16364.361033594096=17449.476579078124, 17449.476579078124=17997.7010205558, 17997.7010205558=19118.120956594827, 19118.120956594827=20264.45254828167, 21399.127483562002=21986.362360349296, 23175.842377812813=23797.872784802505, 23797.872784802505=24428.395762308934, 24428.395762308934=25067.83149895724, 25067.83149895724=25716.637131111813, 27033.985910527746=27703.075254732506, 27703.075254732506=29086.638378368294, 30471.66802903423=31189.086243948976, 32697.922377079667=33467.97896045037, 33467.97896045037=34254.8708633005, 34254.8708633005=35904.57506706083, 35904.57506706083=37697.523657054786, 37697.523657054786=38620.970104138156, 38620.970104138156=39574.461014375825, 39574.461014375825=41625.71317397224, 41625.71317397224=43868.474489369204, 43868.474489369204=46458.7602518282, 46458.7602518282=49505.14099940056, 49505.14099940056=53524.864495048525];
