0.999999999999999
43201.5159522699
43201.51595226986
[2; 10; 1.4948981103026777]
[2; 10; 1.5009198976197144]
[2; 10; 1.5070274489876532]
[2; 10; 1.5132228798985132]
[2; 10; 1.5195083805363245]
[2; 10; 1.5258862192257574]
[2; 20; 3.064717492156477]
[2; 20; 3.077856793698223]
[2; 20; 3.0911953940409176]
[2; 20; 3.104738532250844]
[2; 20; 3.1184916446622504]
[2; 20; 3.132460374597478]
[2; 20; 3.146650582681556]
[2; 20; 3.1610683577948335]
[2; 20; 3.1757200287109733]
[2; 20; 3.1906121764717335]
[2; 30; 4.808627471331707]
[2; 30; 4.831718351839927]
[2; 30; 4.855202036730257]
[2; 30; 4.879090121997953]
[2; 30; 4.90339469464327]
[2; 30; 4.928128359916256]
[2; 30; 4.953304270440601]
[2; 30; 4.978936157372098]
[2; 30; 5.005038363762424]
[2; 30; 5.031625880315669]
[2; 30; 5.058714383743729]
[2; 30; 5.086320277947505]
[2; 30; 5.114460738274054]
[2; 30; 5.143153759125816]
[2; 30; 5.172418205227116]
[2; 40; 6.936365155847599]
[2; 40; 6.976988692831622]
[2; 40; 7.018457318124892]
[2; 40; 7.060801624321708]
[2; 40; 7.104053796972768]
[2; 40; 7.148247723596841]
[2; 40; 7.193419111992741]
[2; 50; 9.049507023508829]
[2; 50; 9.108558736785714]
[2; 50; 9.168981513014353]
[2; 50; 9.230830844724993]
[2; 50; 9.294165460922557]
[2; 50; 9.359047575631465]
[2; 50; 9.42554316028181]
[2; 60; 11.392466691235857]
[2; 60; 11.476391082978287]
[2; 60; 11.562519959670583]
[2; 60; 11.650954489294149]
[2; 60; 11.741802545463587]
[2; 60; 11.835179294063002]
[2; 60; 11.931207844146615]
[2; 60; 12.030019971620337]
[2; 60; 12.131756925553612]
[2; 60; 12.236570328545174]
[2; 60; 12.34462318443304]
[2; 60; 12.456091008859353]
[2; 60; 12.571163100852157]
[2; 60; 12.690043976764093]
[2; 70; 14.948447490354567]
[2; 70; 15.096825541521815]
[2; 70; 15.250489728393575]
[2; 70; 15.409771334314794]
[2; 70; 15.575031844611113]
[2; 70; 15.74666660814331]
[2; 70; 15.925109059120132]
[2; 70; 16.110835603737627]
[2; 70; 16.30437129945854]
[2; 70; 16.506296484038142]
[2; 70; 16.717254548560675]
[2; 80; 19.357669824244578]
[2; 80; 19.62195975955123]
[2; 80; 19.89932602131712]
[2; 80; 20.190918428151136]
[2; 80; 20.49803548890479]
[2; 80; 20.82215027190892]
[2; 80; 21.16494202574526]
[2; 80; 21.52833513232564]
[2; 80; 21.91454749799605]
[2; 90; 25.116920123094207]
[2; 90; 25.61191808090955]
[2; 90; 26.142833801352538]
[2; 90; 26.71438005996233]
[2; 90; 27.33219646494866]
[2; 90; 28.003099870608605]
[2; 90; 28.73542327562302]
[2; 90; 29.539482867198938]
[2; 100; 33.80914997864175]
[2; 100; 34.909135542525696]
[2; 100; 36.14552348076765]
[2; 100; 37.55014279758609]
[2; 100; 39.16648424501551]
[2; 100; 41.05590200603496]
[2; 100; 43.30842369267709]
[2; 100; 46.06288050660587]
[2; 100; 49.547710472066655]
[2; 100; 54.173587480879874]
[2; 100; 60.78033522145298]
[2; 100; 71.48247723596842]
[2; 100; 94.32169419450368]


Jobs: [[2; 10; 1.4948981103026777], [2; 10; 1.5009198976197144], [2; 10; 1.5070274489876532], [2; 10; 1.5132228798985132], [2; 10; 1.5195083805363245], [2; 10; 1.5258862192257574], [2; 20; 3.064717492156477], [2; 20; 3.077856793698223], [2; 20; 3.0911953940409176], [2; 20; 3.104738532250844], [2; 20; 3.1184916446622504], [2; 20; 3.132460374597478], [2; 20; 3.146650582681556], [2; 20; 3.1610683577948335], [2; 20; 3.1757200287109733], [2; 20; 3.1906121764717335], [2; 30; 4.808627471331707], [2; 30; 4.831718351839927], [2; 30; 4.855202036730257], [2; 30; 4.879090121997953], [2; 30; 4.90339469464327], [2; 30; 4.928128359916256], [2; 30; 4.953304270440601], [2; 30; 4.978936157372098], [2; 30; 5.005038363762424], [2; 30; 5.031625880315669], [2; 30; 5.058714383743729], [2; 30; 5.086320277947505], [2; 30; 5.114460738274054], [2; 30; 5.143153759125816], [2; 30; 5.172418205227116], [2; 40; 6.936365155847599], [2; 40; 6.976988692831622], [2; 40; 7.018457318124892], [2; 40; 7.060801624321708], [2; 40; 7.104053796972768], [2; 40; 7.148247723596841], [2; 40; 7.193419111992741], [2; 50; 9.049507023508829], [2; 50; 9.108558736785714], [2; 50; 9.168981513014353], [2; 50; 9.230830844724993], [2; 50; 9.294165460922557], [2; 50; 9.359047575631465], [2; 50; 9.42554316028181], [2; 60; 11.392466691235857], [2; 60; 11.476391082978287], [2; 60; 11.562519959670583], [2; 60; 11.650954489294149], [2; 60; 11.741802545463587], [2; 60; 11.835179294063002], [2; 60; 11.931207844146615], [2; 60; 12.030019971620337], [2; 60; 12.131756925553612], [2; 60; 12.236570328545174], [2; 60; 12.34462318443304], [2; 60; 12.456091008859353], [2; 60; 12.571163100852157], [2; 60; 12.690043976764093], [2; 70; 14.948447490354567], [2; 70; 15.096825541521815], [2; 70; 15.250489728393575], [2; 70; 15.409771334314794], [2; 70; 15.575031844611113], [2; 70; 15.74666660814331], [2; 70; 15.925109059120132], [2; 70; 16.110835603737627], [2; 70; 16.30437129945854], [2; 70; 16.506296484038142], [2; 70; 16.717254548560675], [2; 80; 19.357669824244578], [2; 80; 19.62195975955123], [2; 80; 19.89932602131712], [2; 80; 20.190918428151136], [2; 80; 20.49803548890479], [2; 80; 20.82215027190892], [2; 80; 21.16494202574526], [2; 80; 21.52833513232564], [2; 80; 21.91454749799605], [2; 90; 25.116920123094207], [2; 90; 25.61191808090955], [2; 90; 26.142833801352538], [2; 90; 26.71438005996233], [2; 90; 27.33219646494866], [2; 90; 28.003099870608605], [2; 90; 28.73542327562302], [2; 90; 29.539482867198938], [2; 100; 33.80914997864175], [2; 100; 34.909135542525696], [2; 100; 36.14552348076765], [2; 100; 37.55014279758609], [2; 100; 39.16648424501551], [2; 100; 41.05590200603496], [2; 100; 43.30842369267709], [2; 100; 46.06288050660587], [2; 100; 49.547710472066655], [2; 100; 54.173587480879874], [2; 100; 60.78033522145298], [2; 100; 71.48247723596842], [2; 100; 94.32169419450368]];
Intervals[4.9E-324=1.4948981103026777, 1.4948981103026777=2.9958180079223924, 2.9958180079223924=4.502845456910046, 4.502845456910046=6.016068336808559, 6.016068336808559=7.535576717344883, 7.535576717344883=9.06146293657064, 9.06146293657064=12.126180428727118, 12.126180428727118=15.20403722242534, 15.20403722242534=18.295232616466258, 18.295232616466258=21.399971148717103, 21.399971148717103=24.518462793379353, 24.518462793379353=27.65092316797683, 27.65092316797683=30.797573750658387, 30.797573750658387=33.95864210845322, 33.95864210845322=37.13436213716419, 37.13436213716419=40.32497431363592, 40.32497431363592=45.133601784967624, 45.133601784967624=49.96532013680755, 49.96532013680755=54.8205221735378, 54.8205221735378=59.69961229553576, 59.69961229553576=64.60300699017903, 64.60300699017903=69.53113535009528, 69.53113535009528=74.48443962053588, 74.48443962053588=79.46337577790798, 79.46337577790798=84.46841414167041, 84.46841414167041=89.50004002198608, 89.50004002198608=94.55875440572981, 94.55875440572981=99.64507468367732, 99.64507468367732=104.75953542195137, 104.75953542195137=109.90268918107719, 109.90268918107719=115.07510738630431, 115.07510738630431=122.0114725421519, 122.0114725421519=128.98846123498353, 128.98846123498353=136.00691855310842, 136.00691855310842=143.06772017743012, 143.06772017743012=150.1717739744029, 150.1717739744029=157.32002169799975, 157.32002169799975=164.5134408099925, 164.5134408099925=173.5629478335013, 173.5629478335013=182.67150657028702, 182.67150657028702=191.84048808330138, 191.84048808330138=201.0713189280264, 201.0713189280264=210.36548438894894, 210.36548438894894=219.72453196458042, 219.72453196458042=229.15007512486224, 229.15007512486224=240.5425418160981, 240.5425418160981=252.0189328990764, 252.0189328990764=263.58145285874696, 263.58145285874696=275.2324073480411, 275.2324073480411=286.9742098935047, 286.9742098935047=298.80938918756766, 298.80938918756766=310.7405970317143, 310.7405970317143=322.7706170033346, 322.7706170033346=334.9023739288882, 334.9023739288882=347.13894425743337, 347.13894425743337=359.4835674418664, 359.4835674418664=371.93965845072574, 371.93965845072574=384.5108215515779, 384.5108215515779=397.20086552834204, 397.20086552834204=412.1493130186966, 412.1493130186966=427.2461385602184, 427.2461385602184=442.496628288612, 442.496628288612=457.90639962292676, 457.90639962292676=473.48143146753785, 473.48143146753785=489.22809807568115, 489.22809807568115=505.1532071348013, 505.1532071348013=521.2640427385389, 521.2640427385389=537.5684140379975, 537.5684140379975=554.0747105220356, 554.0747105220356=570.7919650705962, 570.7919650705962=590.1496348948408, 590.1496348948408=609.7715946543921, 609.7715946543921=629.6709206757092, 629.6709206757092=649.8618391038603, 649.8618391038603=670.3598745927651, 670.3598745927651=691.182024864674, 691.182024864674=712.3469668904193, 712.3469668904193=733.8753020227449, 733.8753020227449=755.789849520741, 755.789849520741=780.9067696438352, 780.9067696438352=806.5186877247447, 806.5186877247447=832.6615215260972, 832.6615215260972=859.3759015860595, 859.3759015860595=886.7080980510082, 886.7080980510082=914.7111979216168, 914.7111979216168=943.4466211972398, 943.4466211972398=972.9861040644387, 972.9861040644387=1006.7952540430804, 1006.7952540430804=1041.7043895856061, 1041.7043895856061=1077.8499130663738, 1077.8499130663738=1115.40005586396, 1115.40005586396=1154.5665401089755, 1154.5665401089755=1195.6224421150105, 1195.6224421150105=1238.9308658076875, 1238.9308658076875=1284.9937463142933, 1284.9937463142933=1334.54145678636, 1334.54145678636=1388.7150442672398, 1388.7150442672398=1449.4953794886928, 1449.4953794886928=1520.9778567246613, 1520.9778567246613=1615.2995509191649];

Jobs: [[2; 10; 1.4948981103026777], [2; 10; 1.5009198976197144], [2; 10; 1.5070274489876532], [2; 10; 1.5132228798985132], [2; 10; 1.5195083805363245], [2; 10; 1.5258862192257574], [2; 20; 3.064717492156477], [2; 20; 3.077856793698223], [2; 20; 3.0911953940409176], [2; 20; 3.104738532250844], [2; 20; 3.1184916446622504], [2; 20; 3.132460374597478], [2; 20; 3.146650582681556], [2; 20; 3.1610683577948335], [2; 20; 3.1757200287109733], [2; 20; 3.1906121764717335], [2; 30; 4.808627471331707], [2; 30; 4.831718351839927], [2; 30; 4.855202036730257], [2; 30; 4.879090121997953], [2; 30; 4.90339469464327], [2; 30; 4.928128359916256], [2; 30; 4.953304270440601], [2; 30; 4.978936157372098], [2; 30; 5.005038363762424], [2; 30; 5.031625880315669], [2; 30; 5.058714383743729], [2; 30; 5.086320277947505], [2; 30; 5.114460738274054], [2; 30; 5.143153759125816], [2; 30; 5.172418205227116], [2; 40; 6.936365155847599], [2; 40; 6.976988692831622], [2; 40; 7.018457318124892], [2; 40; 7.060801624321708], [2; 40; 7.104053796972768], [2; 40; 7.148247723596841], [2; 40; 7.193419111992741], [2; 50; 9.049507023508829], [2; 50; 9.108558736785714], [2; 50; 9.168981513014353], [2; 50; 9.230830844724993], [2; 50; 9.294165460922557], [2; 50; 9.359047575631465], [2; 50; 9.42554316028181], [2; 60; 11.392466691235857], [2; 60; 11.476391082978287], [2; 60; 11.562519959670583], [2; 60; 11.650954489294149], [2; 60; 11.741802545463587], [2; 60; 11.835179294063002], [2; 60; 11.931207844146615], [2; 60; 12.030019971620337], [2; 60; 12.131756925553612], [2; 60; 12.236570328545174], [2; 60; 12.34462318443304], [2; 60; 12.456091008859353], [2; 60; 12.571163100852157], [2; 60; 12.690043976764093], [2; 70; 14.948447490354567], [2; 70; 15.096825541521815], [2; 70; 15.250489728393575], [2; 70; 15.409771334314794], [2; 70; 15.575031844611113], [2; 70; 15.74666660814331], [2; 70; 15.925109059120132], [2; 70; 16.110835603737627], [2; 70; 16.30437129945854], [2; 70; 16.506296484038142], [2; 70; 16.717254548560675], [2; 80; 19.357669824244578], [2; 80; 19.62195975955123], [2; 80; 19.89932602131712], [2; 80; 20.190918428151136], [2; 80; 20.49803548890479], [2; 80; 20.82215027190892], [2; 80; 21.16494202574526], [2; 80; 21.52833513232564], [2; 80; 21.91454749799605], [2; 90; 25.116920123094207], [2; 90; 25.61191808090955], [2; 90; 26.142833801352538], [2; 90; 26.71438005996233], [2; 90; 27.33219646494866], [2; 90; 28.003099870608605], [2; 90; 28.73542327562302], [2; 90; 29.539482867198938], [2; 100; 33.80914997864175], [2; 100; 34.909135542525696], [2; 100; 36.14552348076765], [2; 100; 37.55014279758609], [2; 100; 39.16648424501551], [2; 100; 41.05590200603496], [2; 100; 43.30842369267709], [2; 100; 46.06288050660587], [2; 100; 49.547710472066655], [2; 100; 54.173587480879874], [2; 100; 60.78033522145298], [2; 100; 71.48247723596842], [2; 100; 94.32169419450368]];
Intervals[4.9E-324=1.4948981103026777, 1.4948981103026777=2.9958180079223924, 2.9958180079223924=4.502845456910046, 4.502845456910046=6.016068336808559, 6.016068336808559=7.535576717344883, 7.535576717344883=9.06146293657064, 9.06146293657064=12.126180428727118, 12.126180428727118=15.20403722242534, 15.20403722242534=18.295232616466258, 18.295232616466258=21.399971148717103, 21.399971148717103=24.518462793379353, 24.518462793379353=27.65092316797683, 27.65092316797683=30.797573750658387, 30.797573750658387=33.95864210845322, 33.95864210845322=37.13436213716419, 37.13436213716419=40.32497431363592, 40.32497431363592=45.133601784967624, 45.133601784967624=49.96532013680755, 49.96532013680755=54.8205221735378, 54.8205221735378=59.69961229553576, 59.69961229553576=64.60300699017903, 64.60300699017903=69.53113535009528, 69.53113535009528=74.48443962053588, 74.48443962053588=79.46337577790798, 79.46337577790798=84.46841414167041, 84.46841414167041=89.50004002198608, 89.50004002198608=94.55875440572981, 94.55875440572981=99.64507468367732, 99.64507468367732=104.75953542195137, 104.75953542195137=109.90268918107719, 109.90268918107719=115.07510738630431, 115.07510738630431=122.0114725421519, 122.0114725421519=128.98846123498353, 128.98846123498353=136.00691855310842, 136.00691855310842=143.06772017743012, 143.06772017743012=150.1717739744029, 150.1717739744029=157.32002169799975, 157.32002169799975=164.5134408099925, 164.5134408099925=173.5629478335013, 173.5629478335013=182.67150657028702, 182.67150657028702=191.84048808330138, 191.84048808330138=201.0713189280264, 201.0713189280264=210.36548438894894, 210.36548438894894=219.72453196458042, 219.72453196458042=229.15007512486224, 229.15007512486224=240.5425418160981, 240.5425418160981=252.0189328990764, 252.0189328990764=263.58145285874696, 263.58145285874696=275.2324073480411, 275.2324073480411=286.9742098935047, 286.9742098935047=298.80938918756766, 298.80938918756766=310.7405970317143, 310.7405970317143=322.7706170033346, 322.7706170033346=334.9023739288882, 334.9023739288882=347.13894425743337, 347.13894425743337=359.4835674418664, 359.4835674418664=371.93965845072574, 371.93965845072574=384.5108215515779, 384.5108215515779=397.20086552834204, 397.20086552834204=412.1493130186966, 412.1493130186966=427.2461385602184, 427.2461385602184=442.496628288612, 442.496628288612=457.90639962292676, 457.90639962292676=473.48143146753785, 473.48143146753785=489.22809807568115, 489.22809807568115=505.1532071348013, 505.1532071348013=521.2640427385389, 521.2640427385389=537.5684140379975, 537.5684140379975=554.0747105220356, 554.0747105220356=570.7919650705962, 570.7919650705962=590.1496348948408, 590.1496348948408=609.7715946543921, 609.7715946543921=629.6709206757092, 629.6709206757092=649.8618391038603, 649.8618391038603=670.3598745927651, 670.3598745927651=691.182024864674, 691.182024864674=712.3469668904193, 712.3469668904193=733.8753020227449, 733.8753020227449=755.789849520741, 755.789849520741=780.9067696438352, 780.9067696438352=806.5186877247447, 806.5186877247447=832.6615215260972, 832.6615215260972=859.3759015860595, 859.3759015860595=886.7080980510082, 886.7080980510082=914.7111979216168, 914.7111979216168=943.4466211972398, 943.4466211972398=972.9861040644387, 972.9861040644387=1006.7952540430804, 1006.7952540430804=1041.7043895856061, 1041.7043895856061=1077.8499130663738, 1077.8499130663738=1115.40005586396, 1115.40005586396=1154.5665401089755, 1154.5665401089755=1195.6224421150105, 1195.6224421150105=1238.9308658076875, 1238.9308658076875=1284.9937463142933, 1284.9937463142933=1334.54145678636, 1334.54145678636=1388.7150442672398, 1388.7150442672398=1449.4953794886928, 1449.4953794886928=1520.9778567246613, 1520.9778567246613=1615.2995509191649];
