1.1006231090219307
10993.649323152427
12099.86449754487
[2; 10; 1.1409871370075813]
[1; 20; 2.3004898093878885]
[2; 20; 2.319542054161979]
[2; 20; 2.3391582429685873]
[1; 40; 4.718735221176566]
[1; 50; 5.950503965626143]
[1; 50; 6.004235029051791]
[2; 30; 3.63582207896722]
[2; 30; 3.670204714045614]
[1; 60; 7.411505885656092]
[1; 70; 8.732584437228484]
[1; 80; 10.081679670887418]
[1; 80; 10.186976363450185]
[1; 80; 10.296225545393034]
[2; 50; 6.5060553568646995]
[1; 100; 13.159564964582648]
[1; 110; 14.644342193917204]
[1; 110; 14.820261247688526]
[1; 110; 15.00380613470032]
[1; 110; 15.195561681179715]
[1; 120; 16.795830929814688]
[1; 120; 17.025144122475027]
[2; 70; 10.071718469307168]
[2; 70; 10.219303197869023]
[2; 70; 10.37474547615113]
[1; 150; 22.583123300574297]
[1; 150; 22.95490567377855]
[1; 150; 23.349031699444353]
[2; 80; 12.676216990357688]
[2; 80; 12.914304411571084]
[2; 80; 13.168816281617426]
[2; 80; 13.441795898429007]
[1; 170; 29.188291138451746]
[1; 180; 31.61998697390024]
[1; 190; 34.19592516748719]
[2; 100; 18.46852648324545]
[2; 100; 18.985303136183248]
[2; 110; 21.512163715486263]
[2; 110; 22.212065060237357]
[2; 120; 25.08955289617611]
[2; 120; 26.06453588866363]
[2; 140; 31.717560872224247]
[2; 140; 33.247637518197976]
[2; 140; 35.07176074726133]
[2; 150; 39.96681212943464]
[2; 170; 48.722511835597196]
[2; 180; 56.40495521113531]
[2; 190; 66.79959804600655]
[2; 200; 82.69642734209314]
[2; 200; 109.11859007054778]


Jobs: [[2; 10; 1.1409871370075813], [1; 20; 2.3004898093878885], [2; 20; 2.319542054161979], [2; 20; 2.3391582429685873], [1; 40; 4.718735221176566], [1; 50; 6.004235029051791], [2; 30; 3.63582207896722], [2; 30; 3.670204714045614], [1; 60; 7.411505885656092], [1; 80; 10.081679670887418], [1; 80; 10.296225545393034], [2; 50; 6.5060553568646995], [1; 100; 13.159564964582648], [1; 110; 14.820261247688526], [1; 110; 15.195561681179715], [1; 120; 17.025144122475027], [2; 70; 10.071718469307168], [2; 70; 10.219303197869023], [2; 70; 10.37474547615113], [1; 150; 22.583123300574297], [1; 150; 23.349031699444353], [2; 80; 12.676216990357688], [2; 80; 12.914304411571084], [2; 80; 13.168816281617426], [2; 80; 13.441795898429007], [1; 170; 29.188291138451746], [1; 190; 34.19592516748719], [2; 100; 18.46852648324545], [2; 100; 18.985303136183248], [2; 110; 21.512163715486263], [2; 110; 22.212065060237357], [2; 120; 25.08955289617611], [2; 120; 26.06453588866363], [2; 140; 31.717560872224247], [2; 140; 33.247637518197976], [2; 140; 35.07176074726133], [2; 150; 39.96681212943464], [2; 170; 48.722511835597196], [2; 180; 56.40495521113531], [2; 190; 66.79959804600655], [2; 200; 82.69642734209314], [2; 200; 109.11859007054778]];
Intervals[4.9E-324=1.1409871370075813, 1.1409871370075813=3.4414769463954697, 3.4414769463954697=5.761019000557448, 5.761019000557448=8.100177243526035, 8.100177243526035=12.818912464702601, 12.818912464702601=18.82314749375439, 18.82314749375439=22.45896957272161, 22.45896957272161=26.129174286767224, 26.129174286767224=33.540680172423315, 33.540680172423315=43.62235984331073, 43.62235984331073=53.91858538870377, 53.91858538870377=60.42464074556847, 60.42464074556847=73.58420571015111, 73.58420571015111=88.40446695783963, 88.40446695783963=103.60002863901934, 103.60002863901934=120.62517276149437, 120.62517276149437=130.69689123080153, 130.69689123080153=140.91619442867054, 140.91619442867054=151.29093990482167, 151.29093990482167=173.87406320539597, 173.87406320539597=197.2230949048403, 197.2230949048403=209.899311895198, 209.899311895198=222.8136163067691, 222.8136163067691=235.98243258838653, 235.98243258838653=249.42422848681554, 249.42422848681554=278.6125196252673, 278.6125196252673=312.80844479275447, 312.80844479275447=331.2769712759999, 331.2769712759999=350.26227441218316, 350.26227441218316=371.77443812766944, 371.77443812766944=393.9865031879068, 393.9865031879068=419.0760560840829, 419.0760560840829=445.1405919727465, 445.1405919727465=476.85815284497073, 476.85815284497073=510.1057903631687, 510.1057903631687=545.17755111043, 545.17755111043=585.1443632398647, 585.1443632398647=633.8668750754618, 633.8668750754618=690.2718302865972, 690.2718302865972=757.0714283326037, 757.0714283326037=839.7678556746968, 839.7678556746968=948.8864457452446];

Jobs: [[2; 10; 1.1409871370075813], [2; 20; 2.319542054161979], [2; 20; 2.3391582429685873], [1; 50; 5.950503965626143], [2; 30; 3.63582207896722], [2; 30; 3.670204714045614], [1; 70; 8.732584437228484], [1; 80; 10.186976363450185], [2; 50; 6.5060553568646995], [1; 110; 14.644342193917204], [1; 110; 15.00380613470032], [1; 120; 16.795830929814688], [2; 70; 10.071718469307168], [2; 70; 10.219303197869023], [2; 70; 10.37474547615113], [1; 150; 22.95490567377855], [2; 80; 12.676216990357688], [2; 80; 12.914304411571084], [2; 80; 13.168816281617426], [2; 80; 13.441795898429007], [1; 180; 31.61998697390024], [2; 100; 18.46852648324545], [2; 100; 18.985303136183248], [2; 110; 21.512163715486263], [2; 110; 22.212065060237357], [2; 120; 25.08955289617611], [2; 120; 26.06453588866363], [2; 140; 31.717560872224247], [2; 140; 33.247637518197976], [2; 140; 35.07176074726133], [2; 150; 39.96681212943464], [2; 170; 48.722511835597196], [2; 180; 56.40495521113531], [2; 190; 66.79959804600655], [2; 200; 82.69642734209314], [2; 200; 109.11859007054778]];
Intervals[4.9E-324=1.1409871370075813, 3.4414769463954697=5.761019000557448, 5.761019000557448=8.100177243526035, 8.100177243526035=14.050681209152177, 18.82314749375439=22.45896957272161, 22.45896957272161=26.129174286767224, 26.129174286767224=34.861758723995706, 34.861758723995706=45.04873508744589, 53.91858538870377=60.42464074556847, 60.42464074556847=75.06898293948566, 75.06898293948566=90.07278907418598, 90.07278907418598=106.86862000400066, 120.62517276149437=130.69689123080153, 130.69689123080153=140.91619442867054, 140.91619442867054=151.29093990482167, 151.29093990482167=174.2458455786002, 197.2230949048403=209.899311895198, 209.899311895198=222.8136163067691, 222.8136163067691=235.98243258838653, 235.98243258838653=249.42422848681554, 249.42422848681554=281.0442154607158, 312.80844479275447=331.2769712759999, 331.2769712759999=350.26227441218316, 350.26227441218316=371.77443812766944, 371.77443812766944=393.9865031879068, 393.9865031879068=419.0760560840829, 419.0760560840829=445.1405919727465, 445.1405919727465=476.85815284497073, 476.85815284497073=510.1057903631687, 510.1057903631687=545.17755111043, 545.17755111043=585.1443632398647, 585.1443632398647=633.8668750754618, 633.8668750754618=690.2718302865972, 690.2718302865972=757.0714283326037, 757.0714283326037=839.7678556746968, 839.7678556746968=948.8864457452446];
