1.1100161856103103
363643.70266599825
403650.39575452125
[1; 20; 7.009909681734133]
[2; 10; 3.5190735908086577]
[1; 20; 7.066786848207791]
[2; 10; 3.5479193007590473]
[2; 10; 3.562656355904103]
[2; 10; 3.5776099078784718]
[1; 40; 14.371141867118835]
[1; 40; 14.432754974028215]
[2; 20; 7.247651318668127]
[1; 60; 21.83821413628477]
[1; 60; 21.934951240153847]
[1; 60; 22.0332049618018]
[1; 60; 22.133016523889722]
[1; 80; 29.645905006118237]
[1; 80; 29.7833148925858]
[1; 80; 29.922980077858966]
[2; 40; 15.032482385623755]
[1; 100; 37.76166975366349]
[1; 100; 37.945203455103275]
[1; 100; 38.13189769537963]
[1; 100; 38.32184693887949]
[1; 100; 38.51514970030401]
[1; 100; 38.71190877228221]
[1; 100; 38.91223146888596]
[2; 50; 19.558114943190127]
[1; 100; 39.32402118267372]
[1; 120; 47.442873452496286]
[1; 120; 47.70177380659841]
[1; 120; 47.96568755955858]
[1; 120; 48.23478347088628]
[1; 120; 48.509238462356635]
[2; 60; 24.39461906813892]
[1; 120; 49.07497733473691]
[1; 140; 57.59443753434139]
[2; 70; 28.970960402094473]
[2; 70; 29.148427076255395]
[1; 140; 58.65951566500219]
[1; 140; 59.03019836482976]
[1; 140; 59.40921126767628]
[1; 140; 59.796880529733436]
[1; 140; 60.19355069850854]
[1; 140; 60.59958607754262]
[1; 140; 61.01537221754601]
[2; 70; 30.720658774036515]
[1; 160; 70.71754876081502]
[1; 160; 71.22907976790319]
[1; 160; 71.7537999497487]
[1; 180; 81.32884112830409]
[2; 90; 40.975437446073]
[1; 180; 82.58988500004554]
[1; 180; 83.24668150966522]
[1; 180; 83.92213034960426]
[1; 180; 84.61715840965432]
[1; 180; 85.3327592122628]
[2; 90; 43.03499962277787]
[2; 90; 43.41501252570107]
[1; 200; 97.34896797513228]
[2; 100; 49.124149512258896]
[1; 200; 99.17739713192368]
[1; 200; 100.13799226979145]
[1; 200; 101.13196038255901]
[2; 100; 51.08066986614498]
[1; 200; 103.22834954937973]
[1; 200; 104.33541138394364]
[1; 1040; 548.5229028976541]
[1; 1080; 576.0749150698348]
[2; 540; 291.3966936638363]
[1; 1120; 611.6385829320309]
[1; 1120; 619.2135596966153]
[1; 1120; 627.1273939238162]
[1; 1120; 635.4069305935302]
[2; 560; 322.04106527921857]
[2; 560; 326.59327757127164]
[2; 580; 343.21393664869544]
[1; 1160; 696.8688897185435]
[1; 1200; 732.2976986506327]
[1; 1200; 744.3533993910802]
[2; 600; 378.5668162824261]
[2; 620; 398.2034733811689]
[2; 620; 405.68261626485855]
[2; 640; 427.02214962162407]
[2; 640; 435.8739963085954]
[1; 1280; 890.8065349090051]
[1; 1280; 911.4079821333278]
[1; 1280; 933.7796462600315]
[1; 1280; 958.1993959749561]
[1; 1320; 1015.7928314927028]
[2; 660; 523.1774555330979]
[1; 1320; 1080.3982187979484]
[1; 1320; 1118.6630255730302]
[1; 1320; 1162.1344030332702]
[1; 1320; 1212.1583407112673]
[2; 680; 654.5688660218766]
[1; 1360; 1380.9632428265043]
[2; 680; 734.3969072821285]
[1; 1360; 1579.9135847953637]
[1; 1400; 1778.223993538401]
[2; 700; 997.5437796531489]
[1; 1400; 2346.3806266000875]
[1; 1400; 3096.067798483077]


Jobs: [[1; 20; 7.009909681734133], [2; 10; 3.5190735908086577], [1; 20; 7.066786848207791], [2; 10; 3.5479193007590473], [2; 10; 3.562656355904103], [2; 10; 3.5776099078784718], [1; 40; 14.371141867118835], [2; 20; 7.247651318668127], [1; 60; 21.83821413628477], [1; 60; 22.0332049618018], [1; 80; 29.645905006118237], [1; 80; 29.922980077858966], [2; 40; 15.032482385623755], [1; 100; 37.76166975366349], [1; 100; 38.13189769537963], [1; 100; 38.51514970030401], [1; 100; 38.91223146888596], [2; 50; 19.558114943190127], [1; 100; 39.32402118267372], [1; 120; 47.70177380659841], [1; 120; 48.23478347088628], [2; 60; 24.39461906813892], [1; 120; 49.07497733473691], [2; 70; 28.970960402094473], [2; 70; 29.148427076255395], [1; 140; 58.65951566500219], [1; 140; 59.40921126767628], [1; 140; 60.19355069850854], [1; 140; 61.01537221754601], [2; 70; 30.720658774036515], [1; 160; 70.71754876081502], [1; 160; 71.7537999497487], [2; 90; 40.975437446073], [1; 180; 82.58988500004554], [1; 180; 83.92213034960426], [1; 180; 85.3327592122628], [2; 90; 43.03499962277787], [2; 90; 43.41501252570107], [1; 200; 97.34896797513228], [2; 100; 49.124149512258896], [1; 200; 99.17739713192368], [1; 200; 101.13196038255901], [2; 100; 51.08066986614498], [1; 200; 103.22834954937973], [1; 1040; 548.5229028976541], [2; 540; 291.3966936638363], [1; 1120; 611.6385829320309], [1; 1120; 627.1273939238162], [2; 560; 322.04106527921857], [2; 560; 326.59327757127164], [2; 580; 343.21393664869544], [1; 1160; 696.8688897185435], [1; 1200; 744.3533993910802], [2; 600; 378.5668162824261], [2; 620; 398.2034733811689], [2; 620; 405.68261626485855], [2; 640; 427.02214962162407], [2; 640; 435.8739963085954], [1; 1280; 890.8065349090051], [1; 1280; 933.7796462600315], [1; 1320; 1015.7928314927028], [2; 660; 523.1774555330979], [1; 1320; 1080.3982187979484], [1; 1320; 1162.1344030332702], [2; 680; 654.5688660218766], [1; 1360; 1380.9632428265043], [2; 680; 734.3969072821285], [1; 1360; 1579.9135847953637], [2; 700; 997.5437796531489], [1; 1400; 2346.3806266000875]];
Intervals[0.0=7.009909681734133, 7.009909681734133=10.52898327254279, 10.52898327254279=17.59577012075058, 17.59577012075058=21.143689421509627, 21.143689421509627=24.70634577741373, 24.70634577741373=28.283955685292202, 28.283955685292202=42.655097552411036, 42.71671065932042=49.964361977988546, 49.964361977988546=71.80257611427331, 71.80257611427331=93.83578107607511, 93.83578107607511=123.48168608219335, 123.48168608219335=153.40466616005233, 153.40466616005233=168.43714854567608, 168.43714854567608=206.19881829933956, 206.19881829933956=244.33071599471918, 244.33071599471918=282.8458656950232, 282.8458656950232=321.75809716390916, 321.75809716390916=341.31621210709926, 341.31621210709926=380.640233289773, 380.640233289773=428.3420070963714, 428.3420070963714=476.57679056725766, 485.23401158151074=509.62863064964966, 509.62863064964966=558.7036079843866, 567.223068183991=596.1940285860854, 596.1940285860854=625.3424556623409, 625.3424556623409=684.0019713273431, 684.0019713273431=743.4111825950193, 743.4111825950193=803.6047332935278, 803.6047332935278=864.6201055110738, 864.6201055110738=895.3407642851104, 895.3407642851104=966.0583130459254, 966.0583130459254=1037.8121129956742, 1047.8986851813177=1088.8741226273908, 1088.8741226273908=1171.4640076274363, 1171.4640076274363=1255.3861379770406, 1255.3861379770406=1340.7188971893033, 1340.7188971893033=1383.7538968120812, 1383.7538968120812=1427.1689093377822, 1427.1689093377822=1524.5178773129146, 1524.5178773129146=1573.6420268251736, 1573.6420268251736=1672.8194239570973, 1672.8194239570973=1773.9513843396564, 1773.9513843396564=1825.0320542058014, 1825.0320542058014=1928.2604037551812, 1928.2604037551812=2476.7833066528356, 2505.4423806595796=2796.839074323416, 2796.839074323416=3408.4776572554465, 3408.4776572554465=4035.605051179263, 4051.4595646135613=4373.50062989278, 4373.50062989278=4700.093907464052, 4700.093907464052=5043.307844112747, 5043.307844112747=5740.176733831291, 5740.176733831291=6484.530133222372, 6484.530133222372=6863.0969495047975, 6863.0969495047975=7261.300422885966, 7261.300422885966=7666.983039150825, 7666.983039150825=8094.005188772449, 8094.005188772449=8529.879185081045, 8529.879185081045=9420.68571999005, 9420.68571999005=10354.46536625008, 10354.46536625008=11370.258197742784, 11370.258197742784=11893.435653275881, 11893.435653275881=12973.83387207383, 12973.83387207383=14135.968275107101, 14224.257019560178=14878.825885582055, 14878.825885582055=16259.78912840856, 16259.78912840856=16994.186035690687, 16994.186035690687=18574.09962048605, 18772.41002922909=19769.953808882237, 19769.953808882237=22116.334435482324];

Jobs: [[2; 10; 3.5190735908086577], [2; 10; 3.5479193007590473], [2; 10; 3.562656355904103], [2; 10; 3.5776099078784718], [1; 40; 14.432754974028215], [2; 20; 7.247651318668127], [1; 60; 21.934951240153847], [1; 60; 22.133016523889722], [1; 80; 29.7833148925858], [2; 40; 15.032482385623755], [1; 100; 37.945203455103275], [1; 100; 38.32184693887949], [1; 100; 38.71190877228221], [2; 50; 19.558114943190127], [1; 120; 47.442873452496286], [1; 120; 47.96568755955858], [1; 120; 48.509238462356635], [2; 60; 24.39461906813892], [1; 140; 57.59443753434139], [2; 70; 28.970960402094473], [2; 70; 29.148427076255395], [1; 140; 59.03019836482976], [1; 140; 59.796880529733436], [1; 140; 60.59958607754262], [2; 70; 30.720658774036515], [1; 160; 71.22907976790319], [1; 180; 81.32884112830409], [2; 90; 40.975437446073], [1; 180; 83.24668150966522], [1; 180; 84.61715840965432], [2; 90; 43.03499962277787], [2; 90; 43.41501252570107], [2; 100; 49.124149512258896], [1; 200; 100.13799226979145], [2; 100; 51.08066986614498], [1; 200; 104.33541138394364], [1; 1080; 576.0749150698348], [2; 540; 291.3966936638363], [1; 1120; 619.2135596966153], [1; 1120; 635.4069305935302], [2; 560; 322.04106527921857], [2; 560; 326.59327757127164], [2; 580; 343.21393664869544], [1; 1200; 732.2976986506327], [2; 600; 378.5668162824261], [2; 620; 398.2034733811689], [2; 620; 405.68261626485855], [2; 640; 427.02214962162407], [2; 640; 435.8739963085954], [1; 1280; 911.4079821333278], [1; 1280; 958.1993959749561], [2; 660; 523.1774555330979], [1; 1320; 1118.6630255730302], [1; 1320; 1212.1583407112673], [2; 680; 654.5688660218766], [2; 680; 734.3969072821285], [1; 1400; 1778.223993538401], [2; 700; 997.5437796531489], [1; 1400; 3096.067798483077]];
Intervals[7.009909681734133=10.52898327254279, 17.59577012075058=21.143689421509627, 21.143689421509627=24.70634577741373, 24.70634577741373=28.283955685292202, 28.283955685292202=42.71671065932042, 42.71671065932042=49.964361977988546, 49.964361977988546=71.8993132181424, 71.8993132181424=94.03232974203212, 94.03232974203212=123.81564463461791, 153.40466616005233=168.43714854567608, 168.43714854567608=206.38235200077935, 206.38235200077935=244.70419893965885, 244.70419893965885=283.41610771194104, 321.75809716390916=341.31621210709926, 341.31621210709926=388.7590855595955, 388.7590855595955=436.7247731191541, 436.7247731191541=485.23401158151074, 485.23401158151074=509.62863064964966, 509.62863064964966=567.223068183991, 567.223068183991=596.1940285860854, 596.1940285860854=625.3424556623409, 625.3424556623409=684.3726540271706, 684.3726540271706=744.1695345569041, 744.1695345569041=804.7691206344467, 864.6201055110738=895.3407642851104, 895.3407642851104=966.5698440530135, 966.5698440530135=1047.8986851813177, 1047.8986851813177=1088.8741226273908, 1088.8741226273908=1172.120804137056, 1172.120804137056=1256.7379625467104, 1340.7188971893033=1383.7538968120812, 1383.7538968120812=1427.1689093377822, 1524.5178773129146=1573.6420268251736, 1573.6420268251736=1673.7800190949652, 1773.9513843396564=1825.0320542058014, 1825.0320542058014=1929.367465589745, 1929.367465589745=2505.4423806595796, 2505.4423806595796=2796.839074323416, 2796.839074323416=3416.0526340200313, 3416.0526340200313=4051.4595646135613, 4051.4595646135613=4373.50062989278, 4373.50062989278=4700.093907464052, 4700.093907464052=5043.307844112747, 5043.307844112747=5775.60554276338, 6484.530133222372=6863.0969495047975, 6863.0969495047975=7261.300422885966, 7261.300422885966=7666.983039150825, 7666.983039150825=8094.005188772449, 8094.005188772449=8529.879185081045, 8529.879185081045=9441.287167214372, 9441.287167214372=10399.486563189328, 11370.258197742784=11893.435653275881, 11893.435653275881=13012.098678848912, 13012.098678848912=14224.257019560178, 14224.257019560178=14878.825885582055, 16259.78912840856=16994.186035690687, 16994.186035690687=18772.41002922909, 18772.41002922909=19769.953808882237, 19769.953808882237=22866.021607365314];
