1.2091511754307138
523912.04420183395
633488.8640689556
[2; 10; 4.056162553138738]
[2; 10; 4.072501692274706]
[1; 20; 8.178147076389369]
[2; 10; 4.105883830941727]
[2; 20; 8.245877026446982]
[2; 20; 8.280487479539064]
[2; 20; 8.315611774448907]
[1; 40; 16.702526258454704]
[2; 20; 8.387455248843027]
[1; 40; 16.848404697298044]
[2; 30; 12.692278768879383]
[1; 60; 25.498263158672373]
[1; 60; 25.61377161424242]
[2; 30; 12.865566234012189]
[2; 30; 12.925198618154003]
[2; 30; 12.985809744424108]
[2; 40; 17.39656997069919]
[1; 80; 34.960215524125964]
[2; 40; 17.565066634381555]
[2; 40; 17.65148853944762]
[2; 40; 17.739417205403335]
[2; 40; 17.828898235306074]
[1; 100; 44.79994803123044]
[1; 100; 45.03177453325376]
[1; 100; 45.26785481945089]
[1; 100; 45.50832447260203]
[1; 120; 54.903990336066634]
[1; 120; 55.203606727427506]
[2; 60; 27.754512475616394]
[2; 60; 27.910220153501932]
[1; 140; 65.4944004635302]
[2; 70; 32.936220007737084]
[2; 70; 33.12911437265821]
[2; 70; 33.32602150418749]
[2; 70; 33.52708666636361]
[1; 140; 67.46492537424768]
[1; 160; 77.58242394497942]
[1; 160; 78.07268476696318]
[2; 90; 44.197854200406226]
[1; 180; 88.97252634391495]
[1; 180; 89.56273684868599]
[1; 180; 90.16688196692017]
[2; 90; 45.39276768217051]
[2; 90; 45.709652374195024]
[1; 180; 92.06883452889895]
[1; 180; 92.73480873860031]
[2; 90; 46.70897712205283]
[2; 100; 52.288357934574265]
[1; 200; 105.37655817945135]
[2; 100; 53.09911476354217]
[2; 100; 53.52138576247346]
[2; 100; 53.95564881379996]
[2; 100; 54.40249983828632]
[2; 100; 54.86257759650778]
[2; 100; 55.33656776051005]
[1; 1040; 580.5821576974016]
[2; 520; 292.91231033760005]
[2; 520; 295.61829829939484]
[1; 1040; 596.8277041129458]
[2; 520; 301.30417690515327]
[2; 520; 304.29491735539636]
[1; 1040; 614.7844126260004]
[1; 1080; 645.0979594102308]
[2; 540; 326.0081231164731]
[1; 1080; 659.2013778819748]
[2; 540; 333.33574958854456]
[1; 1120; 699.4260558659598]
[1; 1120; 707.8280973029632]
[2; 560; 358.29717746317874]
[2; 580; 375.8362509871261]
[1; 1200; 787.8582652154146]
[2; 600; 399.30744032333433]
[1; 1200; 809.9037033101519]
[2; 600; 410.88576544439235]
[1; 1200; 834.2712127668373]
[2; 600; 423.7313514546689]
[1; 1240; 890.1281583902546]
[1; 1240; 905.4112825461649]
[1; 1240; 921.6541100192367]
[2; 620; 469.4824074097911]
[1; 1240; 957.4696977239473]
[2; 640; 504.4218433571858]
[2; 660; 531.5575423324576]
[2; 660; 543.850733082536]
[2; 660; 557.2002386542396]
[2; 660; 571.7718674357516]
[2; 660; 587.7708889151046]
[2; 660; 605.455105736766]
[2; 660; 625.1536748019745]
[1; 1360; 1333.8198784409342]
[1; 1360; 1385.652276646798]
[2; 680; 722.6487573549988]
[1; 1360; 1515.0196469587677]
[1; 1360; 1598.1408169664776]
[2; 680; 849.8920441787371]
[1; 1400; 1882.1549976928598]
[1; 1400; 2057.876891760171]
[2; 700; 1154.4227837025776]
[2; 700; 1357.6924190371403]
[2; 700; 1791.4858873158937]


Jobs: [[2; 10; 4.056162553138738], [2; 10; 4.072501692274706], [1; 20; 8.178147076389369], [2; 10; 4.105883830941727], [2; 20; 8.245877026446982], [2; 20; 8.280487479539064], [2; 20; 8.315611774448907], [1; 40; 16.702526258454704], [2; 20; 8.387455248843027], [1; 40; 16.848404697298044], [2; 30; 12.692278768879383], [1; 60; 25.498263158672373], [2; 30; 12.865566234012189], [2; 30; 12.925198618154003], [2; 30; 12.985809744424108], [2; 40; 17.39656997069919], [1; 80; 34.960215524125964], [2; 40; 17.565066634381555], [2; 40; 17.65148853944762], [2; 40; 17.739417205403335], [2; 40; 17.828898235306074], [1; 100; 44.79994803123044], [1; 100; 45.26785481945089], [1; 120; 54.903990336066634], [2; 60; 27.754512475616394], [2; 60; 27.910220153501932], [1; 140; 65.4944004635302], [2; 70; 32.936220007737084], [2; 70; 33.12911437265821], [2; 70; 33.32602150418749], [2; 70; 33.52708666636361], [1; 140; 67.46492537424768], [1; 160; 78.07268476696318], [2; 90; 44.197854200406226], [1; 180; 88.97252634391495], [1; 180; 90.16688196692017], [2; 90; 45.39276768217051], [2; 90; 45.709652374195024], [1; 180; 92.06883452889895], [2; 90; 46.70897712205283], [2; 100; 52.288357934574265], [1; 200; 105.37655817945135], [2; 100; 53.09911476354217], [2; 100; 53.52138576247346], [2; 100; 53.95564881379996], [2; 100; 54.40249983828632], [2; 100; 54.86257759650778], [2; 100; 55.33656776051005], [1; 1040; 580.5821576974016], [2; 520; 292.91231033760005], [2; 520; 295.61829829939484], [1; 1040; 596.8277041129458], [2; 520; 301.30417690515327], [2; 520; 304.29491735539636], [1; 1040; 614.7844126260004], [2; 540; 326.0081231164731], [1; 1080; 659.2013778819748], [2; 540; 333.33574958854456], [1; 1120; 699.4260558659598], [2; 560; 358.29717746317874], [2; 580; 375.8362509871261], [1; 1200; 787.8582652154146], [2; 600; 399.30744032333433], [1; 1200; 809.9037033101519], [2; 600; 410.88576544439235], [1; 1200; 834.2712127668373], [2; 600; 423.7313514546689], [1; 1240; 890.1281583902546], [1; 1240; 921.6541100192367], [2; 620; 469.4824074097911], [1; 1240; 957.4696977239473], [2; 640; 504.4218433571858], [2; 660; 531.5575423324576], [2; 660; 543.850733082536], [2; 660; 557.2002386542396], [2; 660; 571.7718674357516], [2; 660; 587.7708889151046], [2; 660; 605.455105736766], [2; 660; 625.1536748019745], [1; 1360; 1333.8198784409342], [2; 680; 722.6487573549988], [1; 1360; 1515.0196469587677], [2; 680; 849.8920441787371], [1; 1400; 1882.1549976928598], [2; 700; 1154.4227837025776], [2; 700; 1357.6924190371403], [2; 700; 1791.4858873158937]];
Intervals[4.9E-324=4.056162553138738, 4.056162553138738=8.128664245413443, 8.128664245413443=16.30681132180281, 16.30681132180281=20.41269515274454, 20.41269515274454=28.658572179191523, 28.658572179191523=36.939059658730585, 36.939059658730585=45.254671433179496, 45.254671433179496=61.9571976916342, 61.9571976916342=70.34465294047723, 70.34465294047723=87.19305763777527, 87.19305763777527=99.88533640665466, 99.88533640665466=125.38359956532703, 125.49910802089708=138.36467425490926, 138.36467425490926=151.28987287306327, 151.28987287306327=164.27568261748738, 164.27568261748738=181.67225258818655, 181.67225258818655=216.63246811231252, 216.63246811231252=234.1975347466941, 234.1975347466941=251.84902328614172, 251.84902328614172=269.58844049154504, 269.58844049154504=287.41733872685114, 287.41733872685114=332.21728675808157, 332.21728675808157=377.48514157753243, 377.48514157753243=432.38913191359904, 433.1610444601344=460.9155569357508, 460.9155569357508=488.82577708925277, 488.82577708925277=554.320177552783, 554.320177552783=587.2563975605201, 587.2563975605201=620.3855119331783, 620.3855119331783=653.7115334373658, 653.7115334373658=687.2386201037294, 687.2386201037294=754.7035454779771, 754.7035454779771=832.7762302449403, 832.7762302449403=876.9740844453465, 876.9740844453465=965.9466107892615, 965.9466107892615=1056.1134927561816, 1056.1134927561816=1101.506260438352, 1101.506260438352=1147.215912812547, 1147.215912812547=1239.2847473414458, 1239.9507215511474=1286.6596986732002, 1286.6596986732002=1338.9480566077746, 1338.9480566077746=1444.324614787226, 1444.324614787226=1497.4237295507683, 1497.4237295507683=1550.9451153132418, 1550.9451153132418=1604.9007641270418, 1604.9007641270418=1659.3032639653281, 1659.3032639653281=1714.165841561836, 1714.165841561836=1769.502409322346, 1769.502409322346=2350.0845670197477, 2350.0845670197477=2642.996877357348, 2642.996877357348=2938.6151756567424, 2938.6151756567424=3535.4428797696883, 3535.4428797696883=3836.7470566748416, 3836.7470566748416=4141.041974030238, 4141.041974030238=4755.826386656238, 4786.139933440469=5112.148056556942, 5112.148056556942=5771.349434438916, 5771.349434438916=6104.685184027461, 6104.685184027461=6804.111239893421, 6812.513281330424=7170.810458793603, 7170.810458793603=7546.646709780729, 7546.646709780729=8334.504974996144, 8334.504974996144=8733.812415319479, 8733.812415319479=9543.71611862963, 9543.71611862963=9954.601884074023, 9954.601884074023=10788.87309684086, 10788.87309684086=11212.60444829553, 11212.60444829553=12102.732606685784, 12102.732606685784=13024.386716705021, 13024.386716705021=13493.869124114812, 13493.869124114812=14451.338821838759, 14451.338821838759=14955.760665195945, 14955.760665195945=15487.318207528402, 15487.318207528402=16031.168940610938, 16031.168940610938=16588.369179265177, 16588.369179265177=17160.14104670093, 17160.14104670093=17747.911935616034, 17747.911935616034=18353.367041352798, 18353.367041352798=18978.520716154773, 18978.520716154773=20312.340594595706, 20364.17299280157=21086.82175015657, 21086.82175015657=22601.84139711534, 22684.96256712305=23534.854611301787, 23534.854611301787=25417.009608994646, 25592.731503061957=26747.154286764537, 26747.154286764537=28104.846705801676, 28104.846705801676=29896.33259311757];

Jobs: [[2; 10; 4.056162553138738], [2; 10; 4.072501692274706], [2; 10; 4.105883830941727], [2; 20; 8.245877026446982], [2; 20; 8.280487479539064], [2; 20; 8.315611774448907], [2; 20; 8.387455248843027], [2; 30; 12.692278768879383], [1; 60; 25.61377161424242], [2; 30; 12.865566234012189], [2; 30; 12.925198618154003], [2; 30; 12.985809744424108], [2; 40; 17.39656997069919], [2; 40; 17.565066634381555], [2; 40; 17.65148853944762], [2; 40; 17.739417205403335], [2; 40; 17.828898235306074], [1; 100; 45.03177453325376], [1; 100; 45.50832447260203], [1; 120; 55.203606727427506], [2; 60; 27.754512475616394], [2; 60; 27.910220153501932], [2; 70; 32.936220007737084], [2; 70; 33.12911437265821], [2; 70; 33.32602150418749], [2; 70; 33.52708666636361], [1; 160; 77.58242394497942], [2; 90; 44.197854200406226], [1; 180; 89.56273684868599], [2; 90; 45.39276768217051], [2; 90; 45.709652374195024], [1; 180; 92.73480873860031], [2; 90; 46.70897712205283], [2; 100; 52.288357934574265], [2; 100; 53.09911476354217], [2; 100; 53.52138576247346], [2; 100; 53.95564881379996], [2; 100; 54.40249983828632], [2; 100; 54.86257759650778], [2; 100; 55.33656776051005], [2; 520; 292.91231033760005], [2; 520; 295.61829829939484], [2; 520; 301.30417690515327], [2; 520; 304.29491735539636], [1; 1080; 645.0979594102308], [2; 540; 326.0081231164731], [2; 540; 333.33574958854456], [1; 1120; 707.8280973029632], [2; 560; 358.29717746317874], [2; 580; 375.8362509871261], [2; 600; 399.30744032333433], [2; 600; 410.88576544439235], [2; 600; 423.7313514546689], [1; 1240; 905.4112825461649], [2; 620; 469.4824074097911], [2; 640; 504.4218433571858], [2; 660; 531.5575423324576], [2; 660; 543.850733082536], [2; 660; 557.2002386542396], [2; 660; 571.7718674357516], [2; 660; 587.7708889151046], [2; 660; 605.455105736766], [2; 660; 625.1536748019745], [1; 1360; 1385.652276646798], [2; 680; 722.6487573549988], [1; 1360; 1598.1408169664776], [2; 680; 849.8920441787371], [1; 1400; 2057.876891760171], [2; 700; 1154.4227837025776], [2; 700; 1357.6924190371403], [2; 700; 1791.4858873158937]];
Intervals[4.9E-324=4.056162553138738, 4.056162553138738=8.128664245413443, 16.30681132180281=20.41269515274454, 20.41269515274454=28.658572179191523, 28.658572179191523=36.939059658730585, 36.939059658730585=45.254671433179496, 61.9571976916342=70.34465294047723, 87.19305763777527=99.88533640665466, 99.88533640665466=125.49910802089708, 125.49910802089708=138.36467425490926, 138.36467425490926=151.28987287306327, 151.28987287306327=164.27568261748738, 164.27568261748738=181.67225258818655, 216.63246811231252=234.1975347466941, 234.1975347466941=251.84902328614172, 251.84902328614172=269.58844049154504, 269.58844049154504=287.41733872685114, 287.41733872685114=332.4491132601049, 332.4491132601049=377.9574377327069, 377.9574377327069=433.1610444601344, 433.1610444601344=460.9155569357508, 460.9155569357508=488.82577708925277, 554.320177552783=587.2563975605201, 587.2563975605201=620.3855119331783, 620.3855119331783=653.7115334373658, 653.7115334373658=687.2386201037294, 687.2386201037294=764.8210440487088, 832.7762302449403=876.9740844453465, 876.9740844453465=966.5368212940325, 1056.1134927561816=1101.506260438352, 1101.506260438352=1147.215912812547, 1147.215912812547=1239.9507215511474, 1239.9507215511474=1286.6596986732002, 1286.6596986732002=1338.9480566077746, 1444.324614787226=1497.4237295507683, 1497.4237295507683=1550.9451153132418, 1550.9451153132418=1604.9007641270418, 1604.9007641270418=1659.3032639653281, 1659.3032639653281=1714.165841561836, 1714.165841561836=1769.502409322346, 2350.0845670197477=2642.996877357348, 2642.996877357348=2938.6151756567424, 3535.4428797696883=3836.7470566748416, 3836.7470566748416=4141.041974030238, 4141.041974030238=4786.139933440469, 4786.139933440469=5112.148056556942, 5771.349434438916=6104.685184027461, 6104.685184027461=6812.513281330424, 6812.513281330424=7170.810458793603, 7170.810458793603=7546.646709780729, 8334.504974996144=8733.812415319479, 9543.71611862963=9954.601884074023, 10788.87309684086=11212.60444829553, 11212.60444829553=12118.015730841695, 13024.386716705021=13493.869124114812, 14451.338821838759=14955.760665195945, 14955.760665195945=15487.318207528402, 15487.318207528402=16031.168940610938, 16031.168940610938=16588.369179265177, 16588.369179265177=17160.14104670093, 17160.14104670093=17747.911935616034, 17747.911935616034=18353.367041352798, 18353.367041352798=18978.520716154773, 18978.520716154773=20364.17299280157, 20364.17299280157=21086.82175015657, 21086.82175015657=22684.96256712305, 22684.96256712305=23534.854611301787, 23534.854611301787=25592.731503061957, 25592.731503061957=26747.154286764537, 26747.154286764537=28104.846705801676, 28104.846705801676=29896.33259311757];
