1.1444424906011073
237575.8719345379
271891.92258349224
[2; 20; 7.801442734129204]
[2; 20; 7.864742259696558]
[2; 20; 7.929876647167172]
[1; 60; 23.990817012774702]
[1; 80; 32.26411710659178]
[1; 80; 32.54901964892713]
[1; 80; 32.84292642544587]
[2; 50; 20.716460350096607]
[1; 120; 50.18968395078001]
[2; 60; 25.337901219574995]
[2; 90; 38.38410723391751]
[1; 180; 77.54960557693622]
[2; 90; 39.17978079031726]
[2; 520; 228.79977077337279]
[2; 520; 231.32111358311454]
[2; 520; 233.94246243729762]
[2; 540; 245.7735395064562]
[1; 1080; 497.4519189762892]
[2; 540; 251.80636255042342]
[2; 540; 255.0245637338]
[1; 1080; 516.7829593734292]
[2; 560; 271.62000874111516]
[1; 1120; 550.9189881221193]
[2; 560; 279.49590699145244]
[2; 580; 293.88105171097965]
[2; 580; 298.5278966906308]
[2; 580; 303.4425140543193]
[2; 580; 308.65249373281915]
[2; 600; 325.02375923480975]
[2; 600; 331.1284250612279]
[2; 600; 337.6542209540615]
[2; 620; 356.14198923340365]
[2; 620; 363.9281237828139]
[1; 1240; 744.689186574824]
[2; 620; 381.4842632746357]
[2; 620; 391.4606536004051]
[2; 620; 402.4143009586817]
[2; 640; 427.8933766167123]
[1; 1280; 883.629898503701]
[1; 1320; 943.517127298847]
[1; 1320; 980.1823144404344]
[1; 1360; 1053.3551807523509]
[2; 680; 552.0848745062111]
[2; 680; 582.3748716060078]
[2; 680; 619.4144656752629]
[2; 700; 685.8718352520352]
[2; 700; 749.9062522504477]
[2; 700; 841.3611783146652]
[2; 700; 989.507232182519]
[2; 700; 1305.662620631825]


Jobs: [[2; 20; 7.801442734129204], [2; 20; 7.864742259696558], [2; 20; 7.929876647167172], [1; 60; 23.990817012774702], [1; 80; 32.54901964892713], [2; 50; 20.716460350096607], [1; 120; 50.18968395078001], [2; 60; 25.337901219574995], [2; 90; 38.38410723391751], [1; 180; 77.54960557693622], [2; 90; 39.17978079031726], [2; 520; 228.79977077337279], [2; 520; 231.32111358311454], [2; 520; 233.94246243729762], [2; 540; 245.7735395064562], [1; 1080; 497.4519189762892], [2; 540; 251.80636255042342], [2; 540; 255.0245637338], [1; 1080; 516.7829593734292], [2; 560; 271.62000874111516], [1; 1120; 550.9189881221193], [2; 560; 279.49590699145244], [2; 580; 293.88105171097965], [2; 580; 298.5278966906308], [2; 580; 303.4425140543193], [2; 580; 308.65249373281915], [2; 600; 325.02375923480975], [2; 600; 331.1284250612279], [2; 600; 337.6542209540615], [2; 620; 356.14198923340365], [2; 620; 363.9281237828139], [1; 1240; 744.689186574824], [2; 620; 381.4842632746357], [2; 620; 391.4606536004051], [2; 620; 402.4143009586817], [2; 640; 427.8933766167123], [1; 1280; 883.629898503701], [1; 1320; 980.1823144404344], [2; 680; 552.0848745062111], [2; 680; 582.3748716060078], [2; 680; 619.4144656752629], [2; 700; 685.8718352520352], [2; 700; 749.9062522504477], [2; 700; 841.3611783146652], [2; 700; 989.507232182519], [2; 700; 1305.662620631825]];
Intervals[4.9E-324=7.801442734129204, 7.801442734129204=15.666184993825762, 15.666184993825762=23.596061640992936, 23.596061640992936=47.58687865376764, 47.58687865376764=80.13589830269477, 88.7031051730306=109.4195655231272, 109.4195655231272=159.6092494739072, 159.6092494739072=184.9471506934822, 184.9471506934822=223.33125792739972, 223.33125792739972=300.88086350433593, 300.88086350433593=340.0606442946532, 340.0606442946532=568.860415068026, 568.860415068026=800.1815286511405, 800.1815286511405=1034.123991088438, 1034.123991088438=1279.8975305948943, 1279.8975305948943=1777.3494495711834, 1777.3494495711834=2029.155812121607, 2029.155812121607=2284.180375855407, 2284.180375855407=2800.963335228836, 2800.963335228836=3072.5833439699513, 3072.5833439699513=3623.502332092071, 3623.502332092071=3902.9982390835235, 3902.9982390835235=4196.8792907945035, 4196.8792907945035=4495.407187485134, 4495.407187485134=4798.849701539453, 4798.849701539453=5107.502195272273, 5107.502195272273=5432.525954507082, 5432.525954507082=5763.65437956831, 5763.65437956831=6101.308600522371, 6101.308600522371=6457.450589755775, 6457.450589755775=6821.378713538588, 6821.378713538588=7566.067900113412, 7566.067900113412=7947.552163388048, 7947.552163388048=8339.012816988454, 8339.012816988454=8741.427117947136, 8741.427117947136=9169.320494563848, 9169.320494563848=10052.95039306755, 10052.95039306755=11033.132707507984, 11166.192802615045=11718.277677121256, 11718.277677121256=12300.652548727263, 12300.652548727263=12920.067014402526, 12920.067014402526=13605.938849654562, 13605.938849654562=14355.84510190501, 14355.84510190501=15197.206280219674, 15197.206280219674=16186.713512402193, 16186.713512402193=17492.376133034017];

Jobs: [[2; 20; 7.801442734129204], [2; 20; 7.864742259696558], [2; 20; 7.929876647167172], [1; 80; 32.26411710659178], [1; 80; 32.84292642544587], [2; 50; 20.716460350096607], [2; 60; 25.337901219574995], [2; 90; 38.38410723391751], [2; 90; 39.17978079031726], [2; 520; 228.79977077337279], [2; 520; 231.32111358311454], [2; 520; 233.94246243729762], [2; 540; 245.7735395064562], [2; 540; 251.80636255042342], [2; 540; 255.0245637338], [2; 560; 271.62000874111516], [2; 560; 279.49590699145244], [2; 580; 293.88105171097965], [2; 580; 298.5278966906308], [2; 580; 303.4425140543193], [2; 580; 308.65249373281915], [2; 600; 325.02375923480975], [2; 600; 331.1284250612279], [2; 600; 337.6542209540615], [2; 620; 356.14198923340365], [2; 620; 363.9281237828139], [2; 620; 381.4842632746357], [2; 620; 391.4606536004051], [2; 620; 402.4143009586817], [2; 640; 427.8933766167123], [1; 1320; 943.517127298847], [1; 1360; 1053.3551807523509], [2; 680; 552.0848745062111], [2; 680; 582.3748716060078], [2; 680; 619.4144656752629], [2; 700; 685.8718352520352], [2; 700; 749.9062522504477], [2; 700; 841.3611783146652], [2; 700; 989.507232182519], [2; 700; 1305.662620631825]];
Intervals[4.9E-324=7.801442734129204, 7.801442734129204=15.666184993825762, 15.666184993825762=23.596061640992936, 23.596061640992936=55.86017874758472, 55.86017874758472=88.7031051730306, 88.7031051730306=109.4195655231272, 159.6092494739072=184.9471506934822, 184.9471506934822=223.33125792739972, 300.88086350433593=340.0606442946532, 340.0606442946532=568.860415068026, 568.860415068026=800.1815286511405, 800.1815286511405=1034.123991088438, 1034.123991088438=1279.8975305948943, 1777.3494495711834=2029.155812121607, 2029.155812121607=2284.180375855407, 2800.963335228836=3072.5833439699513, 3623.502332092071=3902.9982390835235, 3902.9982390835235=4196.8792907945035, 4196.8792907945035=4495.407187485134, 4495.407187485134=4798.849701539453, 4798.849701539453=5107.502195272273, 5107.502195272273=5432.525954507082, 5432.525954507082=5763.65437956831, 5763.65437956831=6101.308600522371, 6101.308600522371=6457.450589755775, 6457.450589755775=6821.378713538588, 7566.067900113412=7947.552163388048, 7947.552163388048=8339.012816988454, 8339.012816988454=8741.427117947136, 8741.427117947136=9169.320494563848, 9169.320494563848=10112.837621862695, 10112.837621862695=11166.192802615045, 11166.192802615045=11718.277677121256, 11718.277677121256=12300.652548727263, 12300.652548727263=12920.067014402526, 12920.067014402526=13605.938849654562, 13605.938849654562=14355.84510190501, 14355.84510190501=15197.206280219674, 15197.206280219674=16186.713512402193, 16186.713512402193=17492.376133034017];
