1.1823074188578522
86270.63919301811
101998.4167475143
[2; 10; 2.6011727930190465]
[2; 10; 2.6222782486800233]
[2; 10; 2.643995487702664]
[2; 10; 2.666355554250081]
[1; 20; 5.378783544824327]
[2; 20; 5.426279935366467]
[1; 40; 10.950554861764525]
[1; 60; 16.577577722516676]
[2; 30; 8.367172895589155]
[1; 80; 22.528571199181496]
[1; 80; 22.75218943728107]
[2; 50; 14.36485895484252]
[2; 50; 14.514890714078371]
[2; 60; 17.604665002866355]
[2; 60; 17.798666051787226]
[2; 60; 18.00036192008969]
[2; 70; 21.245339612016092]
[1; 140; 43.00110980426661]
[2; 70; 21.76683340115898]
[2; 70; 22.045023548145213]
[2; 80; 25.52693600932417]
[1; 160; 51.75090966085791]
[2; 80; 26.24121738757183]
[2; 90; 29.953957438321908]
[2; 100; 33.78841855663199]
[2; 100; 34.32268077675857]
[2; 100; 34.88772962071503]
[1; 1040; 369.0620667620001]
[2; 520; 187.8414689768613]
[1; 1040; 382.7390953198603]
[2; 540; 202.64643416179706]
[2; 560; 214.5081469577808]
[2; 560; 219.19781946102324]
[2; 580; 232.2766905337849]
[1; 1200; 492.36872340522746]
[2; 620; 261.0432035162494]
[2; 620; 268.3475779668949]
[1; 1240; 552.8426611669714]
[1; 1240; 570.8294767706473]
[2; 620; 295.52336280274073]
[2; 620; 307.00743562810004]
[2; 640; 330.5522934891301]
[2; 640; 346.4983602935194]
[2; 660; 376.93105854239053]
[2; 660; 400.90423128935964]
[2; 660; 431.2341425565637]
[2; 680; 485.78278544445635]
[1; 1360; 1090.0529913971895]
[1; 1360; 1281.9884566225037]
[1; 1400; 1741.3466720927186]


Jobs: [[2; 10; 2.6011727930190465], [2; 10; 2.6222782486800233], [2; 10; 2.643995487702664], [2; 10; 2.666355554250081], [1; 20; 5.378783544824327], [2; 20; 5.426279935366467], [1; 40; 10.950554861764525], [2; 30; 8.367172895589155], [1; 80; 22.528571199181496], [2; 50; 14.36485895484252], [2; 50; 14.514890714078371], [2; 60; 17.604665002866355], [2; 60; 17.798666051787226], [2; 60; 18.00036192008969], [2; 70; 21.245339612016092], [1; 140; 43.00110980426661], [2; 70; 21.76683340115898], [2; 70; 22.045023548145213], [2; 80; 25.52693600932417], [1; 160; 51.75090966085791], [2; 80; 26.24121738757183], [2; 90; 29.953957438321908], [2; 100; 33.78841855663199], [2; 100; 34.32268077675857], [2; 100; 34.88772962071503], [1; 1040; 369.0620667620001], [2; 520; 187.8414689768613], [1; 1040; 382.7390953198603], [2; 540; 202.64643416179706], [2; 560; 214.5081469577808], [2; 560; 219.19781946102324], [2; 580; 232.2766905337849], [1; 1200; 492.36872340522746], [2; 620; 261.0432035162494], [2; 620; 268.3475779668949], [1; 1240; 552.8426611669714], [2; 620; 295.52336280274073], [2; 620; 307.00743562810004], [2; 640; 330.5522934891301], [2; 640; 346.4983602935194], [2; 660; 376.93105854239053], [2; 660; 400.90423128935964], [2; 660; 431.2341425565637], [2; 680; 485.78278544445635], [1; 1360; 1090.0529913971895], [1; 1400; 1741.3466720927186]];
Intervals[4.9E-324=2.6011727930190465, 2.6011727930190465=5.22345104169907, 5.22345104169907=7.867446529401734, 7.867446529401734=10.533802083651816, 10.533802083651816=15.912585628476144, 15.912585628476144=21.33886556384261, 21.33886556384261=32.28942042560713, 37.91644328635928=46.28361618194844, 46.28361618194844=68.81218738112993, 69.0358056192295=83.40066457407202, 83.40066457407202=97.9155552881504, 97.9155552881504=115.52022029101676, 115.52022029101676=133.31888634280398, 133.31888634280398=151.31924826289367, 151.31924826289367=172.56458787490976, 172.56458787490976=215.56569767917637, 215.56569767917637=237.33253108033534, 237.33253108033534=259.37755462848054, 259.37755462848054=284.9044906378047, 284.9044906378047=336.65540029866264, 336.65540029866264=362.8966176862345, 362.8966176862345=392.85057512455637, 392.85057512455637=426.63899368118837, 426.63899368118837=460.9616744579469, 460.9616744579469=495.84940407866196, 495.84940407866196=864.9114708406621, 864.9114708406621=1052.7529398175234, 1052.7529398175234=1435.4920351373837, 1435.4920351373837=1638.1384692991808, 1638.1384692991808=1852.6466162569616, 1852.6466162569616=2071.8444357179847, 2071.8444357179847=2304.1211262517695, 2304.1211262517695=2796.4898496569967, 2796.4898496569967=3057.533053173246, 3057.533053173246=3325.880631140141, 3325.880631140141=3878.7232923071124, 3896.710107910788=4192.233470713529, 4192.233470713529=4499.240906341629, 4499.240906341629=4829.7931998307595, 4829.7931998307595=5176.2915601242785, 5176.2915601242785=5553.222618666669, 5553.222618666669=5954.126849956029, 5954.126849956029=6385.360992512593, 6385.360992512593=6871.14377795705, 6871.14377795705=7961.196769354239, 7961.196769354239=9702.543441446958];

Jobs: [[2; 10; 2.6011727930190465], [2; 10; 2.6222782486800233], [2; 10; 2.643995487702664], [2; 10; 2.666355554250081], [2; 20; 5.426279935366467], [1; 60; 16.577577722516676], [2; 30; 8.367172895589155], [1; 80; 22.75218943728107], [2; 50; 14.36485895484252], [2; 50; 14.514890714078371], [2; 60; 17.604665002866355], [2; 60; 17.798666051787226], [2; 60; 18.00036192008969], [2; 70; 21.245339612016092], [2; 70; 21.76683340115898], [2; 70; 22.045023548145213], [2; 80; 25.52693600932417], [2; 80; 26.24121738757183], [2; 90; 29.953957438321908], [2; 100; 33.78841855663199], [2; 100; 34.32268077675857], [2; 100; 34.88772962071503], [2; 520; 187.8414689768613], [2; 540; 202.64643416179706], [2; 560; 214.5081469577808], [2; 560; 219.19781946102324], [2; 580; 232.2766905337849], [2; 620; 261.0432035162494], [2; 620; 268.3475779668949], [1; 1240; 570.8294767706473], [2; 620; 295.52336280274073], [2; 620; 307.00743562810004], [2; 640; 330.5522934891301], [2; 640; 346.4983602935194], [2; 660; 376.93105854239053], [2; 660; 400.90423128935964], [2; 660; 431.2341425565637], [2; 680; 485.78278544445635], [1; 1360; 1281.9884566225037]];
Intervals[4.9E-324=2.6011727930190465, 2.6011727930190465=5.22345104169907, 5.22345104169907=7.867446529401734, 7.867446529401734=10.533802083651816, 15.912585628476144=21.33886556384261, 21.33886556384261=37.91644328635928, 37.91644328635928=46.28361618194844, 46.28361618194844=69.0358056192295, 69.0358056192295=83.40066457407202, 83.40066457407202=97.9155552881504, 97.9155552881504=115.52022029101676, 115.52022029101676=133.31888634280398, 133.31888634280398=151.31924826289367, 151.31924826289367=172.56458787490976, 215.56569767917637=237.33253108033534, 237.33253108033534=259.37755462848054, 259.37755462848054=284.9044906378047, 336.65540029866264=362.8966176862345, 362.8966176862345=392.85057512455637, 392.85057512455637=426.63899368118837, 426.63899368118837=460.9616744579469, 460.9616744579469=495.84940407866196, 864.9114708406621=1052.7529398175234, 1435.4920351373837=1638.1384692991808, 1638.1384692991808=1852.6466162569616, 1852.6466162569616=2071.8444357179847, 2071.8444357179847=2304.1211262517695, 2796.4898496569967=3057.533053173246, 3057.533053173246=3325.880631140141, 3325.880631140141=3896.710107910788, 3896.710107910788=4192.233470713529, 4192.233470713529=4499.240906341629, 4499.240906341629=4829.7931998307595, 4829.7931998307595=5176.2915601242785, 5176.2915601242785=5553.222618666669, 5553.222618666669=5954.126849956029, 5954.126849956029=6385.360992512593, 6385.360992512593=6871.14377795705, 6871.14377795705=8153.132234579553];
