1.1437732903997881
1325936.2049168416
1516570.4159579435
[2; 10; 5.880592016343477]
[2; 10; 5.904280369533994]
[2; 10; 5.928306099158092]
[1; 20; 11.905355054168526]
[1; 40; 23.909613076010086]
[2; 20; 12.004984495981068]
[2; 20; 12.055907417713259]
[1; 40; 24.21518893325192]
[1; 60; 36.48019653621912]
[1; 80; 48.85336465343868]
[1; 80; 49.06977122319484]
[2; 40; 24.64478527789498]
[1; 100; 61.89106858591554]
[2; 50; 31.087324981969026]
[1; 100; 62.462831808646186]
[2; 50; 31.37787178085503]
[1; 120; 75.66422386274257]
[1; 120; 76.02756112735251]
[1; 120; 76.39707920735714]
[2; 70; 44.784226997344724]
[2; 70; 45.00731398102512]
[2; 80; 51.696388026466295]
[1; 160; 103.92096994088895]
[1; 160; 104.45873027336687]
[2; 80; 52.503178984731036]
[1; 180; 118.75968847811532]
[2; 100; 66.33280492046835]
[2; 100; 66.69478945961502]
[1; 200; 134.12756708128623]
[1; 200; 134.88004623324437]
[1; 1040; 705.3670577489993]
[1; 1080; 736.7245957925941]
[2; 540; 370.51964963541275]
[1; 1080; 745.4437611930043]
[1; 1080; 749.941230857021]
[1; 1080; 754.5351267517088]
[1; 1080; 759.2290481351816]
[2; 540; 382.01339380048717]
[2; 540; 384.46617236673427]
[2; 540; 386.97497048317126]
[2; 560; 403.9695000297904]
[1; 1120; 813.3889496691116]
[2; 560; 409.48488871025114]
[2; 560; 412.34348269941233]
[2; 560; 415.2731633893843]
[1; 1120; 836.5540321703605]
[1; 1160; 872.8136613915705]
[2; 580; 439.68200926341206]
[1; 1160; 886.0897274222509]
[2; 580; 446.4994960934762]
[1; 1160; 900.1005715288047]
[2; 580; 453.70191412869343]
[1; 1160; 914.9187843221159]
[1; 1160; 922.656182134659]
[1; 1160; 930.6275530444273]
[2; 580; 469.4226469889575]
[2; 580; 473.6613767107593]
[2; 580; 478.03716406455527]
[1; 1160; 965.1155721773401]
[1; 1200; 1008.0655037405115]
[2; 600; 509.03577291944686]
[2; 600; 514.2170322457317]
[1; 1200; 1039.1754001661668]
[2; 600; 525.1599650178789]
[2; 600; 530.9471574494377]
[2; 600; 536.9638919413878]
[2; 600; 543.226231989698]
[2; 620; 568.0769442342337]
[1; 1240; 1150.224844007087]
[1; 1240; 1164.9252467953268]
[1; 1240; 1180.3049629291902]
[1; 1240; 1196.419646417798]
[1; 1280; 1252.4713696548056]
[1; 1280; 1270.8243098889177]
[2; 640; 645.0771889590387]
[2; 640; 655.2771446198407]
[1; 1280; 1332.129736416829]
[1; 1280; 1355.0018408003787]
[1; 1280; 1379.3101982839764]
[1; 1280; 1405.216697708258]
[2; 640; 716.4551778491783]
[1; 1280; 1462.6135052798345]
[2; 660; 770.647871902606]
[1; 1320; 1576.9408829894678]
[2; 660; 807.8244478637209]
[1; 1320; 1657.9005573682564]
[2; 660; 852.1455320173524]
[1; 1360; 1808.7669645175097]
[1; 1360; 1867.61545821393]
[2; 680; 966.880693961638]
[1; 1360; 2008.9075841331576]
[1; 1360; 2095.38077305798]
[2; 680; 1098.2316812741046]
[1; 1360; 2316.9717697761753]
[2; 700; 1268.4068823356747]
[2; 700; 1364.3666283034968]
[1; 1400; 2983.493452681818]
[1; 1400; 3347.3458306414122]
[1; 1400; 3936.7432125527935]
[2; 700; 2597.2819058224545]


Jobs: [[2; 10; 5.880592016343477], [2; 10; 5.904280369533994], [2; 10; 5.928306099158092], [1; 20; 11.905355054168526], [2; 20; 12.004984495981068], [2; 20; 12.055907417713259], [1; 40; 24.21518893325192], [1; 80; 48.85336465343868], [2; 40; 24.64478527789498], [1; 100; 61.89106858591554], [2; 50; 31.087324981969026], [1; 100; 62.462831808646186], [2; 50; 31.37787178085503], [1; 120; 75.66422386274257], [1; 120; 76.39707920735714], [2; 70; 44.784226997344724], [2; 70; 45.00731398102512], [2; 80; 51.696388026466295], [1; 160; 103.92096994088895], [2; 80; 52.503178984731036], [1; 180; 118.75968847811532], [2; 100; 66.33280492046835], [2; 100; 66.69478945961502], [1; 200; 134.12756708128623], [1; 1040; 705.3670577489993], [2; 540; 370.51964963541275], [1; 1080; 745.4437611930043], [1; 1080; 754.5351267517088], [2; 540; 382.01339380048717], [2; 540; 384.46617236673427], [2; 540; 386.97497048317126], [2; 560; 403.9695000297904], [1; 1120; 813.3889496691116], [2; 560; 409.48488871025114], [2; 560; 412.34348269941233], [2; 560; 415.2731633893843], [1; 1120; 836.5540321703605], [2; 580; 439.68200926341206], [1; 1160; 886.0897274222509], [2; 580; 446.4994960934762], [1; 1160; 900.1005715288047], [2; 580; 453.70191412869343], [1; 1160; 914.9187843221159], [1; 1160; 930.6275530444273], [2; 580; 469.4226469889575], [2; 580; 473.6613767107593], [2; 580; 478.03716406455527], [1; 1160; 965.1155721773401], [2; 600; 509.03577291944686], [2; 600; 514.2170322457317], [1; 1200; 1039.1754001661668], [2; 600; 525.1599650178789], [2; 600; 530.9471574494377], [2; 600; 536.9638919413878], [2; 600; 543.226231989698], [2; 620; 568.0769442342337], [1; 1240; 1150.224844007087], [1; 1240; 1180.3049629291902], [1; 1280; 1252.4713696548056], [2; 640; 645.0771889590387], [2; 640; 655.2771446198407], [1; 1280; 1332.129736416829], [1; 1280; 1379.3101982839764], [2; 640; 716.4551778491783], [1; 1280; 1462.6135052798345], [2; 660; 770.647871902606], [1; 1320; 1576.9408829894678], [2; 660; 807.8244478637209], [1; 1320; 1657.9005573682564], [2; 660; 852.1455320173524], [1; 1360; 1808.7669645175097], [2; 680; 966.880693961638], [1; 1360; 2008.9075841331576], [2; 680; 1098.2316812741046], [1; 1360; 2316.9717697761753], [2; 700; 1268.4068823356747], [2; 700; 1364.3666283034968], [1; 1400; 2983.493452681818], [1; 1400; 3936.7432125527935], [2; 700; 2597.2819058224545]];
Intervals[4.9E-324=5.880592016343477, 5.880592016343477=11.78487238587747, 11.78487238587747=17.713178485035563, 17.713178485035563=29.618533539204087, 41.622791561045645=53.627776057026715, 53.627776057026715=65.68368347473998, 65.68368347473998=89.8988724079919, 89.8988724079919=138.75223706143058, 151.23365123415394=175.87843651204892, 175.87843651204892=237.76950509796447, 237.76950509796447=268.8568300799335, 268.8568300799335=331.3196618885797, 331.3196618885797=362.69753366943473, 362.69753366943473=438.3617575321773, 438.3617575321773=514.7588367395344, 514.7588367395344=559.5430637368792, 559.5430637368792=604.5503777179043, 604.5503777179043=656.2467657443706, 656.2467657443706=760.1677356852596, 760.7054960177375=813.2086750024685, 813.2086750024685=931.9683634805838, 931.9683634805838=998.3011684010521, 998.3011684010521=1064.9959578606672, 1064.9959578606672=1199.1235249419535, 1199.1235249419535=1904.4905826909528, 1936.6005998865057=2307.1202495219186, 2307.1202495219186=3052.564010714923, 3052.564010714923=3807.099137466632, 3816.290528514121=4198.303922314608, 4198.303922314608=4582.770094681342, 4582.770094681342=4969.745065164513, 4969.745065164513=5373.714565194304, 5373.714565194304=6187.1035148634155, 6187.1035148634155=6596.588403573666, 6596.588403573666=7008.931886273079, 7008.931886273079=7424.205049662463, 7424.205049662463=8260.759081832824, 8297.018711054034=8736.700720317445, 8736.700720317445=9622.790447739697, 9622.790447739697=10069.289943833173, 10069.289943833173=10969.390515361978, 10969.390515361978=11423.09242949067, 11423.09242949067=12338.011213812786, 12338.011213812786=13268.638766857213, 13268.638766857213=13738.061413846171, 13738.061413846171=14211.72279055693, 14211.72279055693=14689.759954621486, 14689.759954621486=15654.875526798825, 15697.825458361998=16206.861231281446, 16206.861231281446=16721.07826352718, 16721.07826352718=17760.253663693347, 17760.253663693347=18285.413628711227, 18285.413628711227=18816.360786160665, 18816.360786160665=19353.324678102053, 19353.324678102053=19896.55091009175, 19896.55091009175=20464.627854325987, 20464.627854325987=21614.852698333074, 21614.852698333074=22795.157661262263, 22795.157661262263=24047.62903091707, 24096.79705742803=24741.87424638707, 24741.87424638707=25397.15139100691, 25397.15139100691=26729.28112742374, 26729.28112742374=28108.591325707715, 28157.369929515546=28873.825107364722, 28873.825107364722=30336.438612644557, 30336.438612644557=31107.086484547162, 31107.086484547162=32684.02736753663, 32684.02736753663=33491.851815400354, 33491.851815400354=35149.75237276861, 35149.75237276861=36001.89790478597, 36001.89790478597=37810.66486930348, 37869.513362999896=38836.39405696154, 38836.39405696154=40845.301641094695, 40931.774830019516=42030.00651129362, 42030.00651129362=44346.978281069794, 44346.978281069794=45615.385163405466, 45615.385163405466=46979.751791708964, 46979.751791708964=49963.24524439078, 49963.24524439078=53899.988456943574, 53899.988456943574=56497.27036276603];

Jobs: [[2; 10; 5.880592016343477], [2; 10; 5.904280369533994], [2; 10; 5.928306099158092], [1; 40; 23.909613076010086], [2; 20; 12.004984495981068], [2; 20; 12.055907417713259], [1; 60; 36.48019653621912], [1; 80; 49.06977122319484], [2; 40; 24.64478527789498], [2; 50; 31.087324981969026], [2; 50; 31.37787178085503], [1; 120; 76.02756112735251], [2; 70; 44.784226997344724], [2; 70; 45.00731398102512], [2; 80; 51.696388026466295], [1; 160; 104.45873027336687], [2; 80; 52.503178984731036], [2; 100; 66.33280492046835], [2; 100; 66.69478945961502], [1; 200; 134.88004623324437], [1; 1080; 736.7245957925941], [2; 540; 370.51964963541275], [1; 1080; 749.941230857021], [1; 1080; 759.2290481351816], [2; 540; 382.01339380048717], [2; 540; 384.46617236673427], [2; 540; 386.97497048317126], [2; 560; 403.9695000297904], [2; 560; 409.48488871025114], [2; 560; 412.34348269941233], [2; 560; 415.2731633893843], [1; 1160; 872.8136613915705], [2; 580; 439.68200926341206], [2; 580; 446.4994960934762], [2; 580; 453.70191412869343], [1; 1160; 922.656182134659], [2; 580; 469.4226469889575], [2; 580; 473.6613767107593], [2; 580; 478.03716406455527], [1; 1200; 1008.0655037405115], [2; 600; 509.03577291944686], [2; 600; 514.2170322457317], [2; 600; 525.1599650178789], [2; 600; 530.9471574494377], [2; 600; 536.9638919413878], [2; 600; 543.226231989698], [2; 620; 568.0769442342337], [1; 1240; 1164.9252467953268], [1; 1240; 1196.419646417798], [1; 1280; 1270.8243098889177], [2; 640; 645.0771889590387], [2; 640; 655.2771446198407], [1; 1280; 1355.0018408003787], [1; 1280; 1405.216697708258], [2; 640; 716.4551778491783], [2; 660; 770.647871902606], [2; 660; 807.8244478637209], [2; 660; 852.1455320173524], [1; 1360; 1867.61545821393], [2; 680; 966.880693961638], [1; 1360; 2095.38077305798], [2; 680; 1098.2316812741046], [2; 700; 1268.4068823356747], [2; 700; 1364.3666283034968], [1; 1400; 3347.3458306414122], [2; 700; 2597.2819058224545]];
Intervals[4.9E-324=5.880592016343477, 5.880592016343477=11.78487238587747, 11.78487238587747=17.713178485035563, 17.713178485035563=41.622791561045645, 41.622791561045645=53.627776057026715, 53.627776057026715=65.68368347473998, 65.68368347473998=102.1638800109591, 102.1638800109591=151.23365123415394, 151.23365123415394=175.87843651204892, 237.76950509796447=268.8568300799335, 331.3196618885797=362.69753366943473, 362.69753366943473=438.72509479678723, 514.7588367395344=559.5430637368792, 559.5430637368792=604.5503777179043, 604.5503777179043=656.2467657443706, 656.2467657443706=760.7054960177375, 760.7054960177375=813.2086750024685, 931.9683634805838=998.3011684010521, 998.3011684010521=1064.9959578606672, 1064.9959578606672=1199.8760040939117, 1199.8760040939117=1936.6005998865057, 1936.6005998865057=2307.1202495219186, 2307.1202495219186=3057.0614803789395, 3057.0614803789395=3816.290528514121, 3816.290528514121=4198.303922314608, 4198.303922314608=4582.770094681342, 4582.770094681342=4969.745065164513, 4969.745065164513=5373.714565194304, 6187.1035148634155=6596.588403573666, 6596.588403573666=7008.931886273079, 7008.931886273079=7424.205049662463, 7424.205049662463=8297.018711054034, 8297.018711054034=8736.700720317445, 9622.790447739697=10069.289943833173, 10969.390515361978=11423.09242949067, 11423.09242949067=12345.74861162533, 13268.638766857213=13738.061413846171, 13738.061413846171=14211.72279055693, 14211.72279055693=14689.759954621486, 14689.759954621486=15697.825458361998, 15697.825458361998=16206.861231281446, 16206.861231281446=16721.07826352718, 17760.253663693347=18285.413628711227, 18285.413628711227=18816.360786160665, 18816.360786160665=19353.324678102053, 19353.324678102053=19896.55091009175, 19896.55091009175=20464.627854325987, 20464.627854325987=21629.553101121313, 21629.553101121313=22825.972747539112, 22825.972747539112=24096.79705742803, 24096.79705742803=24741.87424638707, 24741.87424638707=25397.15139100691, 25397.15139100691=26752.15323180729, 26752.15323180729=28157.369929515546, 28157.369929515546=28873.825107364722, 30336.438612644557=31107.086484547162, 32684.02736753663=33491.851815400354, 35149.75237276861=36001.89790478597, 36001.89790478597=37869.513362999896, 37869.513362999896=38836.39405696154, 38836.39405696154=40931.774830019516, 40931.774830019516=42030.00651129362, 44346.978281069794=45615.385163405466, 45615.385163405466=46979.751791708964, 46979.751791708964=50327.097622350375, 53899.988456943574=56497.27036276603];
