1.223111593909378
248400.12111237916
303821.0680610446
[1; 60; 23.825167809381192]
[2; 30; 12.009240502084998]
[2; 40; 16.1449318427501]
[2; 40; 16.28146828998931]
[2; 50; 20.527666871027094]
[2; 50; 20.708932778922456]
[2; 60; 25.075113030511435]
[1; 140; 59.04911228256726]
[1; 140; 59.60751806679402]
[1; 140; 60.18485417049479]
[2; 80; 34.732713184148864]
[1; 180; 78.94404618002841]
[2; 520; 230.44252464560145]
[1; 1040; 465.8277636755623]
[2; 540; 244.53750627699756]
[2; 540; 247.30862432132454]
[1; 1080; 500.38572106927927]
[2; 540; 253.19836878504614]
[2; 540; 256.3341614147118]
[1; 1080; 519.2204599021275]
[1; 1080; 526.0753746755488]
[1; 1080; 533.2578727758773]
[2; 560; 280.4126063324677]
[2; 560; 284.5215991043582]
[1; 1120; 577.6987170300921]
[1; 1160; 607.7916163994238]
[1; 1160; 617.797593276541]
[2; 580; 314.2024583819586]
[2; 580; 319.8391634037485]
[2; 580; 325.8464510413592]
[1; 1200; 687.4513471363564]
[1; 1200; 701.7016944192665]
[2; 600; 358.52130445908284]
[1; 1200; 733.6254637652365]
[2; 600; 375.81661532005353]
[2; 600; 385.64478808177824]
[2; 620; 409.65022222929395]
[1; 1240; 843.9506729321894]
[2; 620; 435.70436481259264]
[1; 1280; 931.3772276661637]
[2; 640; 483.7853284362162]
[1; 1320; 1040.7577343116297]
[1; 1320; 1090.9645932123494]
[1; 1320; 1150.8200898765876]
[1; 1320; 1224.0133388542156]
[1; 1320; 1316.6145464741157]
[1; 1360; 1483.1587266052168]
[2; 680; 832.0187824140778]
[2; 700; 1007.2998315302976]
[2; 700; 1329.1400962244313]


Jobs: [[1; 60; 23.825167809381192], [2; 30; 12.009240502084998], [2; 40; 16.1449318427501], [2; 40; 16.28146828998931], [2; 50; 20.527666871027094], [2; 50; 20.708932778922456], [2; 60; 25.075113030511435], [1; 140; 59.04911228256726], [1; 140; 60.18485417049479], [2; 80; 34.732713184148864], [1; 180; 78.94404618002841], [2; 520; 230.44252464560145], [1; 1040; 465.8277636755623], [2; 540; 244.53750627699756], [2; 540; 247.30862432132454], [1; 1080; 500.38572106927927], [2; 540; 253.19836878504614], [2; 540; 256.3341614147118], [1; 1080; 519.2204599021275], [1; 1080; 533.2578727758773], [2; 560; 280.4126063324677], [2; 560; 284.5215991043582], [1; 1120; 577.6987170300921], [1; 1160; 617.797593276541], [2; 580; 314.2024583819586], [2; 580; 319.8391634037485], [2; 580; 325.8464510413592], [1; 1200; 687.4513471363564], [2; 600; 358.52130445908284], [1; 1200; 733.6254637652365], [2; 600; 375.81661532005353], [2; 600; 385.64478808177824], [2; 620; 409.65022222929395], [1; 1240; 843.9506729321894], [2; 620; 435.70436481259264], [1; 1280; 931.3772276661637], [2; 640; 483.7853284362162], [1; 1320; 1040.7577343116297], [1; 1320; 1150.8200898765876], [1; 1320; 1316.6145464741157], [2; 680; 832.0187824140778], [2; 700; 1007.2998315302976], [2; 700; 1329.1400962244313]];
Intervals[0.0=23.825167809381192, 23.825167809381192=35.83440831146619, 35.83440831146619=51.97934015421629, 51.97934015421629=68.2608084442056, 68.2608084442056=88.78847531523269, 88.78847531523269=109.49740809415515, 109.49740809415515=134.5725211246666, 134.5725211246666=193.62163340723384, 193.62163340723384=253.80648757772863, 253.80648757772863=288.5392007618775, 288.5392007618775=367.4832469419059, 367.4832469419059=597.9257715875074, 597.9257715875074=1063.7535352630698, 1063.7535352630698=1308.2910415400675, 1308.2910415400675=1555.599665861392, 1555.599665861392=2055.985386930671, 2055.985386930671=2309.1837557157173, 2309.1837557157173=2565.517917130429, 2565.517917130429=3084.7383770325564, 3084.7383770325564=3617.9962498084337, 3617.9962498084337=3898.4088561409017, 3898.4088561409017=4182.9304552452595, 4182.9304552452595=4760.629172275351, 4760.629172275351=5378.4267655518925, 5378.4267655518925=5692.629223933851, 5692.629223933851=6012.4683873376, 6012.4683873376=6338.314838378959, 6338.314838378959=7025.766185515316, 7040.016532798226=7398.537837257309, 7398.537837257309=8132.163301022545, 8132.163301022545=8507.979916342598, 8507.979916342598=8893.624704424376, 8893.624704424376=9303.27492665367, 9303.27492665367=10147.22559958586, 10147.22559958586=10582.929964398452, 10582.929964398452=11514.307192064616, 11514.307192064616=11998.092520500832, 11998.092520500832=13038.850254812462, 13038.850254812462=14189.67034468905, 14189.67034468905=15506.284891163166, 15796.229179172615=16628.247961586694, 16628.247961586694=17635.54779311699, 17635.54779311699=18964.68788934142];

Jobs: [[2; 30; 12.009240502084998], [2; 40; 16.1449318427501], [2; 40; 16.28146828998931], [2; 50; 20.527666871027094], [2; 50; 20.708932778922456], [2; 60; 25.075113030511435], [1; 140; 59.60751806679402], [2; 80; 34.732713184148864], [2; 520; 230.44252464560145], [2; 540; 244.53750627699756], [2; 540; 247.30862432132454], [2; 540; 253.19836878504614], [2; 540; 256.3341614147118], [1; 1080; 526.0753746755488], [2; 560; 280.4126063324677], [2; 560; 284.5215991043582], [1; 1160; 607.7916163994238], [2; 580; 314.2024583819586], [2; 580; 319.8391634037485], [2; 580; 325.8464510413592], [1; 1200; 701.7016944192665], [2; 600; 358.52130445908284], [2; 600; 375.81661532005353], [2; 600; 385.64478808177824], [2; 620; 409.65022222929395], [2; 620; 435.70436481259264], [2; 640; 483.7853284362162], [1; 1320; 1090.9645932123494], [1; 1320; 1224.0133388542156], [1; 1360; 1483.1587266052168], [2; 680; 832.0187824140778], [2; 700; 1007.2998315302976], [2; 700; 1329.1400962244313]];
Intervals[23.825167809381192=35.83440831146619, 35.83440831146619=51.97934015421629, 51.97934015421629=68.2608084442056, 68.2608084442056=88.78847531523269, 88.78847531523269=109.49740809415515, 109.49740809415515=134.5725211246666, 134.5725211246666=194.18003919146062, 253.80648757772863=288.5392007618775, 367.4832469419059=597.9257715875074, 1063.7535352630698=1308.2910415400675, 1308.2910415400675=1555.599665861392, 2055.985386930671=2309.1837557157173, 2309.1837557157173=2565.517917130429, 2565.517917130429=3091.593291805978, 3617.9962498084337=3898.4088561409017, 3898.4088561409017=4182.9304552452595, 4182.9304552452595=4790.722071644684, 5378.4267655518925=5692.629223933851, 5692.629223933851=6012.4683873376, 6012.4683873376=6338.314838378959, 6338.314838378959=7040.016532798226, 7040.016532798226=7398.537837257309, 8132.163301022545=8507.979916342598, 8507.979916342598=8893.624704424376, 8893.624704424376=9303.27492665367, 10147.22559958586=10582.929964398452, 11514.307192064616=11998.092520500832, 11998.092520500832=13089.057113713181, 13089.057113713181=14313.070452567397, 14313.070452567397=15796.229179172615, 15796.229179172615=16628.247961586694, 16628.247961586694=17635.54779311699, 17635.54779311699=18964.68788934142];
