0.9999999999999984
86859.91239022597
86859.91239022584
[2; 10; 2.6082652261609405]
[2; 10; 2.629428228569141]
[2; 10; 2.6512046824452535]
[2; 20; 5.347251433196614]
[2; 20; 5.3934494919612375]
[2; 20; 5.4410753875386835]
[2; 30; 8.235309721569186]
[2; 30; 8.31138931324812]
[2; 30; 8.389987071759187]
[2; 40; 11.294999127242853]
[2; 40; 11.407113108277835]
[2; 50; 14.404026595686442]
[2; 50; 14.554467435866242]
[2; 50; 14.710555327331978]
[2; 50; 14.87266367550255]
[2; 60; 18.049442228706923]
[2; 60; 18.259943803607662]
[2; 70; 21.559178938401196]
[2; 80; 24.94420969154442]
[2; 80; 25.26300816960768]
[2; 80; 25.596538493038217]
[2; 90; 29.18925854512167]
[2; 90; 29.601863383047583]
[2; 90; 30.035630766997567]
[2; 100; 33.880547038148634]
[2; 100; 34.41626599313213]
[2; 100; 34.98285551564652]
[2; 520; 185.03418104591938]
[2; 520; 188.35364297144136]
[2; 520; 191.89134141612163]
[2; 520; 195.67308781089918]
[2; 540; 207.41113712208943]
[2; 540; 211.94565164017504]
[2; 540; 216.84726269215926]
[2; 580; 238.62709461578797]
[2; 600; 253.3112627247512]
[2; 600; 260.3992860503316]
[2; 620; 277.17502899653164]
[2; 640; 295.42498940365283]
[2; 640; 305.88815005995104]
[2; 640; 317.7749997438039]
[2; 660; 341.8115115471553]
[2; 680; 369.1583285651607]
[2; 680; 389.4121069567632]
[2; 680; 414.17908621800086]
[2; 700; 458.6166221960353]
[2; 700; 501.43402118911797]
[2; 700; 562.5864801749095]
[2; 700; 661.6461576897042]
[2; 700; 873.0473392040547]


Jobs: [[2; 10; 2.6082652261609405], [2; 10; 2.629428228569141], [2; 10; 2.6512046824452535], [2; 20; 5.347251433196614], [2; 20; 5.3934494919612375], [2; 20; 5.4410753875386835], [2; 30; 8.235309721569186], [2; 30; 8.31138931324812], [2; 30; 8.389987071759187], [2; 40; 11.294999127242853], [2; 40; 11.407113108277835], [2; 50; 14.404026595686442], [2; 50; 14.554467435866242], [2; 50; 14.710555327331978], [2; 50; 14.87266367550255], [2; 60; 18.049442228706923], [2; 60; 18.259943803607662], [2; 70; 21.559178938401196], [2; 80; 24.94420969154442], [2; 80; 25.26300816960768], [2; 80; 25.596538493038217], [2; 90; 29.18925854512167], [2; 90; 29.601863383047583], [2; 90; 30.035630766997567], [2; 100; 33.880547038148634], [2; 100; 34.41626599313213], [2; 100; 34.98285551564652], [2; 520; 185.03418104591938], [2; 520; 188.35364297144136], [2; 520; 191.89134141612163], [2; 520; 195.67308781089918], [2; 540; 207.41113712208943], [2; 540; 211.94565164017504], [2; 540; 216.84726269215926], [2; 580; 238.62709461578797], [2; 600; 253.3112627247512], [2; 600; 260.3992860503316], [2; 620; 277.17502899653164], [2; 640; 295.42498940365283], [2; 640; 305.88815005995104], [2; 640; 317.7749997438039], [2; 660; 341.8115115471553], [2; 680; 369.1583285651607], [2; 680; 389.4121069567632], [2; 680; 414.17908621800086], [2; 700; 458.6166221960353], [2; 700; 501.43402118911797], [2; 700; 562.5864801749095], [2; 700; 661.6461576897042], [2; 700; 873.0473392040547]];
Intervals[4.9E-324=2.6082652261609405, 2.6082652261609405=5.237693454730081, 5.237693454730081=7.888898137175335, 7.888898137175335=13.23614957037195, 13.23614957037195=18.629599062333188, 18.629599062333188=24.070674449871873, 24.070674449871873=32.30598417144106, 32.30598417144106=40.61737348468918, 40.61737348468918=49.00736055644837, 49.00736055644837=60.30235968369122, 60.30235968369122=71.70947279196906, 71.70947279196906=86.11349938765551, 86.11349938765551=100.66796682352175, 100.66796682352175=115.37852215085373, 115.37852215085373=130.25118582635628, 130.25118582635628=148.3006280550632, 148.3006280550632=166.56057185867087, 166.56057185867087=188.11975079707207, 188.11975079707207=213.0639604886165, 213.0639604886165=238.32696865822416, 238.32696865822416=263.92350715126236, 263.92350715126236=293.11276569638403, 293.11276569638403=322.71462907943163, 322.71462907943163=352.7502598464292, 352.7502598464292=386.6308068845778, 386.6308068845778=421.0470728777099, 421.0470728777099=456.02992839335644, 456.02992839335644=641.0641094392759, 641.0641094392759=829.4177524107172, 829.4177524107172=1021.3090938268388, 1021.3090938268388=1216.982181637738, 1216.982181637738=1424.3933187598275, 1424.3933187598275=1636.3389704000026, 1636.3389704000026=1853.186233092162, 1853.186233092162=2091.81332770795, 2091.81332770795=2345.124590432701, 2345.124590432701=2605.523876483033, 2605.523876483033=2882.6989054795645, 2882.6989054795645=3178.1238948832174, 3178.1238948832174=3484.0120449431683, 3484.0120449431683=3801.7870446869724, 3801.7870446869724=4143.5985562341275, 4143.5985562341275=4512.756884799288, 4512.756884799288=4902.168991756051, 4902.168991756051=5316.348077974051, 5316.348077974051=5774.964700170087, 5774.964700170087=6276.3987213592045, 6276.3987213592045=6838.985201534114, 6838.985201534114=7500.631359223818, 7500.631359223818=8373.678698427873];

Jobs: [[2; 10; 2.6082652261609405], [2; 10; 2.629428228569141], [2; 10; 2.6512046824452535], [2; 20; 5.347251433196614], [2; 20; 5.3934494919612375], [2; 20; 5.4410753875386835], [2; 30; 8.235309721569186], [2; 30; 8.31138931324812], [2; 30; 8.389987071759187], [2; 40; 11.294999127242853], [2; 40; 11.407113108277835], [2; 50; 14.404026595686442], [2; 50; 14.554467435866242], [2; 50; 14.710555327331978], [2; 50; 14.87266367550255], [2; 60; 18.049442228706923], [2; 60; 18.259943803607662], [2; 70; 21.559178938401196], [2; 80; 24.94420969154442], [2; 80; 25.26300816960768], [2; 80; 25.596538493038217], [2; 90; 29.18925854512167], [2; 90; 29.601863383047583], [2; 90; 30.035630766997567], [2; 100; 33.880547038148634], [2; 100; 34.41626599313213], [2; 100; 34.98285551564652], [2; 520; 185.03418104591938], [2; 520; 188.35364297144136], [2; 520; 191.89134141612163], [2; 520; 195.67308781089918], [2; 540; 207.41113712208943], [2; 540; 211.94565164017504], [2; 540; 216.84726269215926], [2; 580; 238.62709461578797], [2; 600; 253.3112627247512], [2; 600; 260.3992860503316], [2; 620; 277.17502899653164], [2; 640; 295.42498940365283], [2; 640; 305.88815005995104], [2; 640; 317.7749997438039], [2; 660; 341.8115115471553], [2; 680; 369.1583285651607], [2; 680; 389.4121069567632], [2; 680; 414.17908621800086], [2; 700; 458.6166221960353], [2; 700; 501.43402118911797], [2; 700; 562.5864801749095], [2; 700; 661.6461576897042], [2; 700; 873.0473392040547]];
Intervals[4.9E-324=2.6082652261609405, 2.6082652261609405=5.237693454730081, 5.237693454730081=7.888898137175335, 7.888898137175335=13.23614957037195, 13.23614957037195=18.629599062333188, 18.629599062333188=24.070674449871873, 24.070674449871873=32.30598417144106, 32.30598417144106=40.61737348468918, 40.61737348468918=49.00736055644837, 49.00736055644837=60.30235968369122, 60.30235968369122=71.70947279196906, 71.70947279196906=86.11349938765551, 86.11349938765551=100.66796682352175, 100.66796682352175=115.37852215085373, 115.37852215085373=130.25118582635628, 130.25118582635628=148.3006280550632, 148.3006280550632=166.56057185867087, 166.56057185867087=188.11975079707207, 188.11975079707207=213.0639604886165, 213.0639604886165=238.32696865822416, 238.32696865822416=263.92350715126236, 263.92350715126236=293.11276569638403, 293.11276569638403=322.71462907943163, 322.71462907943163=352.7502598464292, 352.7502598464292=386.6308068845778, 386.6308068845778=421.0470728777099, 421.0470728777099=456.02992839335644, 456.02992839335644=641.0641094392759, 641.0641094392759=829.4177524107172, 829.4177524107172=1021.3090938268388, 1021.3090938268388=1216.982181637738, 1216.982181637738=1424.3933187598275, 1424.3933187598275=1636.3389704000026, 1636.3389704000026=1853.186233092162, 1853.186233092162=2091.81332770795, 2091.81332770795=2345.124590432701, 2345.124590432701=2605.523876483033, 2605.523876483033=2882.6989054795645, 2882.6989054795645=3178.1238948832174, 3178.1238948832174=3484.0120449431683, 3484.0120449431683=3801.7870446869724, 3801.7870446869724=4143.5985562341275, 4143.5985562341275=4512.756884799288, 4512.756884799288=4902.168991756051, 4902.168991756051=5316.348077974051, 5316.348077974051=5774.964700170087, 5774.964700170087=6276.3987213592045, 6276.3987213592045=6838.985201534114, 6838.985201534114=7500.631359223818, 7500.631359223818=8373.678698427873];
