1.1279564749561328
70649.38625294185
79689.43267568256
[1; 20; 4.802831491172761]
[1; 20; 4.841800815838978]
[2; 20; 4.881899743430099]
[2; 30; 7.384778391299621]
[1; 60; 14.897159694243525]
[1; 60; 15.028706410877485]
[2; 40; 10.109607073595232]
[2; 40; 10.203001833986468]
[2; 40; 10.29948787789701]
[1; 80; 20.79848972297095]
[1; 80; 21.004935199954943]
[2; 40; 10.609367765145235]
[1; 100; 26.80043955541873]
[1; 100; 27.087858117382158]
[2; 50; 13.693181341734704]
[2; 60; 16.618024245512075]
[2; 60; 16.811831911759807]
[2; 70; 19.84941993065406]
[1; 140; 40.190499148217086]
[1; 140; 40.70415222119449]
[2; 70; 20.620770736434263]
[1; 160; 47.77669889579401]
[2; 80; 24.22602327188368]
[2; 90; 27.653643474996855]
[2; 90; 28.074273459382777]
[1; 180; 57.036367320404715]
[2; 100; 32.20852665528089]
[1; 200; 65.52306688200481]
[1; 200; 66.69853254207258]
[1; 200; 67.95127865897317]
[2; 540; 187.0842025908849]
[2; 560; 198.03499523116847]
[2; 560; 202.36452436554742]
[2; 560; 207.04455522007842]
[1; 1200; 454.55727054843175]
[1; 1200; 466.4446305078723]
[2; 620; 247.7398274920953]
[1; 1240; 510.3871126598087]
[1; 1240; 526.9926308781863]
[2; 620; 272.8286481112451]
[1; 1240; 566.8616032799004]
[1; 1280; 610.3350645945918]
[2; 640; 319.88902100692826]
[1; 1280; 674.8793025844271]
[2; 660; 370.1167934995478]
[1; 1320; 796.2350388632494]
[2; 680; 448.4770996497908]
[1; 1400; 1035.9406844023808]
[1; 1400; 1218.3481075054935]
[1; 1400; 1607.6199659286835]


Jobs: [[1; 20; 4.802831491172761], [2; 20; 4.881899743430099], [2; 30; 7.384778391299621], [1; 60; 14.897159694243525], [2; 40; 10.109607073595232], [2; 40; 10.203001833986468], [2; 40; 10.29948787789701], [1; 80; 20.79848972297095], [2; 40; 10.609367765145235], [1; 100; 26.80043955541873], [2; 50; 13.693181341734704], [2; 60; 16.618024245512075], [2; 60; 16.811831911759807], [2; 70; 19.84941993065406], [1; 140; 40.190499148217086], [2; 70; 20.620770736434263], [1; 160; 47.77669889579401], [2; 80; 24.22602327188368], [2; 90; 27.653643474996855], [2; 90; 28.074273459382777], [1; 180; 57.036367320404715], [2; 100; 32.20852665528089], [1; 200; 65.52306688200481], [1; 200; 67.95127865897317], [2; 540; 187.0842025908849], [2; 560; 198.03499523116847], [2; 560; 202.36452436554742], [2; 560; 207.04455522007842], [1; 1200; 454.55727054843175], [2; 620; 247.7398274920953], [1; 1240; 510.3871126598087], [2; 620; 272.8286481112451], [1; 1240; 566.8616032799004], [2; 640; 319.88902100692826], [1; 1280; 674.8793025844271], [2; 660; 370.1167934995478], [1; 1320; 796.2350388632494], [2; 680; 448.4770996497908], [1; 1400; 1035.9406844023808], [1; 1400; 1607.6199659286835]];
Intervals[0.0=4.802831491172761, 4.841800815838978=9.723700559269076, 9.723700559269076=17.108478950568696, 17.108478950568696=32.00563864481222, 32.13718536144618=42.246792435041414, 42.246792435041414=52.44979426902788, 52.44979426902788=62.74928214692489, 62.74928214692489=83.54777186989584, 83.75421734687984=94.36358511202508, 94.36358511202508=121.16402466744381, 121.45144322940723=135.14462457114195, 135.14462457114195=151.762648816654, 151.762648816654=168.57448072841382, 168.57448072841382=188.42390065906787, 188.42390065906787=228.61439980728494, 229.12805288026237=249.74882361669663, 249.74882361669663=297.5255225124906, 297.5255225124906=321.7515457843743, 321.7515457843743=349.4051892593711, 349.4051892593711=377.4794627187539, 377.4794627187539=434.51583003915863, 434.51583003915863=466.7243566944395, 466.7243566944395=532.2474235764444, 532.2474235764444=600.1987022354175, 600.1987022354175=787.2829048263025, 787.2829048263025=985.317900057471, 985.317900057471=1187.6824244230183, 1187.6824244230183=1394.7269796430967, 1394.7269796430967=1849.2842501915284, 1861.171610150969=2108.9114376430643, 2108.9114376430643=2619.298550302873, 2635.904068521251=2908.732716632496, 2908.732716632496=3475.5943199123963, 3519.067781227088=3838.9568022340163, 3838.9568022340163=4513.836104818443, 4513.836104818443=4883.952898317991, 4883.952898317991=5680.18793718124, 5680.18793718124=6128.665036831031, 6128.665036831031=7164.605721233412, 7164.605721233412=8772.225687162096];

Jobs: [[1; 20; 4.841800815838978], [2; 20; 4.881899743430099], [2; 30; 7.384778391299621], [1; 60; 15.028706410877485], [2; 40; 10.109607073595232], [2; 40; 10.203001833986468], [2; 40; 10.29948787789701], [1; 80; 21.004935199954943], [2; 40; 10.609367765145235], [1; 100; 27.087858117382158], [2; 50; 13.693181341734704], [2; 60; 16.618024245512075], [2; 60; 16.811831911759807], [2; 70; 19.84941993065406], [1; 140; 40.70415222119449], [2; 70; 20.620770736434263], [2; 80; 24.22602327188368], [2; 90; 27.653643474996855], [2; 90; 28.074273459382777], [2; 100; 32.20852665528089], [1; 200; 66.69853254207258], [2; 540; 187.0842025908849], [2; 560; 198.03499523116847], [2; 560; 202.36452436554742], [2; 560; 207.04455522007842], [1; 1200; 466.4446305078723], [2; 620; 247.7398274920953], [1; 1240; 526.9926308781863], [2; 620; 272.8286481112451], [1; 1280; 610.3350645945918], [2; 640; 319.88902100692826], [2; 660; 370.1167934995478], [2; 680; 448.4770996497908], [1; 1400; 1218.3481075054935]];
Intervals[0.0=4.841800815838978, 4.841800815838978=9.723700559269076, 9.723700559269076=17.108478950568696, 17.108478950568696=32.13718536144618, 32.13718536144618=42.246792435041414, 42.246792435041414=52.44979426902788, 52.44979426902788=62.74928214692489, 62.74928214692489=83.75421734687984, 83.75421734687984=94.36358511202508, 94.36358511202508=121.45144322940723, 121.45144322940723=135.14462457114195, 135.14462457114195=151.762648816654, 151.762648816654=168.57448072841382, 168.57448072841382=188.42390065906787, 188.42390065906787=229.12805288026237, 229.12805288026237=249.74882361669663, 297.5255225124906=321.7515457843743, 321.7515457843743=349.4051892593711, 349.4051892593711=377.4794627187539, 434.51583003915863=466.7243566944395, 466.7243566944395=533.4228892365121, 600.1987022354175=787.2829048263025, 787.2829048263025=985.317900057471, 985.317900057471=1187.6824244230183, 1187.6824244230183=1394.7269796430967, 1394.7269796430967=1861.171610150969, 1861.171610150969=2108.9114376430643, 2108.9114376430643=2635.904068521251, 2635.904068521251=2908.732716632496, 2908.732716632496=3519.067781227088, 3519.067781227088=3838.9568022340163, 4513.836104818443=4883.952898317991, 5680.18793718124=6128.665036831031, 6128.665036831031=7347.013144336524];
