0.9999999999999989
1269027.9938597484
1269027.993859747
[2; 10; 5.778305232550558]
[2; 10; 5.801581551467233]
[2; 10; 5.825189378505215]
[2; 10; 5.849136890782744]
[2; 10; 5.873432554128865]
[2; 10; 5.898085136413586]
[2; 10; 5.923103721641408]
[2; 20; 11.896995449721166]
[2; 20; 11.948553815889337]
[2; 20; 12.000902792615069]
[2; 20; 12.054063393235932]
[2; 40; 24.216114862342092]
[2; 40; 24.325815119581172]
[2; 40; 24.437274629503115]
[2; 50; 30.688177897456807]
[2; 50; 30.832086326293616]
[2; 50; 30.978384733476904]
[2; 50; 31.127141979589855]
[2; 50; 31.27842977009339]
[2; 60; 37.718787371158285]
[2; 70; 44.22445855057142]
[2; 70; 44.44753521944817]
[2; 70; 44.67460056515103]
[2; 70; 44.905778431051424]
[2; 70; 45.141198179302265]
[2; 80; 51.86399430095039]
[2; 90; 58.661113273425755]
[2; 90; 58.981232648440454]
[2; 90; 59.307550879824845]
[2; 90; 59.64027663159902]
[2; 100; 66.64403184453401]
[2; 520; 348.54927729382445]
[2; 520; 350.5905920370316]
[2; 520; 352.6743720935288]
[2; 520; 354.8021547276317]
[2; 540; 370.7053863739712]
[2; 540; 373.0115241247215]
[2; 540; 375.36866801283315]
[2; 540; 377.77878304619105]
[2; 540; 380.2439432279094]
[2; 540; 382.7663395101189]
[2; 540; 385.3482884721083]
[2; 560; 402.3623248320624]
[2; 560; 405.17119655099833]
[2; 560; 408.0499184914967]
[2; 560; 411.00152229289796]
[2; 580; 428.8159876287824]
[2; 580; 432.03419787058436]
[2; 580; 435.3385589616996]
[2; 580; 438.7331016057051]
[2; 580; 442.2221289822305]
[2; 580; 445.81024106789647]
[2; 580; 449.50236167671676]
[2; 580; 453.3037685879841]
[2; 580; 457.2201271884873]
[2; 600; 477.16296012998316]
[2; 600; 481.47158229429357]
[2; 600; 485.91952203480156]
[2; 600; 490.51468462546836]
[2; 600; 495.2656262183116]
[2; 600; 500.18162491823114]
[2; 600; 505.2727616257372]
[2; 600; 510.55001228019694]
[2; 600; 516.0253534602008]
[2; 600; 521.7118836966321]
[2; 620; 545.2114287929124]
[2; 620; 551.5699557191494]
[2; 620; 558.1958364459128]
[2; 620; 565.1089393945465]
[2; 620; 572.3312916777699]
[2; 620; 579.8873926591388]
[2; 620; 587.8045853214021]
[2; 620; 596.1134985225966]
[2; 640; 624.3598211774565]
[2; 640; 633.8567419745486]
[2; 640; 643.8792800120103]
[2; 640; 654.4793623652705]
[2; 640; 665.7164963197771]
[2; 640; 677.6592657596406]
[2; 640; 690.3872071611486]
[2; 640; 703.9931849630362]
[2; 660; 741.04225805381]
[2; 660; 757.2432534501276]
[2; 660; 774.7558179751743]
[2; 660; 793.7731815266541]
[2; 660; 814.531550485472]
[2; 660; 837.3233465041736]
[2; 660; 862.51582862378]
[2; 680; 917.5651145834851]
[2; 680; 950.0628096020465]
[2; 680; 986.9823627319901]
[2; 680; 1029.4669015888726]
[2; 680; 1079.1290830620853]
[2; 680; 1138.3352274533659]
[2; 680; 1210.7344273421459]
[2; 680; 1302.331035418183]
[2; 680; 1423.9193618455213]
[2; 700; 1644.561115156082]
[2; 700; 1934.1338287948524]
[2; 700; 2552.1048875882743]


Jobs: [[2; 10; 5.778305232550558], [2; 10; 5.801581551467233], [2; 10; 5.825189378505215], [2; 10; 5.849136890782744], [2; 10; 5.873432554128865], [2; 10; 5.898085136413586], [2; 10; 5.923103721641408], [2; 20; 11.896995449721166], [2; 20; 11.948553815889337], [2; 20; 12.000902792615069], [2; 20; 12.054063393235932], [2; 40; 24.216114862342092], [2; 40; 24.325815119581172], [2; 40; 24.437274629503115], [2; 50; 30.688177897456807], [2; 50; 30.832086326293616], [2; 50; 30.978384733476904], [2; 50; 31.127141979589855], [2; 50; 31.27842977009339], [2; 60; 37.718787371158285], [2; 70; 44.22445855057142], [2; 70; 44.44753521944817], [2; 70; 44.67460056515103], [2; 70; 44.905778431051424], [2; 70; 45.141198179302265], [2; 80; 51.86399430095039], [2; 90; 58.661113273425755], [2; 90; 58.981232648440454], [2; 90; 59.307550879824845], [2; 90; 59.64027663159902], [2; 100; 66.64403184453401], [2; 520; 348.54927729382445], [2; 520; 350.5905920370316], [2; 520; 352.6743720935288], [2; 520; 354.8021547276317], [2; 540; 370.7053863739712], [2; 540; 373.0115241247215], [2; 540; 375.36866801283315], [2; 540; 377.77878304619105], [2; 540; 380.2439432279094], [2; 540; 382.7663395101189], [2; 540; 385.3482884721083], [2; 560; 402.3623248320624], [2; 560; 405.17119655099833], [2; 560; 408.0499184914967], [2; 560; 411.00152229289796], [2; 580; 428.8159876287824], [2; 580; 432.03419787058436], [2; 580; 435.3385589616996], [2; 580; 438.7331016057051], [2; 580; 442.2221289822305], [2; 580; 445.81024106789647], [2; 580; 449.50236167671676], [2; 580; 453.3037685879841], [2; 580; 457.2201271884873], [2; 600; 477.16296012998316], [2; 600; 481.47158229429357], [2; 600; 485.91952203480156], [2; 600; 490.51468462546836], [2; 600; 495.2656262183116], [2; 600; 500.18162491823114], [2; 600; 505.2727616257372], [2; 600; 510.55001228019694], [2; 600; 516.0253534602008], [2; 600; 521.7118836966321], [2; 620; 545.2114287929124], [2; 620; 551.5699557191494], [2; 620; 558.1958364459128], [2; 620; 565.1089393945465], [2; 620; 572.3312916777699], [2; 620; 579.8873926591388], [2; 620; 587.8045853214021], [2; 620; 596.1134985225966], [2; 640; 624.3598211774565], [2; 640; 633.8567419745486], [2; 640; 643.8792800120103], [2; 640; 654.4793623652705], [2; 640; 665.7164963197771], [2; 640; 677.6592657596406], [2; 640; 690.3872071611486], [2; 640; 703.9931849630362], [2; 660; 741.04225805381], [2; 660; 757.2432534501276], [2; 660; 774.7558179751743], [2; 660; 793.7731815266541], [2; 660; 814.531550485472], [2; 660; 837.3233465041736], [2; 660; 862.51582862378], [2; 680; 917.5651145834851], [2; 680; 950.0628096020465], [2; 680; 986.9823627319901], [2; 680; 1029.4669015888726], [2; 680; 1079.1290830620853], [2; 680; 1138.3352274533659], [2; 680; 1210.7344273421459], [2; 680; 1302.331035418183], [2; 680; 1423.9193618455213], [2; 700; 1644.561115156082], [2; 700; 1934.1338287948524], [2; 700; 2552.1048875882743]];
Intervals[4.9E-324=5.778305232550558, 5.778305232550558=11.579886784017791, 11.579886784017791=17.405076162523006, 17.405076162523006=23.25421305330575, 23.25421305330575=29.127645607434616, 29.127645607434616=35.0257307438482, 35.0257307438482=40.94883446548961, 40.94883446548961=52.84582991521078, 52.84582991521078=64.79438373110011, 64.79438373110011=76.79528652371518, 76.79528652371518=88.84934991695111, 88.84934991695111=113.06546477929321, 113.06546477929321=137.3912798988744, 137.3912798988744=161.8285545283775, 161.8285545283775=192.5167324258343, 192.5167324258343=223.34881875212793, 223.34881875212793=254.32720348560483, 254.32720348560483=285.4543454651947, 285.4543454651947=316.7327752352881, 316.7327752352881=354.4515626064464, 354.4515626064464=398.6760211570178, 398.6760211570178=443.12355637646596, 443.12355637646596=487.798156941617, 487.798156941617=532.7039353726684, 532.7039353726684=577.8451335519707, 577.8451335519707=629.709127852921, 629.709127852921=688.3702411263467, 688.3702411263467=747.3514737747872, 747.3514737747872=806.659024654612, 806.659024654612=866.2993012862111, 866.2993012862111=932.943333130745, 932.943333130745=1281.4926104245694, 1281.4926104245694=1632.083202461601, 1632.083202461601=1984.7575745551298, 1984.7575745551298=2339.5597292827615, 2339.5597292827615=2710.2651156567326, 2710.2651156567326=3083.276639781454, 3083.276639781454=3458.645307794287, 3458.645307794287=3836.424090840478, 3836.424090840478=4216.668034068388, 4216.668034068388=4599.434373578507, 4599.434373578507=4984.782662050615, 4984.782662050615=5387.144986882678, 5387.144986882678=5792.316183433676, 5792.316183433676=6200.366101925173, 6200.366101925173=6611.367624218071, 6611.367624218071=7040.183611846854, 7040.183611846854=7472.217809717438, 7472.217809717438=7907.556368679137, 7907.556368679137=8346.289470284843, 8346.289470284843=8788.511599267073, 8788.511599267073=9234.32184033497, 9234.32184033497=9683.824202011687, 9683.824202011687=10137.127970599671, 10137.127970599671=10594.348097788159, 10594.348097788159=11071.511057918142, 11071.511057918142=11552.982640212436, 11552.982640212436=12038.902162247237, 12038.902162247237=12529.416846872706, 12529.416846872706=13024.682473091018, 13024.682473091018=13524.86409800925, 13524.86409800925=14030.136859634988, 14030.136859634988=14540.686871915184, 14540.686871915184=15056.712225375386, 15056.712225375386=15578.424109072019, 15578.424109072019=16123.635537864931, 16123.635537864931=16675.205493584082, 16675.205493584082=17233.401330029996, 17233.401330029996=17798.510269424543, 17798.510269424543=18370.841561102312, 18370.841561102312=18950.728953761452, 18950.728953761452=19538.533539082855, 19538.533539082855=20134.647037605453, 20134.647037605453=20759.00685878291, 20759.00685878291=21392.863600757457, 21392.863600757457=22036.742880769467, 22036.742880769467=22691.222243134736, 22691.222243134736=23356.938739454512, 23356.938739454512=24034.598005214153, 24034.598005214153=24724.9852123753, 24724.9852123753=25428.97839733834, 25428.97839733834=26170.02065539215, 26170.02065539215=26927.263908842277, 26927.263908842277=27702.019726817452, 27702.019726817452=28495.792908344105, 28495.792908344105=29310.32445882958, 29310.32445882958=30147.647805333752, 30147.647805333752=31010.16363395753, 31010.16363395753=31927.728748541016, 31927.728748541016=32877.791558143064, 32877.791558143064=33864.77392087506, 33864.77392087506=34894.24082246393, 34894.24082246393=35973.369905526015, 35973.369905526015=37111.70513297938, 37111.70513297938=38322.43956032153, 38322.43956032153=39624.77059573971, 39624.77059573971=41048.68995758524, 41048.68995758524=42693.25107274132, 42693.25107274132=44627.38490153617, 44627.38490153617=47179.48978912445];

Jobs: [[2; 10; 5.778305232550558], [2; 10; 5.801581551467233], [2; 10; 5.825189378505215], [2; 10; 5.849136890782744], [2; 10; 5.873432554128865], [2; 10; 5.898085136413586], [2; 10; 5.923103721641408], [2; 20; 11.896995449721166], [2; 20; 11.948553815889337], [2; 20; 12.000902792615069], [2; 20; 12.054063393235932], [2; 40; 24.216114862342092], [2; 40; 24.325815119581172], [2; 40; 24.437274629503115], [2; 50; 30.688177897456807], [2; 50; 30.832086326293616], [2; 50; 30.978384733476904], [2; 50; 31.127141979589855], [2; 50; 31.27842977009339], [2; 60; 37.718787371158285], [2; 70; 44.22445855057142], [2; 70; 44.44753521944817], [2; 70; 44.67460056515103], [2; 70; 44.905778431051424], [2; 70; 45.141198179302265], [2; 80; 51.86399430095039], [2; 90; 58.661113273425755], [2; 90; 58.981232648440454], [2; 90; 59.307550879824845], [2; 90; 59.64027663159902], [2; 100; 66.64403184453401], [2; 520; 348.54927729382445], [2; 520; 350.5905920370316], [2; 520; 352.6743720935288], [2; 520; 354.8021547276317], [2; 540; 370.7053863739712], [2; 540; 373.0115241247215], [2; 540; 375.36866801283315], [2; 540; 377.77878304619105], [2; 540; 380.2439432279094], [2; 540; 382.7663395101189], [2; 540; 385.3482884721083], [2; 560; 402.3623248320624], [2; 560; 405.17119655099833], [2; 560; 408.0499184914967], [2; 560; 411.00152229289796], [2; 580; 428.8159876287824], [2; 580; 432.03419787058436], [2; 580; 435.3385589616996], [2; 580; 438.7331016057051], [2; 580; 442.2221289822305], [2; 580; 445.81024106789647], [2; 580; 449.50236167671676], [2; 580; 453.3037685879841], [2; 580; 457.2201271884873], [2; 600; 477.16296012998316], [2; 600; 481.47158229429357], [2; 600; 485.91952203480156], [2; 600; 490.51468462546836], [2; 600; 495.2656262183116], [2; 600; 500.18162491823114], [2; 600; 505.2727616257372], [2; 600; 510.55001228019694], [2; 600; 516.0253534602008], [2; 600; 521.7118836966321], [2; 620; 545.2114287929124], [2; 620; 551.5699557191494], [2; 620; 558.1958364459128], [2; 620; 565.1089393945465], [2; 620; 572.3312916777699], [2; 620; 579.8873926591388], [2; 620; 587.8045853214021], [2; 620; 596.1134985225966], [2; 640; 624.3598211774565], [2; 640; 633.8567419745486], [2; 640; 643.8792800120103], [2; 640; 654.4793623652705], [2; 640; 665.7164963197771], [2; 640; 677.6592657596406], [2; 640; 690.3872071611486], [2; 640; 703.9931849630362], [2; 660; 741.04225805381], [2; 660; 757.2432534501276], [2; 660; 774.7558179751743], [2; 660; 793.7731815266541], [2; 660; 814.531550485472], [2; 660; 837.3233465041736], [2; 660; 862.51582862378], [2; 680; 917.5651145834851], [2; 680; 950.0628096020465], [2; 680; 986.9823627319901], [2; 680; 1029.4669015888726], [2; 680; 1079.1290830620853], [2; 680; 1138.3352274533659], [2; 680; 1210.7344273421459], [2; 680; 1302.331035418183], [2; 680; 1423.9193618455213], [2; 700; 1644.561115156082], [2; 700; 1934.1338287948524], [2; 700; 2552.1048875882743]];
Intervals[4.9E-324=5.778305232550558, 5.778305232550558=11.579886784017791, 11.579886784017791=17.405076162523006, 17.405076162523006=23.25421305330575, 23.25421305330575=29.127645607434616, 29.127645607434616=35.0257307438482, 35.0257307438482=40.94883446548961, 40.94883446548961=52.84582991521078, 52.84582991521078=64.79438373110011, 64.79438373110011=76.79528652371518, 76.79528652371518=88.84934991695111, 88.84934991695111=113.06546477929321, 113.06546477929321=137.3912798988744, 137.3912798988744=161.8285545283775, 161.8285545283775=192.5167324258343, 192.5167324258343=223.34881875212793, 223.34881875212793=254.32720348560483, 254.32720348560483=285.4543454651947, 285.4543454651947=316.7327752352881, 316.7327752352881=354.4515626064464, 354.4515626064464=398.6760211570178, 398.6760211570178=443.12355637646596, 443.12355637646596=487.798156941617, 487.798156941617=532.7039353726684, 532.7039353726684=577.8451335519707, 577.8451335519707=629.709127852921, 629.709127852921=688.3702411263467, 688.3702411263467=747.3514737747872, 747.3514737747872=806.659024654612, 806.659024654612=866.2993012862111, 866.2993012862111=932.943333130745, 932.943333130745=1281.4926104245694, 1281.4926104245694=1632.083202461601, 1632.083202461601=1984.7575745551298, 1984.7575745551298=2339.5597292827615, 2339.5597292827615=2710.2651156567326, 2710.2651156567326=3083.276639781454, 3083.276639781454=3458.645307794287, 3458.645307794287=3836.424090840478, 3836.424090840478=4216.668034068388, 4216.668034068388=4599.434373578507, 4599.434373578507=4984.782662050615, 4984.782662050615=5387.144986882678, 5387.144986882678=5792.316183433676, 5792.316183433676=6200.366101925173, 6200.366101925173=6611.367624218071, 6611.367624218071=7040.183611846854, 7040.183611846854=7472.217809717438, 7472.217809717438=7907.556368679137, 7907.556368679137=8346.289470284843, 8346.289470284843=8788.511599267073, 8788.511599267073=9234.32184033497, 9234.32184033497=9683.824202011687, 9683.824202011687=10137.127970599671, 10137.127970599671=10594.348097788159, 10594.348097788159=11071.511057918142, 11071.511057918142=11552.982640212436, 11552.982640212436=12038.902162247237, 12038.902162247237=12529.416846872706, 12529.416846872706=13024.682473091018, 13024.682473091018=13524.86409800925, 13524.86409800925=14030.136859634988, 14030.136859634988=14540.686871915184, 14540.686871915184=15056.712225375386, 15056.712225375386=15578.424109072019, 15578.424109072019=16123.635537864931, 16123.635537864931=16675.205493584082, 16675.205493584082=17233.401330029996, 17233.401330029996=17798.510269424543, 17798.510269424543=18370.841561102312, 18370.841561102312=18950.728953761452, 18950.728953761452=19538.533539082855, 19538.533539082855=20134.647037605453, 20134.647037605453=20759.00685878291, 20759.00685878291=21392.863600757457, 21392.863600757457=22036.742880769467, 22036.742880769467=22691.222243134736, 22691.222243134736=23356.938739454512, 23356.938739454512=24034.598005214153, 24034.598005214153=24724.9852123753, 24724.9852123753=25428.97839733834, 25428.97839733834=26170.02065539215, 26170.02065539215=26927.263908842277, 26927.263908842277=27702.019726817452, 27702.019726817452=28495.792908344105, 28495.792908344105=29310.32445882958, 29310.32445882958=30147.647805333752, 30147.647805333752=31010.16363395753, 31010.16363395753=31927.728748541016, 31927.728748541016=32877.791558143064, 32877.791558143064=33864.77392087506, 33864.77392087506=34894.24082246393, 34894.24082246393=35973.369905526015, 35973.369905526015=37111.70513297938, 37111.70513297938=38322.43956032153, 38322.43956032153=39624.77059573971, 39624.77059573971=41048.68995758524, 41048.68995758524=42693.25107274132, 42693.25107274132=44627.38490153617, 44627.38490153617=47179.48978912445];
