1.1121090244719196
9192.640762573828
10223.218750786784
[1; 10; 1.0621848726600012]
[2; 10; 1.070803252720661]
[2; 10; 1.0796714535674863]
[1; 30; 3.266406456108898]
[1; 30; 3.2946268679024495]
[1; 30; 3.3237194839381123]
[2; 20; 2.2358210405352605]
[1; 40; 4.512952088242583]
[1; 50; 5.694536774897307]
[1; 50; 5.749691926137053]
[1; 50; 5.806763276413578]
[2; 30; 3.5195207148124026]
[2; 30; 3.556279856421121]
[2; 30; 3.5944188145586717]
[1; 60; 7.268057656328513]
[2; 40; 4.900279900727175]
[1; 80; 9.914858805654815]
[1; 80; 10.033963682901645]
[1; 90; 11.428010529834987]
[1; 90; 11.574065763063617]
[2; 50; 6.514927936360246]
[1; 110; 14.528527499511496]
[2; 60; 8.036670292742437]
[1; 120; 16.30886936983484]
[2; 60; 8.278468964063821]
[1; 130; 18.220297448316224]
[1; 140; 19.944890336251547]
[1; 140; 20.28733567113029]
[1; 140; 20.651284850411326]
[2; 70; 10.519580851729824]
[2; 80; 12.259312126741193]
[2; 80; 12.51343840925323]
[1; 170; 27.172402124857093]
[2; 90; 14.71807645679005]
[2; 90; 15.079350298513198]
[1; 190; 32.666696010542154]
[1; 200; 35.34816675849053]
[2; 110; 20.026426359811847]
[2; 120; 22.55780620987009]
[2; 120; 23.356743195207567]
[2; 120; 24.264388997803625]
[2; 130; 27.417917309403812]
[2; 140; 30.951389790539196]
[2; 170; 39.645857818775546]
[2; 180; 44.64780561540826]
[2; 180; 48.02557984900899]
[2; 180; 52.509347586040974]
[2; 190; 62.18608452530284]
[2; 190; 73.13574950315491]
[2; 200; 101.58231582075545]


Jobs: [[1; 10; 1.0621848726600012], [2; 10; 1.070803252720661], [2; 10; 1.0796714535674863], [1; 30; 3.266406456108898], [1; 30; 3.3237194839381123], [2; 20; 2.2358210405352605], [1; 40; 4.512952088242583], [1; 50; 5.749691926137053], [2; 30; 3.5195207148124026], [2; 30; 3.556279856421121], [2; 30; 3.5944188145586717], [1; 60; 7.268057656328513], [2; 40; 4.900279900727175], [1; 80; 9.914858805654815], [1; 90; 11.428010529834987], [2; 50; 6.514927936360246], [1; 110; 14.528527499511496], [2; 60; 8.036670292742437], [1; 120; 16.30886936983484], [2; 60; 8.278468964063821], [1; 130; 18.220297448316224], [1; 140; 20.28733567113029], [2; 70; 10.519580851729824], [2; 80; 12.259312126741193], [2; 80; 12.51343840925323], [1; 170; 27.172402124857093], [2; 90; 14.71807645679005], [2; 90; 15.079350298513198], [1; 190; 32.666696010542154], [2; 110; 20.026426359811847], [2; 120; 22.55780620987009], [2; 120; 23.356743195207567], [2; 120; 24.264388997803625], [2; 130; 27.417917309403812], [2; 140; 30.951389790539196], [2; 170; 39.645857818775546], [2; 180; 44.64780561540826], [2; 180; 48.02557984900899], [2; 180; 52.509347586040974], [2; 190; 62.18608452530284], [2; 190; 73.13574950315491], [2; 200; 101.58231582075545]];
Intervals[0.0=1.0621848726600012, 1.0621848726600012=2.1329881253806624, 2.1329881253806624=3.2126595789481485, 3.2126595789481485=6.479066035057047, 6.479066035057047=9.802785518995158, 9.802785518995158=12.038606559530418, 12.038606559530418=16.551558647773, 16.551558647773=22.301250573910053, 23.5399066108413=27.0594273256537, 27.0594273256537=30.61570718207482, 30.61570718207482=34.210125996633494, 34.210125996633494=41.47818365296201, 41.47818365296201=46.37846355368919, 46.37846355368919=56.293322359344, 56.293322359344=67.721332889179, 67.98649299965444=74.5014209360147, 74.5014209360147=89.0299484355262, 89.0299484355262=97.06661872826864, 97.06661872826864=113.37548809810347, 113.37548809810347=121.6539570621673, 121.6539570621673=139.87425451048352, 139.87425451048352=160.1615901816138, 162.25013224883017=172.76971310055998, 172.76971310055998=185.0290252273012, 185.0290252273012=197.54246363655443, 197.54246363655443=224.71486576141152, 224.71486576141152=239.43294221820156, 239.43294221820156=254.51229251671475, 254.51229251671475=287.17898852725693, 289.8604592752053=309.88688563501717, 309.88688563501717=332.44469184488725, 332.44469184488725=355.8014350400948, 355.8014350400948=380.06582403789844, 380.06582403789844=407.48374134730227, 407.48374134730227=438.4351311378415, 438.4351311378415=478.08098895661703, 478.08098895661703=522.7287945720253, 522.7287945720253=570.7543744210343, 570.7543744210343=623.2637220070753, 623.2637220070753=685.4498065323781, 685.4498065323781=758.585556035533, 758.585556035533=860.1678718562885];

Jobs: [[2; 10; 1.070803252720661], [2; 10; 1.0796714535674863], [1; 30; 3.2946268679024495], [2; 20; 2.2358210405352605], [1; 50; 5.694536774897307], [1; 50; 5.806763276413578], [2; 30; 3.5195207148124026], [2; 30; 3.556279856421121], [2; 30; 3.5944188145586717], [2; 40; 4.900279900727175], [1; 80; 10.033963682901645], [1; 90; 11.574065763063617], [2; 50; 6.514927936360246], [2; 60; 8.036670292742437], [2; 60; 8.278468964063821], [1; 140; 19.944890336251547], [1; 140; 20.651284850411326], [2; 70; 10.519580851729824], [2; 80; 12.259312126741193], [2; 80; 12.51343840925323], [2; 90; 14.71807645679005], [2; 90; 15.079350298513198], [1; 200; 35.34816675849053], [2; 110; 20.026426359811847], [2; 120; 22.55780620987009], [2; 120; 23.356743195207567], [2; 120; 24.264388997803625], [2; 130; 27.417917309403812], [2; 140; 30.951389790539196], [2; 170; 39.645857818775546], [2; 180; 44.64780561540826], [2; 180; 48.02557984900899], [2; 180; 52.509347586040974], [2; 190; 62.18608452530284], [2; 190; 73.13574950315491], [2; 200; 101.58231582075545]];
Intervals[1.0621848726600012=2.1329881253806624, 2.1329881253806624=3.2126595789481485, 3.2126595789481485=6.507286446850598, 9.802785518995158=12.038606559530418, 12.038606559530418=17.733143334427723, 17.733143334427723=23.5399066108413, 23.5399066108413=27.0594273256537, 27.0594273256537=30.61570718207482, 30.61570718207482=34.210125996633494, 41.47818365296201=46.37846355368919, 46.37846355368919=56.41242723659083, 56.41242723659083=67.98649299965444, 67.98649299965444=74.5014209360147, 89.0299484355262=97.06661872826864, 113.37548809810347=121.6539570621673, 121.6539570621673=141.59884739841885, 141.59884739841885=162.25013224883017, 162.25013224883017=172.76971310055998, 172.76971310055998=185.0290252273012, 185.0290252273012=197.54246363655443, 224.71486576141152=239.43294221820156, 239.43294221820156=254.51229251671475, 254.51229251671475=289.8604592752053, 289.8604592752053=309.88688563501717, 309.88688563501717=332.44469184488725, 332.44469184488725=355.8014350400948, 355.8014350400948=380.06582403789844, 380.06582403789844=407.48374134730227, 407.48374134730227=438.4351311378415, 438.4351311378415=478.08098895661703, 478.08098895661703=522.7287945720253, 522.7287945720253=570.7543744210343, 570.7543744210343=623.2637220070753, 623.2637220070753=685.4498065323781, 685.4498065323781=758.585556035533, 758.585556035533=860.1678718562885];
