1.1368234920480822
632727.5778402016
719299.5745554226
[2; 10; 4.374200680541195]
[1; 20; 8.783641898211606]
[2; 20; 8.819384341346634]
[2; 20; 8.855641070711343]
[2; 20; 8.892424903640118]
[2; 20; 8.92974911475983]
[2; 20; 8.967627457327556]
[2; 20; 9.00607418580332]
[2; 20; 9.045104079743496]
[1; 60; 27.25419740732237]
[2; 30; 13.68746289161646]
[2; 30; 13.748773452752229]
[2; 30; 13.811056110109217]
[2; 30; 13.874337588570265]
[1; 60; 27.877291331881946]
[1; 80; 37.344024606037884]
[1; 80; 37.521222193637314]
[2; 40; 18.850698971514813]
[2; 40; 18.942319352169026]
[1; 80; 38.07103495991273]
[1; 100; 47.825851279206205]
[1; 100; 48.06709406519442]
[1; 100; 48.31265034355628]
[2; 50; 24.28132702138759]
[2; 60; 29.290347035720874]
[1; 120; 58.891883528969544]
[2; 60; 29.60446835477643]
[1; 120; 59.53204561010169]
[2; 70; 34.91915656646534]
[2; 70; 35.11505915302536]
[1; 140; 70.62972633025349]
[2; 70; 35.518703721776184]
[2; 70; 35.726722668565586]
[2; 70; 35.93906901747418]
[2; 70; 36.15589942249416]
[2; 80; 41.57414707953274]
[2; 80; 41.83277755418854]
[2; 80; 42.09712830358152]
[2; 90; 47.66334716350918]
[1; 180; 95.9487397717491]
[2; 90; 48.29261393524509]
[2; 90; 48.61837158828597]
[1; 180; 97.90390433605835]
[2; 100; 54.77075928105313]
[2; 100; 55.15990290178007]
[2; 100; 55.55889864154569]
[1; 200; 111.9363639553921]
[2; 100; 56.38821616870569]
[2; 100; 56.819494591626]
[1; 200; 114.52508665121869]
[2; 520; 300.13320486667885]
[2; 520; 302.56843257039037]
[2; 520; 305.0742501639827]
[1; 1040; 615.3084792820121]
[2; 520; 310.31224606162874]
[2; 520; 313.05240310757154]
[2; 540; 328.02836028151376]
[2; 540; 331.05875799004974]
[2; 540; 334.1894591680105]
[2; 540; 337.42629315324245]
[2; 540; 340.7755811527469]
[2; 540; 344.24419132112746]
[1; 1120; 721.4450996277857]
[2; 560; 364.5910817579642]
[1; 1120; 737.2176532314924]
[2; 560; 372.7859305139762]
[2; 560; 377.13354549729263]
[1; 1160; 790.5896365506368]
[2; 580; 400.1904366145705]
[2; 580; 405.30505454417545]
[1; 1160; 821.3120433174485]
[1; 1200; 861.2331751132109]
[2; 600; 436.70356941818125]
[2; 600; 443.10275322688125]
[2; 600; 449.8426355986092]
[2; 600; 456.9555439698514]
[2; 600; 464.47833053594314]
[2; 620; 488.20166800495167]
[2; 620; 496.9598706232916]
[2; 640; 522.62593785968]
[2; 640; 532.9257186717391]
[2; 640; 543.9728663698297]
[2; 640; 555.865443085933]
[2; 640; 568.7207962302936]
[2; 640; 582.6807690246446]
[2; 640; 597.9187522043715]
[2; 640; 614.6494021440532]
[2; 660; 652.9280079028225]
[2; 660; 674.1711146772407]
[2; 660; 698.0484471159851]
[2; 660; 725.1746923179926]
[2; 660; 756.38975102333]
[2; 660; 792.8785055639787]
[2; 660; 836.3795843709364]
[1; 1360; 1833.0618210339862]
[2; 680; 985.869917242433]
[2; 700; 1109.6160943354885]
[1; 1400; 2489.878973019233]
[2; 700; 1464.1472143965989]
[2; 700; 1931.9538319324092]


Jobs: [[2; 10; 4.374200680541195], [1; 20; 8.783641898211606], [2; 20; 8.819384341346634], [2; 20; 8.855641070711343], [2; 20; 8.892424903640118], [2; 20; 8.92974911475983], [2; 20; 8.967627457327556], [2; 20; 9.00607418580332], [2; 20; 9.045104079743496], [1; 60; 27.25419740732237], [2; 30; 13.68746289161646], [2; 30; 13.748773452752229], [2; 30; 13.811056110109217], [2; 30; 13.874337588570265], [1; 60; 27.877291331881946], [1; 80; 37.521222193637314], [2; 40; 18.850698971514813], [2; 40; 18.942319352169026], [1; 80; 38.07103495991273], [1; 100; 48.06709406519442], [2; 50; 24.28132702138759], [2; 60; 29.290347035720874], [1; 120; 58.891883528969544], [2; 60; 29.60446835477643], [1; 120; 59.53204561010169], [2; 70; 34.91915656646534], [2; 70; 35.11505915302536], [1; 140; 70.62972633025349], [2; 70; 35.518703721776184], [2; 70; 35.726722668565586], [2; 70; 35.93906901747418], [2; 70; 36.15589942249416], [2; 80; 41.57414707953274], [2; 80; 41.83277755418854], [2; 80; 42.09712830358152], [2; 90; 47.66334716350918], [1; 180; 95.9487397717491], [2; 90; 48.29261393524509], [2; 90; 48.61837158828597], [1; 180; 97.90390433605835], [2; 100; 54.77075928105313], [2; 100; 55.15990290178007], [2; 100; 55.55889864154569], [1; 200; 111.9363639553921], [2; 100; 56.38821616870569], [2; 100; 56.819494591626], [1; 200; 114.52508665121869], [2; 520; 300.13320486667885], [2; 520; 302.56843257039037], [2; 520; 305.0742501639827], [1; 1040; 615.3084792820121], [2; 520; 310.31224606162874], [2; 520; 313.05240310757154], [2; 540; 328.02836028151376], [2; 540; 331.05875799004974], [2; 540; 334.1894591680105], [2; 540; 337.42629315324245], [2; 540; 340.7755811527469], [2; 540; 344.24419132112746], [1; 1120; 721.4450996277857], [2; 560; 364.5910817579642], [1; 1120; 737.2176532314924], [2; 560; 372.7859305139762], [2; 560; 377.13354549729263], [1; 1160; 790.5896365506368], [2; 580; 400.1904366145705], [2; 580; 405.30505454417545], [1; 1160; 821.3120433174485], [2; 600; 436.70356941818125], [2; 600; 443.10275322688125], [2; 600; 449.8426355986092], [2; 600; 456.9555439698514], [2; 600; 464.47833053594314], [2; 620; 488.20166800495167], [2; 620; 496.9598706232916], [2; 640; 522.62593785968], [2; 640; 532.9257186717391], [2; 640; 543.9728663698297], [2; 640; 555.865443085933], [2; 640; 568.7207962302936], [2; 640; 582.6807690246446], [2; 640; 597.9187522043715], [2; 640; 614.6494021440532], [2; 660; 652.9280079028225], [2; 660; 674.1711146772407], [2; 660; 698.0484471159851], [2; 660; 725.1746923179926], [2; 660; 756.38975102333], [2; 660; 792.8785055639787], [2; 660; 836.3795843709364], [1; 1360; 1833.0618210339862], [2; 680; 985.869917242433], [2; 700; 1109.6160943354885], [1; 1400; 2489.878973019233], [2; 700; 1464.1472143965989], [2; 700; 1931.9538319324092]];
Intervals[4.9E-324=4.374200680541195, 4.374200680541195=13.1578425787528, 13.1578425787528=21.977226920099433, 21.977226920099433=30.832867990810776, 30.832867990810776=39.725292894450895, 39.725292894450895=48.655042009210725, 48.655042009210725=57.622669466538284, 57.622669466538284=66.6287436523416, 66.6287436523416=75.6738477320851, 75.6738477320851=102.92804513940746, 102.92804513940746=116.61550803102392, 116.61550803102392=130.36428148377615, 130.36428148377615=144.17533759388536, 144.17533759388536=158.04967518245562, 158.04967518245562=185.92696651433755, 185.92696651433755=223.44818870797485, 223.44818870797485=242.29888767948967, 242.29888767948967=261.2412070316587, 261.2412070316587=299.3122419915714, 299.3122419915714=347.3793360567658, 357.3797086544212=381.6610356758088, 381.6610356758088=410.9513827115297, 410.9513827115297=469.84326624049925, 469.84326624049925=499.4477345952757, 499.4477345952757=558.9797802053773, 558.9797802053773=593.8989367718426, 593.8989367718426=629.013995924868, 629.013995924868=699.6437222551215, 699.6437222551215=735.1624259768977, 735.1624259768977=770.8891486454633, 770.8891486454633=806.8282176629374, 806.8282176629374=842.9841170854315, 842.9841170854315=884.5582641649643, 884.5582641649643=926.3910417191528, 926.3910417191528=968.4881700227343, 968.4881700227343=1016.1515171862435, 1016.1515171862435=1112.1002569579925, 1112.1002569579925=1160.3928708932376, 1160.3928708932376=1209.0112424815236, 1209.0112424815236=1306.915146817582, 1306.915146817582=1361.685906098635, 1361.685906098635=1416.845809000415, 1416.845809000415=1472.4047076419608, 1472.4047076419608=1584.341071597353, 1584.341071597353=1640.7292877660586, 1640.7292877660586=1697.5487823576846, 1697.5487823576846=1812.0738690089033, 1812.0738690089033=2112.207073875582, 2112.207073875582=2414.7755064459725, 2414.7755064459725=2719.849756609955, 2719.849756609955=3335.158235891967, 3335.158235891967=3645.4704819535955, 3645.4704819535955=3958.522885061167, 3958.522885061167=4286.551245342681, 4286.551245342681=4617.61000333273, 4617.61000333273=4951.79946250074, 4951.79946250074=5289.225755653983, 5289.225755653983=5630.001336806729, 5630.001336806729=5974.245528127857, 5974.245528127857=6695.690627755643, 6695.690627755643=7060.281709513607, 7060.281709513607=7797.4993627450995, 7797.4993627450995=8170.285293259076, 8170.285293259076=8547.418838756368, 8547.418838756368=9338.008475307004, 9338.008475307004=9738.198911921574, 9738.198911921574=10143.503966465749, 10143.503966465749=10964.816009783197, 11004.73714157896=11441.440710997142, 11441.440710997142=11884.543464224023, 11884.543464224023=12334.386099822632, 12334.386099822632=12791.341643792483, 12791.341643792483=13255.819974328426, 13255.819974328426=13744.021642333377, 13744.021642333377=14240.981512956669, 14240.981512956669=14763.60745081635, 14763.60745081635=15296.533169488088, 15296.533169488088=15840.506035857918, 15840.506035857918=16396.37147894385, 16396.37147894385=16965.092275174142, 16965.092275174142=17547.773044198788, 17547.773044198788=18145.69179640316, 18145.69179640316=18760.341198547212, 18760.341198547212=19413.269206450033, 19413.269206450033=20087.440321127273, 20087.440321127273=20785.488768243256, 20785.488768243256=21510.66346056125, 21510.66346056125=22267.053211584578, 22267.053211584578=23059.931717148556, 23059.931717148556=23896.311301519494, 23896.311301519494=25729.37312255348, 25729.37312255348=26715.24303979591, 26715.24303979591=27824.8591341314, 27824.8591341314=30314.73810715063, 30314.73810715063=31778.88532154723, 31778.88532154723=33710.83915347964];

Jobs: [[2; 10; 4.374200680541195], [2; 20; 8.819384341346634], [2; 20; 8.855641070711343], [2; 20; 8.892424903640118], [2; 20; 8.92974911475983], [2; 20; 8.967627457327556], [2; 20; 9.00607418580332], [2; 20; 9.045104079743496], [2; 30; 13.68746289161646], [2; 30; 13.748773452752229], [2; 30; 13.811056110109217], [2; 30; 13.874337588570265], [1; 80; 37.344024606037884], [2; 40; 18.850698971514813], [2; 40; 18.942319352169026], [1; 100; 47.825851279206205], [1; 100; 48.31265034355628], [2; 50; 24.28132702138759], [2; 60; 29.290347035720874], [2; 60; 29.60446835477643], [2; 70; 34.91915656646534], [2; 70; 35.11505915302536], [2; 70; 35.518703721776184], [2; 70; 35.726722668565586], [2; 70; 35.93906901747418], [2; 70; 36.15589942249416], [2; 80; 41.57414707953274], [2; 80; 41.83277755418854], [2; 80; 42.09712830358152], [2; 90; 47.66334716350918], [2; 90; 48.29261393524509], [2; 90; 48.61837158828597], [2; 100; 54.77075928105313], [2; 100; 55.15990290178007], [2; 100; 55.55889864154569], [2; 100; 56.38821616870569], [2; 100; 56.819494591626], [2; 520; 300.13320486667885], [2; 520; 302.56843257039037], [2; 520; 305.0742501639827], [2; 520; 310.31224606162874], [2; 520; 313.05240310757154], [2; 540; 328.02836028151376], [2; 540; 331.05875799004974], [2; 540; 334.1894591680105], [2; 540; 337.42629315324245], [2; 540; 340.7755811527469], [2; 540; 344.24419132112746], [2; 560; 364.5910817579642], [2; 560; 372.7859305139762], [2; 560; 377.13354549729263], [2; 580; 400.1904366145705], [2; 580; 405.30505454417545], [1; 1200; 861.2331751132109], [2; 600; 436.70356941818125], [2; 600; 443.10275322688125], [2; 600; 449.8426355986092], [2; 600; 456.9555439698514], [2; 600; 464.47833053594314], [2; 620; 488.20166800495167], [2; 620; 496.9598706232916], [2; 640; 522.62593785968], [2; 640; 532.9257186717391], [2; 640; 543.9728663698297], [2; 640; 555.865443085933], [2; 640; 568.7207962302936], [2; 640; 582.6807690246446], [2; 640; 597.9187522043715], [2; 640; 614.6494021440532], [2; 660; 652.9280079028225], [2; 660; 674.1711146772407], [2; 660; 698.0484471159851], [2; 660; 725.1746923179926], [2; 660; 756.38975102333], [2; 660; 792.8785055639787], [2; 660; 836.3795843709364], [2; 680; 985.869917242433], [2; 700; 1109.6160943354885], [2; 700; 1464.1472143965989], [2; 700; 1931.9538319324092]];
Intervals[4.9E-324=4.374200680541195, 13.1578425787528=21.977226920099433, 21.977226920099433=30.832867990810776, 30.832867990810776=39.725292894450895, 39.725292894450895=48.655042009210725, 48.655042009210725=57.622669466538284, 57.622669466538284=66.6287436523416, 66.6287436523416=75.6738477320851, 102.92804513940746=116.61550803102392, 116.61550803102392=130.36428148377615, 130.36428148377615=144.17533759388536, 144.17533759388536=158.04967518245562, 158.04967518245562=195.3936997884935, 223.44818870797485=242.29888767948967, 242.29888767948967=261.2412070316587, 261.2412070316587=309.0670583108649, 309.0670583108649=357.3797086544212, 357.3797086544212=381.6610356758088, 381.6610356758088=410.9513827115297, 469.84326624049925=499.4477345952757, 558.9797802053773=593.8989367718426, 593.8989367718426=629.013995924868, 699.6437222551215=735.1624259768977, 735.1624259768977=770.8891486454633, 770.8891486454633=806.8282176629374, 806.8282176629374=842.9841170854315, 842.9841170854315=884.5582641649643, 884.5582641649643=926.3910417191528, 926.3910417191528=968.4881700227343, 968.4881700227343=1016.1515171862435, 1112.1002569579925=1160.3928708932376, 1160.3928708932376=1209.0112424815236, 1306.915146817582=1361.685906098635, 1361.685906098635=1416.845809000415, 1416.845809000415=1472.4047076419608, 1584.341071597353=1640.7292877660586, 1640.7292877660586=1697.5487823576846, 1812.0738690089033=2112.207073875582, 2112.207073875582=2414.7755064459725, 2414.7755064459725=2719.849756609955, 3335.158235891967=3645.4704819535955, 3645.4704819535955=3958.522885061167, 3958.522885061167=4286.551245342681, 4286.551245342681=4617.61000333273, 4617.61000333273=4951.79946250074, 4951.79946250074=5289.225755653983, 5289.225755653983=5630.001336806729, 5630.001336806729=5974.245528127857, 6695.690627755643=7060.281709513607, 7797.4993627450995=8170.285293259076, 8170.285293259076=8547.418838756368, 9338.008475307004=9738.198911921574, 9738.198911921574=10143.503966465749, 10143.503966465749=11004.73714157896, 11004.73714157896=11441.440710997142, 11441.440710997142=11884.543464224023, 11884.543464224023=12334.386099822632, 12334.386099822632=12791.341643792483, 12791.341643792483=13255.819974328426, 13255.819974328426=13744.021642333377, 13744.021642333377=14240.981512956669, 14240.981512956669=14763.60745081635, 14763.60745081635=15296.533169488088, 15296.533169488088=15840.506035857918, 15840.506035857918=16396.37147894385, 16396.37147894385=16965.092275174142, 16965.092275174142=17547.773044198788, 17547.773044198788=18145.69179640316, 18145.69179640316=18760.341198547212, 18760.341198547212=19413.269206450033, 19413.269206450033=20087.440321127273, 20087.440321127273=20785.488768243256, 20785.488768243256=21510.66346056125, 21510.66346056125=22267.053211584578, 22267.053211584578=23059.931717148556, 23059.931717148556=23896.311301519494, 25729.37312255348=26715.24303979591, 26715.24303979591=27824.8591341314, 30314.73810715063=31778.88532154723, 31778.88532154723=33710.83915347964];
