1.078718090635202
230081.63390183382
248193.22081281376
[1; 20; 7.702057797581605]
[1; 20; 7.764550931363952]
[2; 20; 7.828855552189288]
[1; 40; 15.790127163294907]
[1; 60; 23.889821076535352]
[1; 80; 32.1343678514662]
[1; 100; 40.530663075927116]
[2; 60; 24.543056521541462]
[1; 120; 49.550302399856]
[2; 70; 29.184299712108352]
[1; 140; 58.94796521036374]
[2; 90; 38.2808388581916]
[1; 200; 85.95701716198408]
[2; 100; 43.43942718294773]
[1; 1040; 456.74848802615867]
[1; 1040; 461.92439742410045]
[2; 540; 242.64255611513164]
[1; 1080; 491.1147286529332]
[1; 1120; 515.6117559771161]
[2; 560; 261.10075573994163]
[1; 1120; 529.0957830508091]
[1; 1160; 555.4737872613218]
[1; 1160; 563.3256883848381]
[1; 1160; 571.5803143521498]
[1; 1160; 580.2744243676573]
[1; 1160; 589.449719202061]
[1; 1200; 619.8142100047237]
[1; 1200; 630.4561579487483]
[1; 1240; 663.1585789137026]
[1; 1240; 675.6141653105909]
[1; 1240; 688.9289997114998]
[1; 1240; 703.2099776164124]
[1; 1240; 718.5838668733201]
[1; 1280; 758.9185713400227]
[2; 640; 388.77359479960444]
[1; 1280; 797.8812243338534]
[1; 1280; 820.2071196307643]
[1; 1280; 844.8846271694471]
[2; 640; 436.186535099032]
[1; 1280; 903.2701842307524]
[1; 1280; 938.3713704053483]
[2; 660; 504.6749064108553]
[2; 660; 529.0207661451216]
[1; 1320; 1116.0907135383259]
[1; 1360; 1223.0471152260568]
[1; 1360; 1315.57522439845]
[1; 1360; 1438.4000557766828]
[1; 1360; 1613.8203437887491]
[1; 1400; 1953.8032010550787]
[1; 1400; 2578.05877988558]


Jobs: [[1; 20; 7.702057797581605], [2; 20; 7.828855552189288], [1; 40; 15.790127163294907], [1; 80; 32.1343678514662], [2; 60; 24.543056521541462], [1; 120; 49.550302399856], [2; 70; 29.184299712108352], [1; 140; 58.94796521036374], [2; 90; 38.2808388581916], [1; 200; 85.95701716198408], [2; 100; 43.43942718294773], [1; 1040; 456.74848802615867], [2; 540; 242.64255611513164], [1; 1080; 491.1147286529332], [2; 560; 261.10075573994163], [1; 1120; 529.0957830508091], [1; 1160; 563.3256883848381], [1; 1160; 580.2744243676573], [1; 1200; 619.8142100047237], [1; 1240; 663.1585789137026], [1; 1240; 688.9289997114998], [1; 1240; 718.5838668733201], [2; 640; 388.77359479960444], [1; 1280; 797.8812243338534], [1; 1280; 844.8846271694471], [2; 640; 436.186535099032], [1; 1280; 903.2701842307524], [2; 660; 504.6749064108553], [2; 660; 529.0207661451216], [1; 1320; 1116.0907135383259], [1; 1360; 1315.57522439845], [1; 1360; 1613.8203437887491], [1; 1400; 2578.05877988558]];
Intervals[0.0=7.702057797581605, 7.764550931363952=15.59340648355324, 15.59340648355324=31.383533646848147, 31.383533646848147=63.517901498314345, 80.0138906360157=104.55694715755716, 104.55694715755716=154.10724955741316, 154.10724955741316=183.2915492695215, 183.2915492695215=242.23951447988526, 242.23951447988526=280.52035333807686, 280.52035333807686=366.47737050006094, 366.47737050006094=409.91679768300867, 409.91679768300867=866.6652857091674, 871.8411951071091=1114.4837512222407, 1114.4837512222407=1605.5984798751738, 1630.0955071993567=1891.1962629392983, 1891.1962629392983=2420.2920459901075, 2420.2920459901075=2983.6177343749455, 2983.6177343749455=3563.892158742603, 3563.892158742603=4183.706368747326, 4183.706368747326=4846.864947661029, 4846.864947661029=5535.793947372529, 5535.793947372529=6254.37781424585, 6375.898955970605=6764.672550770209, 6764.672550770209=7562.553775104063, 7562.553775104063=8407.43840227351, 8407.43840227351=8843.624937372542, 8843.624937372542=9746.895121603295, 9781.99630777789=10286.671214188746, 10286.671214188746=10815.691980333868, 10815.691980333868=11931.782693872194, 11931.782693872194=13247.357918270643, 13247.357918270643=14861.178262059393, 14861.178262059393=17439.237041944973];

Jobs: [[1; 20; 7.764550931363952], [2; 20; 7.828855552189288], [1; 60; 23.889821076535352], [1; 100; 40.530663075927116], [2; 60; 24.543056521541462], [2; 70; 29.184299712108352], [2; 90; 38.2808388581916], [2; 100; 43.43942718294773], [1; 1040; 461.92439742410045], [2; 540; 242.64255611513164], [1; 1120; 515.6117559771161], [2; 560; 261.10075573994163], [1; 1160; 555.4737872613218], [1; 1160; 571.5803143521498], [1; 1160; 589.449719202061], [1; 1200; 630.4561579487483], [1; 1240; 675.6141653105909], [1; 1240; 703.2099776164124], [1; 1280; 758.9185713400227], [2; 640; 388.77359479960444], [1; 1280; 820.2071196307643], [2; 640; 436.186535099032], [1; 1280; 938.3713704053483], [2; 660; 504.6749064108553], [2; 660; 529.0207661451216], [1; 1360; 1223.0471152260568], [1; 1360; 1438.4000557766828], [1; 1400; 1953.8032010550787]];
Intervals[0.0=7.764550931363952, 7.764550931363952=15.59340648355324, 15.59340648355324=39.483227560088594, 39.483227560088594=80.0138906360157, 80.0138906360157=104.55694715755716, 154.10724955741316=183.2915492695215, 242.23951447988526=280.52035333807686, 366.47737050006094=409.91679768300867, 409.91679768300867=871.8411951071091, 871.8411951071091=1114.4837512222407, 1114.4837512222407=1630.0955071993567, 1630.0955071993567=1891.1962629392983, 1891.1962629392983=2446.67005020062, 2446.67005020062=3018.25036455277, 3018.25036455277=3607.700083754831, 3607.700083754831=4238.156241703579, 4238.156241703579=4913.77040701417, 4913.77040701417=5616.980384630582, 5616.980384630582=6375.898955970605, 6375.898955970605=6764.672550770209, 6764.672550770209=7584.879670400974, 8407.43840227351=8843.624937372542, 8843.624937372542=9781.99630777789, 9781.99630777789=10286.671214188746, 10286.671214188746=10815.691980333868, 10815.691980333868=12038.739095559924, 12038.739095559924=13477.139151336607, 13477.139151336607=15430.942352391685];
