1.1568626156651383
45927.36184635481
53131.6479561733
[2; 10; 1.5319359152606813]
[1; 20; 3.076213798447407]
[1; 20; 3.088731544279529]
[1; 20; 3.101429403829223]
[1; 20; 3.1143118659931597]
[1; 20; 3.127383579821339]
[1; 20; 3.1406493619899947]
[1; 20; 3.154114204707044]
[2; 10; 1.5838916420400246]
[1; 40; 6.363323937958265]
[1; 40; 6.39151166085984]
[1; 40; 6.4201413031489984]
[1; 40; 6.4492248764831315]
[1; 40; 6.47877486034084]
[2; 20; 3.2544021129373077]
[1; 40; 6.539326461273599]
[1; 60; 9.855533398126605]
[1; 60; 9.90285936492226]
[1; 60; 9.95099040483491]
[1; 60; 9.99995028446307]
[2; 30; 5.024881888372838]
[2; 30; 5.0502283584008545]
[1; 60; 10.152056061621034]
[1; 60; 10.20458995392532]
[1; 80; 13.677450387398446]
[1; 80; 13.750107060964439]
[2; 40; 6.9120663997929395]
[1; 80; 13.899572430799429]
[1; 80; 13.976472890300723]
[1; 80; 14.054883352047824]
[2; 40; 7.067427684179536]
[1; 80; 14.216443020928283]
[2; 40; 7.149851541890261]
[1; 80; 14.384695199303879]
[1; 80; 14.471482068619762]
[1; 100; 18.200162072121227]
[2; 50; 9.15669213798557]
[1; 100; 18.42911067857502]
[2; 50; 9.27371887700762]
[2; 50; 9.334233663803506]
[1; 100; 18.792306966397735]
[2; 50; 9.459535202614658]
[1; 100; 19.048878012267707]
[1; 100; 19.181857298408506]
[1; 120; 23.181772170656025]
[1; 120; 23.349456083239748]
[2; 60; 11.76073175584666]
[2; 60; 11.848994573651193]
[1; 120; 23.879240339133908]
[1; 120; 24.06543817980066]
[1; 120; 24.256818707803]
[1; 120; 24.453634241583707]
[1; 140; 28.765514006543075]
[2; 70; 14.504390873383741]
[2; 70; 14.629702860352172]
[1; 140; 29.517775694056162]
[2; 70; 14.89215567502746]
[1; 140; 30.059465329997597]
[1; 140; 30.34372666200055]
[1; 140; 30.6376246381446]
[1; 140; 30.94173321123453]
[1; 140; 31.256675995810692]
[1; 140; 31.58313197440807]
[1; 140; 31.92184203010006]
[1; 140; 32.273616451045726]
[2; 70; 16.31967179165794]
[2; 70; 16.509999923157952]
[1; 160; 38.19047014030372]
[2; 80; 19.331724340134283]
[1; 160; 39.157585345585524]
[1; 160; 39.67455632613502]
[1; 160; 40.21623236565615]
[2; 80; 20.392354509943704]
[1; 160; 41.38234290218042]
[1; 160; 42.011795374312534]
[1; 160; 42.676085566839994]
[2; 80; 21.68932759376119]
[1; 160; 44.123448357694926]
[1; 160; 44.91501079236614]
[1; 160; 45.758614140388694]
[1; 180; 52.49296510103359]
[1; 180; 53.5811046264203]
[1; 180; 54.752518563949366]
[1; 180; 56.01876558548606]
[1; 180; 57.393817190298215]
[1; 180; 58.894752294832415]
[1; 180; 60.542714464101046]
[1; 180; 62.36425838494966]
[1; 180; 64.39328851345361]
[1; 200; 74.08214006622129]
[1; 200; 76.96098078971033]
[1; 200; 80.27375708874548]
[1; 200; 84.14621756894647]
[1; 200; 88.76287852782875]
[1; 200; 94.40828177131486]
[1; 200; 101.55062297286351]
[1; 200; 111.03159974384197]
[1; 200; 124.5724746397264]
[2; 100; 73.25353710388455]
[2; 100; 96.6586217006714]


Jobs: [[2; 10; 1.5319359152606813], [1; 20; 3.076213798447407], [1; 20; 3.101429403829223], [1; 20; 3.127383579821339], [1; 20; 3.154114204707044], [2; 10; 1.5838916420400246], [1; 40; 6.363323937958265], [1; 40; 6.4201413031489984], [1; 40; 6.47877486034084], [2; 20; 3.2544021129373077], [1; 40; 6.539326461273599], [1; 60; 9.90285936492226], [1; 60; 9.99995028446307], [2; 30; 5.024881888372838], [2; 30; 5.0502283584008545], [1; 60; 10.152056061621034], [1; 80; 13.677450387398446], [2; 40; 6.9120663997929395], [1; 80; 13.899572430799429], [1; 80; 14.054883352047824], [2; 40; 7.067427684179536], [1; 80; 14.216443020928283], [2; 40; 7.149851541890261], [1; 80; 14.384695199303879], [1; 100; 18.200162072121227], [2; 50; 9.15669213798557], [1; 100; 18.42911067857502], [2; 50; 9.27371887700762], [2; 50; 9.334233663803506], [1; 100; 18.792306966397735], [2; 50; 9.459535202614658], [1; 100; 19.048878012267707], [1; 120; 23.181772170656025], [2; 60; 11.76073175584666], [2; 60; 11.848994573651193], [1; 120; 23.879240339133908], [1; 120; 24.256818707803], [1; 140; 28.765514006543075], [2; 70; 14.504390873383741], [2; 70; 14.629702860352172], [1; 140; 29.517775694056162], [2; 70; 14.89215567502746], [1; 140; 30.059465329997597], [1; 140; 30.6376246381446], [1; 140; 31.256675995810692], [1; 140; 31.92184203010006], [2; 70; 16.31967179165794], [2; 70; 16.509999923157952], [1; 160; 38.19047014030372], [2; 80; 19.331724340134283], [1; 160; 39.157585345585524], [1; 160; 40.21623236565615], [2; 80; 20.392354509943704], [1; 160; 41.38234290218042], [1; 160; 42.676085566839994], [2; 80; 21.68932759376119], [1; 160; 44.123448357694926], [1; 160; 45.758614140388694], [1; 180; 53.5811046264203], [1; 180; 56.01876558548606], [1; 180; 58.894752294832415], [1; 180; 62.36425838494966], [1; 200; 74.08214006622129], [1; 200; 80.27375708874548], [1; 200; 88.76287852782875], [1; 200; 101.55062297286351], [1; 200; 124.5724746397264], [2; 100; 73.25353710388455], [2; 100; 96.6586217006714]];
Intervals[4.9E-324=1.5319359152606813, 1.5319359152606813=4.608149713708088, 4.608149713708088=7.709579117537311, 7.709579117537311=10.83696269735865, 10.83696269735865=13.991076902065695, 13.991076902065695=15.574968544105719, 15.574968544105719=21.938292482063986, 21.938292482063986=28.358433785212984, 28.358433785212984=34.83720864555382, 34.83720864555382=38.09161075849113, 38.09161075849113=44.630937219764725, 44.630937219764725=54.53379658468698, 54.53379658468698=64.53374686915005, 64.53374686915005=69.55862875752288, 69.55862875752288=74.60885711592374, 74.60885711592374=84.76091317754478, 84.76091317754478=98.43836356494323, 98.5635541308135=105.47562053060643, 105.47562053060643=119.37519296140586, 119.37519296140586=133.4300763134537, 133.4300763134537=140.49750399763323, 140.49750399763323=154.71394701856153, 154.71394701856153=161.86379856045178, 161.86379856045178=176.24849375975566, 176.24849375975566=194.4486558318769, 194.4486558318769=203.60534796986246, 203.60534796986246=222.0344586484375, 222.0344586484375=231.3081775254451, 231.3081775254451=240.6424111892486, 240.6424111892486=259.43471815564635, 259.43471815564635=268.894253358261, 268.894253358261=287.9431313705287, 287.9431313705287=311.1249035411847, 311.42556673990924=323.1862984957559, 323.1862984957559=335.0352930694071, 335.0352930694071=358.914533408541, 358.914533408541=383.171352116344, 383.171352116344=411.93686612288707, 411.93686612288707=426.4412569962708, 426.4412569962708=441.07095985662295, 441.07095985662295=470.58873555067913, 470.58873555067913=485.4808912257066, 485.4808912257066=515.5403565557042, 515.5403565557042=546.1779811938488, 546.1779811938488=577.4346571896596, 577.4346571896596=609.3564992197596, 610.6230995243956=626.9427713160535, 626.9427713160535=643.4527712392114, 643.4527712392114=681.6432413795151, 681.6432413795151=700.9749657196494, 700.9749657196494=740.1325510652349, 740.1325510652349=780.3487834308911, 780.3487834308911=800.7411379408348, 800.7411379408348=842.1234808430153, 842.1234808430153=884.7995664098553, 884.7995664098553=906.4888940036165, 906.4888940036165=950.6123423613113, 950.6123423613113=996.3709565017, 996.3709565017=1049.9520611281202, 1049.9520611281202=1105.9708267136064, 1105.9708267136064=1164.8655790084388, 1164.8655790084388=1227.2298373933884, 1227.2298373933884=1301.3119774596096, 1301.3119774596096=1381.585734548355, 1381.585734548355=1470.3486130761837, 1470.3486130761837=1571.8992360490472, 1571.8992360490472=1696.4717106887736, 1696.4717106887736=1769.7252477926581, 1769.7252477926581=1866.3838694933295];

Jobs: [[2; 10; 1.5319359152606813], [1; 20; 3.088731544279529], [1; 20; 3.1143118659931597], [1; 20; 3.1406493619899947], [2; 10; 1.5838916420400246], [1; 40; 6.39151166085984], [1; 40; 6.4492248764831315], [2; 20; 3.2544021129373077], [1; 60; 9.855533398126605], [1; 60; 9.95099040483491], [2; 30; 5.024881888372838], [2; 30; 5.0502283584008545], [1; 60; 10.20458995392532], [1; 80; 13.750107060964439], [2; 40; 6.9120663997929395], [1; 80; 13.976472890300723], [2; 40; 7.067427684179536], [2; 40; 7.149851541890261], [1; 80; 14.471482068619762], [2; 50; 9.15669213798557], [2; 50; 9.27371887700762], [2; 50; 9.334233663803506], [2; 50; 9.459535202614658], [1; 100; 19.181857298408506], [1; 120; 23.349456083239748], [2; 60; 11.76073175584666], [2; 60; 11.848994573651193], [1; 120; 24.06543817980066], [1; 120; 24.453634241583707], [2; 70; 14.504390873383741], [2; 70; 14.629702860352172], [2; 70; 14.89215567502746], [1; 140; 30.34372666200055], [1; 140; 30.94173321123453], [1; 140; 31.58313197440807], [1; 140; 32.273616451045726], [2; 70; 16.31967179165794], [2; 70; 16.509999923157952], [2; 80; 19.331724340134283], [1; 160; 39.67455632613502], [2; 80; 20.392354509943704], [1; 160; 42.011795374312534], [2; 80; 21.68932759376119], [1; 160; 44.91501079236614], [1; 180; 52.49296510103359], [1; 180; 54.752518563949366], [1; 180; 57.393817190298215], [1; 180; 60.542714464101046], [1; 180; 64.39328851345361], [1; 200; 76.96098078971033], [1; 200; 84.14621756894647], [1; 200; 94.40828177131486], [1; 200; 111.03159974384197], [2; 100; 73.25353710388455], [2; 100; 96.6586217006714]];
Intervals[4.9E-324=1.5319359152606813, 1.5319359152606813=4.62066745954021, 4.62066745954021=7.73497932553337, 7.73497932553337=10.875628687523365, 13.991076902065695=15.574968544105719, 15.574968544105719=21.96648020496556, 21.96648020496556=28.415705081448692, 34.83720864555382=38.09161075849113, 38.09161075849113=47.94714415661773, 47.94714415661773=57.89813456145264, 64.53374686915005=69.55862875752288, 69.55862875752288=74.60885711592374, 74.60885711592374=84.81344706984906, 84.81344706984906=98.5635541308135, 98.5635541308135=105.47562053060643, 105.47562053060643=119.45209342090716, 133.4300763134537=140.49750399763323, 154.71394701856153=161.86379856045178, 161.86379856045178=176.33528062907155, 194.4486558318769=203.60534796986246, 222.0344586484375=231.3081775254451, 231.3081775254451=240.6424111892486, 259.43471815564635=268.894253358261, 268.894253358261=288.07611065666947, 288.07611065666947=311.42556673990924, 311.42556673990924=323.1862984957559, 323.1862984957559=335.0352930694071, 335.0352930694071=359.10073124920774, 359.10073124920774=383.55436549079144, 411.93686612288707=426.4412569962708, 426.4412569962708=441.07095985662295, 470.58873555067913=485.4808912257066, 485.4808912257066=515.8246178877072, 515.8246178877072=546.7663510989418, 546.7663510989418=578.3494830733498, 578.3494830733498=610.6230995243956, 610.6230995243956=626.9427713160535, 626.9427713160535=643.4527712392114, 681.6432413795151=700.9749657196494, 700.9749657196494=740.6495220457844, 780.3487834308911=800.7411379408348, 800.7411379408348=842.7529333151474, 884.7995664098553=906.4888940036165, 906.4888940036165=951.4039047959826, 951.4039047959826=1003.8968698970162, 1003.8968698970162=1058.6493884609656, 1058.6493884609656=1116.0432056512639, 1116.0432056512639=1176.5859201153648, 1176.5859201153648=1240.9792086288185, 1240.9792086288185=1317.940189418529, 1317.940189418529=1402.0864069874754, 1402.0864069874754=1496.4946887587903, 1496.4946887587903=1607.5262885026323, 1696.4717106887736=1769.7252477926581, 1769.7252477926581=1866.3838694933295];
