0.9999999999999986
208046.72148010178
208046.7214801015
[2; 10; 3.699034203303388]
[2; 40; 14.916190048547673]
[2; 40; 15.039723264275066]
[2; 40; 15.16691304754362]
[2; 60; 22.946923431462643]
[2; 60; 23.149552153730163]
[2; 60; 23.358584878056146]
[2; 70; 27.50343935733961]
[2; 70; 27.763529289763582]
[2; 70; 28.032436440153116]
[2; 90; 36.399453372998224]
[2; 90; 36.769947977294656]
[2; 90; 37.15398655361388]
[2; 90; 37.5524406671879]
[2; 90; 37.96626353049073]
[2; 90; 38.39650018231069]
[2; 520; 224.43372911419095]
[2; 520; 227.12979895039962]
[2; 560; 247.63064249966305]
[2; 560; 250.79547605931205]
[2; 560; 254.10655824253388]
[2; 580; 266.77500898049175]
[2; 580; 270.5460077940768]
[2; 580; 274.51042153791406]
[2; 580; 278.68590439714984]
[2; 600; 292.8542936086999]
[2; 600; 297.6755073456913]
[2; 600; 302.7864699571484]
[2; 600; 308.2183753105519]
[2; 600; 314.00739881844]
[2; 600; 320.19577782320175]
[2; 600; 326.8331944949551]
[2; 600; 333.9785671398064]
[2; 600; 341.70240116588747]
[2; 620; 361.7595836989455]
[2; 620; 371.2201438281856]
[2; 620; 381.6074318235031]
[2; 620; 393.08882481589893]
[2; 640; 418.9708659050395]
[2; 640; 433.8096900990316]
[2; 640; 450.66758595604784]
[2; 640; 470.0665187942087]
[2; 660; 508.1410603911622]
[2; 660; 536.0200912363782]
[2; 660; 570.1114773183525]
[2; 680; 631.825660097799]
[2; 680; 690.8142140951101]
[2; 700; 797.8585197587746]
[2; 700; 938.3446680308826]
[2; 700; 1238.153212498315]


Jobs: [[2; 10; 3.699034203303388], [2; 40; 14.916190048547673], [2; 40; 15.039723264275066], [2; 40; 15.16691304754362], [2; 60; 22.946923431462643], [2; 60; 23.149552153730163], [2; 60; 23.358584878056146], [2; 70; 27.50343935733961], [2; 70; 27.763529289763582], [2; 70; 28.032436440153116], [2; 90; 36.399453372998224], [2; 90; 36.769947977294656], [2; 90; 37.15398655361388], [2; 90; 37.5524406671879], [2; 90; 37.96626353049073], [2; 90; 38.39650018231069], [2; 520; 224.43372911419095], [2; 520; 227.12979895039962], [2; 560; 247.63064249966305], [2; 560; 250.79547605931205], [2; 560; 254.10655824253388], [2; 580; 266.77500898049175], [2; 580; 270.5460077940768], [2; 580; 274.51042153791406], [2; 580; 278.68590439714984], [2; 600; 292.8542936086999], [2; 600; 297.6755073456913], [2; 600; 302.7864699571484], [2; 600; 308.2183753105519], [2; 600; 314.00739881844], [2; 600; 320.19577782320175], [2; 600; 326.8331944949551], [2; 600; 333.9785671398064], [2; 600; 341.70240116588747], [2; 620; 361.7595836989455], [2; 620; 371.2201438281856], [2; 620; 381.6074318235031], [2; 620; 393.08882481589893], [2; 640; 418.9708659050395], [2; 640; 433.8096900990316], [2; 640; 450.66758595604784], [2; 640; 470.0665187942087], [2; 660; 508.1410603911622], [2; 660; 536.0200912363782], [2; 660; 570.1114773183525], [2; 680; 631.825660097799], [2; 680; 690.8142140951101], [2; 700; 797.8585197587746], [2; 700; 938.3446680308826], [2; 700; 1238.153212498315]];
Intervals[4.9E-324=3.699034203303388, 3.699034203303388=18.61522425185106, 18.61522425185106=33.65494751612613, 33.65494751612613=48.821860563669745, 48.821860563669745=71.7687839951324, 71.7687839951324=94.91833614886255, 94.91833614886255=118.2769210269187, 118.2769210269187=145.7803603842583, 145.7803603842583=173.5438896740219, 173.5438896740219=201.576326114175, 201.576326114175=237.9757794871732, 237.9757794871732=274.74572746446785, 274.74572746446785=311.89971401808174, 311.89971401808174=349.45215468526965, 349.45215468526965=387.41841821576037, 387.41841821576037=425.8149183980711, 425.8149183980711=650.2486475122621, 650.2486475122621=877.3784464626617, 877.3784464626617=1125.0090889623248, 1125.0090889623248=1375.8045650216368, 1375.8045650216368=1629.9111232641708, 1629.9111232641708=1896.6861322446625, 1896.6861322446625=2167.232140038739, 2167.232140038739=2441.7425615766533, 2441.7425615766533=2720.428465973803, 2720.428465973803=3013.282759582503, 3013.282759582503=3310.958266928194, 3310.958266928194=3613.7447368853423, 3613.7447368853423=3921.963112195894, 3921.963112195894=4235.970511014334, 4235.970511014334=4556.166288837536, 4556.166288837536=4882.999483332491, 4882.999483332491=5216.978050472298, 5216.978050472298=5558.680451638185, 5558.680451638185=5920.440035337131, 5920.440035337131=6291.660179165317, 6291.660179165317=6673.26761098882, 6673.26761098882=7066.356435804719, 7066.356435804719=7485.327301709758, 7485.327301709758=7919.136991808789, 7919.136991808789=8369.804577764837, 8369.804577764837=8839.871096559045, 8839.871096559045=9348.012156950208, 9348.012156950208=9884.032248186586, 9884.032248186586=10454.143725504939, 10454.143725504939=11085.969385602737, 11085.969385602737=11776.783599697847, 11776.783599697847=12574.642119456621, 12574.642119456621=13512.986787487504, 13512.986787487504=14751.139999985819];

Jobs: [[2; 10; 3.699034203303388], [2; 40; 14.916190048547673], [2; 40; 15.039723264275066], [2; 40; 15.16691304754362], [2; 60; 22.946923431462643], [2; 60; 23.149552153730163], [2; 60; 23.358584878056146], [2; 70; 27.50343935733961], [2; 70; 27.763529289763582], [2; 70; 28.032436440153116], [2; 90; 36.399453372998224], [2; 90; 36.769947977294656], [2; 90; 37.15398655361388], [2; 90; 37.5524406671879], [2; 90; 37.96626353049073], [2; 90; 38.39650018231069], [2; 520; 224.43372911419095], [2; 520; 227.12979895039962], [2; 560; 247.63064249966305], [2; 560; 250.79547605931205], [2; 560; 254.10655824253388], [2; 580; 266.77500898049175], [2; 580; 270.5460077940768], [2; 580; 274.51042153791406], [2; 580; 278.68590439714984], [2; 600; 292.8542936086999], [2; 600; 297.6755073456913], [2; 600; 302.7864699571484], [2; 600; 308.2183753105519], [2; 600; 314.00739881844], [2; 600; 320.19577782320175], [2; 600; 326.8331944949551], [2; 600; 333.9785671398064], [2; 600; 341.70240116588747], [2; 620; 361.7595836989455], [2; 620; 371.2201438281856], [2; 620; 381.6074318235031], [2; 620; 393.08882481589893], [2; 640; 418.9708659050395], [2; 640; 433.8096900990316], [2; 640; 450.66758595604784], [2; 640; 470.0665187942087], [2; 660; 508.1410603911622], [2; 660; 536.0200912363782], [2; 660; 570.1114773183525], [2; 680; 631.825660097799], [2; 680; 690.8142140951101], [2; 700; 797.8585197587746], [2; 700; 938.3446680308826], [2; 700; 1238.153212498315]];
Intervals[4.9E-324=3.699034203303388, 3.699034203303388=18.61522425185106, 18.61522425185106=33.65494751612613, 33.65494751612613=48.821860563669745, 48.821860563669745=71.7687839951324, 71.7687839951324=94.91833614886255, 94.91833614886255=118.2769210269187, 118.2769210269187=145.7803603842583, 145.7803603842583=173.5438896740219, 173.5438896740219=201.576326114175, 201.576326114175=237.9757794871732, 237.9757794871732=274.74572746446785, 274.74572746446785=311.89971401808174, 311.89971401808174=349.45215468526965, 349.45215468526965=387.41841821576037, 387.41841821576037=425.8149183980711, 425.8149183980711=650.2486475122621, 650.2486475122621=877.3784464626617, 877.3784464626617=1125.0090889623248, 1125.0090889623248=1375.8045650216368, 1375.8045650216368=1629.9111232641708, 1629.9111232641708=1896.6861322446625, 1896.6861322446625=2167.232140038739, 2167.232140038739=2441.7425615766533, 2441.7425615766533=2720.428465973803, 2720.428465973803=3013.282759582503, 3013.282759582503=3310.958266928194, 3310.958266928194=3613.7447368853423, 3613.7447368853423=3921.963112195894, 3921.963112195894=4235.970511014334, 4235.970511014334=4556.166288837536, 4556.166288837536=4882.999483332491, 4882.999483332491=5216.978050472298, 5216.978050472298=5558.680451638185, 5558.680451638185=5920.440035337131, 5920.440035337131=6291.660179165317, 6291.660179165317=6673.26761098882, 6673.26761098882=7066.356435804719, 7066.356435804719=7485.327301709758, 7485.327301709758=7919.136991808789, 7919.136991808789=8369.804577764837, 8369.804577764837=8839.871096559045, 8839.871096559045=9348.012156950208, 9348.012156950208=9884.032248186586, 9884.032248186586=10454.143725504939, 10454.143725504939=11085.969385602737, 11085.969385602737=11776.783599697847, 11776.783599697847=12574.642119456621, 12574.642119456621=13512.986787487504, 13512.986787487504=14751.139999985819];
