1.191866972639788
253043.2572088896
301593.90091647045
[2; 10; 3.031725704750098]
[1; 20; 6.087876361638108]
[1; 20; 6.1126491810666]
[1; 20; 6.1377784484260385]
[2; 10; 3.081636523657406]
[2; 20; 6.189142178277307]
[2; 20; 6.215395373592912]
[1; 40; 12.484085025842058]
[2; 20; 6.269093839861396]
[2; 20; 6.296559979493953]
[2; 30; 9.486677935451418]
[2; 30; 9.52917182581974]
[2; 30; 9.572339468792618]
[1; 80; 25.64319836582942]
[2; 40; 12.88102777811844]
[2; 40; 12.941431770676958]
[2; 40; 13.00283893056502]
[2; 40; 13.065278161260958]
[2; 40; 13.128779560349486]
[1; 80; 26.386748968299884]
[2; 40; 13.259095616690857]
[2; 50; 16.65747130422705]
[2; 50; 16.742567912206674]
[1; 100; 33.658411514432856]
[2; 50; 16.91743331992773]
[1; 100; 34.01460254025879]
[2; 50; 17.098862596371927]
[2; 50; 17.19217274516333]
[2; 50; 17.287289770561827]
[1; 100; 34.76854899019781]
[2; 50; 17.48319068306418]
[2; 50; 17.584105227293914]
[2; 50; 17.687088350728487]
[2; 50; 17.792213824143527]
[2; 60; 21.479471041939238]
[2; 60; 21.611047290556566]
[2; 60; 21.74548842311601]
[1; 120; 43.765806130666746]
[1; 120; 44.046811542921716]
[1; 120; 44.334234899711944]
[2; 60; 22.314165826664183]
[2; 60; 22.464685951729393]
[1; 140; 52.7772484198592]
[2; 70; 26.572841905450264]
[2; 70; 26.761640674133186]
[1; 140; 53.91043868743467]
[2; 70; 27.153789192461815]
[1; 140; 54.715149954100106]
[2; 80; 31.504932647585587]
[1; 160; 63.50118330579635]
[2; 80; 32.00308840569027]
[2; 80; 32.26275580078733]
[2; 90; 36.596193939833654]
[2; 90; 36.90568513816694]
[1; 180; 74.4490702356726]
[1; 180; 75.10647949669689]
[2; 90; 37.8923329610264]
[2; 90; 38.242390617253534]
[2; 90; 38.60403487061918]
[2; 90; 38.97793909951792]
[1; 180; 78.72966700163006]
[1; 180; 79.53102290451287]
[2; 90; 40.18083677211167]
[2; 90; 40.611752030036705]
[2; 100; 45.62143121615933]
[2; 100; 46.1384168237083]
[2; 100; 46.67650599465068]
[2; 100; 47.23721993176021]
[2; 100; 47.82223999653662]
[2; 100; 48.433430229340026]
[1; 1040; 510.3577843967472]
[2; 520; 258.66284525279883]
[2; 520; 262.3191745555115]
[2; 520; 266.1630373770671]
[2; 540; 280.6043030337807]
[1; 1080; 570.0824323263801]
[2; 540; 289.7338044467374]
[2; 560; 305.6235377242656]
[2; 580; 322.21727997593996]
[1; 1160; 656.5384678162246]
[1; 1160; 669.4773631586289]
[1; 1200; 706.91909309701]
[2; 600; 361.1870363430222]
[2; 620; 381.85811722451604]
[1; 1240; 782.4626174302437]
[1; 1240; 802.9251980352727]
[2; 620; 412.69611558368484]
[2; 620; 425.1128713759123]
[1; 1240; 877.887959745163]
[2; 620; 454.4901981860446]
[2; 620; 472.15174103287677]
[1; 1280; 1016.7235236762339]
[2; 640; 532.8854779784626]
[2; 640; 562.1221050404304]
[2; 660; 616.5571540749778]
[2; 660; 663.2020191444032]
[2; 680; 747.0932664616124]
[2; 680; 838.2051344348145]
[1; 1400; 2029.578919490828]
[2; 700; 1339.0227199030253]


Jobs: [[2; 10; 3.031725704750098], [1; 20; 6.087876361638108], [1; 20; 6.1377784484260385], [2; 10; 3.081636523657406], [2; 20; 6.189142178277307], [2; 20; 6.215395373592912], [1; 40; 12.484085025842058], [2; 20; 6.269093839861396], [2; 20; 6.296559979493953], [2; 30; 9.486677935451418], [2; 30; 9.52917182581974], [2; 30; 9.572339468792618], [1; 80; 25.64319836582942], [2; 40; 12.88102777811844], [2; 40; 12.941431770676958], [2; 40; 13.00283893056502], [2; 40; 13.065278161260958], [2; 40; 13.128779560349486], [1; 80; 26.386748968299884], [2; 40; 13.259095616690857], [2; 50; 16.65747130422705], [2; 50; 16.742567912206674], [1; 100; 33.658411514432856], [2; 50; 16.91743331992773], [1; 100; 34.01460254025879], [2; 50; 17.098862596371927], [2; 50; 17.19217274516333], [2; 50; 17.287289770561827], [1; 100; 34.76854899019781], [2; 50; 17.48319068306418], [2; 50; 17.584105227293914], [2; 50; 17.687088350728487], [2; 50; 17.792213824143527], [2; 60; 21.479471041939238], [2; 60; 21.611047290556566], [2; 60; 21.74548842311601], [1; 120; 43.765806130666746], [1; 120; 44.334234899711944], [2; 60; 22.314165826664183], [2; 60; 22.464685951729393], [1; 140; 52.7772484198592], [2; 70; 26.572841905450264], [2; 70; 26.761640674133186], [1; 140; 53.91043868743467], [2; 70; 27.153789192461815], [1; 140; 54.715149954100106], [2; 80; 31.504932647585587], [1; 160; 63.50118330579635], [2; 80; 32.00308840569027], [2; 80; 32.26275580078733], [2; 90; 36.596193939833654], [2; 90; 36.90568513816694], [1; 180; 74.4490702356726], [2; 90; 37.8923329610264], [2; 90; 38.242390617253534], [2; 90; 38.60403487061918], [2; 90; 38.97793909951792], [1; 180; 78.72966700163006], [2; 90; 40.18083677211167], [2; 90; 40.611752030036705], [2; 100; 45.62143121615933], [2; 100; 46.1384168237083], [2; 100; 46.67650599465068], [2; 100; 47.23721993176021], [2; 100; 47.82223999653662], [2; 100; 48.433430229340026], [1; 1040; 510.3577843967472], [2; 520; 258.66284525279883], [2; 520; 262.3191745555115], [2; 520; 266.1630373770671], [2; 540; 280.6043030337807], [1; 1080; 570.0824323263801], [2; 540; 289.7338044467374], [2; 560; 305.6235377242656], [2; 580; 322.21727997593996], [1; 1160; 656.5384678162246], [1; 1200; 706.91909309701], [2; 600; 361.1870363430222], [2; 620; 381.85811722451604], [1; 1240; 782.4626174302437], [2; 620; 412.69611558368484], [2; 620; 425.1128713759123], [1; 1240; 877.887959745163], [2; 620; 454.4901981860446], [2; 620; 472.15174103287677], [1; 1280; 1016.7235236762339], [2; 640; 532.8854779784626], [2; 640; 562.1221050404304], [2; 660; 616.5571540749778], [2; 660; 663.2020191444032], [2; 680; 747.0932664616124], [2; 680; 838.2051344348145], [1; 1400; 2029.578919490828], [2; 700; 1339.0227199030253]];
Intervals[4.9E-324=3.031725704750098, 3.031725704750098=9.119602066388207, 9.119602066388207=15.257380514814246, 15.257380514814246=18.339017038471653, 18.339017038471653=24.52815921674896, 24.52815921674896=30.743554590341873, 30.743554590341873=43.22763961618393, 43.22763961618393=49.49673345604533, 49.49673345604533=55.79329343553928, 55.79329343553928=65.2799713709907, 65.2799713709907=74.80914319681044, 74.80914319681044=84.38148266560306, 84.38148266560306=110.02468103143248, 110.02468103143248=122.90570880955092, 122.90570880955092=135.8471405802279, 135.8471405802279=148.8499795107929, 148.8499795107929=161.91525767205385, 161.91525767205385=175.04403723240335, 175.04403723240335=201.43078620070324, 201.43078620070324=214.6898818173941, 214.6898818173941=231.34735312162115, 231.34735312162115=248.08992103382784, 248.08992103382784=281.7483325482607, 281.7483325482607=298.66576586818843, 298.66576586818843=332.68036840844724, 332.68036840844724=349.77923100481917, 349.77923100481917=366.97140374998247, 366.97140374998247=384.2586935205443, 384.2586935205443=419.0272425107421, 419.0272425107421=436.5104331938063, 436.5104331938063=454.0945384211002, 454.0945384211002=471.78162677182866, 471.78162677182866=489.5738405959722, 489.5738405959722=511.0533116379114, 511.0533116379114=532.664358928468, 532.664358928468=554.4098473515841, 554.4098473515841=598.1756534822508, 598.1756534822508=642.5098883819628, 642.5098883819628=664.824054208627, 664.824054208627=687.2887401603564, 687.2887401603564=740.0659885802156, 740.0659885802156=766.6388304856658, 766.6388304856658=793.400471159799, 793.400471159799=847.3109098472337, 847.3109098472337=874.4646990396955, 874.4646990396955=929.1798489937955, 929.1798489937955=960.6847816413812, 960.6847816413812=1024.1859649471776, 1024.1859649471776=1056.1890533528679, 1056.1890533528679=1088.4518091536552, 1088.4518091536552=1125.048003093489, 1125.048003093489=1161.9536882316559, 1161.9536882316559=1236.4027584673286, 1237.0601677283528=1274.9525006893791, 1274.9525006893791=1313.1948913066326, 1313.1948913066326=1351.7989261772518, 1351.7989261772518=1390.7768652767697, 1390.7768652767697=1469.5065322783998, 1470.3078881812826=1510.4887249533942, 1510.4887249533942=1551.100476983431, 1551.100476983431=1596.7219081995904, 1596.7219081995904=1642.8603250232986, 1642.8603250232986=1689.5368310179492, 1689.5368310179492=1736.7740509497094, 1736.7740509497094=1784.596290946246, 1784.596290946246=1833.029721175586, 1833.029721175586=2343.3875055723333, 2343.3875055723333=2602.050350825132, 2602.050350825132=2864.3695253806436, 2864.3695253806436=3130.532562757711, 3130.532562757711=3411.1368657914913, 3411.1368657914913=3981.2192981178714, 3981.2192981178714=4270.953102564608, 4270.953102564608=4576.576640288874, 4576.576640288874=4898.793920264814, 4898.793920264814=5555.3323880810385, 5555.3323880810385=6262.251481178048, 6262.251481178048=6623.438517521071, 6623.438517521071=7005.296634745587, 7005.296634745587=7787.759252175831, 7808.22183278086=8220.917948364544, 8220.917948364544=8646.030819740456, 8646.030819740456=9523.918779485619, 9523.918779485619=9978.408977671663, 9978.408977671663=10450.560718704539, 10450.560718704539=11467.284242380772, 11467.284242380772=12000.169720359236, 12000.169720359236=12562.291825399667, 12562.291825399667=13178.848979474644, 13178.848979474644=13842.050998619046, 13842.050998619046=14589.144265080658, 14589.144265080658=15427.349399515473, 15427.349399515473=17456.9283190063, 17456.9283190063=18795.951038909327];

Jobs: [[2; 10; 3.031725704750098], [1; 20; 6.1126491810666], [2; 10; 3.081636523657406], [2; 20; 6.189142178277307], [2; 20; 6.215395373592912], [2; 20; 6.269093839861396], [2; 20; 6.296559979493953], [2; 30; 9.486677935451418], [2; 30; 9.52917182581974], [2; 30; 9.572339468792618], [2; 40; 12.88102777811844], [2; 40; 12.941431770676958], [2; 40; 13.00283893056502], [2; 40; 13.065278161260958], [2; 40; 13.128779560349486], [2; 40; 13.259095616690857], [2; 50; 16.65747130422705], [2; 50; 16.742567912206674], [2; 50; 16.91743331992773], [2; 50; 17.098862596371927], [2; 50; 17.19217274516333], [2; 50; 17.287289770561827], [2; 50; 17.48319068306418], [2; 50; 17.584105227293914], [2; 50; 17.687088350728487], [2; 50; 17.792213824143527], [2; 60; 21.479471041939238], [2; 60; 21.611047290556566], [2; 60; 21.74548842311601], [1; 120; 44.046811542921716], [2; 60; 22.314165826664183], [2; 60; 22.464685951729393], [2; 70; 26.572841905450264], [2; 70; 26.761640674133186], [2; 70; 27.153789192461815], [2; 80; 31.504932647585587], [2; 80; 32.00308840569027], [2; 80; 32.26275580078733], [2; 90; 36.596193939833654], [2; 90; 36.90568513816694], [1; 180; 75.10647949669689], [2; 90; 37.8923329610264], [2; 90; 38.242390617253534], [2; 90; 38.60403487061918], [2; 90; 38.97793909951792], [1; 180; 79.53102290451287], [2; 90; 40.18083677211167], [2; 90; 40.611752030036705], [2; 100; 45.62143121615933], [2; 100; 46.1384168237083], [2; 100; 46.67650599465068], [2; 100; 47.23721993176021], [2; 100; 47.82223999653662], [2; 100; 48.433430229340026], [2; 520; 258.66284525279883], [2; 520; 262.3191745555115], [2; 520; 266.1630373770671], [2; 540; 280.6043030337807], [2; 540; 289.7338044467374], [2; 560; 305.6235377242656], [2; 580; 322.21727997593996], [1; 1160; 669.4773631586289], [2; 600; 361.1870363430222], [2; 620; 381.85811722451604], [1; 1240; 802.9251980352727], [2; 620; 412.69611558368484], [2; 620; 425.1128713759123], [2; 620; 454.4901981860446], [2; 620; 472.15174103287677], [2; 640; 532.8854779784626], [2; 640; 562.1221050404304], [2; 660; 616.5571540749778], [2; 660; 663.2020191444032], [2; 680; 747.0932664616124], [2; 680; 838.2051344348145], [2; 700; 1339.0227199030253]];
Intervals[4.9E-324=3.031725704750098, 3.031725704750098=9.144374885816699, 15.257380514814246=18.339017038471653, 18.339017038471653=24.52815921674896, 24.52815921674896=30.743554590341873, 43.22763961618393=49.49673345604533, 49.49673345604533=55.79329343553928, 55.79329343553928=65.2799713709907, 65.2799713709907=74.80914319681044, 74.80914319681044=84.38148266560306, 110.02468103143248=122.90570880955092, 122.90570880955092=135.8471405802279, 135.8471405802279=148.8499795107929, 148.8499795107929=161.91525767205385, 161.91525767205385=175.04403723240335, 201.43078620070324=214.6898818173941, 214.6898818173941=231.34735312162115, 231.34735312162115=248.08992103382784, 281.7483325482607=298.66576586818843, 332.68036840844724=349.77923100481917, 349.77923100481917=366.97140374998247, 366.97140374998247=384.2586935205443, 419.0272425107421=436.5104331938063, 436.5104331938063=454.0945384211002, 454.0945384211002=471.78162677182866, 471.78162677182866=489.5738405959722, 489.5738405959722=511.0533116379114, 511.0533116379114=532.664358928468, 532.664358928468=554.4098473515841, 554.4098473515841=598.4566588945058, 642.5098883819628=664.824054208627, 664.824054208627=687.2887401603564, 740.0659885802156=766.6388304856658, 766.6388304856658=793.400471159799, 847.3109098472337=874.4646990396955, 929.1798489937955=960.6847816413812, 1024.1859649471776=1056.1890533528679, 1056.1890533528679=1088.4518091536552, 1088.4518091536552=1125.048003093489, 1125.048003093489=1161.9536882316559, 1161.9536882316559=1237.0601677283528, 1237.0601677283528=1274.9525006893791, 1274.9525006893791=1313.1948913066326, 1313.1948913066326=1351.7989261772518, 1351.7989261772518=1390.7768652767697, 1390.7768652767697=1470.3078881812826, 1470.3078881812826=1510.4887249533942, 1510.4887249533942=1551.100476983431, 1551.100476983431=1596.7219081995904, 1596.7219081995904=1642.8603250232986, 1642.8603250232986=1689.5368310179492, 1689.5368310179492=1736.7740509497094, 1736.7740509497094=1784.596290946246, 1784.596290946246=1833.029721175586, 2343.3875055723333=2602.050350825132, 2602.050350825132=2864.3695253806436, 2864.3695253806436=3130.532562757711, 3130.532562757711=3411.1368657914913, 3981.2192981178714=4270.953102564608, 4270.953102564608=4576.576640288874, 4576.576640288874=4898.793920264814, 4898.793920264814=5568.271283423443, 6262.251481178048=6623.438517521071, 6623.438517521071=7005.296634745587, 7005.296634745587=7808.22183278086, 7808.22183278086=8220.917948364544, 8220.917948364544=8646.030819740456, 9523.918779485619=9978.408977671663, 9978.408977671663=10450.560718704539, 11467.284242380772=12000.169720359236, 12000.169720359236=12562.291825399667, 12562.291825399667=13178.848979474644, 13178.848979474644=13842.050998619046, 13842.050998619046=14589.144265080658, 14589.144265080658=15427.349399515473, 17456.9283190063=18795.951038909327];
