1.1794523584363283
40137.21834478929
47339.936837835594
[1; 20; 3.8306537711917414]
[2; 10; 1.9308675089518852]
[2; 10; 1.9468586080025163]
[2; 10; 1.9633230415599177]
[2; 10; 1.9802853472193882]
[2; 10; 1.9977719044404745]
[2; 20; 4.031622235020161]
[1; 40; 8.137734485307313]
[1; 40; 8.214690053840705]
[1; 60; 12.441381699340603]
[2; 30; 6.2824373277432635]
[2; 30; 6.3463835938563165]
[2; 30; 6.412667509233766]
[2; 50; 10.802399172401481]
[2; 50; 10.921440163523245]
[2; 50; 11.045202773062966]
[2; 50; 11.174017422810419]
[2; 60; 13.56989793322853]
[2; 60; 13.73795741216008]
[2; 60; 13.913534829478666]
[2; 70; 16.446763400211257]
[1; 140; 33.342621559710295]
[2; 80; 19.322249297728273]
[2; 80; 19.6053855794363]
[2; 90; 22.39154584088748]
[1; 180; 45.491201590675715]
[2; 90; 23.12005800974063]
[1; 180; 47.03403926238535]
[1; 200; 53.197574323569995]
[2; 100; 27.098371276475557]
[2; 100; 27.632419176307188]
[2; 100; 28.20521835863422]
[2; 100; 28.821853385603468]
[2; 100; 29.488408769024993]
[2; 100; 30.212239138677237]
[1; 1040; 322.4242827102345]
[2; 540; 172.0970604153796]
[1; 1080; 354.5498624578192]
[2; 540; 183.0425966482859]
[2; 580; 203.56439844625086]
[2; 580; 211.4749350421938]
[2; 600; 228.18398127264183]
[1; 1240; 494.32957796602363]
[1; 1240; 521.45084531885]
[2; 640; 286.2532198943115]
[2; 680; 327.15368587669633]
[2; 680; 357.6974324883325]
[2; 680; 401.32047489317915]
[1; 1400; 971.7329831825163]
[1; 1400; 1282.209358468274]


Jobs: [[1; 20; 3.8306537711917414], [2; 10; 1.9308675089518852], [2; 10; 1.9468586080025163], [2; 10; 1.9633230415599177], [2; 10; 1.9802853472193882], [2; 10; 1.9977719044404745], [2; 20; 4.031622235020161], [1; 40; 8.137734485307313], [1; 60; 12.441381699340603], [2; 30; 6.2824373277432635], [2; 30; 6.3463835938563165], [2; 30; 6.412667509233766], [2; 50; 10.802399172401481], [2; 50; 10.921440163523245], [2; 50; 11.045202773062966], [2; 50; 11.174017422810419], [2; 60; 13.56989793322853], [2; 60; 13.73795741216008], [2; 60; 13.913534829478666], [2; 70; 16.446763400211257], [1; 140; 33.342621559710295], [2; 80; 19.322249297728273], [2; 80; 19.6053855794363], [2; 90; 22.39154584088748], [1; 180; 45.491201590675715], [2; 90; 23.12005800974063], [1; 180; 47.03403926238535], [2; 100; 27.098371276475557], [2; 100; 27.632419176307188], [2; 100; 28.20521835863422], [2; 100; 28.821853385603468], [2; 100; 29.488408769024993], [2; 100; 30.212239138677237], [1; 1040; 322.4242827102345], [2; 540; 172.0970604153796], [1; 1080; 354.5498624578192], [2; 540; 183.0425966482859], [2; 580; 203.56439844625086], [2; 580; 211.4749350421938], [2; 600; 228.18398127264183], [1; 1240; 494.32957796602363], [2; 640; 286.2532198943115], [2; 680; 327.15368587669633], [2; 680; 357.6974324883325], [2; 680; 401.32047489317915], [1; 1400; 971.7329831825163]];
Intervals[0.0=3.8306537711917414, 3.8306537711917414=5.761521280143627, 5.761521280143627=7.708379888146143, 7.708379888146143=9.671702929706061, 9.671702929706061=11.651988276925449, 11.651988276925449=13.649760181365924, 13.649760181365924=17.681382416386086, 17.681382416386086=25.8191169016934, 25.8191169016934=38.260498601034, 38.260498601034=44.54293592877727, 44.54293592877727=50.889319522633585, 50.889319522633585=57.30198703186735, 57.30198703186735=68.10438620426883, 68.10438620426883=79.02582636779208, 79.02582636779208=90.07102914085505, 90.07102914085505=101.24504656366547, 101.24504656366547=114.814944496894, 114.814944496894=128.55290190905407, 128.55290190905407=142.46643673853274, 142.46643673853274=158.913200138744, 158.913200138744=192.2558216984543, 192.2558216984543=211.57807099618256, 211.57807099618256=231.18345657561886, 231.18345657561886=253.57500241650635, 253.57500241650635=299.0662040071821, 299.0662040071821=322.1862620169227, 322.1862620169227=369.22030127930805, 375.3838363404927=402.48220761696825, 402.48220761696825=430.1146267932754, 430.1146267932754=458.31984515190965, 458.31984515190965=487.1416985375131, 487.1416985375131=516.6301073065381, 516.6301073065381=546.8423464452153, 546.8423464452153=869.2666291554498, 869.2666291554498=1041.3636895708294, 1041.3636895708294=1395.9135520286486, 1395.9135520286486=1578.9561486769344, 1578.9561486769344=1782.5205471231852, 1782.5205471231852=1993.9954821653791, 1993.9954821653791=2222.179463438021, 2222.179463438021=2716.509041404044, 2743.630308756871=3029.883528651182, 3029.883528651182=3357.0372145278784, 3357.0372145278784=3714.734647016211, 3714.734647016211=4116.05512190939, 4116.05512190939=5087.788105091907];

Jobs: [[2; 10; 1.9308675089518852], [2; 10; 1.9468586080025163], [2; 10; 1.9633230415599177], [2; 10; 1.9802853472193882], [2; 10; 1.9977719044404745], [2; 20; 4.031622235020161], [1; 40; 8.214690053840705], [2; 30; 6.2824373277432635], [2; 30; 6.3463835938563165], [2; 30; 6.412667509233766], [2; 50; 10.802399172401481], [2; 50; 10.921440163523245], [2; 50; 11.045202773062966], [2; 50; 11.174017422810419], [2; 60; 13.56989793322853], [2; 60; 13.73795741216008], [2; 60; 13.913534829478666], [2; 70; 16.446763400211257], [2; 80; 19.322249297728273], [2; 80; 19.6053855794363], [2; 90; 22.39154584088748], [2; 90; 23.12005800974063], [1; 200; 53.197574323569995], [2; 100; 27.098371276475557], [2; 100; 27.632419176307188], [2; 100; 28.20521835863422], [2; 100; 28.821853385603468], [2; 100; 29.488408769024993], [2; 100; 30.212239138677237], [2; 540; 172.0970604153796], [2; 540; 183.0425966482859], [2; 580; 203.56439844625086], [2; 580; 211.4749350421938], [2; 600; 228.18398127264183], [1; 1240; 521.45084531885], [2; 640; 286.2532198943115], [2; 680; 327.15368587669633], [2; 680; 357.6974324883325], [2; 680; 401.32047489317915], [1; 1400; 1282.209358468274]];
Intervals[3.8306537711917414=5.761521280143627, 5.761521280143627=7.708379888146143, 7.708379888146143=9.671702929706061, 9.671702929706061=11.651988276925449, 11.651988276925449=13.649760181365924, 13.649760181365924=17.681382416386086, 17.681382416386086=25.89607247022679, 38.260498601034=44.54293592877727, 44.54293592877727=50.889319522633585, 50.889319522633585=57.30198703186735, 57.30198703186735=68.10438620426883, 68.10438620426883=79.02582636779208, 79.02582636779208=90.07102914085505, 90.07102914085505=101.24504656366547, 101.24504656366547=114.814944496894, 114.814944496894=128.55290190905407, 128.55290190905407=142.46643673853274, 142.46643673853274=158.913200138744, 192.2558216984543=211.57807099618256, 211.57807099618256=231.18345657561886, 231.18345657561886=253.57500241650635, 299.0662040071821=322.1862620169227, 322.1862620169227=375.3838363404927, 375.3838363404927=402.48220761696825, 402.48220761696825=430.1146267932754, 430.1146267932754=458.31984515190965, 458.31984515190965=487.1416985375131, 487.1416985375131=516.6301073065381, 516.6301073065381=546.8423464452153, 869.2666291554498=1041.3636895708294, 1395.9135520286486=1578.9561486769344, 1578.9561486769344=1782.5205471231852, 1782.5205471231852=1993.9954821653791, 1993.9954821653791=2222.179463438021, 2222.179463438021=2743.630308756871, 2743.630308756871=3029.883528651182, 3029.883528651182=3357.0372145278784, 3357.0372145278784=3714.734647016211, 3714.734647016211=4116.05512190939, 4116.05512190939=5398.264480377665];
