1.1779070852086866
179769.64546436042
211751.93909792378
[2; 10; 3.4890768984230216]
[1; 40; 14.069546603380385]
[2; 30; 10.639551052243986]
[2; 30; 10.729528917436763]
[2; 30; 10.822227645678188]
[2; 30; 10.91779140029138]
[1; 80; 29.377001093995943]
[2; 40; 14.824196126371817]
[2; 40; 14.964383108758032]
[1; 160; 60.43729008430146]
[2; 80; 30.518594830458994]
[2; 80; 30.829230668847217]
[2; 90; 35.04512503635844]
[2; 90; 35.42096288114268]
[1; 180; 71.62259428981599]
[2; 100; 40.24123727778468]
[1; 200; 81.4211012140104]
[2; 520; 214.23790397871795]
[2; 520; 216.89118189482417]
[2; 520; 219.66315100302373]
[2; 540; 231.12333788729353]
[2; 540; 234.27886086979555]
[2; 540; 237.5905102996439]
[1; 1080; 482.1440291619879]
[2; 540; 244.7388774238873]
[2; 560; 257.8164158507913]
[1; 1120; 524.1216131389658]
[2; 560; 266.56027982560636]
[1; 1120; 542.6845947363628]
[2; 560; 276.43870648579497]
[2; 560; 281.8866911312439]
[2; 580; 298.0060604145567]
[2; 580; 304.5212014343558]
[2; 580; 311.56378275160904]
[2; 580; 319.21151070484586]
[2; 580; 327.55937438848485]
[2; 600; 348.33617540549875]
[1; 1200; 717.6330774099932]
[2; 600; 370.49068646995494]
[2; 620; 396.39955518009987]
[2; 640; 425.08767873059634]
[2; 640; 443.3855274931846]
[2; 640; 464.77474602461865]
[1; 1360; 1041.8333018601083]
[2; 680; 554.0474438867572]
[2; 680; 595.9632145356776]
[2; 700; 670.7683873044734]
[2; 700; 752.5720435389029]
[2; 700; 885.084193344629]
[2; 700; 1167.875594818284]


Jobs: [[2; 10; 3.4890768984230216], [1; 40; 14.069546603380385], [2; 30; 10.639551052243986], [2; 30; 10.729528917436763], [2; 30; 10.822227645678188], [2; 30; 10.91779140029138], [1; 80; 29.377001093995943], [2; 40; 14.824196126371817], [2; 40; 14.964383108758032], [1; 160; 60.43729008430146], [2; 80; 30.518594830458994], [2; 80; 30.829230668847217], [2; 90; 35.04512503635844], [2; 90; 35.42096288114268], [1; 180; 71.62259428981599], [2; 100; 40.24123727778468], [1; 200; 81.4211012140104], [2; 520; 214.23790397871795], [2; 520; 216.89118189482417], [2; 520; 219.66315100302373], [2; 540; 231.12333788729353], [2; 540; 234.27886086979555], [2; 540; 237.5905102996439], [1; 1080; 482.1440291619879], [2; 540; 244.7388774238873], [2; 560; 257.8164158507913], [1; 1120; 524.1216131389658], [2; 560; 266.56027982560636], [1; 1120; 542.6845947363628], [2; 560; 276.43870648579497], [2; 560; 281.8866911312439], [2; 580; 298.0060604145567], [2; 580; 304.5212014343558], [2; 580; 311.56378275160904], [2; 580; 319.21151070484586], [2; 580; 327.55937438848485], [2; 600; 348.33617540549875], [1; 1200; 717.6330774099932], [2; 600; 370.49068646995494], [2; 620; 396.39955518009987], [2; 640; 425.08767873059634], [2; 640; 443.3855274931846], [2; 640; 464.77474602461865], [1; 1360; 1041.8333018601083], [2; 680; 554.0474438867572], [2; 680; 595.9632145356776], [2; 700; 670.7683873044734], [2; 700; 752.5720435389029], [2; 700; 885.084193344629], [2; 700; 1167.875594818284]];
Intervals[4.9E-324=3.4890768984230216, 3.4890768984230216=17.558623501803407, 17.558623501803407=28.19817455404739, 28.19817455404739=38.92770347148415, 38.92770347148415=49.74993111716234, 49.74993111716234=60.66772251745372, 60.66772251745372=90.04472361144965, 90.04472361144965=104.86891973782147, 104.86891973782147=119.8333028465795, 119.8333028465795=180.27059293088095, 180.27059293088095=210.78918776133995, 210.78918776133995=241.61841843018715, 241.61841843018715=276.6635434665456, 276.6635434665456=312.08450634768826, 312.08450634768826=383.70710063750425, 383.70710063750425=423.9483379152889, 423.9483379152889=505.3694391292993, 505.3694391292993=719.6073431080172, 719.6073431080172=936.4985250028413, 936.4985250028413=1156.161676005865, 1156.161676005865=1387.2850138931585, 1387.2850138931585=1621.5638747629541, 1621.5638747629541=1859.154385062598, 1859.154385062598=2341.298414224586, 2341.298414224586=2586.037291648473, 2586.037291648473=2843.853707499264, 2843.853707499264=3367.97532063823, 3367.97532063823=3634.5356004638365, 3634.5356004638365=4177.2201952002, 4177.2201952002=4453.658901685994, 4453.658901685994=4735.545592817238, 4735.545592817238=5033.551653231794, 5033.551653231794=5338.07285466615, 5338.07285466615=5649.63663741776, 5649.63663741776=5968.848148122605, 5968.848148122605=6296.40752251109, 6296.40752251109=6644.743697916589, 6644.743697916589=7362.376775326582, 7362.376775326582=7732.867461796537, 7732.867461796537=8129.267016976637, 8129.267016976637=8554.354695707234, 8554.354695707234=8997.740223200419, 8997.740223200419=9462.514969225038, 9462.514969225038=10504.348271085146, 10504.348271085146=11058.395714971903, 11058.395714971903=11654.35892950758, 11654.35892950758=12325.127316812053, 12325.127316812053=13077.699360350956, 13077.699360350956=13962.783553695586, 13962.783553695586=15130.65914851387];

Jobs: [[2; 10; 3.4890768984230216], [2; 30; 10.639551052243986], [2; 30; 10.729528917436763], [2; 30; 10.822227645678188], [2; 30; 10.91779140029138], [2; 40; 14.824196126371817], [2; 40; 14.964383108758032], [2; 80; 30.518594830458994], [2; 80; 30.829230668847217], [2; 90; 35.04512503635844], [2; 90; 35.42096288114268], [2; 100; 40.24123727778468], [2; 520; 214.23790397871795], [2; 520; 216.89118189482417], [2; 520; 219.66315100302373], [2; 540; 231.12333788729353], [2; 540; 234.27886086979555], [2; 540; 237.5905102996439], [2; 540; 244.7388774238873], [2; 560; 257.8164158507913], [2; 560; 266.56027982560636], [2; 560; 276.43870648579497], [2; 560; 281.8866911312439], [2; 580; 298.0060604145567], [2; 580; 304.5212014343558], [2; 580; 311.56378275160904], [2; 580; 319.21151070484586], [2; 580; 327.55937438848485], [2; 600; 348.33617540549875], [2; 600; 370.49068646995494], [2; 620; 396.39955518009987], [2; 640; 425.08767873059634], [2; 640; 443.3855274931846], [2; 640; 464.77474602461865], [2; 680; 554.0474438867572], [2; 680; 595.9632145356776], [2; 700; 670.7683873044734], [2; 700; 752.5720435389029], [2; 700; 885.084193344629], [2; 700; 1167.875594818284]];
Intervals[4.9E-324=3.4890768984230216, 17.558623501803407=28.19817455404739, 28.19817455404739=38.92770347148415, 38.92770347148415=49.74993111716234, 49.74993111716234=60.66772251745372, 90.04472361144965=104.86891973782147, 104.86891973782147=119.8333028465795, 180.27059293088095=210.78918776133995, 210.78918776133995=241.61841843018715, 241.61841843018715=276.6635434665456, 276.6635434665456=312.08450634768826, 383.70710063750425=423.9483379152889, 505.3694391292993=719.6073431080172, 719.6073431080172=936.4985250028413, 936.4985250028413=1156.161676005865, 1156.161676005865=1387.2850138931585, 1387.2850138931585=1621.5638747629541, 1621.5638747629541=1859.154385062598, 2341.298414224586=2586.037291648473, 2586.037291648473=2843.853707499264, 3367.97532063823=3634.5356004638365, 4177.2201952002=4453.658901685994, 4453.658901685994=4735.545592817238, 4735.545592817238=5033.551653231794, 5033.551653231794=5338.07285466615, 5338.07285466615=5649.63663741776, 5649.63663741776=5968.848148122605, 5968.848148122605=6296.40752251109, 6296.40752251109=6644.743697916589, 7362.376775326582=7732.867461796537, 7732.867461796537=8129.267016976637, 8129.267016976637=8554.354695707234, 8554.354695707234=8997.740223200419, 8997.740223200419=9462.514969225038, 10504.348271085146=11058.395714971903, 11058.395714971903=11654.35892950758, 11654.35892950758=12325.127316812053, 12325.127316812053=13077.699360350956, 13077.699360350956=13962.783553695586, 13962.783553695586=15130.65914851387];
