1.1631450735012514
228937.1558913355
266287.1250163949
[1; 20; 7.686710158153954]
[1; 20; 7.749078763906364]
[2; 20; 7.8132552470106]
[2; 20; 7.879331345887348]
[1; 60; 23.842216609065776]
[1; 60; 24.052751058354804]
[2; 70; 28.31492926165624]
[2; 80; 32.65886716413475]
[2; 80; 32.967710085320036]
[1; 160; 66.5740459650329]
[1; 180; 75.63921624288062]
[1; 180; 76.40911575769002]
[1; 180; 77.20716007506338]
[1; 1040; 450.86981526969794]
[1; 1040; 455.83834020753915]
[1; 1040; 461.0039357395976]
[1; 1040; 466.38039298846945]
[1; 1040; 471.9829114454684]
[1; 1040; 477.8282908692803]
[1; 1040; 483.9351563017151]
[2; 540; 254.59142358365304]
[1; 1080; 516.1347118782413]
[2; 540; 261.7152677011351]
[1; 1080; 531.1005624908693]
[1; 1120; 559.1485397386232]
[1; 1120; 567.9897922441404]
[2; 560; 288.67025900491274]
[1; 1160; 608.2265395697816]
[1; 1160; 619.1379551189596]
[2; 580; 315.38336836794156]
[1; 1160; 643.1977292704744]
[1; 1160; 656.5307324740675]
[2; 580; 335.442049657415]
[2; 600; 355.0342026794174]
[1; 1200; 727.4979343766616]
[1; 1200; 746.5231054079176]
[1; 1240; 792.9923221594443]
[2; 640; 421.6005265612715]
[1; 1280; 870.634720827069]
[1; 1280; 901.470267188105]
[2; 660; 482.88359025512517]
[1; 1320; 1007.3385143621717]
[1; 1320; 1055.9332074290394]
[1; 1320; 1113.866715966493]
[1; 1320; 1184.70969532252]
[1; 1320; 1274.3374346481091]
[2; 680; 717.7669014441523]
[1; 1360; 1610.6045366124833]
[2; 680; 947.0991045465074]
[1; 1360; 2499.4095214700815]


Jobs: [[1; 20; 7.686710158153954], [2; 20; 7.8132552470106], [2; 20; 7.879331345887348], [1; 60; 23.842216609065776], [2; 70; 28.31492926165624], [2; 80; 32.65886716413475], [2; 80; 32.967710085320036], [1; 160; 66.5740459650329], [1; 180; 76.40911575769002], [1; 1040; 450.86981526969794], [1; 1040; 461.0039357395976], [1; 1040; 471.9829114454684], [1; 1040; 483.9351563017151], [2; 540; 254.59142358365304], [1; 1080; 516.1347118782413], [2; 540; 261.7152677011351], [1; 1080; 531.1005624908693], [1; 1120; 567.9897922441404], [2; 560; 288.67025900491274], [1; 1160; 608.2265395697816], [2; 580; 315.38336836794156], [1; 1160; 643.1977292704744], [2; 580; 335.442049657415], [2; 600; 355.0342026794174], [1; 1200; 727.4979343766616], [1; 1240; 792.9923221594443], [2; 640; 421.6005265612715], [1; 1280; 870.634720827069], [2; 660; 482.88359025512517], [1; 1320; 1007.3385143621717], [1; 1320; 1113.866715966493], [1; 1320; 1274.3374346481091], [2; 680; 717.7669014441523], [1; 1360; 1610.6045366124833], [2; 680; 947.0991045465074], [1; 1360; 2499.4095214700815]];
Intervals[0.0=7.686710158153954, 7.749078763906364=15.562334010916963, 15.562334010916963=23.44166535680431, 23.44166535680431=47.28388196587009, 47.494416415159115=75.80934567681535, 75.80934567681535=108.4682128409501, 108.4682128409501=141.43592292627014, 141.43592292627014=208.00996889130303, 208.00996889130303=284.419084648993, 284.419084648993=735.288899918691, 735.288899918691=1196.2928356582886, 1196.2928356582886=1668.275747103757, 1668.275747103757=2152.210903405472, 2152.210903405472=2406.802326989125, 2406.802326989125=2922.9370388673665, 2922.9370388673665=3184.6523065685014, 3184.6523065685014=3715.752869059371, 3715.752869059371=4283.742661303511, 4283.742661303511=4572.412920308424, 4572.412920308424=5180.639459878205, 5191.550875427383=5506.934243795325, 5506.934243795325=6150.131973065799, 6163.464976269392=6498.907025926806, 6498.907025926806=6853.941228606223, 6853.941228606223=7581.439162982885, 7581.439162982885=8374.43148514233, 8374.43148514233=8796.0320117036, 8796.0320117036=9666.66673253067, 9697.502278891705=10180.38586914683, 10180.38586914683=11187.724383509001, 11187.724383509001=12301.591099475494, 12301.591099475494=13575.928534123603, 13575.928534123603=14293.695435567755, 14293.695435567755=15904.299972180239, 15904.299972180239=16851.399076726746, 16851.399076726746=19350.80859819683];

Jobs: [[1; 20; 7.749078763906364], [2; 20; 7.8132552470106], [2; 20; 7.879331345887348], [1; 60; 24.052751058354804], [2; 70; 28.31492926165624], [2; 80; 32.65886716413475], [2; 80; 32.967710085320036], [1; 180; 75.63921624288062], [1; 180; 77.20716007506338], [1; 1040; 455.83834020753915], [1; 1040; 466.38039298846945], [1; 1040; 477.8282908692803], [2; 540; 254.59142358365304], [2; 540; 261.7152677011351], [1; 1120; 559.1485397386232], [2; 560; 288.67025900491274], [1; 1160; 619.1379551189596], [2; 580; 315.38336836794156], [1; 1160; 656.5307324740675], [2; 580; 335.442049657415], [2; 600; 355.0342026794174], [1; 1200; 746.5231054079176], [2; 640; 421.6005265612715], [1; 1280; 901.470267188105], [2; 660; 482.88359025512517], [1; 1320; 1055.9332074290394], [1; 1320; 1184.70969532252], [2; 680; 717.7669014441523], [2; 680; 947.0991045465074]];
Intervals[0.0=7.749078763906364, 7.749078763906364=15.562334010916963, 15.562334010916963=23.44166535680431, 23.44166535680431=47.494416415159115, 47.494416415159115=75.80934567681535, 75.80934567681535=108.4682128409501, 108.4682128409501=141.43592292627014, 141.43592292627014=217.07513916915076, 217.07513916915076=294.28229924421413, 294.28229924421413=750.1206394517533, 750.1206394517533=1216.5010324402228, 1216.5010324402228=1694.3293233095033, 2152.210903405472=2406.802326989125, 2922.9370388673665=3184.6523065685014, 3184.6523065685014=3743.8008463071246, 4283.742661303511=4572.412920308424, 4572.412920308424=5191.550875427383, 5191.550875427383=5506.934243795325, 5506.934243795325=6163.464976269392, 6163.464976269392=6498.907025926806, 6498.907025926806=6853.941228606223, 6853.941228606223=7600.464334014141, 8374.43148514233=8796.0320117036, 8796.0320117036=9697.502278891705, 9697.502278891705=10180.38586914683, 10180.38586914683=11236.31907657587, 11236.31907657587=12421.02877189839, 13575.928534123603=14293.695435567755, 15904.299972180239=16851.399076726746];
