1.1888102113877346
1154337.1219161241
1372287.7579178168
[2; 10; 5.5634611943031675]
[2; 10; 5.585872072896023]
[2; 20; 11.217204267513464]
[2; 20; 11.263318499937743]
[2; 20; 11.310103145184437]
[2; 20; 11.35757508699457]
[2; 30; 17.10862772680449]
[2; 30; 17.181977201672325]
[2; 30; 17.256439251842966]
[2; 40; 23.109390832179187]
[1; 100; 58.029397222009514]
[2; 50; 29.144664804674974]
[2; 60; 35.132029978757004]
[1; 120; 70.58600590873876]
[1; 120; 70.91317470510765]
[2; 70; 41.559999424958484]
[1; 140; 83.51440366923822]
[1; 140; 83.91543725467162]
[1; 160; 96.36947761880154]
[1; 160; 96.84362519930295]
[1; 160; 97.32603951530015]
[2; 80; 48.908485382347465]
[2; 80; 49.158340005023746]
[2; 80; 49.41271989851589]
[2; 80; 49.671767408331554]
[1; 160; 99.87126261501918]
[2; 90; 56.48002557443146]
[2; 90; 56.78824254268822]
[2; 90; 57.10242788670116]
[2; 90; 57.422782512122]
[1; 180; 115.49903408331342]
[2; 100; 64.53650270228327]
[2; 100; 64.91446737764865]
[2; 520; 339.5615330797457]
[2; 520; 341.61020230685017]
[1; 1040; 687.4055904426418]
[2; 520; 345.8409513426855]
[1; 1040; 696.0527965156837]
[2; 520; 350.2609578413229]
[1; 1040; 705.0931060471157]
[1; 1040; 709.7704303305923]
[2; 520; 357.279092103624]
[1; 1040; 719.4609138866092]
[2; 520; 362.2417176766988]
[2; 520; 364.81542772646657]
[2; 540; 381.58715511469944]
[2; 540; 384.3981767097295]
[2; 540; 387.28303684765916]
[2; 540; 390.24512411879624]
[2; 540; 393.28805171656273]
[2; 540; 396.41567708669635]
[2; 540; 399.6321237289661]
[1; 1080; 805.8836108733259]
[2; 540; 406.34945330376604]
[1; 1080; 819.7202917648324]
[2; 540; 413.4793429358505]
[1; 1080; 834.4258466126463]
[2; 560; 436.6623100065793]
[2; 560; 440.7916652201626]
[2; 560; 445.06100826271006]
[2; 560; 449.47867672621845]
[2; 580; 470.26993424892044]
[2; 580; 475.18160277089424]
[2; 580; 480.27763907498064]
[2; 580; 485.57023428986355]
[2; 580; 491.0727539585827]
[2; 580; 496.79988872481493]
[1; 1200; 1040.209302333733]
[1; 1200; 1053.0920103828396]
[1; 1200; 1066.5510108611927]
[2; 600; 540.3159794157103]
[1; 1200; 1095.3858084983967]
[2; 600; 555.4348186812343]
[2; 600; 563.5738167279611]
[2; 600; 572.1461426836686]
[2; 600; 581.1929131892101]
[1; 1240; 1220.9060663332195]
[2; 620; 620.9342536619926]
[2; 640; 652.463114405189]
[1; 1280; 1329.435632596027]
[1; 1280; 1355.635816374806]
[2; 640; 691.8685615557937]
[2; 640; 706.9944997311147]
[1; 1280; 1446.6899492270056]
[2; 660; 764.2597811595382]
[1; 1320; 1568.4926601432753]
[2; 660; 806.1907008854565]
[2; 660; 830.4464975282275]
[2; 660; 857.4651939295302]
[2; 660; 887.8343109747033]
[2; 660; 922.3356572892139]
[2; 680; 991.1901374723888]
[2; 680; 1039.0058218869526]
[2; 680; 1096.0106136950526]
[1; 1360; 2331.435856029248]
[1; 1400; 2581.5770828082564]
[2; 700; 1411.2992366518365]
[1; 1400; 3166.8288806516425]
[2; 700; 1862.220507229845]
[1; 1400; 4914.429381786585]


Jobs: [[2; 10; 5.5634611943031675], [2; 10; 5.585872072896023], [2; 20; 11.217204267513464], [2; 20; 11.263318499937743], [2; 20; 11.310103145184437], [2; 20; 11.35757508699457], [2; 30; 17.10862772680449], [2; 30; 17.181977201672325], [2; 30; 17.256439251842966], [2; 40; 23.109390832179187], [1; 100; 58.029397222009514], [2; 50; 29.144664804674974], [2; 60; 35.132029978757004], [1; 120; 70.58600590873876], [2; 70; 41.559999424958484], [1; 140; 83.51440366923822], [1; 160; 96.36947761880154], [1; 160; 97.32603951530015], [2; 80; 48.908485382347465], [2; 80; 49.158340005023746], [2; 80; 49.41271989851589], [2; 80; 49.671767408331554], [1; 160; 99.87126261501918], [2; 90; 56.48002557443146], [2; 90; 56.78824254268822], [2; 90; 57.10242788670116], [2; 90; 57.422782512122], [1; 180; 115.49903408331342], [2; 100; 64.53650270228327], [2; 100; 64.91446737764865], [2; 520; 339.5615330797457], [2; 520; 341.61020230685017], [1; 1040; 687.4055904426418], [2; 520; 345.8409513426855], [1; 1040; 696.0527965156837], [2; 520; 350.2609578413229], [1; 1040; 705.0931060471157], [2; 520; 357.279092103624], [1; 1040; 719.4609138866092], [2; 520; 362.2417176766988], [2; 520; 364.81542772646657], [2; 540; 381.58715511469944], [2; 540; 384.3981767097295], [2; 540; 387.28303684765916], [2; 540; 390.24512411879624], [2; 540; 393.28805171656273], [2; 540; 396.41567708669635], [2; 540; 399.6321237289661], [1; 1080; 805.8836108733259], [2; 540; 406.34945330376604], [1; 1080; 819.7202917648324], [2; 540; 413.4793429358505], [1; 1080; 834.4258466126463], [2; 560; 436.6623100065793], [2; 560; 440.7916652201626], [2; 560; 445.06100826271006], [2; 560; 449.47867672621845], [2; 580; 470.26993424892044], [2; 580; 475.18160277089424], [2; 580; 480.27763907498064], [2; 580; 485.57023428986355], [2; 580; 491.0727539585827], [2; 580; 496.79988872481493], [1; 1200; 1040.209302333733], [1; 1200; 1066.5510108611927], [2; 600; 540.3159794157103], [1; 1200; 1095.3858084983967], [2; 600; 555.4348186812343], [2; 600; 563.5738167279611], [2; 600; 572.1461426836686], [2; 600; 581.1929131892101], [1; 1240; 1220.9060663332195], [2; 620; 620.9342536619926], [2; 640; 652.463114405189], [1; 1280; 1329.435632596027], [2; 640; 691.8685615557937], [2; 640; 706.9944997311147], [1; 1280; 1446.6899492270056], [2; 660; 764.2597811595382], [1; 1320; 1568.4926601432753], [2; 660; 806.1907008854565], [2; 660; 830.4464975282275], [2; 660; 857.4651939295302], [2; 660; 887.8343109747033], [2; 660; 922.3356572892139], [2; 680; 991.1901374723888], [2; 680; 1039.0058218869526], [2; 680; 1096.0106136950526], [1; 1360; 2331.435856029248], [2; 700; 1411.2992366518365], [1; 1400; 3166.8288806516425], [2; 700; 1862.220507229845], [1; 1400; 4914.429381786585]];
Intervals[4.9E-324=5.5634611943031675, 5.5634611943031675=11.14933326719919, 11.14933326719919=22.366537534712656, 22.366537534712656=33.6298560346504, 33.6298560346504=44.93995917983484, 44.93995917983484=56.29753426682941, 56.29753426682941=73.4061619936339, 73.4061619936339=90.58813919530623, 90.58813919530623=107.84457844714919, 107.84457844714919=130.95396927932836, 130.95396927932836=188.98336650133788, 188.98336650133788=218.12803130601287, 218.12803130601287=253.26006128476988, 253.26006128476988=323.84606719350865, 324.1732359898775=365.73323541483603, 365.73323541483603=449.24763908407425, 449.24763908407425=545.6171167028758, 545.6171167028758=642.943156218176, 642.943156218176=691.8516416005234, 691.8516416005234=741.0099816055472, 741.0099816055472=790.4227015040631, 790.4227015040631=840.0944689123946, 840.0944689123946=939.9657315274138, 939.9657315274138=996.4457571018453, 996.4457571018453=1053.2339996445335, 1053.2339996445335=1110.3364275312347, 1110.3364275312347=1167.7592100433567, 1167.7592100433567=1283.2582441266702, 1283.2582441266702=1347.7947468289535, 1347.7947468289535=1412.7092142066022, 1412.7092142066022=1752.2707472863478, 1752.2707472863478=2093.8809495931982, 2093.8809495931982=2781.28654003584, 2781.28654003584=3127.1274913785255, 3127.1274913785255=3823.180287894209, 3823.180287894209=4173.441245735532, 4173.441245735532=4878.534351782648, 4883.211676066125=5240.490768169749, 5240.490768169749=5959.951682056358, 5959.951682056358=6322.193399733056, 6322.193399733056=6687.008827459523, 6687.008827459523=7068.595982574222, 7068.595982574222=7452.994159283951, 7452.994159283951=7840.27719613161, 7840.27719613161=8230.522320250406, 8230.522320250406=8623.810371966969, 8623.810371966969=9020.226049053665, 9020.226049053665=9419.858172782631, 9419.858172782631=10225.741783655958, 10225.741783655958=10632.091236959724, 10632.091236959724=11451.811528724556, 11451.811528724556=11865.290871660407, 11865.290871660407=12699.716718273054, 12699.716718273054=13136.379028279633, 13136.379028279633=13577.170693499795, 13577.170693499795=14022.231701762505, 14022.231701762505=14471.710378488722, 14471.710378488722=14941.980312737644, 14941.980312737644=15417.161915508537, 15417.161915508537=15897.439554583518, 15897.439554583518=16383.009788873382, 16383.009788873382=16874.082542831966, 16874.082542831966=17370.88243155678, 17370.88243155678=18411.091733890513, 18411.091733890513=19477.642744751705, 19477.642744751705=20017.958724167416, 20017.958724167416=21113.34453266581, 21113.34453266581=21668.779351347046, 21668.779351347046=22232.353168075006, 22232.353168075006=22804.499310758674, 22804.499310758674=23385.692223947884, 23385.692223947884=24606.598290281105, 24606.598290281105=25227.532543943096, 25227.532543943096=25879.995658348285, 25879.995658348285=27209.43129094431, 27235.63147472309=27927.500036278885, 27927.500036278885=28634.49453601, 28634.49453601=30081.184485237005, 30081.184485237005=30845.444266396542, 30845.444266396542=32413.936926539816, 32413.936926539816=33220.127627425274, 33220.127627425274=34050.5741249535, 34050.5741249535=34908.03931888303, 34908.03931888303=35795.87362985773, 35795.87362985773=36718.20928714694, 36718.20928714694=37709.39942461933, 37709.39942461933=38748.405246506285, 38748.405246506285=39844.415860201334, 39844.415860201334=42175.85171623058, 42425.99294300959=43837.292179661425, 43837.292179661425=47004.12106031307, 47004.12106031307=48866.34156754291, 48866.34156754291=53780.7709493295];

Jobs: [[2; 10; 5.5634611943031675], [2; 10; 5.585872072896023], [2; 20; 11.217204267513464], [2; 20; 11.263318499937743], [2; 20; 11.310103145184437], [2; 20; 11.35757508699457], [2; 30; 17.10862772680449], [2; 30; 17.181977201672325], [2; 30; 17.256439251842966], [2; 40; 23.109390832179187], [2; 50; 29.144664804674974], [2; 60; 35.132029978757004], [1; 120; 70.91317470510765], [2; 70; 41.559999424958484], [1; 140; 83.91543725467162], [1; 160; 96.84362519930295], [2; 80; 48.908485382347465], [2; 80; 49.158340005023746], [2; 80; 49.41271989851589], [2; 80; 49.671767408331554], [2; 90; 56.48002557443146], [2; 90; 56.78824254268822], [2; 90; 57.10242788670116], [2; 90; 57.422782512122], [2; 100; 64.53650270228327], [2; 100; 64.91446737764865], [2; 520; 339.5615330797457], [2; 520; 341.61020230685017], [2; 520; 345.8409513426855], [2; 520; 350.2609578413229], [1; 1040; 709.7704303305923], [2; 520; 357.279092103624], [2; 520; 362.2417176766988], [2; 520; 364.81542772646657], [2; 540; 381.58715511469944], [2; 540; 384.3981767097295], [2; 540; 387.28303684765916], [2; 540; 390.24512411879624], [2; 540; 393.28805171656273], [2; 540; 396.41567708669635], [2; 540; 399.6321237289661], [2; 540; 406.34945330376604], [2; 540; 413.4793429358505], [2; 560; 436.6623100065793], [2; 560; 440.7916652201626], [2; 560; 445.06100826271006], [2; 560; 449.47867672621845], [2; 580; 470.26993424892044], [2; 580; 475.18160277089424], [2; 580; 480.27763907498064], [2; 580; 485.57023428986355], [2; 580; 491.0727539585827], [2; 580; 496.79988872481493], [1; 1200; 1053.0920103828396], [2; 600; 540.3159794157103], [2; 600; 555.4348186812343], [2; 600; 563.5738167279611], [2; 600; 572.1461426836686], [2; 600; 581.1929131892101], [2; 620; 620.9342536619926], [2; 640; 652.463114405189], [1; 1280; 1355.635816374806], [2; 640; 691.8685615557937], [2; 640; 706.9944997311147], [2; 660; 764.2597811595382], [2; 660; 806.1907008854565], [2; 660; 830.4464975282275], [2; 660; 857.4651939295302], [2; 660; 887.8343109747033], [2; 660; 922.3356572892139], [2; 680; 991.1901374723888], [2; 680; 1039.0058218869526], [2; 680; 1096.0106136950526], [1; 1400; 2581.5770828082564], [2; 700; 1411.2992366518365], [2; 700; 1862.220507229845]];
Intervals[4.9E-324=5.5634611943031675, 5.5634611943031675=11.14933326719919, 11.14933326719919=22.366537534712656, 22.366537534712656=33.6298560346504, 33.6298560346504=44.93995917983484, 44.93995917983484=56.29753426682941, 56.29753426682941=73.4061619936339, 73.4061619936339=90.58813919530623, 90.58813919530623=107.84457844714919, 107.84457844714919=130.95396927932836, 188.98336650133788=218.12803130601287, 218.12803130601287=253.26006128476988, 253.26006128476988=324.1732359898775, 324.1732359898775=365.73323541483603, 365.73323541483603=449.6486726695076, 449.6486726695076=546.4922978688105, 642.943156218176=691.8516416005234, 691.8516416005234=741.0099816055472, 741.0099816055472=790.4227015040631, 790.4227015040631=840.0944689123946, 939.9657315274138=996.4457571018453, 996.4457571018453=1053.2339996445335, 1053.2339996445335=1110.3364275312347, 1110.3364275312347=1167.7592100433567, 1283.2582441266702=1347.7947468289535, 1347.7947468289535=1412.7092142066022, 1412.7092142066022=1752.2707472863478, 1752.2707472863478=2093.8809495931982, 2781.28654003584=3127.1274913785255, 3823.180287894209=4173.441245735532, 4173.441245735532=4883.211676066125, 4883.211676066125=5240.490768169749, 5959.951682056358=6322.193399733056, 6322.193399733056=6687.008827459523, 6687.008827459523=7068.595982574222, 7068.595982574222=7452.994159283951, 7452.994159283951=7840.27719613161, 7840.27719613161=8230.522320250406, 8230.522320250406=8623.810371966969, 8623.810371966969=9020.226049053665, 9020.226049053665=9419.858172782631, 10225.741783655958=10632.091236959724, 11451.811528724556=11865.290871660407, 12699.716718273054=13136.379028279633, 13136.379028279633=13577.170693499795, 13577.170693499795=14022.231701762505, 14022.231701762505=14471.710378488722, 14471.710378488722=14941.980312737644, 14941.980312737644=15417.161915508537, 15417.161915508537=15897.439554583518, 15897.439554583518=16383.009788873382, 16383.009788873382=16874.082542831966, 16874.082542831966=17370.88243155678, 17370.88243155678=18423.97444193962, 19477.642744751705=20017.958724167416, 21113.34453266581=21668.779351347046, 21668.779351347046=22232.353168075006, 22232.353168075006=22804.499310758674, 22804.499310758674=23385.692223947884, 24606.598290281105=25227.532543943096, 25227.532543943096=25879.995658348285, 25879.995658348285=27235.63147472309, 27235.63147472309=27927.500036278885, 27927.500036278885=28634.49453601, 30081.184485237005=30845.444266396542, 32413.936926539816=33220.127627425274, 33220.127627425274=34050.5741249535, 34050.5741249535=34908.03931888303, 34908.03931888303=35795.87362985773, 35795.87362985773=36718.20928714694, 36718.20928714694=37709.39942461933, 37709.39942461933=38748.405246506285, 38748.405246506285=39844.415860201334, 39844.415860201334=42425.99294300959, 42425.99294300959=43837.292179661425, 47004.12106031307=48866.34156754291];
