1.208096978009212
1532128.1758596543
1850959.4191788149
[2; 20; 12.461204798578821]
[1; 40; 25.022802693508382]
[1; 60; 37.68693842641745]
[1; 60; 37.841870457296885]
[1; 60; 37.9990549038546]
[2; 40; 25.439032327429178]
[2; 40; 25.546939992998084]
[2; 40; 25.656466873989878]
[1; 100; 64.41913768585897]
[1; 120; 77.64164479795213]
[1; 120; 77.98557529568025]
[1; 120; 78.33489784140947]
[2; 60; 39.3448794972619]
[1; 120; 79.0503110224945]
[1; 140; 92.65283089056969]
[1; 140; 93.08731492430081]
[1; 140; 93.52901470933222]
[1; 140; 93.97813814748176]
[2; 70; 47.21745086486855]
[1; 160; 108.45660685842843]
[2; 80; 54.49843488962428]
[2; 90; 61.6200024035419]
[2; 90; 61.9347952729078]
[1; 200; 138.34508788807594]
[2; 100; 69.53518286157015]
[2; 100; 69.90456421112191]
[1; 1040; 730.9214202142393]
[1; 1040; 734.9101291760556]
[1; 1040; 738.9760763055201]
[1; 1040; 743.1218615703696]
[1; 1080; 776.0944495617028]
[2; 540; 390.2870681560259]
[1; 1080; 785.1456491408583]
[2; 540; 394.9061313993707]
[1; 1080; 794.577419980446]
[2; 540; 399.72237132091715]
[1; 1120; 834.2113051661522]
[2; 560; 419.7414372065943]
[2; 560; 422.4364547563816]
[2; 580; 440.3784895632386]
[1; 1160; 886.5995919260903]
[1; 1160; 892.5801462742171]
[2; 580; 449.352160501766]
[1; 1160; 904.9781319325398]
[2; 580; 455.70397910205287]
[2; 580; 459.00028559809084]
[2; 580; 462.3815831539621]
[2; 580; 465.85169898326]
[2; 580; 469.41470912444174]
[2; 580; 473.07495978463317]
[1; 1200; 986.5594985691542]
[2; 600; 497.28213386468803]
[2; 600; 501.4005354752969]
[1; 1200; 1011.2816825040421]
[2; 600; 510.0093706899551]
[1; 1200; 1029.025835288253]
[1; 1200; 1038.3175949008667]
[1; 1200; 1047.9097998480847]
[1; 1200; 1057.8194982493567]
[2; 600; 534.0325709376385]
[2; 600; 539.3333697120056]
[1; 1200; 1089.6460308626865]
[2; 600; 550.5133431772895]
[2; 620; 574.9645092289899]
[2; 620; 581.3005410628552]
[1; 1240; 1175.7757680300615]
[1; 1240; 1189.4882499873606]
[1; 1240; 1203.777293813228]
[1; 1240; 1218.685746753946]
[1; 1240; 1234.2611113819241]
[2; 620; 625.2781109011961]
[1; 1240; 1267.6300445278705]
[2; 620; 642.7743161127993]
[1; 1240; 1304.3862661922608]
[1; 1280; 1366.9438281332039]
[1; 1280; 1388.5579336641483]
[2; 640; 705.7087712271141]
[1; 1280; 1435.6509849465626]
[2; 640; 730.7030828620688]
[2; 640; 744.4273045919144]
[1; 1280; 1518.1965821414258]
[1; 1280; 1549.6676507913958]
[2; 640; 791.7735870647755]
[1; 1320; 1670.7997463155175]
[1; 1320; 1711.811643819488]
[1; 1320; 1756.5781067302942]
[1; 1320; 1805.7297569955936]
[1; 1320; 1860.0586071415694]
[1; 1320; 1920.575881817991]
[1; 1360; 2048.8580588081127]
[2; 680; 1064.2384626296155]
[2; 680; 1110.0484811525648]
[1; 1360; 2327.195945341844]
[1; 1360; 2454.8769626819953]
[2; 700; 1343.901930688581]
[1; 1400; 2891.146321388213]
[2; 700; 1580.534869013248]
[1; 1400; 3546.578457693096]
[1; 1400; 4171.0565258307615]
[1; 1400; 5503.742082114594]


Jobs: [[2; 20; 12.461204798578821], [1; 40; 25.022802693508382], [1; 60; 37.841870457296885], [2; 40; 25.439032327429178], [2; 40; 25.546939992998084], [2; 40; 25.656466873989878], [1; 100; 64.41913768585897], [1; 120; 77.98557529568025], [2; 60; 39.3448794972619], [1; 120; 79.0503110224945], [1; 140; 93.08731492430081], [1; 140; 93.97813814748176], [2; 70; 47.21745086486855], [1; 160; 108.45660685842843], [2; 80; 54.49843488962428], [2; 90; 61.6200024035419], [2; 90; 61.9347952729078], [1; 200; 138.34508788807594], [2; 100; 69.53518286157015], [2; 100; 69.90456421112191], [1; 1040; 730.9214202142393], [1; 1040; 738.9760763055201], [1; 1080; 776.0944495617028], [2; 540; 390.2870681560259], [1; 1080; 785.1456491408583], [2; 540; 394.9061313993707], [1; 1080; 794.577419980446], [2; 540; 399.72237132091715], [1; 1120; 834.2113051661522], [2; 560; 419.7414372065943], [2; 560; 422.4364547563816], [2; 580; 440.3784895632386], [1; 1160; 886.5995919260903], [2; 580; 449.352160501766], [1; 1160; 904.9781319325398], [2; 580; 455.70397910205287], [2; 580; 459.00028559809084], [2; 580; 462.3815831539621], [2; 580; 465.85169898326], [2; 580; 469.41470912444174], [2; 580; 473.07495978463317], [1; 1200; 986.5594985691542], [2; 600; 497.28213386468803], [2; 600; 501.4005354752969], [1; 1200; 1011.2816825040421], [2; 600; 510.0093706899551], [1; 1200; 1029.025835288253], [1; 1200; 1047.9097998480847], [2; 600; 534.0325709376385], [2; 600; 539.3333697120056], [1; 1200; 1089.6460308626865], [2; 600; 550.5133431772895], [2; 620; 574.9645092289899], [2; 620; 581.3005410628552], [1; 1240; 1175.7757680300615], [1; 1240; 1203.777293813228], [1; 1240; 1234.2611113819241], [2; 620; 625.2781109011961], [1; 1240; 1267.6300445278705], [2; 620; 642.7743161127993], [1; 1240; 1304.3862661922608], [1; 1280; 1388.5579336641483], [2; 640; 705.7087712271141], [1; 1280; 1435.6509849465626], [2; 640; 730.7030828620688], [2; 640; 744.4273045919144], [1; 1280; 1518.1965821414258], [2; 640; 791.7735870647755], [1; 1320; 1670.7997463155175], [1; 1320; 1756.5781067302942], [1; 1320; 1860.0586071415694], [1; 1360; 2048.8580588081127], [2; 680; 1064.2384626296155], [2; 680; 1110.0484811525648], [1; 1360; 2327.195945341844], [2; 700; 1343.901930688581], [1; 1400; 2891.146321388213], [2; 700; 1580.534869013248], [1; 1400; 3546.578457693096], [1; 1400; 5503.742082114594]];
Intervals[4.9E-324=12.461204798578821, 12.461204798578821=37.4840074920872, 37.4840074920872=75.32587794938408, 88.14719812885087=113.58623045628005, 113.58623045628005=139.13317044927814, 139.13317044927814=164.789637323268, 164.789637323268=229.20877500912698, 229.20877500912698=307.19435030480724, 320.7661799626296=360.1110594598915, 360.1110594598915=439.161370482386, 439.161370482386=532.2486854066868, 532.2486854066868=626.2268235541686, 626.2268235541686=673.4442744190371, 673.4442744190371=781.9008812774656, 781.9008812774656=836.3993161670899, 836.3993161670899=898.0193185706318, 898.0193185706318=959.9541138435395, 959.9541138435395=1098.2992017316155, 1098.2992017316155=1167.8343845931856, 1167.8343845931856=1237.7389488043075, 1237.7389488043075=1968.6603690185468, 1968.6603690185468=2707.6364453240667, 2707.6364453240667=3483.7308948857694, 3483.7308948857694=3874.017963041795, 3874.017963041795=4659.163612182653, 4659.163612182653=5054.069743582024, 5054.069743582024=5848.64716356247, 5848.64716356247=6248.369534883387, 6248.369534883387=7082.580840049539, 7082.580840049539=7502.322277256133, 7502.322277256133=7924.758732012515, 7924.758732012515=8365.137221575753, 8365.137221575753=9251.736813501842, 9257.71736784997=9707.069528351736, 9707.069528351736=10612.047660284275, 10612.047660284275=11067.751639386328, 11067.751639386328=11526.751924984419, 11526.751924984419=11989.13350813838, 11989.13350813838=12454.985207121641, 12454.985207121641=12924.399916246082, 12924.399916246082=13397.474876030716, 13397.474876030716=14384.03437459987, 14384.03437459987=14881.316508464559, 14881.316508464559=15382.717043939856, 15382.717043939856=16393.998726443897, 16393.998726443897=16904.00809713385, 16904.00809713385=17933.033932422102, 17933.033932422102=18980.943732270185, 19000.14519028407=19534.17776122171, 19534.17776122171=20073.511130933715, 20073.511130933715=21163.1571617964, 21163.1571617964=21713.67050497369, 21713.67050497369=22288.63501420268, 22288.63501420268=22869.935555265532, 22869.935555265532=24045.711323295593, 24045.711323295593=25249.488617108822, 25249.488617108822=26483.749728490748, 26483.749728490748=27109.027839391943, 27109.027839391943=28376.657883919816, 28376.657883919816=29019.432200032614, 29019.432200032614=30323.818466224875, 30323.818466224875=31712.376399889024, 31712.376399889024=32418.085171116138, 32418.085171116138=33853.7361560627, 33853.7361560627=34584.43923892477, 34584.43923892477=35328.86654351669, 35328.86654351669=36847.06312565812, 36878.534194308086=37670.30778137286, 37670.30778137286=39341.10752768838, 39341.10752768838=41097.685634418674, 41097.685634418674=42957.74424156024, 42957.74424156024=45006.60230036835, 45006.60230036835=46070.84076299797, 46070.84076299797=47180.88924415054, 47180.88924415054=49508.08518949238, 49635.76620683253=50979.66813752111, 50979.66813752111=53870.81445890933, 53870.81445890933=55451.34932792257, 55451.34932792257=58997.92778561567, 58997.92778561567=64501.66986773026];

Jobs: [[2; 20; 12.461204798578821], [1; 60; 37.68693842641745], [1; 60; 37.9990549038546], [2; 40; 25.439032327429178], [2; 40; 25.546939992998084], [2; 40; 25.656466873989878], [1; 120; 77.64164479795213], [1; 120; 78.33489784140947], [2; 60; 39.3448794972619], [1; 140; 92.65283089056969], [1; 140; 93.52901470933222], [2; 70; 47.21745086486855], [2; 80; 54.49843488962428], [2; 90; 61.6200024035419], [2; 90; 61.9347952729078], [2; 100; 69.53518286157015], [2; 100; 69.90456421112191], [1; 1040; 734.9101291760556], [1; 1040; 743.1218615703696], [2; 540; 390.2870681560259], [2; 540; 394.9061313993707], [2; 540; 399.72237132091715], [2; 560; 419.7414372065943], [2; 560; 422.4364547563816], [2; 580; 440.3784895632386], [1; 1160; 892.5801462742171], [2; 580; 449.352160501766], [2; 580; 455.70397910205287], [2; 580; 459.00028559809084], [2; 580; 462.3815831539621], [2; 580; 465.85169898326], [2; 580; 469.41470912444174], [2; 580; 473.07495978463317], [2; 600; 497.28213386468803], [2; 600; 501.4005354752969], [2; 600; 510.0093706899551], [1; 1200; 1038.3175949008667], [1; 1200; 1057.8194982493567], [2; 600; 534.0325709376385], [2; 600; 539.3333697120056], [2; 600; 550.5133431772895], [2; 620; 574.9645092289899], [2; 620; 581.3005410628552], [1; 1240; 1189.4882499873606], [1; 1240; 1218.685746753946], [2; 620; 625.2781109011961], [2; 620; 642.7743161127993], [1; 1280; 1366.9438281332039], [2; 640; 705.7087712271141], [2; 640; 730.7030828620688], [2; 640; 744.4273045919144], [1; 1280; 1549.6676507913958], [2; 640; 791.7735870647755], [1; 1320; 1711.811643819488], [1; 1320; 1805.7297569955936], [1; 1320; 1920.575881817991], [2; 680; 1064.2384626296155], [2; 680; 1110.0484811525648], [1; 1360; 2454.8769626819953], [2; 700; 1343.901930688581], [2; 700; 1580.534869013248], [1; 1400; 4171.0565258307615]];
Intervals[4.9E-324=12.461204798578821, 12.461204798578821=50.14814322499627, 50.14814322499627=88.14719812885087, 88.14719812885087=113.58623045628005, 113.58623045628005=139.13317044927814, 139.13317044927814=164.789637323268, 164.789637323268=242.43128212122014, 242.43128212122014=320.7661799626296, 320.7661799626296=360.1110594598915, 360.1110594598915=452.7638903504612, 452.7638903504612=546.2929050597934, 626.2268235541686=673.4442744190371, 781.9008812774656=836.3993161670899, 836.3993161670899=898.0193185706318, 898.0193185706318=959.9541138435395, 1098.2992017316155=1167.8343845931856, 1167.8343845931856=1237.7389488043075, 1237.7389488043075=1972.649077980363, 1972.649077980363=2715.7709395507327, 3483.7308948857694=3874.017963041795, 4659.163612182653=5054.069743582024, 5848.64716356247=6248.369534883387, 7082.580840049539=7502.322277256133, 7502.322277256133=7924.758732012515, 7924.758732012515=8365.137221575753, 8365.137221575753=9257.71736784997, 9257.71736784997=9707.069528351736, 10612.047660284275=11067.751639386328, 11067.751639386328=11526.751924984419, 11526.751924984419=11989.13350813838, 11989.13350813838=12454.985207121641, 12454.985207121641=12924.399916246082, 12924.399916246082=13397.474876030716, 14384.03437459987=14881.316508464559, 14881.316508464559=15382.717043939856, 16393.998726443897=16904.00809713385, 16904.00809713385=17942.325692034716, 17942.325692034716=19000.14519028407, 19000.14519028407=19534.17776122171, 19534.17776122171=20073.511130933715, 21163.1571617964=21713.67050497369, 21713.67050497369=22288.63501420268, 22288.63501420268=22869.935555265532, 22869.935555265532=24059.423805252893, 24059.423805252893=25278.109552006837, 26483.749728490748=27109.027839391943, 28376.657883919816=29019.432200032614, 29019.432200032614=30386.376028165818, 31712.376399889024=32418.085171116138, 33853.7361560627=34584.43923892477, 34584.43923892477=35328.86654351669, 35328.86654351669=36878.534194308086, 36878.534194308086=37670.30778137286, 37670.30778137286=39382.119425192344, 39382.119425192344=41187.849182187936, 41187.849182187936=43108.425064005925, 45006.60230036835=46070.84076299797, 46070.84076299797=47180.88924415054, 47180.88924415054=49635.76620683253, 49635.76620683253=50979.66813752111, 53870.81445890933=55451.34932792257, 55451.34932792257=59622.405853753335];
