1.0681543369216944
11485.079938163164
12267.83794584133
[2; 10; 1.1611213360317045]
[1; 30; 3.511627407136192]
[1; 40; 4.720946768907153]
[2; 20; 2.3804357263733236]
[2; 20; 2.4010017145162568]
[1; 50; 6.055508331803285]
[1; 50; 6.110187549585543]
[1; 60; 7.399961757633624]
[1; 60; 7.4699404802390665]
[1; 60; 7.54229152708026]
[2; 30; 3.808578096190244]
[1; 70; 8.977135995288052]
[1; 80; 10.366738783992165]
[1; 80; 10.477915809554908]
[2; 40; 5.296690518752992]
[2; 50; 6.695891284693199]
[1; 110; 14.902760620160812]
[1; 120; 16.45285526615713]
[1; 120; 16.656619384102026]
[1; 130; 18.275290198164157]
[1; 130; 18.51656643136878]
[1; 130; 18.769372796426136]
[2; 70; 10.249447014703227]
[1; 150; 22.28493443006632]
[1; 150; 22.623902842305935]
[1; 160; 24.513740612176417]
[1; 160; 24.917306431642892]
[1; 160; 25.34512604866787]
[1; 160; 25.799810585549338]
[1; 180; 29.569936670034362]
[1; 180; 30.15269356031637]
[2; 90; 15.388868063693064]
[1; 180; 31.450612681846607]
[1; 200; 35.75329187392173]
[1; 200; 36.63090174009292]
[2; 110; 20.673870365536324]
[2; 110; 21.25235579806198]
[2; 110; 21.89177376685203]
[2; 110; 22.60402577929727]
[2; 120; 25.53229062305596]
[2; 120; 26.52447845596557]
[2; 120; 27.666221488233933]
[2; 130; 31.41759700611817]
[2; 150; 38.2399794519586]
[2; 150; 40.67207840604162]
[2; 170; 49.582283798343354]
[2; 180; 57.40029385898917]
[2; 180; 64.40055504521678]
[2; 180; 75.740141827625]
[2; 190; 105.4919227659795]


Jobs: [[2; 10; 1.1611213360317045], [1; 30; 3.511627407136192], [2; 20; 2.3804357263733236], [2; 20; 2.4010017145162568], [1; 50; 6.055508331803285], [1; 60; 7.399961757633624], [1; 60; 7.54229152708026], [2; 30; 3.808578096190244], [1; 70; 8.977135995288052], [1; 80; 10.477915809554908], [2; 40; 5.296690518752992], [2; 50; 6.695891284693199], [1; 110; 14.902760620160812], [1; 120; 16.656619384102026], [1; 130; 18.51656643136878], [2; 70; 10.249447014703227], [1; 150; 22.28493443006632], [1; 160; 24.513740612176417], [1; 160; 25.34512604866787], [1; 180; 29.569936670034362], [2; 90; 15.388868063693064], [1; 180; 31.450612681846607], [1; 200; 36.63090174009292], [2; 110; 20.673870365536324], [2; 110; 21.25235579806198], [2; 110; 21.89177376685203], [2; 110; 22.60402577929727], [2; 120; 25.53229062305596], [2; 120; 26.52447845596557], [2; 120; 27.666221488233933], [2; 130; 31.41759700611817], [2; 150; 38.2399794519586], [2; 150; 40.67207840604162], [2; 170; 49.582283798343354], [2; 180; 57.40029385898917], [2; 180; 64.40055504521678], [2; 180; 75.740141827625], [2; 190; 105.4919227659795]];
Intervals[4.9E-324=1.1611213360317045, 1.1611213360317045=4.6727487431678965, 5.882068104938857=8.26250383131218, 8.26250383131218=10.663505545828437, 10.663505545828437=16.719013877631724, 16.719013877631724=24.118975635265347, 24.118975635265347=31.661267162345606, 31.661267162345606=35.46984525853585, 35.46984525853585=44.4469812538239, 44.4469812538239=54.92489706337881, 54.92489706337881=60.2215875821318, 60.2215875821318=66.917478866825, 66.917478866825=81.8202394869858, 81.8202394869858=98.47685887108783, 98.47685887108783=116.99342530245661, 120.41499712757242=130.66444414227564, 130.66444414227564=152.94937857234197, 152.94937857234197=177.46311918451838, 177.46311918451838=202.80824523318626, 202.80824523318626=232.37818190322062, 234.1581575620902=249.54702562578325, 249.54702562578325=280.99763830762987, 280.99763830762987=317.6285400477228, 317.6285400477228=338.30241041325917, 338.30241041325917=359.5547662113211, 359.5547662113211=381.4465399781732, 381.4465399781732=404.05056575747045, 404.05056575747045=429.58285638052644, 429.58285638052644=456.107334836492, 456.107334836492=483.7735563247259, 483.7735563247259=515.1911533308441, 515.1911533308441=553.4311327828027, 553.4311327828027=594.1032111888443, 594.1032111888443=643.6854949871877, 643.6854949871877=701.0857888461768, 701.0857888461768=765.4863438913935, 765.4863438913935=841.2264857190185, 841.2264857190185=946.718408484998];

Jobs: [[2; 10; 1.1611213360317045], [1; 40; 4.720946768907153], [2; 20; 2.3804357263733236], [2; 20; 2.4010017145162568], [1; 50; 6.110187549585543], [1; 60; 7.4699404802390665], [2; 30; 3.808578096190244], [1; 80; 10.366738783992165], [2; 40; 5.296690518752992], [2; 50; 6.695891284693199], [1; 120; 16.45285526615713], [1; 130; 18.275290198164157], [1; 130; 18.769372796426136], [2; 70; 10.249447014703227], [1; 150; 22.623902842305935], [1; 160; 24.917306431642892], [1; 160; 25.799810585549338], [1; 180; 30.15269356031637], [2; 90; 15.388868063693064], [1; 200; 35.75329187392173], [2; 110; 20.673870365536324], [2; 110; 21.25235579806198], [2; 110; 21.89177376685203], [2; 110; 22.60402577929727], [2; 120; 25.53229062305596], [2; 120; 26.52447845596557], [2; 120; 27.666221488233933], [2; 130; 31.41759700611817], [2; 150; 38.2399794519586], [2; 150; 40.67207840604162], [2; 170; 49.582283798343354], [2; 180; 57.40029385898917], [2; 180; 64.40055504521678], [2; 180; 75.740141827625], [2; 190; 105.4919227659795]];
Intervals[4.9E-324=1.1611213360317045, 1.1611213360317045=5.882068104938857, 5.882068104938857=8.26250383131218, 8.26250383131218=10.663505545828437, 10.663505545828437=16.773693095413982, 16.773693095413982=24.24363357565305, 31.661267162345606=35.46984525853585, 35.46984525853585=45.83658404252802, 54.92489706337881=60.2215875821318, 60.2215875821318=66.917478866825, 66.917478866825=83.37033413298212, 83.37033413298212=101.64562433114628, 101.64562433114628=120.41499712757242, 120.41499712757242=130.66444414227564, 130.66444414227564=153.28834698458158, 153.28834698458158=178.20565341622446, 178.20565341622446=204.00546400177382, 204.00546400177382=234.1581575620902, 234.1581575620902=249.54702562578325, 249.54702562578325=285.300317499705, 317.6285400477228=338.30241041325917, 338.30241041325917=359.5547662113211, 359.5547662113211=381.4465399781732, 381.4465399781732=404.05056575747045, 404.05056575747045=429.58285638052644, 429.58285638052644=456.107334836492, 456.107334836492=483.7735563247259, 483.7735563247259=515.1911533308441, 515.1911533308441=553.4311327828027, 553.4311327828027=594.1032111888443, 594.1032111888443=643.6854949871877, 643.6854949871877=701.0857888461768, 701.0857888461768=765.4863438913935, 765.4863438913935=841.2264857190185, 841.2264857190185=946.718408484998];
