1.1778079645771393
28627.692856155358
33717.92465344785
[1; 20; 3.3463281886211442]
[2; 10; 1.6867398516384906]
[2; 10; 1.7007091291343035]
[1; 20; 3.430183790949819]
[2; 10; 1.729909585864776]
[2; 20; 3.490370488996032]
[2; 20; 3.52188736877741]
[1; 60; 10.66327000282239]
[1; 60; 10.76410863389027]
[2; 40; 7.245577173448804]
[2; 40; 7.3174966568113335]
[2; 40; 7.391978353020457]
[1; 80; 14.938365673093546]
[2; 40; 7.549285320891592]
[2; 40; 7.632477433358229]
[1; 100; 19.297423153457306]
[1; 100; 19.522479302775213]
[1; 100; 19.756998275408957]
[1; 120; 24.002019962292735]
[1; 120; 24.308776822062754]
[2; 60; 12.314854538842258]
[1; 120; 24.965978074824363]
[1; 120; 25.318884720990138]
[2; 70; 14.985770325501967]
[2; 70; 15.213713682901732]
[2; 70; 15.454272809247753]
[1; 160; 35.905586397062294]
[2; 80; 18.26103506776347]
[2; 80; 18.588632975811706]
[2; 90; 21.304989742255536]
[1; 180; 43.44972626572543]
[2; 90; 22.17520313962333]
[1; 180; 45.32001458450301]
[1; 180; 46.36811858024159]
[1; 180; 47.50628282216128]
[1; 180; 48.74864395205953]
[2; 100; 27.840390567744542]
[2; 100; 28.678022224032365]
[1; 1040; 307.9550843971116]
[1; 1120; 343.389875668524]
[1; 1120; 356.73404684425833]
[2; 580; 192.68926833969388]
[2; 600; 208.94971998418754]
[2; 620; 227.76081667750515]
[2; 620; 242.24662059166187]
[2; 620; 260.57348754364]
[2; 640; 294.0915290377777]
[1; 1320; 680.5373524869048]
[2; 660; 400.1828521521642]
[1; 1400; 1120.0942649069943]


Jobs: [[1; 20; 3.3463281886211442], [2; 10; 1.6867398516384906], [2; 10; 1.7007091291343035], [1; 20; 3.430183790949819], [2; 10; 1.729909585864776], [2; 20; 3.490370488996032], [2; 20; 3.52188736877741], [1; 60; 10.66327000282239], [2; 40; 7.245577173448804], [2; 40; 7.3174966568113335], [2; 40; 7.391978353020457], [1; 80; 14.938365673093546], [2; 40; 7.549285320891592], [2; 40; 7.632477433358229], [1; 100; 19.297423153457306], [1; 100; 19.756998275408957], [1; 120; 24.308776822062754], [2; 60; 12.314854538842258], [1; 120; 24.965978074824363], [2; 70; 14.985770325501967], [2; 70; 15.213713682901732], [2; 70; 15.454272809247753], [1; 160; 35.905586397062294], [2; 80; 18.26103506776347], [2; 80; 18.588632975811706], [2; 90; 21.304989742255536], [1; 180; 43.44972626572543], [2; 90; 22.17520313962333], [1; 180; 45.32001458450301], [1; 180; 47.50628282216128], [2; 100; 27.840390567744542], [2; 100; 28.678022224032365], [1; 1040; 307.9550843971116], [1; 1120; 356.73404684425833], [2; 580; 192.68926833969388], [2; 600; 208.94971998418754], [2; 620; 227.76081667750515], [2; 620; 242.24662059166187], [2; 620; 260.57348754364], [2; 640; 294.0915290377777], [1; 1320; 680.5373524869048], [2; 660; 400.1828521521642], [1; 1400; 1120.0942649069943]];
Intervals[0.0=3.3463281886211442, 3.3463281886211442=5.033068040259635, 5.033068040259635=6.733777169393939, 6.733777169393939=10.163960960343758, 10.163960960343758=11.893870546208534, 11.893870546208534=15.384241035204566, 15.384241035204566=18.906128403981974, 18.906128403981974=29.569398406804364, 29.670237037872244=36.91581421132105, 36.91581421132105=44.233310868132385, 44.233310868132385=51.62528922115284, 51.62528922115284=66.56365489424638, 66.56365489424638=74.11294021513797, 74.11294021513797=81.7454176484962, 81.7454176484962=101.0428408019535, 101.0428408019535=120.79983907736246, 120.79983907736246=145.10861589942522, 145.10861589942522=157.4234704382675, 157.4234704382675=182.38944851309185, 182.7423551592576=197.72812548475957, 197.72812548475957=212.9418391676613, 212.9418391676613=228.39611197690905, 228.39611197690905=264.30169837397136, 264.30169837397136=282.56273344173485, 282.56273344173485=301.15136641754657, 301.15136641754657=322.4563561598021, 322.4563561598021=365.90608242552753, 365.90608242552753=388.08128556515084, 388.08128556515084=433.4013001496538, 433.4013001496538=480.9075829718151, 483.19804809745193=511.03843866519645, 511.03843866519645=539.7164608892289, 539.7164608892289=847.6715452863405, 847.6715452863405=1204.4055921305987, 1204.4055921305987=1397.0948604702926, 1397.0948604702926=1606.0445804544802, 1606.0445804544802=1833.8053971319853, 1833.8053971319853=2076.052017723647, 2076.052017723647=2336.6255052672873, 2336.6255052672873=2630.7170343050648, 2630.7170343050648=3311.2543867919694, 3311.2543867919694=3711.4372389441337, 3711.4372389441337=4831.531503851128];

Jobs: [[2; 10; 1.6867398516384906], [2; 10; 1.7007091291343035], [2; 10; 1.729909585864776], [2; 20; 3.490370488996032], [2; 20; 3.52188736877741], [1; 60; 10.76410863389027], [2; 40; 7.245577173448804], [2; 40; 7.3174966568113335], [2; 40; 7.391978353020457], [2; 40; 7.549285320891592], [2; 40; 7.632477433358229], [1; 100; 19.522479302775213], [1; 120; 24.002019962292735], [2; 60; 12.314854538842258], [1; 120; 25.318884720990138], [2; 70; 14.985770325501967], [2; 70; 15.213713682901732], [2; 70; 15.454272809247753], [2; 80; 18.26103506776347], [2; 80; 18.588632975811706], [2; 90; 21.304989742255536], [2; 90; 22.17520313962333], [1; 180; 46.36811858024159], [1; 180; 48.74864395205953], [2; 100; 27.840390567744542], [2; 100; 28.678022224032365], [1; 1120; 343.389875668524], [2; 580; 192.68926833969388], [2; 600; 208.94971998418754], [2; 620; 227.76081667750515], [2; 620; 242.24662059166187], [2; 620; 260.57348754364], [2; 640; 294.0915290377777], [2; 660; 400.1828521521642]];
Intervals[3.3463281886211442=5.033068040259635, 5.033068040259635=6.733777169393939, 10.163960960343758=11.893870546208534, 11.893870546208534=15.384241035204566, 15.384241035204566=18.906128403981974, 18.906128403981974=29.670237037872244, 29.670237037872244=36.91581421132105, 36.91581421132105=44.233310868132385, 44.233310868132385=51.62528922115284, 66.56365489424638=74.11294021513797, 74.11294021513797=81.7454176484962, 81.7454176484962=101.26789695127141, 101.26789695127141=125.26991691356415, 145.10861589942522=157.4234704382675, 157.4234704382675=182.7423551592576, 182.7423551592576=197.72812548475957, 197.72812548475957=212.9418391676613, 212.9418391676613=228.39611197690905, 264.30169837397136=282.56273344173485, 282.56273344173485=301.15136641754657, 301.15136641754657=322.4563561598021, 365.90608242552753=388.08128556515084, 388.08128556515084=434.4494041453924, 434.4494041453924=483.19804809745193, 483.19804809745193=511.03843866519645, 511.03843866519645=539.7164608892289, 539.7164608892289=883.1063365577529, 1204.4055921305987=1397.0948604702926, 1397.0948604702926=1606.0445804544802, 1606.0445804544802=1833.8053971319853, 1833.8053971319853=2076.052017723647, 2076.052017723647=2336.6255052672873, 2336.6255052672873=2630.7170343050648, 3311.2543867919694=3711.4372389441337];
