1.1107958781317635
55985.211977862185
62188.142701342345
[1; 10; 1.6582168695228925]
[1; 10; 1.6648965416991903]
[1; 10; 1.671671347714393]
[1; 10; 1.6785436341796367]
[2; 10; 1.6855158305582285]
[2; 10; 1.6925904529910387]
[2; 10; 1.6997701083409618]
[1; 20; 3.4141149969429403]
[1; 30; 5.143366274326475]
[1; 30; 5.165900378916486]
[1; 40; 6.91837847276175]
[1; 40; 6.9493681214405]
[2; 20; 3.490424559865235]
[1; 40; 7.012834975822004]
[1; 40; 7.045339730109133]
[2; 20; 3.53918899132152]
[1; 40; 7.11196492234419]
[1; 40; 7.146116358108256]
[1; 40; 7.180848751953095]
[2; 20; 3.6080896271837455]
[1; 40; 7.252125742037119]
[1; 50; 9.110883572674533]
[1; 50; 9.157427569273532]
[1; 60; 11.045777463402162]
[2; 30; 5.551842624056623]
[1; 70; 13.023114643188288]
[1; 70; 13.09322651041517]
[1; 70; 13.164677515238473]
[2; 40; 7.564292635303316]
[1; 80; 15.213459284670074]
[2; 40; 7.650011787892183]
[1; 80; 15.3883366837201]
[2; 40; 7.739230031257031]
[1; 80; 15.570458271011764]
[1; 80; 15.66439917893035]
[1; 80; 15.760354189963149]
[1; 80; 15.858398483622278]
[1; 90; 17.953437687428128]
[1; 90; 18.068710627761668]
[1; 100; 20.20735145798002]
[1; 100; 20.341399479253457]
[2; 50; 10.239306158020376]
[1; 110; 22.681032284601862]
[1; 110; 22.839367462148818]
[1; 110; 23.00164007377588]
[1; 110; 23.168021011998352]
[2; 60; 12.730195565759022]
[2; 60; 12.825734087949881]
[1; 120; 25.847660314828115]
[1; 120; 26.04920686608173]
[1; 120; 26.256363325350247]
[1; 130; 28.675186377779855]
[2; 70; 15.568360305081695]
[2; 70; 15.70002073115839]
[2; 70; 15.835662469611348]
[2; 70; 15.975496467927544]
[1; 140; 32.23949973088723]
[1; 150; 34.86143065485589]
[1; 160; 37.53717590468997]
[2; 80; 18.95037346853155]
[1; 160; 38.2769491461509]
[2; 80; 19.333276991977954]
[2; 80; 19.535200698156956]
[1; 180; 44.42558389208792]
[2; 90; 22.457573936288703]
[1; 180; 45.42412982233333]
[1; 180; 45.95388862290663]
[2; 90; 23.252960963365897]
[2; 90; 23.540942532744527]
[1; 190; 50.33270284501755]
[1; 190; 50.997211305226486]
[1; 190; 51.69347535968399]
[2; 100; 27.59167821645282]
[1; 200; 55.991979182350164]
[1; 200; 56.84365376731049]
[2; 100; 28.871232596605793]
[2; 100; 29.34653511474001]
[1; 200; 59.700805431376004]
[2; 100; 30.385910667333068]
[2; 110; 34.052287881089555]
[2; 110; 34.72338182403605]
[2; 130; 41.8873842721007]
[2; 130; 42.803144894900164]
[2; 140; 47.16173744232362]
[2; 140; 48.31938206512122]
[2; 140; 49.58300696970764]
[2; 150; 54.611156517164446]
[2; 150; 56.254238117401215]
[2; 160; 61.956776380278356]
[2; 170; 68.16056415269358]
[2; 180; 74.97454419098723]
[2; 180; 78.20181456200196]
[2; 190; 86.52845219236583]
[2; 190; 91.27581385174992]
[2; 190; 97.08104216472033]
[2; 190; 104.42558773141067]
[2; 200; 120.18418649974834]
[2; 200; 134.8412664446583]
[2; 200; 158.5839848362228]
[2; 200; 209.25282251328468]


Jobs: [[1; 10; 1.6582168695228925], [1; 10; 1.671671347714393], [2; 10; 1.6855158305582285], [2; 10; 1.6925904529910387], [2; 10; 1.6997701083409618], [1; 20; 3.4141149969429403], [1; 30; 5.165900378916486], [1; 40; 6.9493681214405], [2; 20; 3.490424559865235], [1; 40; 7.012834975822004], [2; 20; 3.53918899132152], [1; 40; 7.11196492234419], [1; 40; 7.180848751953095], [2; 20; 3.6080896271837455], [1; 40; 7.252125742037119], [1; 50; 9.157427569273532], [2; 30; 5.551842624056623], [1; 70; 13.023114643188288], [1; 70; 13.164677515238473], [2; 40; 7.564292635303316], [1; 80; 15.213459284670074], [2; 40; 7.650011787892183], [1; 80; 15.3883366837201], [2; 40; 7.739230031257031], [1; 80; 15.570458271011764], [1; 80; 15.760354189963149], [1; 90; 17.953437687428128], [1; 100; 20.20735145798002], [2; 50; 10.239306158020376], [1; 110; 22.681032284601862], [1; 110; 23.00164007377588], [2; 60; 12.730195565759022], [2; 60; 12.825734087949881], [1; 120; 25.847660314828115], [1; 120; 26.256363325350247], [2; 70; 15.568360305081695], [2; 70; 15.70002073115839], [2; 70; 15.835662469611348], [2; 70; 15.975496467927544], [1; 140; 32.23949973088723], [1; 160; 37.53717590468997], [2; 80; 18.95037346853155], [1; 160; 38.2769491461509], [2; 80; 19.333276991977954], [2; 80; 19.535200698156956], [1; 180; 44.42558389208792], [2; 90; 22.457573936288703], [1; 180; 45.42412982233333], [2; 90; 23.252960963365897], [2; 90; 23.540942532744527], [1; 190; 50.33270284501755], [1; 190; 51.69347535968399], [2; 100; 27.59167821645282], [1; 200; 55.991979182350164], [2; 100; 28.871232596605793], [2; 100; 29.34653511474001], [1; 200; 59.700805431376004], [2; 100; 30.385910667333068], [2; 110; 34.052287881089555], [2; 110; 34.72338182403605], [2; 130; 41.8873842721007], [2; 130; 42.803144894900164], [2; 140; 47.16173744232362], [2; 140; 48.31938206512122], [2; 140; 49.58300696970764], [2; 150; 54.611156517164446], [2; 150; 56.254238117401215], [2; 160; 61.956776380278356], [2; 170; 68.16056415269358], [2; 180; 74.97454419098723], [2; 180; 78.20181456200196], [2; 190; 86.52845219236583], [2; 190; 91.27581385174992], [2; 190; 97.08104216472033], [2; 190; 104.42558773141067], [2; 200; 120.18418649974834], [2; 200; 134.8412664446583], [2; 200; 158.5839848362228], [2; 200; 209.25282251328468]];
Intervals[0.0=1.6582168695228925, 1.6582168695228925=3.3298882172372855, 3.3434401758788272=5.028956006437056, 5.028956006437056=6.721546459428095, 6.721546459428095=8.421316567769056, 8.421316567769056=11.835431564711996, 11.835431564711996=17.001331943628482, 17.001331943628482=23.950700065068983, 23.950700065068983=27.44112462493422, 27.44112462493422=34.45395960075622, 34.48646435504335=38.02565334636488, 38.02565334636488=45.13761826870907, 45.13761826870907=52.31846702066216, 52.31846702066216=55.926556647845906, 55.926556647845906=63.17868238988302, 63.17868238988302=72.33610995915656, 76.0832176839226=81.63506030797922, 81.63506030797922=94.65817495116751, 94.65817495116751=107.82285246640598, 107.82285246640598=115.3871451017093, 115.3871451017093=130.60060438637936, 130.60060438637936=138.25061617427156, 138.25061617427156=153.63895285799165, 153.63895285799165=161.37818288924868, 161.37818288924868=176.94864116026045, 176.94864116026045=192.7089953502236, 192.7089953502236=210.66243303765174, 210.66243303765174=230.86978449563176, 231.31109065881643=241.5503968168368, 241.5503968168368=264.23142910143866, 264.23142910143866=287.23306917521455, 287.557785290984=300.287980856743, 300.287980856743=313.11371494469284, 313.11371494469284=338.96137525952093, 338.96137525952093=365.2177385848712, 367.83810818855443=383.4064684936361, 383.4064684936361=399.1064892247945, 399.1064892247945=414.9421516944058, 414.9421516944058=430.91764816233336, 430.91764816233336=463.1571478932206, 463.1571478932206=500.69432379791056, 500.69432379791056=519.6446972664421, 519.6446972664421=557.921646412593, 557.921646412593=577.254923404571, 577.254923404571=596.7901241027279, 596.7901241027279=641.2157079948158, 641.2157079948158=663.6732819311045, 663.6732819311045=709.0974117534379, 709.6271705540112=732.8801315173771, 732.8801315173771=756.4210740501217, 756.4210740501217=806.7537768951393, 806.7537768951393=858.4472522548233, 858.4472522548233=886.0389304712761, 886.0389304712761=942.0309096536263, 942.8825842385866=971.7538168351923, 971.7538168351923=1001.1003519499324, 1001.1003519499324=1060.8011573813083, 1060.8011573813083=1091.1870680486413, 1091.1870680486413=1125.239355929731, 1125.239355929731=1159.962737753767, 1159.962737753767=1201.8501220258677, 1201.8501220258677=1244.653266920768, 1244.653266920768=1291.8150043630915, 1291.8150043630915=1340.1343864282128, 1340.1343864282128=1389.7173933979204, 1389.7173933979204=1444.328549915085, 1444.328549915085=1500.5827880324862, 1500.5827880324862=1562.5395644127645, 1562.5395644127645=1630.700128565458, 1630.700128565458=1705.6746727564453, 1705.6746727564453=1783.8764873184473, 1783.8764873184473=1870.4049395108132, 1870.4049395108132=1961.680753362563, 1961.680753362563=2058.7617955272835, 2058.7617955272835=2163.1873832586944, 2163.1873832586944=2283.3715697584425, 2283.3715697584425=2418.212836203101, 2418.212836203101=2576.7968210393237, 2576.7968210393237=2786.0496435526084];

Jobs: [[1; 10; 1.6648965416991903], [1; 10; 1.6785436341796367], [2; 10; 1.6855158305582285], [2; 10; 1.6925904529910387], [2; 10; 1.6997701083409618], [1; 30; 5.143366274326475], [1; 40; 6.91837847276175], [2; 20; 3.490424559865235], [1; 40; 7.045339730109133], [2; 20; 3.53918899132152], [1; 40; 7.146116358108256], [2; 20; 3.6080896271837455], [1; 50; 9.110883572674533], [1; 60; 11.045777463402162], [2; 30; 5.551842624056623], [1; 70; 13.09322651041517], [2; 40; 7.564292635303316], [2; 40; 7.650011787892183], [2; 40; 7.739230031257031], [1; 80; 15.66439917893035], [1; 80; 15.858398483622278], [1; 90; 18.068710627761668], [1; 100; 20.341399479253457], [2; 50; 10.239306158020376], [1; 110; 22.839367462148818], [1; 110; 23.168021011998352], [2; 60; 12.730195565759022], [2; 60; 12.825734087949881], [1; 120; 26.04920686608173], [1; 130; 28.675186377779855], [2; 70; 15.568360305081695], [2; 70; 15.70002073115839], [2; 70; 15.835662469611348], [2; 70; 15.975496467927544], [1; 150; 34.86143065485589], [2; 80; 18.95037346853155], [2; 80; 19.333276991977954], [2; 80; 19.535200698156956], [2; 90; 22.457573936288703], [1; 180; 45.95388862290663], [2; 90; 23.252960963365897], [2; 90; 23.540942532744527], [1; 190; 50.997211305226486], [2; 100; 27.59167821645282], [1; 200; 56.84365376731049], [2; 100; 28.871232596605793], [2; 100; 29.34653511474001], [2; 100; 30.385910667333068], [2; 110; 34.052287881089555], [2; 110; 34.72338182403605], [2; 130; 41.8873842721007], [2; 130; 42.803144894900164], [2; 140; 47.16173744232362], [2; 140; 48.31938206512122], [2; 140; 49.58300696970764], [2; 150; 54.611156517164446], [2; 150; 56.254238117401215], [2; 160; 61.956776380278356], [2; 170; 68.16056415269358], [2; 180; 74.97454419098723], [2; 180; 78.20181456200196], [2; 190; 86.52845219236583], [2; 190; 91.27581385174992], [2; 190; 97.08104216472033], [2; 190; 104.42558773141067], [2; 200; 120.18418649974834], [2; 200; 134.8412664446583], [2; 200; 158.5839848362228], [2; 200; 209.25282251328468]];
Intervals[0.0=1.6648965416991903, 1.6648965416991903=3.3434401758788272, 3.3434401758788272=5.028956006437056, 5.028956006437056=6.721546459428095, 6.721546459428095=8.421316567769056, 8.421316567769056=13.56468284209553, 13.56468284209553=20.48306131485728, 23.950700065068983=27.44112462493422, 27.44112462493422=34.48646435504335, 34.48646435504335=38.02565334636488, 38.02565334636488=45.171769704473135, 52.31846702066216=55.926556647845906, 55.926556647845906=65.03744022052044, 65.03744022052044=76.0832176839226, 76.0832176839226=81.63506030797922, 81.63506030797922=94.72828681839438, 107.82285246640598=115.3871451017093, 130.60060438637936=138.25061617427156, 153.63895285799165=161.37818288924868, 161.37818288924868=177.04258206817903, 177.04258206817903=192.9009805518013, 192.9009805518013=210.96969117956297, 210.96969117956297=231.31109065881643, 231.31109065881643=241.5503968168368, 241.5503968168368=264.38976427898564, 264.38976427898564=287.557785290984, 287.557785290984=300.287980856743, 300.287980856743=313.11371494469284, 313.11371494469284=339.16292181077455, 339.16292181077455=367.83810818855443, 367.83810818855443=383.4064684936361, 383.4064684936361=399.1064892247945, 399.1064892247945=414.9421516944058, 414.9421516944058=430.91764816233336, 430.91764816233336=465.77907881718926, 500.69432379791056=519.6446972664421, 557.921646412593=577.254923404571, 577.254923404571=596.7901241027279, 641.2157079948158=663.6732819311045, 663.6732819311045=709.6271705540112, 709.6271705540112=732.8801315173771, 732.8801315173771=756.4210740501217, 756.4210740501217=807.4182853553482, 858.4472522548233=886.0389304712761, 886.0389304712761=942.8825842385866, 942.8825842385866=971.7538168351923, 971.7538168351923=1001.1003519499324, 1060.8011573813083=1091.1870680486413, 1091.1870680486413=1125.239355929731, 1125.239355929731=1159.962737753767, 1159.962737753767=1201.8501220258677, 1201.8501220258677=1244.653266920768, 1244.653266920768=1291.8150043630915, 1291.8150043630915=1340.1343864282128, 1340.1343864282128=1389.7173933979204, 1389.7173933979204=1444.328549915085, 1444.328549915085=1500.5827880324862, 1500.5827880324862=1562.5395644127645, 1562.5395644127645=1630.700128565458, 1630.700128565458=1705.6746727564453, 1705.6746727564453=1783.8764873184473, 1783.8764873184473=1870.4049395108132, 1870.4049395108132=1961.680753362563, 1961.680753362563=2058.7617955272835, 2058.7617955272835=2163.1873832586944, 2163.1873832586944=2283.3715697584425, 2283.3715697584425=2418.212836203101, 2418.212836203101=2576.7968210393237, 2576.7968210393237=2786.0496435526084];
