1.1140240272463842
13081.035075309761
14572.587375147788
[2; 10; 1.22315315705515]
[2; 10; 1.233077605285615]
[2; 10; 1.2432897332704818]
[1; 20; 2.507608277900853]
[1; 30; 3.793909477077938]
[1; 30; 3.8274109193098362]
[2; 20; 2.574647441073482]
[2; 20; 2.5984325970246966]
[1; 50; 6.557512551218415]
[2; 30; 3.9726156976442932]
[1; 60; 8.024095635288521]
[2; 40; 5.403846335290779]
[2; 40; 5.460286052163221]
[2; 40; 5.518844329230897]
[1; 90; 12.554237821709249]
[1; 100; 14.107226023701141]
[1; 110; 15.698926663155497]
[1; 130; 18.77615313744484]
[1; 140; 20.47089763907595]
[1; 150; 22.213419782883545]
[2; 80; 12.003567180752464]
[2; 80; 12.167451678341985]
[2; 80; 12.339444722288372]
[1; 160; 25.040518615505743]
[2; 80; 12.71070063176464]
[1; 170; 27.437324535958886]
[1; 170; 27.889020853363082]
[2; 90; 15.018280703281782]
[1; 180; 30.575408993528836]
[2; 90; 15.574841435385435]
[1; 180; 31.763573002684367]
[2; 110; 19.813449262508737]
[2; 110; 20.246619701573984]
[2; 110; 20.714857922677194]
[2; 120; 23.152724036042464]
[2; 120; 23.758202778745144]
[2; 130; 26.458241754107057]
[2; 130; 27.254288807004134]
[2; 140; 30.305704173889367]
[2; 140; 31.37905092161622]
[2; 160; 37.25536520129277]
[2; 160; 38.859017982017754]
[2; 160; 40.73360336199969]
[2; 160; 42.968442214998106]
[2; 170; 48.55760562734517]
[2; 180; 55.30359273956888]
[2; 180; 60.46685085424945]
[2; 190; 71.61004413623381]
[2; 190; 84.2190707106906]
[2; 190; 111.12773004069801]


Jobs: [[2; 10; 1.22315315705515], [2; 10; 1.233077605285615], [2; 10; 1.2432897332704818], [1; 20; 2.507608277900853], [1; 30; 3.8274109193098362], [2; 20; 2.574647441073482], [2; 20; 2.5984325970246966], [1; 50; 6.557512551218415], [2; 30; 3.9726156976442932], [1; 60; 8.024095635288521], [2; 40; 5.403846335290779], [2; 40; 5.460286052163221], [2; 40; 5.518844329230897], [1; 90; 12.554237821709249], [1; 110; 15.698926663155497], [1; 140; 20.47089763907595], [2; 80; 12.003567180752464], [2; 80; 12.167451678341985], [2; 80; 12.339444722288372], [1; 160; 25.040518615505743], [2; 80; 12.71070063176464], [1; 170; 27.437324535958886], [2; 90; 15.018280703281782], [1; 180; 30.575408993528836], [2; 90; 15.574841435385435], [1; 180; 31.763573002684367], [2; 110; 19.813449262508737], [2; 110; 20.246619701573984], [2; 110; 20.714857922677194], [2; 120; 23.152724036042464], [2; 120; 23.758202778745144], [2; 130; 26.458241754107057], [2; 130; 27.254288807004134], [2; 140; 30.305704173889367], [2; 140; 31.37905092161622], [2; 160; 37.25536520129277], [2; 160; 38.859017982017754], [2; 160; 40.73360336199969], [2; 160; 42.968442214998106], [2; 170; 48.55760562734517], [2; 180; 55.30359273956888], [2; 180; 60.46685085424945], [2; 190; 71.61004413623381], [2; 190; 84.2190707106906], [2; 190; 111.12773004069801]];
Intervals[4.9E-324=1.22315315705515, 1.22315315705515=2.456230762340765, 2.456230762340765=3.699520495611247, 3.699520495611247=6.2071287735121, 6.2071287735121=10.034539692821935, 10.034539692821935=12.609187133895418, 12.609187133895418=15.207619730920115, 15.207619730920115=21.76513228213853, 21.76513228213853=25.737747979782824, 25.737747979782824=33.76184361507134, 33.76184361507134=39.16568995036212, 39.16568995036212=44.62597600252534, 44.62597600252534=50.144820331756236, 50.144820331756236=62.69905815346549, 62.69905815346549=78.39798481662098, 78.39798481662098=98.86888245569693, 105.24161927578577=117.24518645653824, 117.24518645653824=129.4126381348802, 129.4126381348802=141.75208285716857, 141.75208285716857=166.7926014726743, 166.7926014726743=179.50330210443894, 179.50330210443894=206.94062664039782, 207.39232295780204=222.41060366108383, 222.41060366108383=252.98601265461267, 252.98601265461267=268.5608540899981, 268.5608540899981=300.32442709268247, 300.32442709268247=320.1378763551912, 320.1378763551912=340.3844960567652, 340.3844960567652=361.0993539794424, 361.0993539794424=384.25207801548487, 384.25207801548487=408.01028079423, 408.01028079423=434.4685225483371, 434.4685225483371=461.7228113553412, 461.7228113553412=492.02851552923056, 492.02851552923056=523.4075664508467, 523.4075664508467=560.6629316521395, 560.6629316521395=599.5219496341573, 599.5219496341573=640.255552996157, 640.255552996157=683.2239952111552, 683.2239952111552=731.7816008385004, 731.7816008385004=787.0851935780693, 787.0851935780693=847.5520444323187, 847.5520444323187=919.1620885685525, 919.1620885685525=1003.3811592792431, 1003.3811592792431=1114.508889319941];

Jobs: [[2; 10; 1.22315315705515], [2; 10; 1.233077605285615], [2; 10; 1.2432897332704818], [1; 30; 3.793909477077938], [2; 20; 2.574647441073482], [2; 20; 2.5984325970246966], [2; 30; 3.9726156976442932], [2; 40; 5.403846335290779], [2; 40; 5.460286052163221], [2; 40; 5.518844329230897], [1; 100; 14.107226023701141], [1; 130; 18.77615313744484], [1; 150; 22.213419782883545], [2; 80; 12.003567180752464], [2; 80; 12.167451678341985], [2; 80; 12.339444722288372], [2; 80; 12.71070063176464], [1; 170; 27.889020853363082], [2; 90; 15.018280703281782], [2; 90; 15.574841435385435], [2; 110; 19.813449262508737], [2; 110; 20.246619701573984], [2; 110; 20.714857922677194], [2; 120; 23.152724036042464], [2; 120; 23.758202778745144], [2; 130; 26.458241754107057], [2; 130; 27.254288807004134], [2; 140; 30.305704173889367], [2; 140; 31.37905092161622], [2; 160; 37.25536520129277], [2; 160; 38.859017982017754], [2; 160; 40.73360336199969], [2; 160; 42.968442214998106], [2; 170; 48.55760562734517], [2; 180; 55.30359273956888], [2; 180; 60.46685085424945], [2; 190; 71.61004413623381], [2; 190; 84.2190707106906], [2; 190; 111.12773004069801]];
Intervals[4.9E-324=1.22315315705515, 1.22315315705515=2.456230762340765, 2.456230762340765=3.699520495611247, 3.699520495611247=7.493429972689185, 10.034539692821935=12.609187133895418, 12.609187133895418=15.207619730920115, 21.76513228213853=25.737747979782824, 33.76184361507134=39.16568995036212, 39.16568995036212=44.62597600252534, 44.62597600252534=50.144820331756236, 50.144820331756236=64.25204635545738, 64.25204635545738=83.02819949290222, 83.02819949290222=105.24161927578577, 105.24161927578577=117.24518645653824, 117.24518645653824=129.4126381348802, 129.4126381348802=141.75208285716857, 166.7926014726743=179.50330210443894, 179.50330210443894=207.39232295780204, 207.39232295780204=222.41060366108383, 252.98601265461267=268.5608540899981, 300.32442709268247=320.1378763551912, 320.1378763551912=340.3844960567652, 340.3844960567652=361.0993539794424, 361.0993539794424=384.25207801548487, 384.25207801548487=408.01028079423, 408.01028079423=434.4685225483371, 434.4685225483371=461.7228113553412, 461.7228113553412=492.02851552923056, 492.02851552923056=523.4075664508467, 523.4075664508467=560.6629316521395, 560.6629316521395=599.5219496341573, 599.5219496341573=640.255552996157, 640.255552996157=683.2239952111552, 683.2239952111552=731.7816008385004, 731.7816008385004=787.0851935780693, 787.0851935780693=847.5520444323187, 847.5520444323187=919.1620885685525, 919.1620885685525=1003.3811592792431, 1003.3811592792431=1114.508889319941];
