1.1987640927306515
6260.2585123316985
7504.5731157946475
[1; 20; 1.8217588969146135]
[2; 10; 0.9182701630855333]
[2; 10; 0.9258751121900481]
[1; 20; 1.867410333649916]
[2; 10; 0.9417719964297938]
[1; 20; 1.9001762927732442]
[1; 20; 1.917334250065046]
[1; 20; 1.9350470030505145]
[1; 40; 3.9066920648180963]
[2; 20; 1.9722654107711317]
[1; 40; 3.9836841715103604]
[2; 20; 2.0121162019024927]
[2; 20; 2.0331314680117796]
[1; 60; 6.164806732994742]
[2; 30; 3.116371038486605]
[1; 60; 6.303371995050368]
[1; 80; 8.502513406927207]
[2; 40; 4.302326054801417]
[1; 80; 8.711218375395156]
[2; 40; 4.411275877372138]
[1; 80; 8.93902990811726]
[1; 80; 9.061074330693454]
[2; 50; 5.743223231120208]
[1; 100; 11.654761739165211]
[2; 60; 7.099222967818629]
[1; 120; 14.422951655998407]
[1; 120; 14.660394419070114]
[1; 140; 17.39745839206893]
[1; 140; 17.709563973896504]
[1; 140; 18.042188795684098]
[1; 140; 18.397759724150394]
[1; 160; 21.46186444546281]
[1; 160; 21.931073270328614]
[1; 160; 22.43826740378609]
[2; 80; 11.494521558804108]
[1; 160; 23.590241356792443]
[1; 160; 24.250331157752882]
[1; 180; 28.102442599131912]
[1; 180; 29.01675961652071]
[1; 180; 30.0444554055794]
[2; 90; 15.605993247759894]
[1; 180; 32.5555027559309]
[1; 180; 34.1260022866311]
[2; 90; 17.999158388353493]
[1; 180; 38.287843858994535]
[2; 90; 20.59223154588755]
[2; 100; 25.0164055445909]
[1; 200; 56.13456984264518]
[1; 200; 66.01869003038117]
[2; 100; 43.55609187697578]


Jobs: [[1; 20; 1.8217588969146135], [2; 10; 0.9182701630855333], [2; 10; 0.9258751121900481], [1; 20; 1.867410333649916], [2; 10; 0.9417719964297938], [1; 20; 1.9001762927732442], [1; 20; 1.9350470030505145], [2; 20; 1.9722654107711317], [1; 40; 3.9836841715103604], [2; 20; 2.0121162019024927], [2; 20; 2.0331314680117796], [1; 60; 6.164806732994742], [2; 30; 3.116371038486605], [1; 60; 6.303371995050368], [2; 40; 4.302326054801417], [1; 80; 8.711218375395156], [2; 40; 4.411275877372138], [1; 80; 8.93902990811726], [2; 50; 5.743223231120208], [1; 100; 11.654761739165211], [2; 60; 7.099222967818629], [1; 120; 14.422951655998407], [1; 140; 17.39745839206893], [1; 140; 18.042188795684098], [1; 160; 21.46186444546281], [1; 160; 22.43826740378609], [2; 80; 11.494521558804108], [1; 160; 23.590241356792443], [1; 180; 28.102442599131912], [1; 180; 30.0444554055794], [2; 90; 15.605993247759894], [1; 180; 32.5555027559309], [2; 90; 17.999158388353493], [1; 180; 38.287843858994535], [2; 90; 20.59223154588755], [2; 100; 25.0164055445909], [1; 200; 56.13456984264518], [2; 100; 43.55609187697578]];
Intervals[0.0=1.8217588969146135, 1.8217588969146135=2.740029060000147, 2.740029060000147=3.665904172190195, 3.665904172190195=5.533314505840111, 5.533314505840111=6.475086502269905, 6.475086502269905=8.375262795043149, 8.375262795043149=10.310309798093662, 12.299112817153048=14.27137822792418, 14.27137822792418=18.25506239943454, 18.25506239943454=20.267178601337033, 20.267178601337033=22.30031006934881, 22.30031006934881=28.46511680234355, 28.46511680234355=31.581487840830157, 31.581487840830157=37.884859835880526, 40.084001247757364=44.38632730255878, 44.38632730255878=53.09754567795394, 53.09754567795394=57.50882155532608, 57.50882155532608=66.44785146344334, 66.56989588601954=72.31311911713975, 72.31311911713975=83.96788085630496, 83.96788085630496=91.06710382412359, 91.06710382412359=105.490055480122, 105.490055480122=122.88751387219092, 122.88751387219092=140.929702667875, 140.929702667875=162.39156711333783, 162.39156711333783=184.8298345171239, 184.8298345171239=196.32435607592802, 196.32435607592802=219.91459743272046, 219.91459743272046=248.01704003185236, 248.01704003185236=278.06149543743174, 278.06149543743174=293.66748868519164, 293.66748868519164=326.22299144112253, 327.79349097182273=345.79264936017626, 345.79264936017626=384.08049321917076, 384.08049321917076=404.6727247650583, 404.6727247650583=429.6891303096492, 429.6891303096492=485.8237001522944, 495.70782034003037=539.2639122170061];

Jobs: [[2; 10; 0.9182701630855333], [2; 10; 0.9258751121900481], [2; 10; 0.9417719964297938], [1; 20; 1.917334250065046], [1; 40; 3.9066920648180963], [2; 20; 1.9722654107711317], [2; 20; 2.0121162019024927], [2; 20; 2.0331314680117796], [2; 30; 3.116371038486605], [1; 80; 8.502513406927207], [2; 40; 4.302326054801417], [2; 40; 4.411275877372138], [1; 80; 9.061074330693454], [2; 50; 5.743223231120208], [2; 60; 7.099222967818629], [1; 120; 14.660394419070114], [1; 140; 17.709563973896504], [1; 140; 18.397759724150394], [1; 160; 21.931073270328614], [2; 80; 11.494521558804108], [1; 160; 24.250331157752882], [1; 180; 29.01675961652071], [2; 90; 15.605993247759894], [1; 180; 34.1260022866311], [2; 90; 17.999158388353493], [2; 90; 20.59223154588755], [2; 100; 25.0164055445909], [1; 200; 66.01869003038117], [2; 100; 43.55609187697578]];
Intervals[1.8217588969146135=2.740029060000147, 2.740029060000147=3.665904172190195, 5.533314505840111=6.475086502269905, 6.475086502269905=8.392420752334951, 8.392420752334951=12.299112817153048, 12.299112817153048=14.27137822792418, 18.25506239943454=20.267178601337033, 20.267178601337033=22.30031006934881, 28.46511680234355=31.581487840830157, 31.581487840830157=40.084001247757364, 40.084001247757364=44.38632730255878, 53.09754567795394=57.50882155532608, 57.50882155532608=66.56989588601954, 66.56989588601954=72.31311911713975, 83.96788085630496=91.06710382412359, 91.06710382412359=105.72749824319371, 105.72749824319371=123.43706221709022, 123.43706221709022=141.83482194124062, 141.83482194124062=163.76589521156924, 184.8298345171239=196.32435607592802, 196.32435607592802=220.5746872336809, 220.5746872336809=249.5914468502016, 278.06149543743174=293.66748868519164, 293.66748868519164=327.79349097182273, 327.79349097182273=345.79264936017626, 384.08049321917076=404.6727247650583, 404.6727247650583=429.6891303096492, 429.6891303096492=495.70782034003037, 495.70782034003037=539.2639122170061];
