1.1851629133756079
5930.947967464163
7029.1395721989675
[1; 20; 1.782804155813315]
[1; 20; 1.7972695131950718]
[1; 20; 1.8121541775611854]
[1; 20; 1.827479426107527]
[1; 20; 1.8432680986570025]
[1; 40; 3.7190894989139256]
[2; 20; 1.8763358174829778]
[1; 40; 3.787339635969678]
[2; 20; 1.911577558489357]
[1; 40; 3.8601847661012756]
[1; 40; 3.898500898469482]
[2; 20; 1.9690910431706818]
[1; 60; 5.968970817090704]
[1; 60; 6.032984431684686]
[2; 30; 3.0497335557848966]
[1; 60; 6.168586747371199]
[1; 80; 8.320703833202538]
[2; 40; 4.210329250020056]
[2; 40; 4.2624730276203255]
[2; 40; 4.3169493943120205]
[1; 80; 8.747886285128935]
[2; 50; 5.54207564192933]
[1; 100; 11.240831332341326]
[1; 100; 11.405547517175998]
[1; 100; 11.579033346571329]
[1; 100; 11.762120934772303]
[2; 50; 5.977879432080331]
[1; 100; 12.161034189266132]
[1; 120; 14.85503972661189]
[2; 60; 7.567025131447925]
[2; 60; 7.716154163528576]
[1; 120; 15.752208424647462]
[1; 120; 16.09659021043088]
[1; 140; 19.213660429440917]
[2; 70; 9.842642038951942]
[2; 70; 10.10004201129817]
[1; 160; 23.731785386701105]
[2; 90; 13.750763489913608]
[1; 180; 28.39629312099566]
[2; 90; 14.7010068255825]
[2; 90; 15.272289689278743]
[2; 90; 15.929683589349803]
[1; 180; 33.39628465706469]
[2; 90; 17.61428168691563]
[1; 180; 37.4691334097797]
[1; 180; 40.30381412123722]
[1; 200; 48.962957550466996]
[1; 200; 54.934242160010285]
[1; 200; 64.60700982267862]
[2; 100; 42.62473027620326]


Jobs: [[1; 20; 1.782804155813315], [1; 20; 1.8121541775611854], [1; 20; 1.8432680986570025], [2; 20; 1.8763358174829778], [1; 40; 3.787339635969678], [2; 20; 1.911577558489357], [1; 40; 3.8601847661012756], [2; 20; 1.9690910431706818], [1; 60; 5.968970817090704], [2; 30; 3.0497335557848966], [1; 60; 6.168586747371199], [2; 40; 4.210329250020056], [2; 40; 4.2624730276203255], [2; 40; 4.3169493943120205], [1; 80; 8.747886285128935], [2; 50; 5.54207564192933], [1; 100; 11.240831332341326], [1; 100; 11.579033346571329], [2; 50; 5.977879432080331], [1; 100; 12.161034189266132], [2; 60; 7.567025131447925], [2; 60; 7.716154163528576], [1; 120; 15.752208424647462], [1; 140; 19.213660429440917], [2; 70; 9.842642038951942], [2; 70; 10.10004201129817], [1; 160; 23.731785386701105], [2; 90; 13.750763489913608], [1; 180; 28.39629312099566], [2; 90; 14.7010068255825], [2; 90; 15.272289689278743], [2; 90; 15.929683589349803], [1; 180; 33.39628465706469], [2; 90; 17.61428168691563], [1; 180; 37.4691334097797], [1; 200; 48.962957550466996], [1; 200; 64.60700982267862], [2; 100; 42.62473027620326]];
Intervals[0.0=1.782804155813315, 1.782804155813315=3.5949583333745005, 3.5949583333745005=5.438226432031503, 7.343838438216524=9.220174255699503, 9.220174255699503=13.00751389166918, 13.00751389166918=14.919091450158538, 14.919091450158538=18.779276216259813, 18.81759234862802=20.7866833917987, 20.7866833917987=26.755654208889403, 26.819667823483385=29.869401379268282, 29.869401379268282=36.03798812663948, 38.19010521247082=42.40043446249088, 42.40043446249088=46.6629074901112, 46.6629074901112=50.97985688442322, 50.97985688442322=59.727743169552156, 59.727743169552156=65.26981881148149, 65.26981881148149=76.51065014382282, 76.51065014382282=88.08968349039415, 88.43748726342979=94.41536669551012, 94.41536669551012=106.57640088477625, 109.27040642212201=116.83743155356993, 116.83743155356993=124.5535857170985, 124.5535857170985=140.30579414174596, 140.30579414174596=159.51945457118688, 159.51945457118688=169.36209661013882, 169.36209661013882=179.462138621437, 179.462138621437=203.19392400813808, 203.19392400813808=216.94468749805168, 216.94468749805168=245.34098061904734, 245.34098061904734=260.04198744462985, 260.04198744462985=275.3142771339086, 275.3142771339086=291.2439607232584, 291.2439607232584=324.6402453803231, 324.6402453803231=342.2545270672387, 342.2545270672387=379.7236604770184, 379.7236604770184=428.68661802748545, 428.68661802748545=493.29362785016406, 493.29362785016406=535.9183581263674];

Jobs: [[1; 20; 1.7972695131950718], [1; 20; 1.827479426107527], [1; 40; 3.7190894989139256], [2; 20; 1.8763358174829778], [2; 20; 1.911577558489357], [1; 40; 3.898500898469482], [2; 20; 1.9690910431706818], [1; 60; 6.032984431684686], [2; 30; 3.0497335557848966], [1; 80; 8.320703833202538], [2; 40; 4.210329250020056], [2; 40; 4.2624730276203255], [2; 40; 4.3169493943120205], [2; 50; 5.54207564192933], [1; 100; 11.405547517175998], [1; 100; 11.762120934772303], [2; 50; 5.977879432080331], [1; 120; 14.85503972661189], [2; 60; 7.567025131447925], [2; 60; 7.716154163528576], [1; 120; 16.09659021043088], [2; 70; 9.842642038951942], [2; 70; 10.10004201129817], [2; 90; 13.750763489913608], [2; 90; 14.7010068255825], [2; 90; 15.272289689278743], [2; 90; 15.929683589349803], [2; 90; 17.61428168691563], [1; 180; 40.30381412123722], [1; 200; 54.934242160010285], [2; 100; 42.62473027620326]];
Intervals[0.0=1.7972695131950718, 1.7972695131950718=3.6247489393025987, 3.6247489393025987=7.343838438216524, 7.343838438216524=9.220174255699503, 13.00751389166918=14.919091450158538, 14.919091450158538=18.81759234862802, 18.81759234862802=20.7866833917987, 20.7866833917987=26.819667823483385, 26.819667823483385=29.869401379268282, 29.869401379268282=38.19010521247082, 38.19010521247082=42.40043446249088, 42.40043446249088=46.6629074901112, 46.6629074901112=50.97985688442322, 59.727743169552156=65.26981881148149, 65.26981881148149=76.67536632865749, 76.67536632865749=88.43748726342979, 88.43748726342979=94.41536669551012, 94.41536669551012=109.27040642212201, 109.27040642212201=116.83743155356993, 116.83743155356993=124.5535857170985, 124.5535857170985=140.65017592752938, 159.51945457118688=169.36209661013882, 169.36209661013882=179.462138621437, 203.19392400813808=216.94468749805168, 245.34098061904734=260.04198744462985, 260.04198744462985=275.3142771339086, 275.3142771339086=291.2439607232584, 324.6402453803231=342.2545270672387, 342.2545270672387=382.55834118847594, 382.55834118847594=437.4925833484862, 493.29362785016406=535.9183581263674];
