1.1031302630524842
7626.590403891826
8413.122678438742
[2; 10; 0.9857258949588602]
[1; 20; 1.9874478008138552]
[1; 20; 2.0039074877128416]
[1; 20; 2.0208543792595663]
[2; 20; 2.038313732075517]
[1; 40; 4.1126253972373075]
[1; 40; 4.149761031015787]
[1; 40; 4.188097430675164]
[1; 60; 6.341554096609948]
[1; 60; 6.402976015392773]
[1; 60; 6.4665318531108795]
[1; 80; 8.70980258580077]
[1; 80; 8.800770900119241]
[2; 40; 4.447576931957731]
[1; 100; 11.241471584187948]
[1; 100; 11.368860814682701]
[1; 100; 11.501450125531974]
[1; 100; 11.639614352800718]
[2; 50; 5.8918838984479835]
[2; 50; 5.967184885850579]
[1; 100; 12.091931142982498]
[1; 120; 14.708426486685948]
[1; 120; 14.916337486456733]
[1; 120; 15.134912263520288]
[1; 120; 15.365124167237166]
[2; 60; 7.804038697511443]
[1; 120; 15.865030694964785]
[1; 120; 16.137426564664004]
[1; 120; 16.42692752472724]
[1; 140; 19.524705193165854]
[1; 140; 19.909493182704317]
[1; 140; 20.322201941312645]
[1; 140; 20.766494957690576]
[2; 70; 10.623378098199538]
[1; 140; 21.76828475740115]
[2; 80; 12.764319039749223]
[1; 160; 26.2429670841839]
[1; 160; 27.032537184902957]
[1; 180; 31.401050259991234]
[1; 180; 32.513191227855884]
[1; 180; 33.77665768378803]
[1; 180; 35.23056991161189]
[2; 90; 18.465058248009317]
[2; 90; 19.478139001724998]
[1; 200; 46.03770469403965]
[1; 200; 49.52063001469597]
[2; 100; 27.071989367922868]
[1; 200; 60.74711553761171]
[1; 200; 71.4434082626678]
[2; 100; 47.13507118758387]


Jobs: [[2; 10; 0.9857258949588602], [1; 20; 1.9874478008138552], [1; 20; 2.0208543792595663], [2; 20; 2.038313732075517], [1; 40; 4.1126253972373075], [1; 40; 4.188097430675164], [1; 60; 6.402976015392773], [1; 80; 8.70980258580077], [2; 40; 4.447576931957731], [1; 100; 11.241471584187948], [1; 100; 11.501450125531974], [2; 50; 5.8918838984479835], [2; 50; 5.967184885850579], [1; 100; 12.091931142982498], [1; 120; 14.916337486456733], [1; 120; 15.365124167237166], [2; 60; 7.804038697511443], [1; 120; 15.865030694964785], [1; 120; 16.42692752472724], [1; 140; 19.909493182704317], [1; 140; 20.766494957690576], [2; 70; 10.623378098199538], [1; 140; 21.76828475740115], [2; 80; 12.764319039749223], [1; 160; 26.2429670841839], [1; 180; 31.401050259991234], [1; 180; 33.77665768378803], [2; 90; 18.465058248009317], [2; 90; 19.478139001724998], [1; 200; 46.03770469403965], [2; 100; 27.071989367922868], [1; 200; 60.74711553761171], [2; 100; 47.13507118758387]];
Intervals[4.9E-324=0.9857258949588602, 0.9857258949588602=2.9731736957727155, 2.9731736957727155=4.994028075032282, 4.994028075032282=7.032341807107799, 7.032341807107799=11.144967204345107, 11.144967204345107=15.333064635020271, 15.333064635020271=21.736040650413045, 21.736040650413045=30.445843236213815, 32.79095968796366=37.23853661992139, 37.23853661992139=48.48000820410934, 48.48000820410934=59.98145832964131, 60.247011787404816=66.1388956858528, 66.1388956858528=72.10608057170339, 72.10608057170339=84.19801171468589, 84.19801171468589=99.11434920114263, 99.11434920114263=114.4794733683798, 114.4794733683798=122.28351206589124, 122.28351206589124=138.14854276085603, 138.14854276085603=154.57547028558326, 154.57547028558326=174.4849634682876, 174.4849634682876=195.25145842597817, 195.25145842597817=205.8748365241777, 205.8748365241777=227.64312128157886, 227.64312128157886=240.40744032132807, 240.40744032132807=266.65040740551194, 266.65040740551194=298.05145766550316, 298.05145766550316=331.8281153492912, 335.1837386456988=353.6487968937081, 353.6487968937081=373.1269358954331, 373.1269358954331=419.16464058947275, 422.64756591012906=449.7195552780519, 449.7195552780519=510.46667081566363, 521.1629635407197=568.2980347283036];

Jobs: [[2; 10; 0.9857258949588602], [1; 20; 2.0039074877128416], [2; 20; 2.038313732075517], [1; 40; 4.149761031015787], [1; 60; 6.341554096609948], [1; 60; 6.4665318531108795], [1; 80; 8.800770900119241], [2; 40; 4.447576931957731], [1; 100; 11.368860814682701], [1; 100; 11.639614352800718], [2; 50; 5.8918838984479835], [2; 50; 5.967184885850579], [1; 120; 14.708426486685948], [1; 120; 15.134912263520288], [2; 60; 7.804038697511443], [1; 120; 16.137426564664004], [1; 140; 19.524705193165854], [1; 140; 20.322201941312645], [2; 70; 10.623378098199538], [2; 80; 12.764319039749223], [1; 160; 27.032537184902957], [1; 180; 32.513191227855884], [1; 180; 35.23056991161189], [2; 90; 18.465058248009317], [2; 90; 19.478139001724998], [1; 200; 49.52063001469597], [2; 100; 27.071989367922868], [1; 200; 71.4434082626678], [2; 100; 47.13507118758387]];
Intervals[4.9E-324=0.9857258949588602, 0.9857258949588602=2.989633382671702, 4.994028075032282=7.032341807107799, 7.032341807107799=11.182102838123587, 11.182102838123587=17.523656934733534, 17.523656934733534=23.990188787844414, 23.990188787844414=32.79095968796366, 32.79095968796366=37.23853661992139, 37.23853661992139=48.607397434604096, 48.607397434604096=60.247011787404816, 60.247011787404816=66.1388956858528, 66.1388956858528=72.10608057170339, 72.10608057170339=86.81450705838934, 86.81450705838934=101.94941932190963, 114.4794733683798=122.28351206589124, 122.28351206589124=138.42093863055524, 138.42093863055524=157.9456438237211, 157.9456438237211=178.26784576503374, 195.25145842597817=205.8748365241777, 227.64312128157886=240.40744032132807, 240.40744032132807=267.439977506231, 267.439977506231=299.9531687340869, 299.9531687340869=335.1837386456988, 335.1837386456988=353.6487968937081, 353.6487968937081=373.1269358954331, 373.1269358954331=422.64756591012906, 422.64756591012906=449.7195552780519, 449.7195552780519=521.1629635407197, 521.1629635407197=568.2980347283036];
