1.1047687285544283
57385.38804695241
63397.5821902341
[1; 10; 1.6746826746146708]
[1; 10; 1.6814286747738485]
[1; 20; 3.376541506868807]
[1; 20; 3.390422561017827]
[2; 10; 1.7022527095848328]
[2; 10; 1.7093975817878737]
[2; 10; 1.7166485298666256]
[2; 10; 1.724008282513595]
[1; 20; 3.462959337878108]
[1; 20; 3.4781312474308494]
[2; 10; 1.746769191911369]
[2; 20; 3.5091870690727047]
[2; 20; 3.52508386863637]
[2; 20; 3.5412356036758954]
[1; 40; 7.115298728195264]
[2; 20; 3.5743325224151556]
[1; 50; 8.978231871250923]
[1; 50; 9.021345063227246]
[1; 50; 9.065191663820405]
[1; 50; 9.109793324018089]
[2; 30; 5.493103566940719]
[2; 30; 5.5208118371077095]
[2; 30; 5.549015539341457]
[1; 60; 11.155460112362231]
[2; 30; 5.6069714556516415]
[2; 30; 5.636756531320601]
[2; 30; 5.667102845266391]
[1; 70; 13.295400473161587]
[2; 40; 7.639404745473754]
[1; 80; 15.364526289208003]
[2; 40; 7.725975074338234]
[1; 90; 17.483782714214883]
[2; 50; 9.770099049176858]
[1; 100; 19.65633776673664]
[1; 100; 19.774929922729847]
[1; 100; 19.896064707232835]
[1; 100; 20.019837027785073]
[2; 50; 10.07317344495903]
[1; 110; 22.303269732953325]
[1; 110; 22.44880763750282]
[1; 110; 22.597724641792706]
[2; 60; 12.409176824630276]
[2; 60; 12.49431872190216]
[2; 60; 12.581540950076654]
[2; 60; 12.670932195768785]
[1; 120; 25.525173197355194]
[1; 120; 25.71320838699118]
[2; 60; 12.953091396594273]
[1; 130; 28.279683343092678]
[1; 130; 28.50019353933179]
[1; 130; 28.726841483448776]
[1; 130; 28.95992599088173]
[2; 70; 15.722951415022468]
[1; 140; 31.7118384124594]
[1; 140; 31.985815687105195]
[2; 70; 16.134130369149993]
[2; 70; 16.27981617781263]
[1; 140; 32.860425357780876]
[1; 150; 35.540543936606745]
[1; 150; 35.88477633925056]
[1; 160; 38.65703259345643]
[1; 160; 39.050506139534775]
[2; 80; 19.72918184322707]
[1; 160; 39.88153085596042]
[2; 80; 20.160509990497214]
[1; 170; 43.326562223349875]
[1; 170; 43.83185814704022]
[1; 170; 44.35839999563681]
[1; 170; 44.907766661929074]
[1; 170; 45.48170858440643]
[1; 180; 48.792888704148616]
[1; 180; 49.45905717980333]
[2; 90; 25.079092903775813]
[2; 90; 25.44658640849009]
[1; 190; 54.53769629399242]
[1; 190; 55.40004593766635]
[1; 190; 56.31208809765433]
[1; 200; 60.2936240452272]
[1; 200; 61.375274950149446]
[2; 130; 40.64322502718766]
[2; 130; 41.44421150518299]
[2; 140; 45.557420151626374]
[2; 140; 46.55341673093483]
[2; 140; 47.630045292031106]
[2; 140; 48.79918512457772]
[2; 150; 53.65216886215458]
[2; 150; 55.15343580256755]
[2; 150; 56.81283291730465]
[2; 150; 58.6612466186803]
[2; 160; 64.78812865806692]
[2; 160; 67.30580299918027]
[2; 170; 74.59065914639906]
[2; 170; 78.18896312782651]
[2; 170; 82.47878082749857]
[2; 170; 87.72450949836814]
[2; 180; 99.91185693563287]
[2; 180; 109.23983511066767]
[2; 190; 129.37120592844732]
[2; 200; 160.15869622228058]
[2; 200; 211.33066664437212]


Jobs: [[1; 10; 1.6746826746146708], [1; 20; 3.376541506868807], [2; 10; 1.7022527095848328], [2; 10; 1.7093975817878737], [2; 10; 1.7166485298666256], [2; 10; 1.724008282513595], [1; 20; 3.462959337878108], [2; 10; 1.746769191911369], [2; 20; 3.5091870690727047], [2; 20; 3.52508386863637], [2; 20; 3.5412356036758954], [1; 40; 7.115298728195264], [2; 20; 3.5743325224151556], [1; 50; 8.978231871250923], [1; 50; 9.065191663820405], [2; 30; 5.493103566940719], [2; 30; 5.5208118371077095], [2; 30; 5.549015539341457], [1; 60; 11.155460112362231], [2; 30; 5.6069714556516415], [2; 30; 5.636756531320601], [2; 30; 5.667102845266391], [1; 70; 13.295400473161587], [2; 40; 7.639404745473754], [1; 80; 15.364526289208003], [2; 40; 7.725975074338234], [1; 90; 17.483782714214883], [2; 50; 9.770099049176858], [1; 100; 19.65633776673664], [1; 100; 19.896064707232835], [2; 50; 10.07317344495903], [1; 110; 22.303269732953325], [1; 110; 22.597724641792706], [2; 60; 12.409176824630276], [2; 60; 12.49431872190216], [2; 60; 12.581540950076654], [2; 60; 12.670932195768785], [1; 120; 25.525173197355194], [2; 60; 12.953091396594273], [1; 130; 28.279683343092678], [1; 130; 28.726841483448776], [2; 70; 15.722951415022468], [1; 140; 31.7118384124594], [2; 70; 16.134130369149993], [2; 70; 16.27981617781263], [1; 140; 32.860425357780876], [1; 150; 35.88477633925056], [1; 160; 39.050506139534775], [2; 80; 19.72918184322707], [1; 160; 39.88153085596042], [2; 80; 20.160509990497214], [1; 170; 43.326562223349875], [1; 170; 44.35839999563681], [1; 170; 45.48170858440643], [1; 180; 49.45905717980333], [2; 90; 25.079092903775813], [2; 90; 25.44658640849009], [1; 190; 54.53769629399242], [1; 190; 56.31208809765433], [1; 200; 61.375274950149446], [2; 130; 40.64322502718766], [2; 130; 41.44421150518299], [2; 140; 45.557420151626374], [2; 140; 46.55341673093483], [2; 140; 47.630045292031106], [2; 140; 48.79918512457772], [2; 150; 53.65216886215458], [2; 150; 55.15343580256755], [2; 150; 56.81283291730465], [2; 150; 58.6612466186803], [2; 160; 64.78812865806692], [2; 160; 67.30580299918027], [2; 170; 74.59065914639906], [2; 170; 78.18896312782651], [2; 170; 82.47878082749857], [2; 170; 87.72450949836814], [2; 180; 99.91185693563287], [2; 180; 109.23983511066767], [2; 190; 129.37120592844732], [2; 200; 160.15869622228058], [2; 200; 211.33066664437212]];
Intervals[0.0=1.6746826746146708, 1.6746826746146708=5.0512241814834775, 5.071851235791676=6.774103945376508, 6.774103945376508=8.483501527164382, 8.483501527164382=10.200150057031008, 10.200150057031008=11.924158339544602, 11.924158339544602=15.38711767742271, 15.402289586975453=17.149058778886822, 17.149058778886822=20.658245847959527, 20.658245847959527=24.183329716595896, 24.183329716595896=27.724565320271793, 27.724565320271793=34.83986404846706, 34.83986404846706=38.41419657088221, 38.41419657088221=47.39242844213314, 47.39242844213314=56.457620105953545, 56.54533495812754=62.03843852506826, 62.03843852506826=67.55925036217597, 67.55925036217597=73.10826590151743, 73.10826590151743=84.26372601387966, 84.26372601387966=89.87069746953131, 89.87069746953131=95.50745400085191, 95.50745400085191=101.17455684611829, 101.17455684611829=114.46995731927989, 114.46995731927989=122.10936206475364, 122.10936206475364=137.47388835396166, 137.47388835396166=145.1998634282999, 145.1998634282999=162.68364614251476, 162.68364614251476=172.4537451916916, 172.4537451916916=192.11008295842825, 192.11008295842825=212.00614766566108, 212.24851214220655=222.32168558716558, 222.32168558716558=244.6249553201189, 244.6249553201189=267.2226799619116, 267.2226799619116=279.63185678654185, 279.63185678654185=292.126175508444, 292.126175508444=304.7077164585207, 304.7077164585207=317.37864865428946, 317.37864865428946=342.90382185164464, 343.09185704128066=356.04494843787495, 356.04494843787495=384.32463178096765, 384.32463178096765=413.0514732644164, 413.5050679680885=429.22801938311096, 429.22801938311096=460.93985779557033, 461.21383507021613=477.34796543936613, 477.34796543936613=493.62778161717875, 493.62778161717875=526.4882069749597, 526.4882069749597=562.3729833142103, 562.3729833142103=601.4234894537451, 601.4234894537451=621.1526712969721, 621.1526712969721=661.0342021529325, 661.0342021529325=681.1947121434297, 681.1947121434297=724.5212743667796, 724.5212743667796=768.8796743624164, 768.8796743624164=814.3613829468228, 814.3613829468228=863.8204401266262, 863.8204401266262=888.899533030402, 888.899533030402=914.3461194388922, 914.3461194388922=968.8838157328846, 968.8838157328846=1025.195903830539, 1025.195903830539=1086.5711787806886, 1086.5711787806886=1127.2144038078761, 1127.2144038078761=1168.658615313059, 1168.658615313059=1214.2160354646853, 1214.2160354646853=1260.76945219562, 1260.76945219562=1308.3994974876512, 1308.3994974876512=1357.1986826122288, 1357.1986826122288=1410.8508514743835, 1410.8508514743835=1466.0042872769511, 1466.0042872769511=1522.8171201942557, 1522.8171201942557=1581.478366812936, 1581.478366812936=1646.2664954710028, 1646.2664954710028=1713.5722984701831, 1713.5722984701831=1788.1629576165822, 1788.1629576165822=1866.3519207444087, 1866.3519207444087=1948.8307015719074, 1948.8307015719074=2036.5552110702756, 2036.5552110702756=2136.4670680059085, 2136.4670680059085=2245.706903116576, 2245.706903116576=2375.078109045023, 2375.078109045023=2535.2368052673037, 2535.2368052673037=2746.567471911676];

Jobs: [[1; 10; 1.6814286747738485], [1; 20; 3.390422561017827], [2; 10; 1.7022527095848328], [2; 10; 1.7093975817878737], [2; 10; 1.7166485298666256], [2; 10; 1.724008282513595], [1; 20; 3.4781312474308494], [2; 10; 1.746769191911369], [2; 20; 3.5091870690727047], [2; 20; 3.52508386863637], [2; 20; 3.5412356036758954], [2; 20; 3.5743325224151556], [1; 50; 9.021345063227246], [1; 50; 9.109793324018089], [2; 30; 5.493103566940719], [2; 30; 5.5208118371077095], [2; 30; 5.549015539341457], [2; 30; 5.6069714556516415], [2; 30; 5.636756531320601], [2; 30; 5.667102845266391], [2; 40; 7.639404745473754], [2; 40; 7.725975074338234], [2; 50; 9.770099049176858], [1; 100; 19.774929922729847], [1; 100; 20.019837027785073], [2; 50; 10.07317344495903], [1; 110; 22.44880763750282], [2; 60; 12.409176824630276], [2; 60; 12.49431872190216], [2; 60; 12.581540950076654], [2; 60; 12.670932195768785], [1; 120; 25.71320838699118], [2; 60; 12.953091396594273], [1; 130; 28.50019353933179], [1; 130; 28.95992599088173], [2; 70; 15.722951415022468], [1; 140; 31.985815687105195], [2; 70; 16.134130369149993], [2; 70; 16.27981617781263], [1; 150; 35.540543936606745], [1; 160; 38.65703259345643], [2; 80; 19.72918184322707], [2; 80; 20.160509990497214], [1; 170; 43.83185814704022], [1; 170; 44.907766661929074], [1; 180; 48.792888704148616], [2; 90; 25.079092903775813], [2; 90; 25.44658640849009], [1; 190; 55.40004593766635], [1; 200; 60.2936240452272], [2; 130; 40.64322502718766], [2; 130; 41.44421150518299], [2; 140; 45.557420151626374], [2; 140; 46.55341673093483], [2; 140; 47.630045292031106], [2; 140; 48.79918512457772], [2; 150; 53.65216886215458], [2; 150; 55.15343580256755], [2; 150; 56.81283291730465], [2; 150; 58.6612466186803], [2; 160; 64.78812865806692], [2; 160; 67.30580299918027], [2; 170; 74.59065914639906], [2; 170; 78.18896312782651], [2; 170; 82.47878082749857], [2; 170; 87.72450949836814], [2; 180; 99.91185693563287], [2; 180; 109.23983511066767], [2; 190; 129.37120592844732], [2; 200; 160.15869622228058], [2; 200; 211.33066664437212]];
Intervals[0.0=1.6814286747738485, 1.6814286747738485=5.071851235791676, 5.071851235791676=6.774103945376508, 6.774103945376508=8.483501527164382, 8.483501527164382=10.200150057031008, 10.200150057031008=11.924158339544602, 11.924158339544602=15.402289586975453, 15.402289586975453=17.149058778886822, 17.149058778886822=20.658245847959527, 20.658245847959527=24.183329716595896, 24.183329716595896=27.724565320271793, 34.83986404846706=38.41419657088221, 38.41419657088221=47.435541634109455, 47.435541634109455=56.54533495812754, 56.54533495812754=62.03843852506826, 62.03843852506826=67.55925036217597, 67.55925036217597=73.10826590151743, 84.26372601387966=89.87069746953131, 89.87069746953131=95.50745400085191, 95.50745400085191=101.17455684611829, 114.46995731927989=122.10936206475364, 137.47388835396166=145.1998634282999, 162.68364614251476=172.4537451916916, 172.4537451916916=192.22867511442146, 192.22867511442146=212.24851214220655, 212.24851214220655=222.32168558716558, 222.32168558716558=244.7704932246684, 267.2226799619116=279.63185678654185, 279.63185678654185=292.126175508444, 292.126175508444=304.7077164585207, 304.7077164585207=317.37864865428946, 317.37864865428946=343.09185704128066, 343.09185704128066=356.04494843787495, 356.04494843787495=384.54514197720675, 384.54514197720675=413.5050679680885, 413.5050679680885=429.22801938311096, 429.22801938311096=461.21383507021613, 461.21383507021613=477.34796543936613, 477.34796543936613=493.62778161717875, 493.62778161717875=529.1683255537855, 529.1683255537855=567.8253581472419, 601.4234894537451=621.1526712969721, 661.0342021529325=681.1947121434297, 681.1947121434297=725.0265702904699, 725.0265702904699=769.9343369523989, 769.9343369523989=818.7272256565475, 863.8204401266262=888.899533030402, 888.899533030402=914.3461194388922, 914.3461194388922=969.7461653765586, 969.7461653765586=1030.0397894217858, 1086.5711787806886=1127.2144038078761, 1127.2144038078761=1168.658615313059, 1168.658615313059=1214.2160354646853, 1214.2160354646853=1260.76945219562, 1260.76945219562=1308.3994974876512, 1308.3994974876512=1357.1986826122288, 1357.1986826122288=1410.8508514743835, 1410.8508514743835=1466.0042872769511, 1466.0042872769511=1522.8171201942557, 1522.8171201942557=1581.478366812936, 1581.478366812936=1646.2664954710028, 1646.2664954710028=1713.5722984701831, 1713.5722984701831=1788.1629576165822, 1788.1629576165822=1866.3519207444087, 1866.3519207444087=1948.8307015719074, 1948.8307015719074=2036.5552110702756, 2036.5552110702756=2136.4670680059085, 2136.4670680059085=2245.706903116576, 2245.706903116576=2375.078109045023, 2375.078109045023=2535.2368052673037, 2535.2368052673037=2746.567471911676];
