0.9999999999999992
494224.1496934566
494224.1496934562
[2; 10; 3.96261230146644]
[2; 10; 3.978574599053714]
[2; 10; 3.9947642363377773]
[2; 10; 4.011186820974859]
[2; 20; 8.055696317223184]
[2; 20; 8.089508524052983]
[2; 20; 8.123822721589859]
[2; 20; 8.15865182302705]
[2; 30; 12.291013825868168]
[2; 30; 12.34486318760853]
[2; 30; 12.399547435366916]
[2; 30; 12.455089007761428]
[2; 40; 16.682014943246987]
[2; 40; 16.758450992807695]
[2; 40; 16.836127044451878]
[2; 40; 16.91507798767047]
[2; 40; 16.99534011916518]
[2; 40; 17.076951217181787]
[2; 40; 17.159950620720927]
[2; 50; 21.555474142512924]
[2; 50; 21.662850020822468]
[2; 50; 21.77212159993057]
[2; 50; 21.88334698719591]
[2; 50; 21.996586845891002]
[2; 50; 22.111904542600985]
[2; 50; 22.229366305193402]
[2; 60; 26.818849670723566]
[2; 60; 26.96520273012065]
[2; 60; 27.11438979978165]
[2; 60; 27.266506277299186]
[2; 60; 27.421652174290294]
[2; 60; 27.57993240936634]
[2; 60; 27.741457124267512]
[2; 60; 27.906342025364964]
[2; 60; 28.074708752979525]
[2; 60; 28.246685281243586]
[2; 60; 28.422406351546368]
[2; 70; 33.3690162667848]
[2; 70; 33.58326741400679]
[2; 70; 33.80241189039441]
[2; 70; 34.026644464247504]
[2; 70; 34.25617107169917]
[2; 80; 39.418525325297836]
[2; 80; 39.69370412349819]
[2; 80; 39.9757259896443]
[2; 80; 40.264887926573515]
[2; 80; 40.56150553533197]
[2; 80; 40.86591455062669]
[2; 90; 46.32578160168533]
[2; 90; 46.6870058441206]
[2; 90; 47.05828451199857]
[2; 90; 47.44010710368303]
[2; 90; 47.83299757812028]
[2; 100; 53.597241734272004]
[2; 100; 54.06029991550688]
[2; 100; 54.537669769901335]
[2; 520; 286.1566589081985]
[2; 520; 288.80023668511245]
[2; 520; 291.53131453568716]
[2; 520; 294.35497770267557]
[2; 540; 308.71046130150967]
[2; 540; 311.85269420896645]
[2; 540; 315.10979603514465]
[2; 540; 318.489158685139]
[2; 560; 333.92475047485647]
[2; 560; 337.7088117240952]
[2; 560; 341.6473398971551]
[2; 560; 345.7514693938806]
[2; 580; 362.5347035659828]
[2; 580; 367.16806389974926]
[2; 580; 372.01553425180214]
[2; 580; 377.09465598355825]
[2; 600; 395.61215011668946]
[2; 600; 401.409205700468]
[2; 600; 407.51490197440796]
[2; 600; 413.95852453989136]
[2; 600; 420.77345800206933]
[2; 600; 427.9979603835993]
[2; 600; 435.6761251727409]
[2; 600; 443.85908742445395]
[2; 620; 467.69343594801603]
[2; 620; 477.3883676867631]
[2; 620; 487.82524448169914]
[2; 620; 499.10704994118487]
[2; 640; 527.8536930041606]
[2; 640; 541.6578652421049]
[2; 660; 574.21469784453]
[2; 660; 591.4910506043791]
[2; 660; 610.7352971246963]
[2; 660; 632.3659030703445]
[2; 680; 676.8469809902822]
[2; 680; 705.9817790878382]
[2; 680; 740.0388188777814]
[2; 680; 780.6408616299826]
[2; 680; 830.2903606698549]
[2; 680; 893.1049457994282]
[2; 700; 1005.2072838996812]
[2; 700; 1127.7974844112457]
[2; 700; 1326.3789630721637]
[2; 700; 1750.1675344564687]


Jobs: [[2; 10; 3.96261230146644], [2; 10; 3.978574599053714], [2; 10; 3.9947642363377773], [2; 10; 4.011186820974859], [2; 20; 8.055696317223184], [2; 20; 8.089508524052983], [2; 20; 8.123822721589859], [2; 20; 8.15865182302705], [2; 30; 12.291013825868168], [2; 30; 12.34486318760853], [2; 30; 12.399547435366916], [2; 30; 12.455089007761428], [2; 40; 16.682014943246987], [2; 40; 16.758450992807695], [2; 40; 16.836127044451878], [2; 40; 16.91507798767047], [2; 40; 16.99534011916518], [2; 40; 17.076951217181787], [2; 40; 17.159950620720927], [2; 50; 21.555474142512924], [2; 50; 21.662850020822468], [2; 50; 21.77212159993057], [2; 50; 21.88334698719591], [2; 50; 21.996586845891002], [2; 50; 22.111904542600985], [2; 50; 22.229366305193402], [2; 60; 26.818849670723566], [2; 60; 26.96520273012065], [2; 60; 27.11438979978165], [2; 60; 27.266506277299186], [2; 60; 27.421652174290294], [2; 60; 27.57993240936634], [2; 60; 27.741457124267512], [2; 60; 27.906342025364964], [2; 60; 28.074708752979525], [2; 60; 28.246685281243586], [2; 60; 28.422406351546368], [2; 70; 33.3690162667848], [2; 70; 33.58326741400679], [2; 70; 33.80241189039441], [2; 70; 34.026644464247504], [2; 70; 34.25617107169917], [2; 80; 39.418525325297836], [2; 80; 39.69370412349819], [2; 80; 39.9757259896443], [2; 80; 40.264887926573515], [2; 80; 40.56150553533197], [2; 80; 40.86591455062669], [2; 90; 46.32578160168533], [2; 90; 46.6870058441206], [2; 90; 47.05828451199857], [2; 90; 47.44010710368303], [2; 90; 47.83299757812028], [2; 100; 53.597241734272004], [2; 100; 54.06029991550688], [2; 100; 54.537669769901335], [2; 520; 286.1566589081985], [2; 520; 288.80023668511245], [2; 520; 291.53131453568716], [2; 520; 294.35497770267557], [2; 540; 308.71046130150967], [2; 540; 311.85269420896645], [2; 540; 315.10979603514465], [2; 540; 318.489158685139], [2; 560; 333.92475047485647], [2; 560; 337.7088117240952], [2; 560; 341.6473398971551], [2; 560; 345.7514693938806], [2; 580; 362.5347035659828], [2; 580; 367.16806389974926], [2; 580; 372.01553425180214], [2; 580; 377.09465598355825], [2; 600; 395.61215011668946], [2; 600; 401.409205700468], [2; 600; 407.51490197440796], [2; 600; 413.95852453989136], [2; 600; 420.77345800206933], [2; 600; 427.9979603835993], [2; 600; 435.6761251727409], [2; 600; 443.85908742445395], [2; 620; 467.69343594801603], [2; 620; 477.3883676867631], [2; 620; 487.82524448169914], [2; 620; 499.10704994118487], [2; 640; 527.8536930041606], [2; 640; 541.6578652421049], [2; 660; 574.21469784453], [2; 660; 591.4910506043791], [2; 660; 610.7352971246963], [2; 660; 632.3659030703445], [2; 680; 676.8469809902822], [2; 680; 705.9817790878382], [2; 680; 740.0388188777814], [2; 680; 780.6408616299826], [2; 680; 830.2903606698549], [2; 680; 893.1049457994282], [2; 700; 1005.2072838996812], [2; 700; 1127.7974844112457], [2; 700; 1326.3789630721637], [2; 700; 1750.1675344564687]];
Intervals[4.9E-324=3.96261230146644, 3.96261230146644=7.941186900520154, 7.941186900520154=11.93595113685793, 11.93595113685793=15.94713795783279, 15.94713795783279=24.002834275055974, 24.002834275055974=32.092342799108955, 32.092342799108955=40.216165520698816, 40.216165520698816=48.374817343725866, 48.374817343725866=60.665831169594036, 60.665831169594036=73.01069435720257, 73.01069435720257=85.41024179256948, 85.41024179256948=97.86533080033091, 97.86533080033091=114.54734574357789, 114.54734574357789=131.3057967363856, 131.3057967363856=148.14192378083746, 148.14192378083746=165.05700176850792, 165.05700176850792=182.0523418876731, 182.0523418876731=199.12929310485487, 199.12929310485487=216.2892437255758, 216.2892437255758=237.84471786808874, 237.84471786808874=259.5075678889112, 259.5075678889112=281.27968948884177, 281.27968948884177=303.1630364760377, 303.1630364760377=325.1596233219287, 325.1596233219287=347.2715278645297, 347.2715278645297=369.5008941697231, 369.5008941697231=396.3197438404467, 396.3197438404467=423.28494657056734, 423.28494657056734=450.399336370349, 450.399336370349=477.66584264764816, 477.66584264764816=505.08749482193844, 505.08749482193844=532.6674272313048, 532.6674272313048=560.4088843555724, 560.4088843555724=588.3152263809374, 588.3152263809374=616.3899351339169, 616.3899351339169=644.6366204151605, 644.6366204151605=673.0590267667068, 673.0590267667068=706.4280430334916, 706.4280430334916=740.0113104474983, 740.0113104474983=773.8137223378927, 773.8137223378927=807.8403668021402, 807.8403668021402=842.0965378738395, 842.0965378738395=881.5150631991373, 881.5150631991373=921.2087673226355, 921.2087673226355=961.1844933122798, 961.1844933122798=1001.4493812388532, 1001.4493812388532=1042.010886774185, 1042.010886774185=1082.8768013248118, 1082.8768013248118=1129.2025829264971, 1129.2025829264971=1175.8895887706178, 1175.8895887706178=1222.9478732826165, 1222.9478732826165=1270.3879803862994, 1270.3879803862994=1318.2209779644197, 1318.2209779644197=1371.8182196986918, 1371.8182196986918=1425.8785196141987, 1425.8785196141987=1480.4161893841, 1480.4161893841=1766.5728482922987, 1766.5728482922987=2055.373084977411, 2055.373084977411=2346.9043995130983, 2346.9043995130983=2641.259377215774, 2641.259377215774=2949.9698385172833, 2949.9698385172833=3261.82253272625, 3261.82253272625=3576.9323287613943, 3576.9323287613943=3895.4214874465333, 3895.4214874465333=4229.34623792139, 4229.34623792139=4567.055049645485, 4567.055049645485=4908.70238954264, 4908.70238954264=5254.45385893652, 5254.45385893652=5616.988562502503, 5616.988562502503=5984.156626402252, 5984.156626402252=6356.172160654054, 6356.172160654054=6733.2668166376125, 6733.2668166376125=7128.878966754302, 7128.878966754302=7530.288172454771, 7530.288172454771=7937.803074429178, 7937.803074429178=8351.76159896907, 8351.76159896907=8772.535056971139, 8772.535056971139=9200.533017354739, 9200.533017354739=9636.20914252748, 9636.20914252748=10080.068229951934, 10080.068229951934=10547.76166589995, 10547.76166589995=11025.150033586713, 11025.150033586713=11512.975278068412, 11512.975278068412=12012.082328009597, 12012.082328009597=12539.936021013758, 12539.936021013758=13081.593886255863, 13081.593886255863=13655.808584100394, 13655.808584100394=14247.299634704774, 14247.299634704774=14858.03493182947, 14858.03493182947=15490.400834899814, 15490.400834899814=16167.247815890096, 16167.247815890096=16873.229594977933, 16873.229594977933=17613.268413855712, 17613.268413855712=18393.909275485694, 18393.909275485694=19224.19963615555, 19224.19963615555=20117.304581954977, 20117.304581954977=21122.51186585466, 21122.51186585466=22250.309350265907, 22250.309350265907=23576.68831333807, 23576.68831333807=25326.855847794537];

Jobs: [[2; 10; 3.96261230146644], [2; 10; 3.978574599053714], [2; 10; 3.9947642363377773], [2; 10; 4.011186820974859], [2; 20; 8.055696317223184], [2; 20; 8.089508524052983], [2; 20; 8.123822721589859], [2; 20; 8.15865182302705], [2; 30; 12.291013825868168], [2; 30; 12.34486318760853], [2; 30; 12.399547435366916], [2; 30; 12.455089007761428], [2; 40; 16.682014943246987], [2; 40; 16.758450992807695], [2; 40; 16.836127044451878], [2; 40; 16.91507798767047], [2; 40; 16.99534011916518], [2; 40; 17.076951217181787], [2; 40; 17.159950620720927], [2; 50; 21.555474142512924], [2; 50; 21.662850020822468], [2; 50; 21.77212159993057], [2; 50; 21.88334698719591], [2; 50; 21.996586845891002], [2; 50; 22.111904542600985], [2; 50; 22.229366305193402], [2; 60; 26.818849670723566], [2; 60; 26.96520273012065], [2; 60; 27.11438979978165], [2; 60; 27.266506277299186], [2; 60; 27.421652174290294], [2; 60; 27.57993240936634], [2; 60; 27.741457124267512], [2; 60; 27.906342025364964], [2; 60; 28.074708752979525], [2; 60; 28.246685281243586], [2; 60; 28.422406351546368], [2; 70; 33.3690162667848], [2; 70; 33.58326741400679], [2; 70; 33.80241189039441], [2; 70; 34.026644464247504], [2; 70; 34.25617107169917], [2; 80; 39.418525325297836], [2; 80; 39.69370412349819], [2; 80; 39.9757259896443], [2; 80; 40.264887926573515], [2; 80; 40.56150553533197], [2; 80; 40.86591455062669], [2; 90; 46.32578160168533], [2; 90; 46.6870058441206], [2; 90; 47.05828451199857], [2; 90; 47.44010710368303], [2; 90; 47.83299757812028], [2; 100; 53.597241734272004], [2; 100; 54.06029991550688], [2; 100; 54.537669769901335], [2; 520; 286.1566589081985], [2; 520; 288.80023668511245], [2; 520; 291.53131453568716], [2; 520; 294.35497770267557], [2; 540; 308.71046130150967], [2; 540; 311.85269420896645], [2; 540; 315.10979603514465], [2; 540; 318.489158685139], [2; 560; 333.92475047485647], [2; 560; 337.7088117240952], [2; 560; 341.6473398971551], [2; 560; 345.7514693938806], [2; 580; 362.5347035659828], [2; 580; 367.16806389974926], [2; 580; 372.01553425180214], [2; 580; 377.09465598355825], [2; 600; 395.61215011668946], [2; 600; 401.409205700468], [2; 600; 407.51490197440796], [2; 600; 413.95852453989136], [2; 600; 420.77345800206933], [2; 600; 427.9979603835993], [2; 600; 435.6761251727409], [2; 600; 443.85908742445395], [2; 620; 467.69343594801603], [2; 620; 477.3883676867631], [2; 620; 487.82524448169914], [2; 620; 499.10704994118487], [2; 640; 527.8536930041606], [2; 640; 541.6578652421049], [2; 660; 574.21469784453], [2; 660; 591.4910506043791], [2; 660; 610.7352971246963], [2; 660; 632.3659030703445], [2; 680; 676.8469809902822], [2; 680; 705.9817790878382], [2; 680; 740.0388188777814], [2; 680; 780.6408616299826], [2; 680; 830.2903606698549], [2; 680; 893.1049457994282], [2; 700; 1005.2072838996812], [2; 700; 1127.7974844112457], [2; 700; 1326.3789630721637], [2; 700; 1750.1675344564687]];
Intervals[4.9E-324=3.96261230146644, 3.96261230146644=7.941186900520154, 7.941186900520154=11.93595113685793, 11.93595113685793=15.94713795783279, 15.94713795783279=24.002834275055974, 24.002834275055974=32.092342799108955, 32.092342799108955=40.216165520698816, 40.216165520698816=48.374817343725866, 48.374817343725866=60.665831169594036, 60.665831169594036=73.01069435720257, 73.01069435720257=85.41024179256948, 85.41024179256948=97.86533080033091, 97.86533080033091=114.54734574357789, 114.54734574357789=131.3057967363856, 131.3057967363856=148.14192378083746, 148.14192378083746=165.05700176850792, 165.05700176850792=182.0523418876731, 182.0523418876731=199.12929310485487, 199.12929310485487=216.2892437255758, 216.2892437255758=237.84471786808874, 237.84471786808874=259.5075678889112, 259.5075678889112=281.27968948884177, 281.27968948884177=303.1630364760377, 303.1630364760377=325.1596233219287, 325.1596233219287=347.2715278645297, 347.2715278645297=369.5008941697231, 369.5008941697231=396.3197438404467, 396.3197438404467=423.28494657056734, 423.28494657056734=450.399336370349, 450.399336370349=477.66584264764816, 477.66584264764816=505.08749482193844, 505.08749482193844=532.6674272313048, 532.6674272313048=560.4088843555724, 560.4088843555724=588.3152263809374, 588.3152263809374=616.3899351339169, 616.3899351339169=644.6366204151605, 644.6366204151605=673.0590267667068, 673.0590267667068=706.4280430334916, 706.4280430334916=740.0113104474983, 740.0113104474983=773.8137223378927, 773.8137223378927=807.8403668021402, 807.8403668021402=842.0965378738395, 842.0965378738395=881.5150631991373, 881.5150631991373=921.2087673226355, 921.2087673226355=961.1844933122798, 961.1844933122798=1001.4493812388532, 1001.4493812388532=1042.010886774185, 1042.010886774185=1082.8768013248118, 1082.8768013248118=1129.2025829264971, 1129.2025829264971=1175.8895887706178, 1175.8895887706178=1222.9478732826165, 1222.9478732826165=1270.3879803862994, 1270.3879803862994=1318.2209779644197, 1318.2209779644197=1371.8182196986918, 1371.8182196986918=1425.8785196141987, 1425.8785196141987=1480.4161893841, 1480.4161893841=1766.5728482922987, 1766.5728482922987=2055.373084977411, 2055.373084977411=2346.9043995130983, 2346.9043995130983=2641.259377215774, 2641.259377215774=2949.9698385172833, 2949.9698385172833=3261.82253272625, 3261.82253272625=3576.9323287613943, 3576.9323287613943=3895.4214874465333, 3895.4214874465333=4229.34623792139, 4229.34623792139=4567.055049645485, 4567.055049645485=4908.70238954264, 4908.70238954264=5254.45385893652, 5254.45385893652=5616.988562502503, 5616.988562502503=5984.156626402252, 5984.156626402252=6356.172160654054, 6356.172160654054=6733.2668166376125, 6733.2668166376125=7128.878966754302, 7128.878966754302=7530.288172454771, 7530.288172454771=7937.803074429178, 7937.803074429178=8351.76159896907, 8351.76159896907=8772.535056971139, 8772.535056971139=9200.533017354739, 9200.533017354739=9636.20914252748, 9636.20914252748=10080.068229951934, 10080.068229951934=10547.76166589995, 10547.76166589995=11025.150033586713, 11025.150033586713=11512.975278068412, 11512.975278068412=12012.082328009597, 12012.082328009597=12539.936021013758, 12539.936021013758=13081.593886255863, 13081.593886255863=13655.808584100394, 13655.808584100394=14247.299634704774, 14247.299634704774=14858.03493182947, 14858.03493182947=15490.400834899814, 15490.400834899814=16167.247815890096, 16167.247815890096=16873.229594977933, 16873.229594977933=17613.268413855712, 17613.268413855712=18393.909275485694, 18393.909275485694=19224.19963615555, 19224.19963615555=20117.304581954977, 20117.304581954977=21122.51186585466, 21122.51186585466=22250.309350265907, 22250.309350265907=23576.68831333807, 23576.68831333807=25326.855847794537];
