0.9999999999999993
5241.636485793556
5241.636485793552
[2; 10; 0.848419723283521]
[2; 10; 0.8553036507564344]
[2; 10; 0.8623871224779286]
[2; 10; 0.8696802640653211]
[2; 10; 0.8771939447754321]
[2; 20; 1.769879699487088]
[2; 20; 1.7858611220587308]
[2; 20; 1.8023592975439413]
[2; 20; 1.819403547967]
[2; 20; 1.8370256095711353]
[2; 20; 1.855259896447305]
[2; 30; 2.811215700590728]
[2; 30; 2.8405770495936626]
[2; 30; 2.871040526472551]
[2; 30; 2.902679008291962]
[2; 30; 2.9355723926207267]
[2; 30; 2.9698084983159485]
[2; 30; 3.005484112419174]
[2; 40; 4.056941616166834]
[2; 40; 4.108791196843825]
[2; 40; 4.1630367739180745]
[2; 40; 4.219874643850127]
[2; 40; 4.279524692541906]
[2; 40; 4.342234198575785]
[2; 40; 4.408282417675678]
[2; 40; 4.477986146113423]
[2; 50; 5.689633151291499]
[2; 50; 5.78732174706632]
[2; 50; 5.8911446952456314]
[2; 50; 6.001793436076819]
[2; 50; 6.120075274754798]
[2; 50; 6.246939813497944]
[2; 60; 7.660215827751328]
[2; 60; 7.837371614016927]
[2; 70; 9.36804147313284]
[2; 70; 9.613029923040894]
[2; 70; 9.88201670077472]
[2; 80; 11.633527046088235]
[2; 80; 12.012025524039752]
[2; 80; 12.43745924621501]
[2; 80; 12.920780383303287]
[2; 80; 13.47695384392748]
[2; 90; 15.892977641460863]
[2; 90; 16.764941842794126]
[2; 90; 17.831208041298424]
[2; 90; 19.1802059202689]
[2; 100; 23.301010804049273]
[2; 100; 26.142688965700565]
[2; 100; 30.745868084947695]
[2; 100; 40.56941616166834]


Jobs: [[2; 10; 0.848419723283521], [2; 10; 0.8553036507564344], [2; 10; 0.8623871224779286], [2; 10; 0.8696802640653211], [2; 10; 0.8771939447754321], [2; 20; 1.769879699487088], [2; 20; 1.7858611220587308], [2; 20; 1.8023592975439413], [2; 20; 1.819403547967], [2; 20; 1.8370256095711353], [2; 20; 1.855259896447305], [2; 30; 2.811215700590728], [2; 30; 2.8405770495936626], [2; 30; 2.871040526472551], [2; 30; 2.902679008291962], [2; 30; 2.9355723926207267], [2; 30; 2.9698084983159485], [2; 30; 3.005484112419174], [2; 40; 4.056941616166834], [2; 40; 4.108791196843825], [2; 40; 4.1630367739180745], [2; 40; 4.219874643850127], [2; 40; 4.279524692541906], [2; 40; 4.342234198575785], [2; 40; 4.408282417675678], [2; 40; 4.477986146113423], [2; 50; 5.689633151291499], [2; 50; 5.78732174706632], [2; 50; 5.8911446952456314], [2; 50; 6.001793436076819], [2; 50; 6.120075274754798], [2; 50; 6.246939813497944], [2; 60; 7.660215827751328], [2; 60; 7.837371614016927], [2; 70; 9.36804147313284], [2; 70; 9.613029923040894], [2; 70; 9.88201670077472], [2; 80; 11.633527046088235], [2; 80; 12.012025524039752], [2; 80; 12.43745924621501], [2; 80; 12.920780383303287], [2; 80; 13.47695384392748], [2; 90; 15.892977641460863], [2; 90; 16.764941842794126], [2; 90; 17.831208041298424], [2; 90; 19.1802059202689], [2; 100; 23.301010804049273], [2; 100; 26.142688965700565], [2; 100; 30.745868084947695], [2; 100; 40.56941616166834]];
Intervals[4.9E-324=0.848419723283521, 0.848419723283521=1.7037233740399556, 1.7037233740399556=2.5661104965178843, 2.5661104965178843=3.435790760583205, 3.435790760583205=4.312984705358637, 4.312984705358637=6.082864404845726, 6.082864404845726=7.8687255269044565, 7.8687255269044565=9.671084824448398, 9.671084824448398=11.490488372415399, 11.490488372415399=13.327513981986534, 13.327513981986534=15.182773878433839, 15.182773878433839=17.993989579024568, 17.993989579024568=20.83456662861823, 20.83456662861823=23.70560715509078, 23.70560715509078=26.608286163382743, 26.608286163382743=29.54385855600347, 29.54385855600347=32.51366705431942, 32.51366705431942=35.519151166738595, 35.519151166738595=39.57609278290543, 39.57609278290543=43.68488397974925, 43.68488397974925=47.847920753667324, 47.847920753667324=52.06779539751745, 52.06779539751745=56.347320090059355, 56.347320090059355=60.68955428863514, 60.68955428863514=65.09783670631082, 65.09783670631082=69.57582285242424, 69.57582285242424=75.26545600371574, 75.26545600371574=81.05277775078206, 81.05277775078206=86.94392244602768, 86.94392244602768=92.94571588210451, 92.94571588210451=99.0657911568593, 99.0657911568593=105.31273097035725, 105.31273097035725=112.97294679810858, 112.97294679810858=120.81031841212551, 120.81031841212551=130.17835988525835, 130.17835988525835=139.79138980829924, 139.79138980829924=149.67340650907397, 149.67340650907397=161.3069335551622, 161.3069335551622=173.31895907920196, 173.31895907920196=185.75641832541697, 185.75641832541697=198.67719870872025, 198.67719870872025=212.15415255264773, 212.15415255264773=228.0471301941086, 228.0471301941086=244.81207203690272, 244.81207203690272=262.64328007820114, 262.64328007820114=281.82348599847006, 281.82348599847006=305.12449680251933, 305.12449680251933=331.2671857682199, 331.2671857682199=362.0130538531676, 362.0130538531676=402.58247001483596];

Jobs: [[2; 10; 0.848419723283521], [2; 10; 0.8553036507564344], [2; 10; 0.8623871224779286], [2; 10; 0.8696802640653211], [2; 10; 0.8771939447754321], [2; 20; 1.769879699487088], [2; 20; 1.7858611220587308], [2; 20; 1.8023592975439413], [2; 20; 1.819403547967], [2; 20; 1.8370256095711353], [2; 20; 1.855259896447305], [2; 30; 2.811215700590728], [2; 30; 2.8405770495936626], [2; 30; 2.871040526472551], [2; 30; 2.902679008291962], [2; 30; 2.9355723926207267], [2; 30; 2.9698084983159485], [2; 30; 3.005484112419174], [2; 40; 4.056941616166834], [2; 40; 4.108791196843825], [2; 40; 4.1630367739180745], [2; 40; 4.219874643850127], [2; 40; 4.279524692541906], [2; 40; 4.342234198575785], [2; 40; 4.408282417675678], [2; 40; 4.477986146113423], [2; 50; 5.689633151291499], [2; 50; 5.78732174706632], [2; 50; 5.8911446952456314], [2; 50; 6.001793436076819], [2; 50; 6.120075274754798], [2; 50; 6.246939813497944], [2; 60; 7.660215827751328], [2; 60; 7.837371614016927], [2; 70; 9.36804147313284], [2; 70; 9.613029923040894], [2; 70; 9.88201670077472], [2; 80; 11.633527046088235], [2; 80; 12.012025524039752], [2; 80; 12.43745924621501], [2; 80; 12.920780383303287], [2; 80; 13.47695384392748], [2; 90; 15.892977641460863], [2; 90; 16.764941842794126], [2; 90; 17.831208041298424], [2; 90; 19.1802059202689], [2; 100; 23.301010804049273], [2; 100; 26.142688965700565], [2; 100; 30.745868084947695], [2; 100; 40.56941616166834]];
Intervals[4.9E-324=0.848419723283521, 0.848419723283521=1.7037233740399556, 1.7037233740399556=2.5661104965178843, 2.5661104965178843=3.435790760583205, 3.435790760583205=4.312984705358637, 4.312984705358637=6.082864404845726, 6.082864404845726=7.8687255269044565, 7.8687255269044565=9.671084824448398, 9.671084824448398=11.490488372415399, 11.490488372415399=13.327513981986534, 13.327513981986534=15.182773878433839, 15.182773878433839=17.993989579024568, 17.993989579024568=20.83456662861823, 20.83456662861823=23.70560715509078, 23.70560715509078=26.608286163382743, 26.608286163382743=29.54385855600347, 29.54385855600347=32.51366705431942, 32.51366705431942=35.519151166738595, 35.519151166738595=39.57609278290543, 39.57609278290543=43.68488397974925, 43.68488397974925=47.847920753667324, 47.847920753667324=52.06779539751745, 52.06779539751745=56.347320090059355, 56.347320090059355=60.68955428863514, 60.68955428863514=65.09783670631082, 65.09783670631082=69.57582285242424, 69.57582285242424=75.26545600371574, 75.26545600371574=81.05277775078206, 81.05277775078206=86.94392244602768, 86.94392244602768=92.94571588210451, 92.94571588210451=99.0657911568593, 99.0657911568593=105.31273097035725, 105.31273097035725=112.97294679810858, 112.97294679810858=120.81031841212551, 120.81031841212551=130.17835988525835, 130.17835988525835=139.79138980829924, 139.79138980829924=149.67340650907397, 149.67340650907397=161.3069335551622, 161.3069335551622=173.31895907920196, 173.31895907920196=185.75641832541697, 185.75641832541697=198.67719870872025, 198.67719870872025=212.15415255264773, 212.15415255264773=228.0471301941086, 228.0471301941086=244.81207203690272, 244.81207203690272=262.64328007820114, 262.64328007820114=281.82348599847006, 281.82348599847006=305.12449680251933, 305.12449680251933=331.2671857682199, 331.2671857682199=362.0130538531676, 362.0130538531676=402.58247001483596];
