1.1533489066077431
181380.88646010894
209195.44707830987
[1; 20; 7.003104392150891]
[1; 20; 7.059926341709339]
[2; 10; 3.559197693911541]
[2; 10; 3.589297555148606]
[2; 20; 7.240615227154648]
[1; 40; 14.609104381835236]
[1; 40; 14.741019715169477]
[2; 20; 7.438600239050531]
[1; 80; 30.035777406378678]
[2; 50; 18.954182938328152]
[2; 60; 22.970786226730137]
[1; 120; 46.409192242485105]
[2; 80; 31.26260437112241]
[2; 90; 35.547611581627734]
[2; 100; 39.93260166344301]
[2; 100; 40.38512101195204]
[2; 520; 212.45178440128677]
[1; 1040; 430.0078358825148]
[1; 1040; 435.33336546206607]
[2; 520; 220.44856309677]
[1; 1040; 446.7179912350925]
[2; 540; 235.11653186648311]
[2; 540; 238.44002219682196]
[2; 540; 241.9339746997081]
[1; 1080; 491.2278970383139]
[1; 1080; 498.9951888522212]
[2; 560; 262.9978127347715]
[2; 560; 267.51337399061055]
[2; 560; 272.3124897783546]
[1; 1120; 554.854242515026]
[1; 1160; 585.99592676164]
[2; 580; 299.0715898981798]
[2; 580; 305.61002599740414]
[1; 1160; 625.355576544934]
[2; 580; 320.35286090321006]
[2; 580; 328.7305726203682]
[1; 1200; 699.1633234079355]
[2; 600; 360.09949785243776]
[2; 600; 371.815386878035]
[2; 600; 384.9840904980018]
[2; 620; 413.27610504005196]
[1; 1240; 862.1310520253535]
[2; 620; 451.8604193177911]
[1; 1240; 953.3032540310065]
[2; 640; 523.3209006214948]
[2; 640; 562.9120928348469]
[1; 1280; 1230.933466539319]
[1; 1320; 1424.2100157508946]
[2; 660; 837.4917615970812]
[2; 700; 1172.0513685517162]


Jobs: [[1; 20; 7.003104392150891], [2; 10; 3.559197693911541], [2; 10; 3.589297555148606], [2; 20; 7.240615227154648], [1; 40; 14.609104381835236], [2; 20; 7.438600239050531], [1; 80; 30.035777406378678], [2; 50; 18.954182938328152], [2; 60; 22.970786226730137], [1; 120; 46.409192242485105], [2; 80; 31.26260437112241], [2; 90; 35.547611581627734], [2; 100; 39.93260166344301], [2; 100; 40.38512101195204], [2; 520; 212.45178440128677], [1; 1040; 430.0078358825148], [2; 520; 220.44856309677], [1; 1040; 446.7179912350925], [2; 540; 235.11653186648311], [2; 540; 238.44002219682196], [2; 540; 241.9339746997081], [1; 1080; 491.2278970383139], [2; 560; 262.9978127347715], [2; 560; 267.51337399061055], [2; 560; 272.3124897783546], [1; 1120; 554.854242515026], [2; 580; 299.0715898981798], [2; 580; 305.61002599740414], [1; 1160; 625.355576544934], [2; 580; 320.35286090321006], [2; 580; 328.7305726203682], [1; 1200; 699.1633234079355], [2; 600; 360.09949785243776], [2; 600; 371.815386878035], [2; 600; 384.9840904980018], [2; 620; 413.27610504005196], [1; 1240; 862.1310520253535], [2; 620; 451.8604193177911], [1; 1240; 953.3032540310065], [2; 640; 523.3209006214948], [2; 640; 562.9120928348469], [1; 1280; 1230.933466539319], [2; 660; 837.4917615970812], [2; 700; 1172.0513685517162]];
Intervals[0.0=7.003104392150891, 7.059926341709339=10.61912403562088, 10.61912403562088=14.208421590769486, 14.208421590769486=21.449036817924135, 21.449036817924135=36.05814119975937, 36.19005653309361=43.62865677214414, 43.62865677214414=73.66443417852281, 73.66443417852281=92.61861711685097, 92.61861711685097=115.58940334358111, 115.58940334358111=161.99859558606622, 161.99859558606622=193.26119995718864, 193.26119995718864=228.80881153881637, 228.80881153881637=268.74141320225937, 268.74141320225937=309.1265342142114, 309.1265342142114=521.5783186154981, 521.5783186154981=951.586154498013, 956.9116840775641=1177.360247174334, 1177.360247174334=1624.0782384094266, 1624.0782384094266=1859.1947702759098, 1859.1947702759098=2097.634792472732, 2097.634792472732=2339.56876717244, 2339.56876717244=2830.796664210754, 2838.563956024661=3101.561768759432, 3101.561768759432=3369.0751427500427, 3369.0751427500427=3641.3876325283973, 3641.3876325283973=4196.2418750434235, 4227.383559290038=4526.455149188218, 4526.455149188218=4832.065175185622, 4832.065175185622=5457.420751730556, 5457.420751730556=5777.773612633766, 5777.773612633766=6106.504185254134, 6106.504185254134=6805.66750866207, 6805.66750866207=7165.767006514508, 7165.767006514508=7537.582393392542, 7537.582393392542=7922.566483890544, 7922.566483890544=8335.842588930596, 8335.842588930596=9197.97364095595, 9197.97364095595=9649.83406027374, 9649.83406027374=10603.137314304748, 10603.137314304748=11126.458214926242, 11126.458214926242=11689.37030776109, 11689.37030776109=12920.30377430041, 13113.580323511984=13951.072085109065, 13951.072085109065=15123.12345366078];

Jobs: [[1; 20; 7.059926341709339], [2; 10; 3.559197693911541], [2; 10; 3.589297555148606], [2; 20; 7.240615227154648], [1; 40; 14.741019715169477], [2; 20; 7.438600239050531], [2; 50; 18.954182938328152], [2; 60; 22.970786226730137], [2; 80; 31.26260437112241], [2; 90; 35.547611581627734], [2; 100; 39.93260166344301], [2; 100; 40.38512101195204], [2; 520; 212.45178440128677], [1; 1040; 435.33336546206607], [2; 520; 220.44856309677], [2; 540; 235.11653186648311], [2; 540; 238.44002219682196], [2; 540; 241.9339746997081], [1; 1080; 498.9951888522212], [2; 560; 262.9978127347715], [2; 560; 267.51337399061055], [2; 560; 272.3124897783546], [1; 1160; 585.99592676164], [2; 580; 299.0715898981798], [2; 580; 305.61002599740414], [2; 580; 320.35286090321006], [2; 580; 328.7305726203682], [2; 600; 360.09949785243776], [2; 600; 371.815386878035], [2; 600; 384.9840904980018], [2; 620; 413.27610504005196], [2; 620; 451.8604193177911], [2; 640; 523.3209006214948], [2; 640; 562.9120928348469], [1; 1320; 1424.2100157508946], [2; 660; 837.4917615970812], [2; 700; 1172.0513685517162]];
Intervals[0.0=7.059926341709339, 7.059926341709339=10.61912403562088, 10.61912403562088=14.208421590769486, 14.208421590769486=21.449036817924135, 21.449036817924135=36.19005653309361, 36.19005653309361=43.62865677214414, 73.66443417852281=92.61861711685097, 92.61861711685097=115.58940334358111, 161.99859558606622=193.26119995718864, 193.26119995718864=228.80881153881637, 228.80881153881637=268.74141320225937, 268.74141320225937=309.1265342142114, 309.1265342142114=521.5783186154981, 521.5783186154981=956.9116840775641, 956.9116840775641=1177.360247174334, 1624.0782384094266=1859.1947702759098, 1859.1947702759098=2097.634792472732, 2097.634792472732=2339.56876717244, 2339.56876717244=2838.563956024661, 2838.563956024661=3101.561768759432, 3101.561768759432=3369.0751427500427, 3369.0751427500427=3641.3876325283973, 3641.3876325283973=4227.383559290038, 4227.383559290038=4526.455149188218, 4526.455149188218=4832.065175185622, 5457.420751730556=5777.773612633766, 5777.773612633766=6106.504185254134, 6805.66750866207=7165.767006514508, 7165.767006514508=7537.582393392542, 7537.582393392542=7922.566483890544, 7922.566483890544=8335.842588930596, 9197.97364095595=9649.83406027374, 10603.137314304748=11126.458214926242, 11126.458214926242=11689.37030776109, 11689.37030776109=13113.580323511984, 13113.580323511984=13951.072085109065, 13951.072085109065=15123.12345366078];
