1.1004607346186188
127226.09572429158
140007.32276341264
[1; 20; 6.076933335858991]
[2; 30; 9.189360746084553]
[1; 60; 18.53093077345987]
[1; 60; 18.687645430200895]
[1; 60; 18.849099020431783]
[1; 60; 19.015542633747167]
[1; 60; 19.18724663280827]
[1; 60; 19.364502612075665]
[1; 60; 19.54762560663505]
[1; 80; 26.31594211983908]
[1; 80; 26.577153741239318]
[1; 100; 33.559589152198186]
[1; 120; 40.69211710200465]
[2; 70; 23.991634061106797]
[2; 70; 24.256018653055726]
[1; 160; 56.070605127702144]
[1; 160; 56.72452841992702]
[1; 160; 57.405946897665345]
[1; 180; 65.38151685156924]
[1; 180; 66.21712272257078]
[1; 180; 67.09134238042087]
[2; 100; 37.78185518411941]
[1; 200; 76.63184138709877]
[1; 1080; 419.87568758145215]
[1; 1120; 442.0497626322051]
[2; 560; 224.51972507735266]
[1; 1120; 456.4319153252164]
[1; 1120; 464.26865834349195]
[1; 1120; 472.5975094015671]
[1; 1160; 498.66943474578034]
[2; 580; 254.24854340359707]
[1; 1200; 536.9357042219211]
[2; 620; 283.48178954097693]
[1; 1240; 580.0755958834056]
[1; 1240; 594.3142866273964]
[1; 1280; 629.5292943312929]
[1; 1280; 647.1444539351712]
[1; 1280; 666.6150385696853]
[1; 1280; 688.3034548581109]
[1; 1280; 712.6813168764971]
[1; 1320; 763.5129532880381]
[1; 1320; 796.3782778941548]
[1; 1320; 834.7961060895666]
[1; 1360; 907.2817405290295]
[1; 1360; 964.9857195536905]
[2; 700; 534.2598237036357]
[1; 1400; 1168.2788577383546]
[1; 1400; 1310.7564757555554]
[1; 1400; 1541.5531947744796]
[1; 1400; 2034.0916353821542]


Jobs: [[1; 20; 6.076933335858991], [2; 30; 9.189360746084553], [1; 60; 18.53093077345987], [1; 60; 18.849099020431783], [1; 60; 19.18724663280827], [1; 60; 19.54762560663505], [1; 80; 26.577153741239318], [1; 120; 40.69211710200465], [2; 70; 23.991634061106797], [2; 70; 24.256018653055726], [1; 160; 56.070605127702144], [1; 160; 57.405946897665345], [1; 180; 66.21712272257078], [2; 100; 37.78185518411941], [1; 200; 76.63184138709877], [1; 1120; 442.0497626322051], [2; 560; 224.51972507735266], [1; 1120; 456.4319153252164], [1; 1120; 472.5975094015671], [2; 580; 254.24854340359707], [1; 1200; 536.9357042219211], [2; 620; 283.48178954097693], [1; 1240; 580.0755958834056], [1; 1280; 629.5292943312929], [1; 1280; 666.6150385696853], [1; 1280; 712.6813168764971], [1; 1320; 796.3782778941548], [1; 1360; 907.2817405290295], [2; 700; 534.2598237036357], [1; 1400; 1168.2788577383546], [1; 1400; 1541.5531947744796]];
Intervals[0.0=6.076933335858991, 6.076933335858991=15.266294081943544, 15.266294081943544=33.797224855403414, 33.797224855403414=52.64632387583519, 52.64632387583519=71.83357050864346, 71.83357050864346=91.38119611527851, 91.38119611527851=117.95834985651783, 117.95834985651783=158.6504669585225, 158.6504669585225=182.64210101962928, 182.64210101962928=206.898119672685, 206.898119672685=262.9687248003871, 262.9687248003871=320.37467169805245, 320.37467169805245=386.5917944206232, 396.0955073246021=433.87736250872155, 433.87736250872155=510.5092038958203, 510.5092038958203=952.5589665280254, 952.5589665280254=1177.078691605378, 1177.078691605378=1633.5106069305943, 1633.5106069305943=2106.1081163321614, 2140.0167846946506=2394.2653280982477, 2394.2653280982477=2931.201032320169, 2931.201032320169=3214.682821861146, 3214.682821861146=3794.7584177445515, 3794.7584177445515=4424.287712075844, 4424.287712075844=5090.9027506455295, 5090.9027506455295=5803.584067522027, 5803.584067522027=6599.962345416182, 6599.962345416182=7507.244085945212, 7707.73979621312=8241.999619916756, 8241.999619916756=9410.27847765511, 9410.27847765511=10951.831672429591];

Jobs: [[2; 30; 9.189360746084553], [1; 60; 18.687645430200895], [1; 60; 19.015542633747167], [1; 60; 19.364502612075665], [1; 80; 26.31594211983908], [1; 100; 33.559589152198186], [2; 70; 23.991634061106797], [2; 70; 24.256018653055726], [1; 160; 56.72452841992702], [1; 180; 65.38151685156924], [1; 180; 67.09134238042087], [2; 100; 37.78185518411941], [1; 1080; 419.87568758145215], [2; 560; 224.51972507735266], [1; 1120; 464.26865834349195], [1; 1160; 498.66943474578034], [2; 580; 254.24854340359707], [2; 620; 283.48178954097693], [1; 1240; 594.3142866273964], [1; 1280; 647.1444539351712], [1; 1280; 688.3034548581109], [1; 1320; 763.5129532880381], [1; 1320; 834.7961060895666], [1; 1360; 964.9857195536905], [2; 700; 534.2598237036357], [1; 1400; 1310.7564757555554], [1; 1400; 2034.0916353821542]];
Intervals[6.076933335858991=15.266294081943544, 15.266294081943544=33.95393951214444, 33.95393951214444=52.969482145891604, 52.969482145891604=72.33398475796727, 72.33398475796727=98.64992687780635, 98.64992687780635=132.20951603000452, 158.6504669585225=182.64210101962928, 182.64210101962928=206.898119672685, 206.898119672685=263.622648092612, 263.622648092612=329.00416494418124, 329.00416494418124=396.0955073246021, 396.0955073246021=433.87736250872155, 433.87736250872155=853.7530500901737, 952.5589665280254=1177.078691605378, 1177.078691605378=1641.34734994887, 1641.34734994887=2140.0167846946506, 2140.0167846946506=2394.2653280982477, 2931.201032320169=3214.682821861146, 3214.682821861146=3808.9971084885424, 3808.9971084885424=4456.141562423713, 4456.141562423713=5144.445017281824, 5144.445017281824=5907.9579705698625, 5907.9579705698625=6742.754076659429, 6742.754076659429=7707.73979621312, 7707.73979621312=8241.999619916756, 8241.999619916756=9552.756095672312, 9552.756095672312=11586.847731054466];
