1.1853939854007027
8061.32951045717
9555.85151602912
[2; 10; 1.0078285707501227]
[2; 10; 1.0160059133976078]
[1; 20; 2.048840584979652]
[2; 10; 1.0330837361375687]
[2; 10; 1.0420091558129114]
[1; 40; 4.204841728644369]
[1; 40; 4.2428100450965065]
[2; 20; 2.1410030259455506]
[1; 60; 6.483749117484359]
[2; 30; 3.273274142001686]
[2; 30; 3.3057646088839316]
[1; 80; 8.905100227614156]
[1; 80; 8.998108300823962]
[1; 80; 9.094607589310112]
[2; 40; 4.597414473033845]
[1; 100; 11.623781828717144]
[1; 100; 11.759344155255743]
[1; 100; 11.900606403117118]
[1; 100; 12.047992162458751]
[2; 50; 6.100985523120013]
[2; 50; 6.181532687618784]
[2; 60; 7.51911485731975]
[1; 120; 15.250802648772439]
[2; 60; 7.737139235653725]
[1; 140; 18.327927749559233]
[1; 140; 18.61772880530817]
[2; 70; 9.462114759276252]
[1; 160; 21.999029187086755]
[2; 80; 11.196842836823084]
[2; 80; 11.407144335983176]
[1; 160; 23.263906947068854]
[1; 160; 23.74615016985692]
[1; 160; 24.26529906507982]
[1; 160; 24.826476221377522]
[1; 160; 25.43587354767064]
[2; 80; 13.050530051222747]
[2; 80; 13.41570316046096]
[2; 80; 13.819340373495688]
[2; 90; 16.05257392822197]
[1; 180; 33.24222607245497]
[1; 180; 34.53402290865959]
[1; 180; 36.02053583284831]
[1; 180; 37.75819090901671]
[1; 180; 39.8297845098206]
[2; 90; 21.18149828655561]
[1; 180; 45.56791641878867]
[2; 90; 24.91111580046037]
[1; 200; 62.10923233585027]
[2; 100; 36.52268262765233]
[1; 200; 96.38393729967001]


Jobs: [[2; 10; 1.0078285707501227], [2; 10; 1.0160059133976078], [1; 20; 2.048840584979652], [2; 10; 1.0330837361375687], [2; 10; 1.0420091558129114], [1; 40; 4.204841728644369], [2; 20; 2.1410030259455506], [1; 60; 6.483749117484359], [2; 30; 3.273274142001686], [2; 30; 3.3057646088839316], [1; 80; 8.905100227614156], [1; 80; 9.094607589310112], [2; 40; 4.597414473033845], [1; 100; 11.623781828717144], [1; 100; 11.900606403117118], [2; 50; 6.100985523120013], [2; 50; 6.181532687618784], [2; 60; 7.51911485731975], [1; 120; 15.250802648772439], [2; 60; 7.737139235653725], [1; 140; 18.327927749559233], [2; 70; 9.462114759276252], [1; 160; 21.999029187086755], [2; 80; 11.196842836823084], [2; 80; 11.407144335983176], [1; 160; 23.263906947068854], [1; 160; 24.26529906507982], [1; 160; 25.43587354767064], [2; 80; 13.050530051222747], [2; 80; 13.41570316046096], [2; 80; 13.819340373495688], [2; 90; 16.05257392822197], [1; 180; 33.24222607245497], [1; 180; 36.02053583284831], [1; 180; 39.8297845098206], [2; 90; 21.18149828655561], [1; 180; 45.56791641878867], [2; 90; 24.91111580046037], [1; 200; 62.10923233585027], [2; 100; 36.52268262765233], [1; 200; 96.38393729967001]];
Intervals[4.9E-324=1.0078285707501227, 1.0078285707501227=2.0238344841477307, 2.0238344841477307=4.072675069127383, 4.072675069127383=5.105758805264951, 5.105758805264951=6.147767961077863, 6.147767961077863=10.352609689722232, 10.390578006174369=12.53158103211992, 12.53158103211992=19.015330149604278, 19.015330149604278=22.288604291605964, 22.288604291605964=25.594368900489897, 25.594368900489897=34.49946912810405, 34.49946912810405=43.59407671741417, 43.59407671741417=48.19149119044801, 48.19149119044801=59.815273019165154, 59.815273019165154=71.71587942228227, 71.9988275081625=78.09981303128252, 78.09981303128252=84.2813457189013, 84.2813457189013=91.80046057622106, 91.80046057622106=107.05126322499349, 107.05126322499349=114.78840246064722, 114.78840246064722=133.11633021020646, 133.4061312659554=142.86824602523166, 142.86824602523166=164.86727521231842, 164.86727521231842=176.0641180491415, 176.0641180491415=187.4712623851247, 187.4712623851247=210.73516933219355, 210.73516933219355=235.00046839727338, 235.00046839727338=260.43634194494405, 260.43634194494405=273.48687199616677, 273.48687199616677=286.90257515662773, 286.90257515662773=300.7219155301234, 300.7219155301234=316.7744894583454, 316.7744894583454=350.01671553080035, 350.01671553080035=386.0372513636487, 386.0372513636487=425.86703587346926, 425.86703587346926=447.0485341600249, 447.0485341600249=492.61645057881356, 492.61645057881356=517.5275663792739, 517.5275663792739=579.6367987151242, 579.6367987151242=616.1594813427765, 616.1594813427765=712.5434186424466];

Jobs: [[2; 10; 1.0078285707501227], [2; 10; 1.0160059133976078], [2; 10; 1.0330837361375687], [2; 10; 1.0420091558129114], [1; 40; 4.2428100450965065], [2; 20; 2.1410030259455506], [2; 30; 3.273274142001686], [2; 30; 3.3057646088839316], [1; 80; 8.998108300823962], [2; 40; 4.597414473033845], [1; 100; 11.759344155255743], [1; 100; 12.047992162458751], [2; 50; 6.100985523120013], [2; 50; 6.181532687618784], [2; 60; 7.51911485731975], [2; 60; 7.737139235653725], [1; 140; 18.61772880530817], [2; 70; 9.462114759276252], [2; 80; 11.196842836823084], [2; 80; 11.407144335983176], [1; 160; 23.74615016985692], [1; 160; 24.826476221377522], [2; 80; 13.050530051222747], [2; 80; 13.41570316046096], [2; 80; 13.819340373495688], [2; 90; 16.05257392822197], [1; 180; 34.53402290865959], [1; 180; 37.75819090901671], [2; 90; 21.18149828655561], [2; 90; 24.91111580046037], [2; 100; 36.52268262765233]];
Intervals[4.9E-324=1.0078285707501227, 1.0078285707501227=2.0238344841477307, 4.072675069127383=5.105758805264951, 5.105758805264951=6.147767961077863, 6.147767961077863=10.390578006174369, 10.390578006174369=12.53158103211992, 19.015330149604278=22.288604291605964, 22.288604291605964=25.594368900489897, 25.594368900489897=34.592477201313855, 43.59407671741417=48.19149119044801, 48.19149119044801=59.95083534570375, 59.95083534570375=71.9988275081625, 71.9988275081625=78.09981303128252, 78.09981303128252=84.2813457189013, 84.2813457189013=91.80046057622106, 107.05126322499349=114.78840246064722, 114.78840246064722=133.4061312659554, 133.4061312659554=142.86824602523166, 164.86727521231842=176.0641180491415, 176.0641180491415=187.4712623851247, 187.4712623851247=211.21741255498162, 211.21741255498162=236.04388877635915, 260.43634194494405=273.48687199616677, 273.48687199616677=286.90257515662773, 286.90257515662773=300.7219155301234, 300.7219155301234=316.7744894583454, 316.7744894583454=351.308512367005, 351.308512367005=389.0667032760217, 425.86703587346926=447.0485341600249, 492.61645057881356=517.5275663792739, 579.6367987151242=616.1594813427765];
