0.9999999999999989
193081.2296148259
193081.2296148257
[2; 10; 3.590211377627886]
[2; 20; 7.238683434628875]
[2; 30; 10.947949372478373]
[2; 40; 14.720713784737567]
[2; 60; 22.271842069375996]
[2; 60; 22.468509605856024]
[2; 60; 22.671392743433262]
[2; 70; 26.694308697237133]
[2; 70; 26.946746977954056]
[2; 70; 27.207743080664283]
[2; 70; 27.477806704165854]
[2; 80; 31.722847599270768]
[2; 90; 36.060943997191146]
[2; 100; 40.497417653455265]
[2; 100; 40.94369376845534]
[2; 100; 41.4076708913538]
[2; 520; 217.83105629832855]
[2; 520; 220.4478097720303]
[2; 520; 223.177995674989]
[2; 520; 226.03031315620848]
[2; 520; 229.0144377286254]
[2; 540; 241.06967439227327]
[2; 540; 244.47731538382902]
[2; 540; 248.0597346442966]
[2; 540; 251.83288527468446]
[2; 560; 265.2894895911034]
[2; 560; 269.6569083362253]
[2; 560; 274.2868034482443]
[2; 560; 279.2074326831942]
[2; 560; 284.4515664560477]
[2; 560; 290.0574665346825]
[2; 580; 306.64407230060647]
[2; 580; 313.3480613776901]
[2; 600; 331.64977153576183]
[2; 600; 339.7905355426001]
[2; 600; 348.6765718432241]
[2; 600; 358.4330573927579]
[2; 600; 369.2172047918988]
[2; 620; 393.9373977168045]
[2; 620; 407.88960361907203]
[2; 620; 423.740241850321]
[2; 640; 456.2375126214759]
[2; 640; 478.24671963116714]
[2; 640; 504.48560502640953]
[2; 640; 536.571367882954]
[2; 660; 595.201414217177]
[2; 680; 670.4909754704183]
[2; 680; 752.2607999042773]
[2; 700; 910.7392681831415]
[2; 700; 1201.7276690191716]


Jobs: [[2; 10; 3.590211377627886], [2; 20; 7.238683434628875], [2; 30; 10.947949372478373], [2; 40; 14.720713784737567], [2; 60; 22.271842069375996], [2; 60; 22.468509605856024], [2; 60; 22.671392743433262], [2; 70; 26.694308697237133], [2; 70; 26.946746977954056], [2; 70; 27.207743080664283], [2; 70; 27.477806704165854], [2; 80; 31.722847599270768], [2; 90; 36.060943997191146], [2; 100; 40.497417653455265], [2; 100; 40.94369376845534], [2; 100; 41.4076708913538], [2; 520; 217.83105629832855], [2; 520; 220.4478097720303], [2; 520; 223.177995674989], [2; 520; 226.03031315620848], [2; 520; 229.0144377286254], [2; 540; 241.06967439227327], [2; 540; 244.47731538382902], [2; 540; 248.0597346442966], [2; 540; 251.83288527468446], [2; 560; 265.2894895911034], [2; 560; 269.6569083362253], [2; 560; 274.2868034482443], [2; 560; 279.2074326831942], [2; 560; 284.4515664560477], [2; 560; 290.0574665346825], [2; 580; 306.64407230060647], [2; 580; 313.3480613776901], [2; 600; 331.64977153576183], [2; 600; 339.7905355426001], [2; 600; 348.6765718432241], [2; 600; 358.4330573927579], [2; 600; 369.2172047918988], [2; 620; 393.9373977168045], [2; 620; 407.88960361907203], [2; 620; 423.740241850321], [2; 640; 456.2375126214759], [2; 640; 478.24671963116714], [2; 640; 504.48560502640953], [2; 640; 536.571367882954], [2; 660; 595.201414217177], [2; 680; 670.4909754704183], [2; 680; 752.2607999042773], [2; 700; 910.7392681831415], [2; 700; 1201.7276690191716]];
Intervals[4.9E-324=3.590211377627886, 3.590211377627886=10.828894812256761, 10.828894812256761=21.776844184735133, 21.776844184735133=36.4975579694727, 36.4975579694727=58.7694000388487, 58.7694000388487=81.23790964470473, 81.23790964470473=103.90930238813799, 103.90930238813799=130.60361108537512, 130.60361108537512=157.55035806332918, 157.55035806332918=184.75810114399346, 184.75810114399346=212.23590784815931, 212.23590784815931=243.9587554474301, 243.9587554474301=280.0196994446212, 280.0196994446212=320.5171170980765, 320.5171170980765=361.4608108665318, 361.4608108665318=402.8684817578856, 402.8684817578856=620.6995380562141, 620.6995380562141=841.1473478282444, 841.1473478282444=1064.3253435032334, 1064.3253435032334=1290.3556566594418, 1290.3556566594418=1519.3700943880672, 1519.3700943880672=1760.4397687803405, 1760.4397687803405=2004.9170841641694, 2004.9170841641694=2252.976818808466, 2252.976818808466=2504.8097040831503, 2504.8097040831503=2770.099193674254, 2770.099193674254=3039.756102010479, 3039.756102010479=3314.0429054587235, 3314.0429054587235=3593.250338141918, 3593.250338141918=3877.7019045979655, 3877.7019045979655=4167.759371132648, 4167.759371132648=4474.403443433254, 4474.403443433254=4787.751504810944, 4787.751504810944=5119.401276346706, 5119.401276346706=5459.191811889306, 5459.191811889306=5807.868383732531, 5807.868383732531=6166.301441125289, 6166.301441125289=6535.518645917187, 6535.518645917187=6929.456043633992, 6929.456043633992=7337.345647253063, 7337.345647253063=7761.085889103384, 7761.085889103384=8217.32340172486, 8217.32340172486=8695.570121356026, 8695.570121356026=9200.055726382436, 9200.055726382436=9736.62709426539, 9736.62709426539=10331.828508482567, 10331.828508482567=11002.319483952986, 11002.319483952986=11754.580283857264, 11754.580283857264=12665.319552040404, 12665.319552040404=13867.047221059576];

Jobs: [[2; 10; 3.590211377627886], [2; 20; 7.238683434628875], [2; 30; 10.947949372478373], [2; 40; 14.720713784737567], [2; 60; 22.271842069375996], [2; 60; 22.468509605856024], [2; 60; 22.671392743433262], [2; 70; 26.694308697237133], [2; 70; 26.946746977954056], [2; 70; 27.207743080664283], [2; 70; 27.477806704165854], [2; 80; 31.722847599270768], [2; 90; 36.060943997191146], [2; 100; 40.497417653455265], [2; 100; 40.94369376845534], [2; 100; 41.4076708913538], [2; 520; 217.83105629832855], [2; 520; 220.4478097720303], [2; 520; 223.177995674989], [2; 520; 226.03031315620848], [2; 520; 229.0144377286254], [2; 540; 241.06967439227327], [2; 540; 244.47731538382902], [2; 540; 248.0597346442966], [2; 540; 251.83288527468446], [2; 560; 265.2894895911034], [2; 560; 269.6569083362253], [2; 560; 274.2868034482443], [2; 560; 279.2074326831942], [2; 560; 284.4515664560477], [2; 560; 290.0574665346825], [2; 580; 306.64407230060647], [2; 580; 313.3480613776901], [2; 600; 331.64977153576183], [2; 600; 339.7905355426001], [2; 600; 348.6765718432241], [2; 600; 358.4330573927579], [2; 600; 369.2172047918988], [2; 620; 393.9373977168045], [2; 620; 407.88960361907203], [2; 620; 423.740241850321], [2; 640; 456.2375126214759], [2; 640; 478.24671963116714], [2; 640; 504.48560502640953], [2; 640; 536.571367882954], [2; 660; 595.201414217177], [2; 680; 670.4909754704183], [2; 680; 752.2607999042773], [2; 700; 910.7392681831415], [2; 700; 1201.7276690191716]];
Intervals[4.9E-324=3.590211377627886, 3.590211377627886=10.828894812256761, 10.828894812256761=21.776844184735133, 21.776844184735133=36.4975579694727, 36.4975579694727=58.7694000388487, 58.7694000388487=81.23790964470473, 81.23790964470473=103.90930238813799, 103.90930238813799=130.60361108537512, 130.60361108537512=157.55035806332918, 157.55035806332918=184.75810114399346, 184.75810114399346=212.23590784815931, 212.23590784815931=243.9587554474301, 243.9587554474301=280.0196994446212, 280.0196994446212=320.5171170980765, 320.5171170980765=361.4608108665318, 361.4608108665318=402.8684817578856, 402.8684817578856=620.6995380562141, 620.6995380562141=841.1473478282444, 841.1473478282444=1064.3253435032334, 1064.3253435032334=1290.3556566594418, 1290.3556566594418=1519.3700943880672, 1519.3700943880672=1760.4397687803405, 1760.4397687803405=2004.9170841641694, 2004.9170841641694=2252.976818808466, 2252.976818808466=2504.8097040831503, 2504.8097040831503=2770.099193674254, 2770.099193674254=3039.756102010479, 3039.756102010479=3314.0429054587235, 3314.0429054587235=3593.250338141918, 3593.250338141918=3877.7019045979655, 3877.7019045979655=4167.759371132648, 4167.759371132648=4474.403443433254, 4474.403443433254=4787.751504810944, 4787.751504810944=5119.401276346706, 5119.401276346706=5459.191811889306, 5459.191811889306=5807.868383732531, 5807.868383732531=6166.301441125289, 6166.301441125289=6535.518645917187, 6535.518645917187=6929.456043633992, 6929.456043633992=7337.345647253063, 7337.345647253063=7761.085889103384, 7761.085889103384=8217.32340172486, 8217.32340172486=8695.570121356026, 8695.570121356026=9200.055726382436, 9200.055726382436=9736.62709426539, 9736.62709426539=10331.828508482567, 10331.828508482567=11002.319483952986, 11002.319483952986=11754.580283857264, 11754.580283857264=12665.319552040404, 12665.319552040404=13867.047221059576];
