1.0956570754310795
45325.753169012976
49661.48215887174
[1; 10; 1.5238773360355717]
[1; 20; 3.0600317164417477]
[1; 20; 3.0724836140582212]
[2; 10; 1.5425573389620009]
[2; 10; 1.548964686661209]
[2; 10; 1.5554661624238273]
[1; 20; 3.1241283238383564]
[2; 10; 1.568761168120741]
[2; 10; 1.5755597554681267]
[1; 30; 4.747387782825669]
[1; 30; 4.768417366205885]
[1; 30; 4.78977664562579]
[1; 30; 4.811474582438932]
[1; 30; 4.833520487019077]
[1; 30; 4.85592403655561]
[1; 40; 6.504927058634056]
[1; 40; 6.535792970770207]
[1; 40; 6.567177646629226]
[1; 40; 6.599096214567593]
[1; 40; 6.631564435636614]
[1; 40; 6.664598738252042]
[1; 50; 8.372770319030847]
[1; 60; 10.098652295017386]
[2; 30; 5.075454919299585]
[1; 60; 10.204126255777846]
[2; 30; 5.129166054581871]
[2; 30; 5.15677967998995]
[1; 60; 10.369841452021092]
[1; 60; 10.427213401884021]
[2; 30; 5.242855948015809]
[1; 70; 12.3029379611993]
[1; 70; 12.373951622237945]
[1; 70; 12.446420944436289]
[2; 40; 7.15451305163401]
[1; 80; 14.39535643986924]
[2; 40; 7.2417688540607825]
[2; 40; 7.2868194984550065]
[1; 90; 16.498949744535157]
[1; 90; 16.604883910602954]
[1; 90; 16.71323753043414]
[1; 90; 16.824106905111286]
[1; 90; 16.937593857531525]
[1; 100; 18.948673499087935]
[1; 100; 19.08095326242103]
[1; 110; 21.138174773339404]
[1; 110; 21.291076450777116]
[1; 110; 21.447920503000468]
[1; 110; 21.608884458215364]
[1; 110; 21.774157386557768]
[1; 120; 23.938844607427953]
[1; 120; 24.12921839935753]
[2; 60; 12.162499303409746]
[1; 120; 24.52645389068787]
[1; 130; 26.79502824423343]
[1; 140; 29.1054898572984]
[1; 140; 29.36250070401907]
[1; 140; 29.627634278717437]
[1; 140; 29.90134084162107]
[1; 150; 32.34011448039437]
[1; 150; 32.653348721525255]
[1; 150; 32.97746533968983]
[1; 150; 33.31312897855071]
[1; 150; 33.661063292560655]
[1; 150; 34.02205790929826]
[2; 80; 18.345054094804144]
[1; 160; 37.10588334982998]
[2; 80; 18.76931531084928]
[2; 80; 18.994786700802987]
[1; 160; 38.46006389034223]
[1; 160; 38.95160120445538]
[1; 170; 41.93246851119053]
[1; 170; 42.504971787188694]
[1; 170; 43.10580092329668]
[1; 170; 43.73744664970306]
[1; 170; 44.40272178850994]
[1; 180; 47.75804183807871]
[2; 90; 24.27213744897696]
[1; 180; 49.377759574661326]
[2; 90; 25.131791448163177]
[1; 190; 54.0525133967631]
[1; 190; 55.11776676441556]
[1; 190; 56.26031644611044]
[1; 190; 57.49030450392051]
[1; 190; 58.819867577084025]
[2; 100; 31.717724095085934]
[1; 200; 65.09438108088375]
[1; 200; 66.91581802175469]
[1; 200; 68.9291090115139]
[2; 110; 39.144450125357025]
[2; 120; 44.21546350366118]
[2; 120; 45.93368164407262]
[2; 130; 51.90346582177125]
[2; 130; 54.407324211731314]
[2; 130; 57.39236830310407]
[2; 130; 61.042577349311536]
[2; 180; 90.91478445041626]
[2; 190; 104.92515379430283]
[2; 190; 117.72131618625187]
[2; 190; 138.44957047064514]
[2; 200; 192.30031945171112]


Jobs: [[1; 10; 1.5238773360355717], [1; 20; 3.0724836140582212], [2; 10; 1.5425573389620009], [2; 10; 1.548964686661209], [2; 10; 1.5554661624238273], [1; 20; 3.1241283238383564], [2; 10; 1.568761168120741], [2; 10; 1.5755597554681267], [1; 30; 4.747387782825669], [1; 30; 4.78977664562579], [1; 30; 4.833520487019077], [1; 40; 6.504927058634056], [1; 40; 6.567177646629226], [1; 40; 6.631564435636614], [1; 50; 8.372770319030847], [2; 30; 5.075454919299585], [1; 60; 10.204126255777846], [2; 30; 5.129166054581871], [2; 30; 5.15677967998995], [1; 60; 10.369841452021092], [2; 30; 5.242855948015809], [1; 70; 12.3029379611993], [1; 70; 12.446420944436289], [2; 40; 7.15451305163401], [1; 80; 14.39535643986924], [2; 40; 7.2417688540607825], [2; 40; 7.2868194984550065], [1; 90; 16.498949744535157], [1; 90; 16.71323753043414], [1; 90; 16.937593857531525], [1; 100; 19.08095326242103], [1; 110; 21.291076450777116], [1; 110; 21.608884458215364], [1; 120; 23.938844607427953], [2; 60; 12.162499303409746], [1; 120; 24.52645389068787], [1; 140; 29.1054898572984], [1; 140; 29.627634278717437], [1; 150; 32.34011448039437], [1; 150; 32.97746533968983], [1; 150; 33.661063292560655], [2; 80; 18.345054094804144], [1; 160; 37.10588334982998], [2; 80; 18.76931531084928], [2; 80; 18.994786700802987], [1; 160; 38.46006389034223], [1; 170; 41.93246851119053], [1; 170; 43.10580092329668], [1; 170; 44.40272178850994], [2; 90; 24.27213744897696], [1; 180; 49.377759574661326], [2; 90; 25.131791448163177], [1; 190; 54.0525133967631], [1; 190; 56.26031644611044], [1; 190; 58.819867577084025], [2; 100; 31.717724095085934], [1; 200; 65.09438108088375], [1; 200; 68.9291090115139], [2; 110; 39.144450125357025], [2; 120; 44.21546350366118], [2; 120; 45.93368164407262], [2; 130; 51.90346582177125], [2; 130; 54.407324211731314], [2; 130; 57.39236830310407], [2; 130; 61.042577349311536], [2; 180; 90.91478445041626], [2; 190; 104.92515379430283], [2; 190; 117.72131618625187], [2; 190; 138.44957047064514], [2; 200; 192.30031945171112]];
Intervals[0.0=1.5238773360355717, 1.5238773360355717=4.596360950093793, 4.596360950093793=6.138918289055794, 6.138918289055794=7.687882975717002, 7.687882975717002=9.243349138140829, 9.243349138140829=12.367477461979185, 12.367477461979185=13.936238630099925, 13.936238630099925=15.511798385568053, 15.511798385568053=20.25918616839372, 20.25918616839372=25.04896281401951, 25.04896281401951=29.882483301038587, 29.882483301038587=36.38741035967264, 36.38741035967264=42.95458800630187, 42.95458800630187=49.58615244193848, 49.58615244193848=57.95892276096933, 59.845754589375716=64.9212095086753, 64.9212095086753=75.12533576445315, 75.12533576445315=80.25450181903503, 80.25450181903503=85.41128149902498, 85.41128149902498=95.78112295104607, 95.838494900909=101.08135084892481, 101.08135084892481=113.38428881012412, 113.38428881012412=125.8307097545604, 125.8307097545604=132.9852228061944, 132.9852228061944=147.38057924606363, 147.38057924606363=154.6223481001244, 154.6223481001244=161.90916759857942, 161.90916759857942=178.40811734311458, 178.40811734311458=195.1213548735487, 195.1213548735487=212.05894873108025, 212.05894873108025=231.13990199350127, 231.13990199350127=252.4309784442784, 252.4309784442784=274.0398629024938, 274.0398629024938=297.9787075099217, 302.7763029756367=314.93880227904646, 314.93880227904646=339.46525616973435, 339.46525616973435=368.5707460270327, 368.5707460270327=398.19838030575016, 398.19838030575016=430.53849478614455, 430.53849478614455=463.5159601258344, 463.5159601258344=497.17702341839504, 500.98620767829425=519.3312617730984, 519.3312617730984=556.4371451229283, 556.4371451229283=575.2064604337776, 575.2064604337776=594.2012471345805, 594.2012471345805=632.6613110249227, 632.6613110249227=674.5937795361133, 674.5937795361133=717.69958045941, 717.69958045941=762.1023022479199, 767.1533086140064=791.4254460629834, 791.4254460629834=840.8032056376447, 840.8032056376447=865.9349970858079, 865.9349970858079=919.987510482571, 919.987510482571=976.2478269286814, 976.2478269286814=1035.0676945057655, 1035.0676945057655=1066.7854186008515, 1066.7854186008515=1131.8797996817352, 1131.8797996817352=1200.8089086932491, 1200.8089086932491=1239.9533588186061, 1239.9533588186061=1284.1688223222673, 1284.1688223222673=1330.1025039663398, 1330.1025039663398=1382.005969788111, 1382.005969788111=1436.4132939998424, 1436.4132939998424=1493.8056623029465, 1493.8056623029465=1554.8482396522581, 1554.8482396522581=1645.7630241026743, 1645.7630241026743=1750.688177896977, 1750.688177896977=1868.409494083229, 1868.409494083229=2006.859064553874, 2006.859064553874=2199.1593840055853];

Jobs: [[1; 20; 3.0600317164417477], [2; 10; 1.5425573389620009], [2; 10; 1.548964686661209], [2; 10; 1.5554661624238273], [2; 10; 1.568761168120741], [2; 10; 1.5755597554681267], [1; 30; 4.768417366205885], [1; 30; 4.811474582438932], [1; 30; 4.85592403655561], [1; 40; 6.535792970770207], [1; 40; 6.599096214567593], [1; 40; 6.664598738252042], [1; 60; 10.098652295017386], [2; 30; 5.075454919299585], [2; 30; 5.129166054581871], [2; 30; 5.15677967998995], [1; 60; 10.427213401884021], [2; 30; 5.242855948015809], [1; 70; 12.373951622237945], [2; 40; 7.15451305163401], [2; 40; 7.2417688540607825], [2; 40; 7.2868194984550065], [1; 90; 16.604883910602954], [1; 90; 16.824106905111286], [1; 100; 18.948673499087935], [1; 110; 21.138174773339404], [1; 110; 21.447920503000468], [1; 110; 21.774157386557768], [1; 120; 24.12921839935753], [2; 60; 12.162499303409746], [1; 130; 26.79502824423343], [1; 140; 29.36250070401907], [1; 140; 29.90134084162107], [1; 150; 32.653348721525255], [1; 150; 33.31312897855071], [1; 150; 34.02205790929826], [2; 80; 18.345054094804144], [2; 80; 18.76931531084928], [2; 80; 18.994786700802987], [1; 160; 38.95160120445538], [1; 170; 42.504971787188694], [1; 170; 43.73744664970306], [1; 180; 47.75804183807871], [2; 90; 24.27213744897696], [2; 90; 25.131791448163177], [1; 190; 55.11776676441556], [1; 190; 57.49030450392051], [2; 100; 31.717724095085934], [1; 200; 66.91581802175469], [2; 110; 39.144450125357025], [2; 120; 44.21546350366118], [2; 120; 45.93368164407262], [2; 130; 51.90346582177125], [2; 130; 54.407324211731314], [2; 130; 57.39236830310407], [2; 130; 61.042577349311536], [2; 180; 90.91478445041626], [2; 190; 104.92515379430283], [2; 190; 117.72131618625187], [2; 190; 138.44957047064514], [2; 200; 192.30031945171112]];
Intervals[0.0=3.0600317164417477, 4.596360950093793=6.138918289055794, 6.138918289055794=7.687882975717002, 7.687882975717002=9.243349138140829, 12.367477461979185=13.936238630099925, 13.936238630099925=15.511798385568053, 15.511798385568053=20.280215751773937, 20.280215751773937=25.09169033421287, 25.09169033421287=29.94761437076848, 29.94761437076848=36.48340734153869, 36.48340734153869=43.08250355610628, 43.08250355610628=49.74710229435833, 49.74710229435833=59.845754589375716, 59.845754589375716=64.9212095086753, 75.12533576445315=80.25450181903503, 80.25450181903503=85.41128149902498, 85.41128149902498=95.838494900909, 95.838494900909=101.08135084892481, 101.08135084892481=113.45530247116275, 125.8307097545604=132.9852228061944, 147.38057924606363=154.6223481001244, 154.6223481001244=161.90916759857942, 161.90916759857942=178.51405150918237, 178.51405150918237=195.33815841429364, 195.33815841429364=214.28683191338158, 214.28683191338158=235.425006686721, 235.425006686721=256.87292718972145, 256.87292718972145=278.6470845762792, 278.6470845762792=302.7763029756367, 302.7763029756367=314.93880227904646, 314.93880227904646=341.7338305232799, 341.7338305232799=371.09633122729895, 371.09633122729895=400.99767206892, 400.99767206892=433.6510207904453, 433.6510207904453=466.964149768996, 466.964149768996=500.98620767829425, 500.98620767829425=519.3312617730984, 556.4371451229283=575.2064604337776, 575.2064604337776=594.2012471345805, 594.2012471345805=633.1528483390359, 633.1528483390359=675.6578201262246, 675.6578201262246=719.3952667759277, 719.3952667759277=767.1533086140064, 767.1533086140064=791.4254460629834, 840.8032056376447=865.9349970858079, 865.9349970858079=921.0527638502235, 921.0527638502235=978.543068354144, 1035.0676945057655=1066.7854186008515, 1066.7854186008515=1133.701236622606, 1200.8089086932491=1239.9533588186061, 1239.9533588186061=1284.1688223222673, 1284.1688223222673=1330.1025039663398, 1330.1025039663398=1382.005969788111, 1382.005969788111=1436.4132939998424, 1436.4132939998424=1493.8056623029465, 1493.8056623029465=1554.8482396522581, 1554.8482396522581=1645.7630241026743, 1645.7630241026743=1750.688177896977, 1750.688177896977=1868.409494083229, 1868.409494083229=2006.859064553874, 2006.859064553874=2199.1593840055853];
