1.0508437725867883
53350.68554436223
56063.235667529036
[1; 10; 1.626552179833391]
[1; 10; 1.6331042994859046]
[1; 10; 1.6397497363370848]
[2; 10; 1.6464907921880594]
[1; 20; 3.306659700220022]
[1; 20; 3.32053875639305]
[2; 10; 1.6673119335308162]
[2; 10; 1.6744601663825813]
[1; 20; 3.363433649300792]
[1; 30; 5.0672542757006065]
[1; 30; 5.089700777055542]
[1; 30; 5.112499188501506]
[2; 20; 3.4237727167896383]
[1; 40; 6.878920499715526]
[2; 20; 3.455402277680664]
[1; 40; 6.943211921770749]
[1; 40; 6.976157497822305]
[2; 30; 5.257242592898177]
[1; 60; 10.565588921342789]
[1; 60; 10.617572687856947]
[1; 60; 10.67046278831758]
[1; 70; 12.511667762400828]
[1; 70; 12.575585056166668]
[1; 70; 12.640659995370516]
[1; 80; 14.522204565195754]
[2; 40; 7.299674350003222]
[1; 80; 14.677946456817958]
[1; 80; 14.758045431829812]
[1; 80; 14.839695459605766]
[1; 90; 16.788317345114404]
[1; 90; 16.883842548343235]
[1; 90; 16.981297601399604]
[1; 90; 17.080750319883663]
[1; 100; 19.091413272895636]
[1; 100; 19.206597082202244]
[1; 100; 19.32425044470109]
[2; 50; 9.722232770141236]
[2; 50; 9.783669750156026]
[2; 50; 9.846487378678642]
[2; 50; 9.910739712862119]
[1; 100; 19.95296771607518]
[1; 110; 22.096316426586135]
[1; 110; 22.24792376765853]
[1; 110; 22.40323543582254]
[1; 110; 22.56240935029683]
[1; 120; 24.791577971233178]
[2; 60; 12.48710450831947]
[1; 120; 25.161637325183786]
[2; 60; 12.67704152617062]
[1; 120; 25.551780945967057]
[1; 130; 27.901230091475714]
[1; 130; 28.127615734199164]
[1; 130; 28.3605636123826]
[1; 130; 28.60040671825951]
[1; 140; 31.066541153284977]
[1; 140; 31.340868714361438]
[1; 140; 31.62386629144633]
[1; 140; 31.916014482116196]
[1; 150; 34.519106269403146]
[1; 150; 34.85344540921566]
[1; 150; 35.19940015198211]
[1; 160; 37.92819191819271]
[1; 170; 40.71959808698083]
[1; 170; 41.15629123530357]
[1; 170; 41.609828048872124]
[1; 170; 42.081353857256545]
[1; 170; 42.572127541488136]
[1; 170; 43.083536541288865]
[1; 170; 43.61711437196122]
[1; 170; 44.17456116427256]
[1; 170; 44.75776786608753]
[1; 170; 45.36884490589648]
[1; 180; 48.71663611169399]
[1; 180; 49.430499544126235]
[1; 180; 50.18236973693585]
[1; 180; 50.97585298984191]
[1; 180; 51.8150603637924]
[1; 190; 55.63274210215092]
[1; 190; 56.630778076783315]
[1; 200; 60.730978393716875]
[1; 200; 61.92784927333466]
[1; 200; 63.211566822663556]
[1; 200; 64.59352620751368]
[1; 200; 66.08736361108966]
[2; 110; 37.24025894398696]
[2; 110; 38.214148026248985]
[2; 110; 39.28343633843729]
[2; 110; 40.465354018966025]
[2; 110; 41.78190013995501]
[2; 120; 47.19458505191985]
[2; 130; 53.11428655865575]
[2; 150; 63.92375161164793]
[2; 150; 67.00747673975701]
[2; 170; 80.10833501686304]
[2; 170; 85.20330108640852]
[2; 170; 91.64925091665225]
[2; 180; 106.10027476684812]
[2; 190; 125.65306860836084]
[2; 200; 155.55572432225978]
[2; 200; 205.25700880922926]


Jobs: [[1; 10; 1.626552179833391], [1; 10; 1.6397497363370848], [2; 10; 1.6464907921880594], [1; 20; 3.306659700220022], [2; 10; 1.6673119335308162], [2; 10; 1.6744601663825813], [1; 20; 3.363433649300792], [1; 30; 5.089700777055542], [2; 20; 3.4237727167896383], [1; 40; 6.878920499715526], [2; 20; 3.455402277680664], [1; 40; 6.943211921770749], [2; 30; 5.257242592898177], [1; 60; 10.565588921342789], [1; 60; 10.67046278831758], [1; 70; 12.575585056166668], [1; 80; 14.522204565195754], [2; 40; 7.299674350003222], [1; 80; 14.677946456817958], [1; 80; 14.839695459605766], [1; 90; 16.883842548343235], [1; 90; 17.080750319883663], [1; 100; 19.206597082202244], [2; 50; 9.722232770141236], [2; 50; 9.783669750156026], [2; 50; 9.846487378678642], [2; 50; 9.910739712862119], [1; 100; 19.95296771607518], [1; 110; 22.24792376765853], [1; 110; 22.56240935029683], [2; 60; 12.48710450831947], [1; 120; 25.161637325183786], [2; 60; 12.67704152617062], [1; 120; 25.551780945967057], [1; 130; 28.127615734199164], [1; 130; 28.60040671825951], [1; 140; 31.340868714361438], [1; 140; 31.916014482116196], [1; 150; 34.85344540921566], [1; 160; 37.92819191819271], [1; 170; 41.15629123530357], [1; 170; 42.081353857256545], [1; 170; 43.083536541288865], [1; 170; 44.17456116427256], [1; 170; 45.36884490589648], [1; 180; 49.430499544126235], [1; 180; 50.97585298984191], [1; 190; 55.63274210215092], [1; 200; 60.730978393716875], [1; 200; 63.211566822663556], [1; 200; 66.08736361108966], [2; 110; 37.24025894398696], [2; 110; 38.214148026248985], [2; 110; 39.28343633843729], [2; 110; 40.465354018966025], [2; 110; 41.78190013995501], [2; 120; 47.19458505191985], [2; 130; 53.11428655865575], [2; 150; 63.92375161164793], [2; 150; 67.00747673975701], [2; 170; 80.10833501686304], [2; 170; 85.20330108640852], [2; 170; 91.64925091665225], [2; 180; 106.10027476684812], [2; 190; 125.65306860836084], [2; 200; 155.55572432225978], [2; 200; 205.25700880922926]];
Intervals[0.0=1.626552179833391, 1.626552179833391=3.266301916170476, 3.266301916170476=4.912792708358535, 4.912792708358535=8.219452408578558, 8.233331464751585=9.900643398282401, 9.900643398282401=11.575103564664982, 11.575103564664982=14.938537213965773, 14.938537213965773=20.028237991021314, 21.754857028867093=25.178629745656732, 25.178629745656732=32.057550245372255, 32.057550245372255=35.51295252305292, 35.51295252305292=42.45616444482366, 42.48911002087522=47.746352613773404, 47.746352613773404=58.31194153511619, 58.31194153511619=68.98240432343377, 68.98240432343377=81.55798937960044, 81.55798937960044=96.08019394479619, 96.08019394479619=103.37986829479942, 103.37986829479942=118.05781475161739, 118.05781475161739=132.89751021122316, 132.89751021122316=149.7813527595664, 149.7813527595664=166.86210307945007, 166.86210307945007=186.06870016165232, 190.32319239073996=200.0454251608812, 200.0454251608812=209.82909491103723, 209.82909491103723=219.67558228971586, 219.67558228971586=229.586322002578, 229.586322002578=249.53928971865315, 249.53928971865315=271.78721348631166, 271.78721348631166=294.3496228366085, 298.8774518362198=311.36455634453927, 311.36455634453927=336.52619366972306, 336.52619366972306=349.2032351958937, 349.2032351958937=374.7550161418607, 374.7550161418607=402.88263187605986, 402.88263187605986=431.4830385943194, 431.4830385943194=462.8239073086808, 462.8239073086808=494.739921790797, 494.739921790797=529.5933672000126, 529.5933672000126=567.5215591182053, 567.5215591182053=608.6778503535089, 608.6778503535089=650.7592042107655, 650.7592042107655=693.8427407520543, 693.8427407520543=738.0173019163268, 738.0173019163268=783.3861468222233, 783.3861468222233=832.8166463663495, 832.8166463663495=883.7924993561913, 883.7924993561913=939.4252414583423, 939.4252414583423=1000.1562198520592, 1000.1562198520592=1063.3677866747228, 1063.3677866747228=1129.4551502858124, 1129.4551502858124=1166.6954092297992, 1166.6954092297992=1204.9095572560482, 1204.9095572560482=1244.1929935944854, 1244.1929935944854=1284.6583476134515, 1284.6583476134515=1326.4402477534065, 1326.4402477534065=1373.6348328053264, 1373.6348328053264=1426.7491193639821, 1426.7491193639821=1490.67287097563, 1490.67287097563=1557.6803477153871, 1557.6803477153871=1637.7886827322502, 1637.7886827322502=1722.9919838186588, 1722.9919838186588=1814.6412347353112, 1814.6412347353112=1920.7415095021593, 1920.7415095021593=2046.3945781105201, 2046.3945781105201=2201.95030243278, 2201.95030243278=2407.2073112420094];

Jobs: [[1; 10; 1.6331042994859046], [2; 10; 1.6464907921880594], [1; 20; 3.32053875639305], [2; 10; 1.6673119335308162], [2; 10; 1.6744601663825813], [1; 30; 5.0672542757006065], [1; 30; 5.112499188501506], [2; 20; 3.4237727167896383], [2; 20; 3.455402277680664], [1; 40; 6.976157497822305], [2; 30; 5.257242592898177], [1; 60; 10.617572687856947], [1; 70; 12.511667762400828], [1; 70; 12.640659995370516], [2; 40; 7.299674350003222], [1; 80; 14.758045431829812], [1; 90; 16.788317345114404], [1; 90; 16.981297601399604], [1; 100; 19.091413272895636], [1; 100; 19.32425044470109], [2; 50; 9.722232770141236], [2; 50; 9.783669750156026], [2; 50; 9.846487378678642], [2; 50; 9.910739712862119], [1; 110; 22.096316426586135], [1; 110; 22.40323543582254], [1; 120; 24.791577971233178], [2; 60; 12.48710450831947], [2; 60; 12.67704152617062], [1; 130; 27.901230091475714], [1; 130; 28.3605636123826], [1; 140; 31.066541153284977], [1; 140; 31.62386629144633], [1; 150; 34.519106269403146], [1; 150; 35.19940015198211], [1; 170; 40.71959808698083], [1; 170; 41.609828048872124], [1; 170; 42.572127541488136], [1; 170; 43.61711437196122], [1; 170; 44.75776786608753], [1; 180; 48.71663611169399], [1; 180; 50.18236973693585], [1; 180; 51.8150603637924], [1; 190; 56.630778076783315], [1; 200; 61.92784927333466], [1; 200; 64.59352620751368], [2; 110; 37.24025894398696], [2; 110; 38.214148026248985], [2; 110; 39.28343633843729], [2; 110; 40.465354018966025], [2; 110; 41.78190013995501], [2; 120; 47.19458505191985], [2; 130; 53.11428655865575], [2; 150; 63.92375161164793], [2; 150; 67.00747673975701], [2; 170; 80.10833501686304], [2; 170; 85.20330108640852], [2; 170; 91.64925091665225], [2; 180; 106.10027476684812], [2; 190; 125.65306860836084], [2; 200; 155.55572432225978], [2; 200; 205.25700880922926]];
Intervals[0.0=1.6331042994859046, 3.266301916170476=4.912792708358535, 4.912792708358535=8.233331464751585, 8.233331464751585=9.900643398282401, 9.900643398282401=11.575103564664982, 11.575103564664982=16.642357840365587, 16.642357840365587=21.754857028867093, 21.754857028867093=25.178629745656732, 32.057550245372255=35.51295252305292, 35.51295252305292=42.48911002087522, 42.48911002087522=47.746352613773404, 47.746352613773404=58.36392530163035, 58.36392530163035=70.87559306403118, 70.87559306403118=83.51625305940169, 96.08019394479619=103.37986829479942, 103.37986829479942=118.13791372662924, 118.13791372662924=134.92623107174364, 134.92623107174364=151.90752867314325, 151.90752867314325=170.99894194603888, 170.99894194603888=190.32319239073996, 190.32319239073996=200.0454251608812, 200.0454251608812=209.82909491103723, 209.82909491103723=219.67558228971586, 219.67558228971586=229.586322002578, 229.586322002578=251.68263842916411, 251.68263842916411=274.08587386498664, 274.08587386498664=298.8774518362198, 298.8774518362198=311.36455634453927, 336.52619366972306=349.2032351958937, 349.2032351958937=377.1044652873694, 377.1044652873694=405.465028899752, 405.465028899752=436.53157005303694, 436.53157005303694=468.1554363444833, 468.1554363444833=502.67454261388644, 502.67454261388644=537.8739427658686, 537.8739427658686=578.5935408528494, 578.5935408528494=620.2033689017215, 620.2033689017215=662.7754964432097, 662.7754964432097=706.3926108151709, 706.3926108151709=751.1503786812584, 751.1503786812584=799.8670147929524, 799.8670147929524=850.0493845298882, 850.0493845298882=901.8644448936807, 901.8644448936807=958.495222970464, 958.495222970464=1020.4230722437987, 1020.4230722437987=1085.0165984513123, 1129.4551502858124=1166.6954092297992, 1166.6954092297992=1204.9095572560482, 1204.9095572560482=1244.1929935944854, 1244.1929935944854=1284.6583476134515, 1284.6583476134515=1326.4402477534065, 1326.4402477534065=1373.6348328053264, 1373.6348328053264=1426.7491193639821, 1426.7491193639821=1490.67287097563, 1490.67287097563=1557.6803477153871, 1557.6803477153871=1637.7886827322502, 1637.7886827322502=1722.9919838186588, 1722.9919838186588=1814.6412347353112, 1814.6412347353112=1920.7415095021593, 1920.7415095021593=2046.3945781105201, 2046.3945781105201=2201.95030243278, 2201.95030243278=2407.2073112420094];
