1.1782560788341965
44765.19537278223
52744.863568181114
[1; 20; 4.001567857135492]
[1; 40; 8.068071740981567]
[2; 20; 4.0674450334083545]
[2; 20; 4.101843103317315]
[2; 20; 4.13728134501919]
[2; 20; 4.173814871402646]
[2; 30; 6.317254538544633]
[2; 30; 6.375614717101801]
[2; 40; 8.581208754231268]
[1; 80; 17.328646259059372]
[2; 40; 8.75032506260484]
[2; 50; 11.049238639634245]
[2; 50; 11.164640866452645]
[2; 50; 11.284374910964805]
[2; 50; 11.40872721013023]
[2; 50; 11.538011794389403]
[2; 50; 11.67257382811693]
[2; 60; 14.175352469227015]
[2; 60; 14.35091033719121]
[2; 60; 14.53432157494511]
[2; 60; 14.726208342474507]
[2; 60; 14.92726501331773]
[1; 120; 30.276538811269447]
[2; 70; 17.920112274956747]
[2; 70; 18.192688890520056]
[2; 70; 18.480351550446873]
[2; 70; 18.78459064375685]
[2; 80; 21.836701855383765]
[2; 80; 22.228446234601634]
[2; 90; 25.47668887920398]
[1; 180; 51.95755413873634]
[1; 180; 53.034594999201374]
[2; 90; 27.09703045011026]
[2; 100; 30.804107010561868]
[1; 1040; 328.2264217564159]
[2; 520; 168.40501949773582]
[2; 540; 179.77559612531667]
[1; 1080; 370.368980885901]
[2; 580; 205.37316077056062]
[2; 580; 212.64692721791437]
[2; 620; 236.14561278052]
[2; 620; 246.31047270191314]
[2; 640; 266.5214523275515]
[1; 1320; 579.8596741697667]
[2; 660; 308.3696496485245]
[2; 660; 331.6989721684157]
[2; 660; 362.6670761349127]
[2; 680; 419.2263797945089]
[2; 680; 493.04335096528365]
[2; 700; 669.7091490689231]


Jobs: [[1; 20; 4.001567857135492], [2; 20; 4.0674450334083545], [2; 20; 4.101843103317315], [2; 20; 4.13728134501919], [2; 20; 4.173814871402646], [2; 30; 6.317254538544633], [2; 30; 6.375614717101801], [2; 40; 8.581208754231268], [1; 80; 17.328646259059372], [2; 40; 8.75032506260484], [2; 50; 11.049238639634245], [2; 50; 11.164640866452645], [2; 50; 11.284374910964805], [2; 50; 11.40872721013023], [2; 50; 11.538011794389403], [2; 50; 11.67257382811693], [2; 60; 14.175352469227015], [2; 60; 14.35091033719121], [2; 60; 14.53432157494511], [2; 60; 14.726208342474507], [2; 60; 14.92726501331773], [1; 120; 30.276538811269447], [2; 70; 17.920112274956747], [2; 70; 18.192688890520056], [2; 70; 18.480351550446873], [2; 70; 18.78459064375685], [2; 80; 21.836701855383765], [2; 80; 22.228446234601634], [2; 90; 25.47668887920398], [1; 180; 51.95755413873634], [2; 90; 27.09703045011026], [2; 100; 30.804107010561868], [1; 1040; 328.2264217564159], [2; 520; 168.40501949773582], [2; 540; 179.77559612531667], [1; 1080; 370.368980885901], [2; 580; 205.37316077056062], [2; 580; 212.64692721791437], [2; 620; 236.14561278052], [2; 620; 246.31047270191314], [2; 640; 266.5214523275515], [1; 1320; 579.8596741697667], [2; 660; 308.3696496485245], [2; 660; 331.6989721684157], [2; 660; 362.6670761349127], [2; 680; 419.2263797945089], [2; 680; 493.04335096528365], [2; 700; 669.7091490689231]];
Intervals[0.0=4.001567857135492, 8.068071740981567=12.135516774389922, 12.135516774389922=16.237359877707238, 16.237359877707238=20.374641222726428, 20.374641222726428=24.548456094129072, 24.548456094129072=30.865710632673704, 30.865710632673704=37.24132534977551, 37.24132534977551=45.82253410400678, 45.82253410400678=63.151180363066146, 63.151180363066146=71.90150542567099, 71.90150542567099=82.95074406530523, 82.95074406530523=94.11538493175787, 94.11538493175787=105.39975984272267, 105.39975984272267=116.80848705285291, 116.80848705285291=128.34649884724232, 128.34649884724232=140.01907267535924, 140.01907267535924=154.19442514458626, 154.19442514458626=168.54533548177747, 168.54533548177747=183.07965705672257, 183.07965705672257=197.80586539919707, 197.80586539919707=212.7331304125148, 212.7331304125148=243.00966922378427, 243.00966922378427=260.929781498741, 260.929781498741=279.1224703892611, 279.1224703892611=297.60282193970795, 297.60282193970795=316.3874125834648, 316.3874125834648=338.2241144388486, 338.2241144388486=360.4525606734502, 360.4525606734502=385.9292495526542, 385.9292495526542=437.8868036913905, 438.9638445518556=466.0608750019658, 466.0608750019658=496.8649820125277, 496.8649820125277=825.0914037689436, 825.0914037689436=993.4964232666794, 993.4964232666794=1173.272019391996, 1173.272019391996=1543.641000277897, 1543.641000277897=1749.0141610484577, 1749.0141610484577=1961.6610882663722, 1961.6610882663722=2197.806701046892, 2197.806701046892=2444.1171737488053, 2444.1171737488053=2710.6386260763566, 2710.6386260763566=3290.498300246123, 3290.498300246123=3598.8679498946476, 3598.8679498946476=3930.5669220630634, 3930.5669220630634=4293.233998197976, 4293.233998197976=4712.460377992485, 4712.460377992485=5205.5037289577685, 5205.5037289577685=5875.212878026692];

Jobs: [[1; 40; 8.068071740981567], [2; 20; 4.0674450334083545], [2; 20; 4.101843103317315], [2; 20; 4.13728134501919], [2; 20; 4.173814871402646], [2; 30; 6.317254538544633], [2; 30; 6.375614717101801], [2; 40; 8.581208754231268], [2; 40; 8.75032506260484], [2; 50; 11.049238639634245], [2; 50; 11.164640866452645], [2; 50; 11.284374910964805], [2; 50; 11.40872721013023], [2; 50; 11.538011794389403], [2; 50; 11.67257382811693], [2; 60; 14.175352469227015], [2; 60; 14.35091033719121], [2; 60; 14.53432157494511], [2; 60; 14.726208342474507], [2; 60; 14.92726501331773], [2; 70; 17.920112274956747], [2; 70; 18.192688890520056], [2; 70; 18.480351550446873], [2; 70; 18.78459064375685], [2; 80; 21.836701855383765], [2; 80; 22.228446234601634], [2; 90; 25.47668887920398], [1; 180; 53.034594999201374], [2; 90; 27.09703045011026], [2; 100; 30.804107010561868], [2; 520; 168.40501949773582], [2; 540; 179.77559612531667], [2; 580; 205.37316077056062], [2; 580; 212.64692721791437], [2; 620; 236.14561278052], [2; 620; 246.31047270191314], [2; 640; 266.5214523275515], [2; 660; 308.3696496485245], [2; 660; 331.6989721684157], [2; 660; 362.6670761349127], [2; 680; 419.2263797945089], [2; 680; 493.04335096528365], [2; 700; 669.7091490689231]];
Intervals[0.0=8.068071740981567, 8.068071740981567=12.135516774389922, 12.135516774389922=16.237359877707238, 16.237359877707238=20.374641222726428, 20.374641222726428=24.548456094129072, 24.548456094129072=30.865710632673704, 30.865710632673704=37.24132534977551, 37.24132534977551=45.82253410400678, 63.151180363066146=71.90150542567099, 71.90150542567099=82.95074406530523, 82.95074406530523=94.11538493175787, 94.11538493175787=105.39975984272267, 105.39975984272267=116.80848705285291, 116.80848705285291=128.34649884724232, 128.34649884724232=140.01907267535924, 140.01907267535924=154.19442514458626, 154.19442514458626=168.54533548177747, 168.54533548177747=183.07965705672257, 183.07965705672257=197.80586539919707, 197.80586539919707=212.7331304125148, 243.00966922378427=260.929781498741, 260.929781498741=279.1224703892611, 279.1224703892611=297.60282193970795, 297.60282193970795=316.3874125834648, 316.3874125834648=338.2241144388486, 338.2241144388486=360.4525606734502, 360.4525606734502=385.9292495526542, 385.9292495526542=438.9638445518556, 438.9638445518556=466.0608750019658, 466.0608750019658=496.8649820125277, 825.0914037689436=993.4964232666794, 993.4964232666794=1173.272019391996, 1543.641000277897=1749.0141610484577, 1749.0141610484577=1961.6610882663722, 1961.6610882663722=2197.806701046892, 2197.806701046892=2444.1171737488053, 2444.1171737488053=2710.6386260763566, 3290.498300246123=3598.8679498946476, 3598.8679498946476=3930.5669220630634, 3930.5669220630634=4293.233998197976, 4293.233998197976=4712.460377992485, 4712.460377992485=5205.5037289577685, 5205.5037289577685=5875.212878026692];
