1.1956301954373973
6463.597475333973
7728.072312662227
[2; 10; 0.9226005678764315]
[1; 20; 1.8601727711862077]
[1; 20; 1.8755783890742386]
[1; 20; 1.8914400113007717]
[1; 20; 1.9077812770675835]
[1; 40; 3.8492552000092606]
[1; 40; 3.8840126888686832]
[1; 40; 3.9198940472432184]
[1; 40; 3.956963046673086]
[2; 20; 1.9976443546533431]
[2; 20; 2.0174729406292427]
[1; 40; 4.07601588476418]
[1; 40; 4.118587262303413]
[1; 60; 6.244134942710786]
[2; 30; 3.156472236464304]
[1; 80; 8.512644334394507]
[1; 80; 8.611923027677888]
[2; 40; 4.357688021254547]
[1; 80; 8.82331359396333]
[2; 50; 5.585049751116838]
[2; 50; 5.6587853663436345]
[2; 50; 5.736044666247184]
[1; 100; 11.634253080243845]
[1; 100; 11.804734223863997]
[2; 60; 7.190575166322748]
[1; 120; 14.608544973558194]
[2; 60; 7.424521564974417]
[1; 120; 15.10399492269055]
[1; 140; 17.937449139765846]
[1; 140; 18.274354149524026]
[1; 140; 18.634500534513776]
[2; 70; 9.510389829181204]
[1; 140; 19.436620402031743]
[2; 80; 11.36350056198823]
[1; 160; 23.28486417292926]
[2; 80; 11.946899290010105]
[2; 80; 12.28119118025253]
[1; 160; 25.301388839919966]
[1; 160; 26.12457316983385]
[2; 80; 13.524917736575702]
[1; 160; 28.100995278391604]
[2; 90; 16.487212100895462]
[1; 180; 34.56513278713407]
[2; 90; 18.2307700305647]
[1; 180; 38.780528583556205]
[1; 200; 46.34935696303684]
[1; 200; 50.67662905504327]
[1; 200; 56.856904722174164]
[1; 200; 66.8682129294331]
[1; 200; 88.23313593963331]


Jobs: [[2; 10; 0.9226005678764315], [1; 20; 1.8601727711862077], [1; 20; 1.8914400113007717], [1; 40; 3.8492552000092606], [1; 40; 3.9198940472432184], [2; 20; 1.9976443546533431], [2; 20; 2.0174729406292427], [1; 40; 4.07601588476418], [1; 60; 6.244134942710786], [2; 30; 3.156472236464304], [1; 80; 8.512644334394507], [2; 40; 4.357688021254547], [1; 80; 8.82331359396333], [2; 50; 5.585049751116838], [2; 50; 5.6587853663436345], [2; 50; 5.736044666247184], [1; 100; 11.634253080243845], [2; 60; 7.190575166322748], [1; 120; 14.608544973558194], [2; 60; 7.424521564974417], [1; 120; 15.10399492269055], [1; 140; 18.274354149524026], [2; 70; 9.510389829181204], [1; 140; 19.436620402031743], [2; 80; 11.36350056198823], [1; 160; 23.28486417292926], [2; 80; 11.946899290010105], [2; 80; 12.28119118025253], [1; 160; 25.301388839919966], [2; 80; 13.524917736575702], [1; 160; 28.100995278391604], [2; 90; 16.487212100895462], [1; 180; 34.56513278713407], [2; 90; 18.2307700305647], [1; 180; 38.780528583556205], [1; 200; 50.67662905504327], [1; 200; 66.8682129294331]];
Intervals[4.9E-324=0.9226005678764315, 0.9226005678764315=2.782773339062639, 2.782773339062639=4.674213350363411, 4.674213350363411=8.523468550372671, 8.523468550372671=12.44336259761589, 12.546935969560021=14.544580324213364, 14.544580324213364=16.562053264842607, 16.562053264842607=20.638069149606785, 20.638069149606785=26.882204092317572, 26.882204092317572=30.038676328781875, 30.038676328781875=38.551320663176384, 38.650599356459765=43.00828737771431, 43.00828737771431=51.831600971677645, 51.831600971677645=57.416650722794486, 57.416650722794486=63.07543608913812, 63.07543608913812=68.8114807553853, 68.8114807553853=80.44573383562914, 80.6162149792493=87.80679014557205, 87.80679014557205=102.41533511913025, 102.41533511913025=109.83985668410466, 109.83985668410466=124.9438516067952, 124.9438516067952=143.21820575631924, 146.4118063583843=155.9221961875655, 155.9221961875655=175.35881658959724, 175.35881658959724=186.72231715158546, 186.72231715158546=210.0071813245147, 210.0071813245147=221.9540806145248, 221.9540806145248=234.23527179477733, 234.23527179477733=259.5366606346973, 260.35984496461117=273.8847627011869, 273.8847627011869=301.9857579795785, 301.9857579795785=318.472970080474, 318.472970080474=353.0381028676081, 353.0381028676081=371.2688728981728, 371.2688728981728=410.049401481729, 410.049401481729=460.72603053677227, 460.72603053677227=527.5942434662054];

Jobs: [[2; 10; 0.9226005678764315], [1; 20; 1.8755783890742386], [1; 20; 1.9077812770675835], [1; 40; 3.8840126888686832], [1; 40; 3.956963046673086], [2; 20; 1.9976443546533431], [2; 20; 2.0174729406292427], [1; 40; 4.118587262303413], [2; 30; 3.156472236464304], [1; 80; 8.611923027677888], [2; 40; 4.357688021254547], [2; 50; 5.585049751116838], [2; 50; 5.6587853663436345], [2; 50; 5.736044666247184], [1; 100; 11.804734223863997], [2; 60; 7.190575166322748], [2; 60; 7.424521564974417], [1; 140; 17.937449139765846], [1; 140; 18.634500534513776], [2; 70; 9.510389829181204], [2; 80; 11.36350056198823], [2; 80; 11.946899290010105], [2; 80; 12.28119118025253], [1; 160; 26.12457316983385], [2; 80; 13.524917736575702], [2; 90; 16.487212100895462], [2; 90; 18.2307700305647], [1; 200; 46.34935696303684], [1; 200; 56.856904722174164], [1; 200; 88.23313593963331]];
Intervals[4.9E-324=0.9226005678764315, 0.9226005678764315=2.79817895695067, 2.79817895695067=4.705960234018253, 4.705960234018253=8.589972922886936, 8.589972922886936=12.546935969560021, 12.546935969560021=14.544580324213364, 14.544580324213364=16.562053264842607, 16.562053264842607=20.68064052714602, 26.882204092317572=30.038676328781875, 30.038676328781875=38.650599356459765, 38.650599356459765=43.00828737771431, 51.831600971677645=57.416650722794486, 57.416650722794486=63.07543608913812, 63.07543608913812=68.8114807553853, 68.8114807553853=80.6162149792493, 80.6162149792493=87.80679014557205, 102.41533511913025=109.83985668410466, 109.83985668410466=127.7773058238705, 127.7773058238705=146.4118063583843, 146.4118063583843=155.9221961875655, 175.35881658959724=186.72231715158546, 210.0071813245147=221.9540806145248, 221.9540806145248=234.23527179477733, 234.23527179477733=260.35984496461117, 260.35984496461117=273.8847627011869, 301.9857579795785=318.472970080474, 353.0381028676081=371.2688728981728, 371.2688728981728=417.6182298612096, 417.6182298612096=474.4751345833838, 474.4751345833838=562.7082705230171];
