1.1279029251900106
186310.28985191436
210139.92091697294
[2; 10; 3.539311059213828]
[2; 10; 3.568028402725615]
[2; 20; 7.19515635043702]
[2; 20; 7.2560052344699635]
[1; 40; 14.637388286088152]
[2; 30; 11.074980853160877]
[2; 30; 11.174984231378339]
[2; 30; 11.278221178874686]
[2; 40; 15.179833570042028]
[2; 40; 15.326859754865456]
[2; 50; 19.348742400162056]
[2; 60; 23.454822055359845]
[2; 60; 23.699792662213117]
[2; 70; 27.946285097459818]
[1; 180; 72.65378420696442]
[1; 200; 81.64122504613428]
[2; 100; 41.29668281463837]
[2; 520; 217.32240501703455]
[2; 520; 220.01388363588842]
[1; 1040; 445.65152461853177]
[1; 1080; 468.9018956255371]
[1; 1080; 475.30380519343504]
[2; 540; 241.01123166642046]
[1; 1080; 489.0857221628494]
[2; 560; 257.45742583267247]
[2; 560; 261.5283407138437]
[2; 580; 275.32790598583483]
[1; 1160; 560.1103394598865]
[1; 1160; 570.1585637145548]
[2; 580; 290.4337019583528]
[2; 600; 306.36982392624896]
[1; 1240; 646.2893206303304]
[1; 1240; 660.4187851708814]
[2; 620; 337.846057908085]
[1; 1280; 714.6093783074998]
[1; 1320; 756.2130407997026]
[2; 660; 388.6864993842849]
[2; 680; 412.51363366060207]
[1; 1360; 851.8696482872222]
[2; 680; 441.0202930578112]
[1; 1360; 916.3167875969779]
[1; 1360; 955.7595351452931]
[2; 680; 500.9330116380369]
[2; 700; 543.9582386723202]
[2; 700; 578.5544984585433]
[1; 1400; 1244.648639714342]
[1; 1400; 1360.851618048753]
[2; 700; 763.4072375292922]
[1; 1400; 1795.6544754034226]
[2; 700; 1184.6901426547838]


Jobs: [[2; 10; 3.539311059213828], [2; 10; 3.568028402725615], [2; 20; 7.19515635043702], [2; 20; 7.2560052344699635], [1; 40; 14.637388286088152], [2; 30; 11.074980853160877], [2; 30; 11.174984231378339], [2; 30; 11.278221178874686], [2; 40; 15.179833570042028], [2; 40; 15.326859754865456], [2; 50; 19.348742400162056], [2; 60; 23.454822055359845], [2; 60; 23.699792662213117], [2; 70; 27.946285097459818], [1; 180; 72.65378420696442], [2; 100; 41.29668281463837], [2; 520; 217.32240501703455], [2; 520; 220.01388363588842], [1; 1040; 445.65152461853177], [1; 1080; 475.30380519343504], [2; 540; 241.01123166642046], [1; 1080; 489.0857221628494], [2; 560; 257.45742583267247], [2; 560; 261.5283407138437], [2; 580; 275.32790598583483], [1; 1160; 560.1103394598865], [2; 580; 290.4337019583528], [2; 600; 306.36982392624896], [1; 1240; 646.2893206303304], [2; 620; 337.846057908085], [1; 1280; 714.6093783074998], [2; 660; 388.6864993842849], [2; 680; 412.51363366060207], [1; 1360; 851.8696482872222], [2; 680; 441.0202930578112], [1; 1360; 916.3167875969779], [2; 680; 500.9330116380369], [2; 700; 543.9582386723202], [2; 700; 578.5544984585433], [1; 1400; 1244.648639714342], [2; 700; 763.4072375292922], [1; 1400; 1795.6544754034226], [2; 700; 1184.6901426547838]];
Intervals[4.9E-324=3.539311059213828, 3.539311059213828=7.107339461939443, 7.107339461939443=14.302495812376463, 14.302495812376463=21.558501046846427, 21.558501046846427=36.19588933293458, 36.19588933293458=47.27087018609545, 47.27087018609545=58.44585441747379, 58.44585441747379=69.72407559634847, 69.72407559634847=84.90390916639049, 84.90390916639049=100.23076892125594, 100.23076892125594=119.579511321418, 119.579511321418=143.03433337677785, 143.03433337677785=166.73412603899098, 166.73412603899098=194.6804111364508, 194.6804111364508=267.3341953434152, 276.32163618258505=317.6183189972234, 317.6183189972234=534.940724014258, 534.940724014258=754.9546076501464, 754.9546076501464=1200.6061322686783, 1200.6061322686783=1675.9099374621132, 1675.9099374621132=1916.9211691285336, 1916.9211691285336=2406.006891291383, 2406.006891291383=2663.4643171240555, 2663.4643171240555=2924.992657837899, 2924.992657837899=3200.320563823734, 3200.320563823734=3760.430903283621, 3770.479127538289=4060.9128294966417, 4060.9128294966417=4367.282653422891, 4367.282653422891=5013.571974053221, 5027.701438593772=5365.547496501857, 5365.547496501857=6080.156874809356, 6121.760537301559=6510.447036685844, 6510.447036685844=6922.960670346446, 6922.960670346446=7774.830318633668, 7774.830318633668=8215.85061169148, 8215.85061169148=9132.167399288457, 9171.610146836772=9672.54315847481, 9672.54315847481=10216.501397147129, 10216.501397147129=10795.055895605672, 10795.055895605672=12039.704535320014, 12155.907513654425=12919.314751183718, 12919.314751183718=14714.96922658714, 14714.96922658714=15899.659369241923];

Jobs: [[2; 10; 3.539311059213828], [2; 10; 3.568028402725615], [2; 20; 7.19515635043702], [2; 20; 7.2560052344699635], [2; 30; 11.074980853160877], [2; 30; 11.174984231378339], [2; 30; 11.278221178874686], [2; 40; 15.179833570042028], [2; 40; 15.326859754865456], [2; 50; 19.348742400162056], [2; 60; 23.454822055359845], [2; 60; 23.699792662213117], [2; 70; 27.946285097459818], [1; 200; 81.64122504613428], [2; 100; 41.29668281463837], [2; 520; 217.32240501703455], [2; 520; 220.01388363588842], [1; 1080; 468.9018956255371], [2; 540; 241.01123166642046], [2; 560; 257.45742583267247], [2; 560; 261.5283407138437], [2; 580; 275.32790598583483], [1; 1160; 570.1585637145548], [2; 580; 290.4337019583528], [2; 600; 306.36982392624896], [1; 1240; 660.4187851708814], [2; 620; 337.846057908085], [1; 1320; 756.2130407997026], [2; 660; 388.6864993842849], [2; 680; 412.51363366060207], [2; 680; 441.0202930578112], [1; 1360; 955.7595351452931], [2; 680; 500.9330116380369], [2; 700; 543.9582386723202], [2; 700; 578.5544984585433], [1; 1400; 1360.851618048753], [2; 700; 763.4072375292922], [2; 700; 1184.6901426547838]];
Intervals[4.9E-324=3.539311059213828, 3.539311059213828=7.107339461939443, 7.107339461939443=14.302495812376463, 14.302495812376463=21.558501046846427, 36.19588933293458=47.27087018609545, 47.27087018609545=58.44585441747379, 58.44585441747379=69.72407559634847, 69.72407559634847=84.90390916639049, 84.90390916639049=100.23076892125594, 100.23076892125594=119.579511321418, 119.579511321418=143.03433337677785, 143.03433337677785=166.73412603899098, 166.73412603899098=194.6804111364508, 194.6804111364508=276.32163618258505, 276.32163618258505=317.6183189972234, 317.6183189972234=534.940724014258, 534.940724014258=754.9546076501464, 754.9546076501464=1223.8565032756835, 1675.9099374621132=1916.9211691285336, 2406.006891291383=2663.4643171240555, 2663.4643171240555=2924.992657837899, 2924.992657837899=3200.320563823734, 3200.320563823734=3770.479127538289, 3770.479127538289=4060.9128294966417, 4060.9128294966417=4367.282653422891, 4367.282653422891=5027.701438593772, 5027.701438593772=5365.547496501857, 5365.547496501857=6121.760537301559, 6121.760537301559=6510.447036685844, 6510.447036685844=6922.960670346446, 7774.830318633668=8215.85061169148, 8215.85061169148=9171.610146836772, 9171.610146836772=9672.54315847481, 9672.54315847481=10216.501397147129, 10216.501397147129=10795.055895605672, 10795.055895605672=12155.907513654425, 12155.907513654425=12919.314751183718, 14714.96922658714=15899.659369241923];
