1.16471450601753
1513893.9815820379
1763254.2809212347
[1; 20; 12.401670229350085]
[2; 10; 6.22581347941525]
[2; 10; 6.251147593309693]
[2; 30; 18.83053869424827]
[1; 60; 37.81751087168702]
[2; 30; 18.988121231736766]
[1; 80; 50.84977420454413]
[2; 40; 25.53389070836515]
[1; 80; 51.2890953934236]
[2; 40; 25.756901530590163]
[1; 80; 51.74199461962561]
[2; 50; 32.483602314206145]
[1; 140; 91.36611321240942]
[1; 140; 91.78474757890721]
[2; 70; 46.105086670738025]
[1; 140; 92.64258158717519]
[1; 140; 93.08217111024916]
[1; 160; 106.8904557934234]
[1; 160; 107.40997733810957]
[1; 160; 107.93844529430237]
[2; 80; 54.23806352929128]
[2; 90; 61.32560708958423]
[2; 90; 61.638896006629544]
[1; 180; 123.91571818405887]
[2; 100; 69.20297203406035]
[1; 200; 139.1411772594628]
[1; 1040; 727.4293748947151]
[1; 1040; 731.3990274271043]
[2; 520; 367.72277455729267]
[1; 1040; 739.5715275033064]
[2; 520; 371.88983764466803]
[1; 1040; 748.0728382651236]
[1; 1040; 752.4540038942697]
[1; 1040; 756.9263105743667]
[1; 1040; 761.4930576543289]
[1; 1040; 766.1577162801706]
[1; 1080; 800.574861965218]
[2; 540; 402.81693747344093]
[2; 540; 405.40328854487]
[1; 1080; 816.0974197167402]
[1; 1080; 821.5111051523037]
[2; 540; 413.52630267388184]
[1; 1080; 832.727182232122]
[1; 1120; 869.5974622023747]
[1; 1120; 875.7759105105298]
[1; 1160; 913.6147377682511]
[2; 580; 460.1725119752659]
[2; 580; 463.6260490022401]
[1; 1160; 934.344073059702]
[2; 580; 470.8148000008142]
[1; 1200; 981.846118465448]
[2; 600; 494.90632204686483]
[1; 1200; 998.0100952186191]
[2; 600; 503.2250949293358]
[2; 600; 507.57275331006036]
[2; 600; 512.0547841482339]
[1; 1200; 1033.3569356601095]
[1; 1200; 1042.9033129527213]
[2; 600; 526.3828334223855]
[1; 1200; 1062.9623609517967]
[1; 1240; 1109.297085324491]
[2; 620; 560.2940750341598]
[1; 1240; 1132.2919761944313]
[2; 620; 572.2175626109018]
[1; 1240; 1157.0466469223738]
[2; 620; 585.0791947674535]
[2; 620; 591.9026794147699]
[2; 620; 599.0130677072948]
[1; 1240; 1212.8633618296192]
[2; 640; 633.9944844898397]
[2; 640; 642.3646826881469]
[1; 1280; 1302.2697534470005]
[1; 1280; 1320.67799083769]
[2; 640; 670.0151943410733]
[1; 1280; 1360.4131263846002]
[1; 1280; 1381.9239685086068]
[1; 1280; 1404.6743633836559]
[1; 1280; 1428.792028342194]
[2; 660; 749.9374581905531]
[1; 1320; 1528.045888150954]
[1; 1320; 1558.1602329980112]
[1; 1320; 1590.4597179508532]
[2; 680; 837.2402407646616]
[2; 680; 856.6028744659898]
[2; 680; 877.6292777597879]
[1; 1360; 1801.161220867276]
[2; 680; 925.7801862624289]
[2; 680; 953.6340624101252]
[1; 1360; 1969.3213679536516]
[2; 700; 1049.5210394956757]
[1; 1400; 2180.6111024012553]
[1; 1400; 2274.475248924887]
[1; 1400; 2384.1974773851744]
[2; 700; 1257.5029346868453]
[2; 700; 1337.4813137560727]
[1; 1400; 2877.333599937658]
[1; 1400; 3145.967432254517]
[2; 700; 1764.8171740120613]
[2; 700; 2075.5644569468614]
[2; 700; 2738.72372026043]


Jobs: [[1; 20; 12.401670229350085], [2; 10; 6.22581347941525], [2; 10; 6.251147593309693], [2; 30; 18.83053869424827], [1; 60; 37.81751087168702], [2; 30; 18.988121231736766], [1; 80; 50.84977420454413], [2; 40; 25.53389070836515], [1; 80; 51.2890953934236], [2; 40; 25.756901530590163], [1; 80; 51.74199461962561], [2; 50; 32.483602314206145], [1; 140; 91.36611321240942], [2; 70; 46.105086670738025], [1; 140; 92.64258158717519], [1; 160; 106.8904557934234], [1; 160; 107.93844529430237], [2; 80; 54.23806352929128], [2; 90; 61.32560708958423], [2; 90; 61.638896006629544], [1; 180; 123.91571818405887], [2; 100; 69.20297203406035], [1; 200; 139.1411772594628], [1; 1040; 731.3990274271043], [2; 520; 367.72277455729267], [1; 1040; 739.5715275033064], [2; 520; 371.88983764466803], [1; 1040; 748.0728382651236], [1; 1040; 756.9263105743667], [1; 1040; 766.1577162801706], [2; 540; 402.81693747344093], [2; 540; 405.40328854487], [1; 1080; 816.0974197167402], [2; 540; 413.52630267388184], [1; 1080; 832.727182232122], [1; 1120; 875.7759105105298], [2; 580; 460.1725119752659], [2; 580; 463.6260490022401], [1; 1160; 934.344073059702], [2; 580; 470.8148000008142], [1; 1200; 981.846118465448], [2; 600; 494.90632204686483], [1; 1200; 998.0100952186191], [2; 600; 503.2250949293358], [2; 600; 507.57275331006036], [2; 600; 512.0547841482339], [1; 1200; 1033.3569356601095], [2; 600; 526.3828334223855], [1; 1200; 1062.9623609517967], [2; 620; 560.2940750341598], [1; 1240; 1132.2919761944313], [2; 620; 572.2175626109018], [1; 1240; 1157.0466469223738], [2; 620; 585.0791947674535], [2; 620; 591.9026794147699], [2; 620; 599.0130677072948], [1; 1240; 1212.8633618296192], [2; 640; 633.9944844898397], [2; 640; 642.3646826881469], [1; 1280; 1302.2697534470005], [2; 640; 670.0151943410733], [1; 1280; 1360.4131263846002], [1; 1280; 1404.6743633836559], [2; 660; 749.9374581905531], [1; 1320; 1528.045888150954], [1; 1320; 1590.4597179508532], [2; 680; 837.2402407646616], [2; 680; 856.6028744659898], [2; 680; 877.6292777597879], [1; 1360; 1801.161220867276], [2; 680; 925.7801862624289], [2; 680; 953.6340624101252], [1; 1360; 1969.3213679536516], [2; 700; 1049.5210394956757], [1; 1400; 2180.6111024012553], [1; 1400; 2384.1974773851744], [2; 700; 1257.5029346868453], [2; 700; 1337.4813137560727], [1; 1400; 2877.333599937658], [2; 700; 1764.8171740120613], [2; 700; 2075.5644569468614], [2; 700; 2738.72372026043]];
Intervals[0.0=12.401670229350085, 12.401670229350085=18.627483708765336, 18.627483708765336=24.87863130207503, 24.87863130207503=43.7091699963233, 43.7091699963233=81.52668086801032, 81.52668086801032=100.51480209974709, 100.51480209974709=151.36457630429123, 151.36457630429123=176.8984670126564, 176.8984670126564=228.18756240608, 228.18756240608=253.94446393667016, 253.94446393667016=305.68645855629575, 305.68645855629575=338.1700608705019, 338.1700608705019=429.5361740829113, 429.95480844940914=476.0598951201472, 476.0598951201472=568.7024767073224, 568.7024767073224=675.5929325007457, 675.5929325007457=783.5313777950481, 783.5313777950481=837.7694413243394, 837.7694413243394=899.0950484139236, 899.0950484139236=960.7339444205531, 960.7339444205531=1084.649662604612, 1084.649662604612=1153.8526346386725, 1153.8526346386725=1292.9938118981354, 1292.9938118981354=2024.3928393252397, 2024.3928393252397=2392.115613882532, 2392.115613882532=3131.6871413858385, 3131.6871413858385=3503.5769790305067, 3503.5769790305067=4251.64981729563, 4251.64981729563=5008.5761278699965, 5008.5761278699965=5774.733844150167, 5818.098902544323=6220.915840017764, 6220.915840017764=6626.3191285626335, 6626.3191285626335=7442.416548279374, 7447.830233714937=7861.356536388819, 7861.356536388819=8694.083718620941, 8694.083718620941=9569.859629131472, 9644.568736359446=10104.741248334713, 10104.741248334713=10568.367297336952, 10568.367297336952=11502.711370396653, 11502.711370396653=11973.526170397468, 11973.526170397468=12955.372288862916, 12955.372288862916=13450.278610909781, 13450.278610909781=14448.2887061284, 14448.2887061284=14951.513801057736, 14951.513801057736=15459.086554367796, 15459.086554367796=15971.14133851603, 15971.14133851603=17004.49827417614, 17014.04465146875=17540.427484891137, 17540.427484891137=18603.389845842932, 18649.72457021563=19210.018645249787, 19210.018645249787=20342.31062144422, 20342.31062144422=20914.52818405512, 20914.52818405512=22071.574830977494, 22071.574830977494=22656.65402574495, 22656.65402574495=23248.556705159717, 23248.556705159717=23847.569772867013, 23847.569772867013=25060.433134696632, 25060.433134696632=25694.42761918647, 25694.42761918647=26336.79230187462, 26336.79230187462=27639.062055321618, 27657.470292712307=28327.48548705338, 28327.48548705338=29687.89861343798, 29687.89861343798=31092.572976821637, 31138.201483904184=31888.138942094738, 31888.138942094738=33416.18483024569, 33416.18483024569=35006.64454819655, 35006.64454819655=35843.88478896121, 35843.88478896121=36700.4876634272, 36700.4876634272=37578.116941186985, 37578.116941186985=39379.27816205426, 39379.27816205426=40305.058348316685, 40305.058348316685=41258.69241072681, 41258.69241072681=43228.01377868046, 43228.01377868046=44277.53481817614, 44277.53481817614=46458.14592057739, 46458.14592057739=48842.34339796257, 48842.34339796257=50099.84633264942, 50099.84633264942=51437.32764640549, 51437.32764640549=54314.661246343145, 54583.295078660005=56348.112252672065, 56348.112252672065=58423.67670961893, 58423.67670961893=61162.40042987936];

Jobs: [[2; 10; 6.22581347941525], [2; 10; 6.251147593309693], [2; 30; 18.83053869424827], [2; 30; 18.988121231736766], [2; 40; 25.53389070836515], [2; 40; 25.756901530590163], [2; 50; 32.483602314206145], [1; 140; 91.78474757890721], [2; 70; 46.105086670738025], [1; 140; 93.08217111024916], [1; 160; 107.40997733810957], [2; 80; 54.23806352929128], [2; 90; 61.32560708958423], [2; 90; 61.638896006629544], [2; 100; 69.20297203406035], [1; 1040; 727.4293748947151], [2; 520; 367.72277455729267], [2; 520; 371.88983764466803], [1; 1040; 752.4540038942697], [1; 1040; 761.4930576543289], [1; 1080; 800.574861965218], [2; 540; 402.81693747344093], [2; 540; 405.40328854487], [1; 1080; 821.5111051523037], [2; 540; 413.52630267388184], [1; 1120; 869.5974622023747], [1; 1160; 913.6147377682511], [2; 580; 460.1725119752659], [2; 580; 463.6260490022401], [2; 580; 470.8148000008142], [2; 600; 494.90632204686483], [2; 600; 503.2250949293358], [2; 600; 507.57275331006036], [2; 600; 512.0547841482339], [1; 1200; 1042.9033129527213], [2; 600; 526.3828334223855], [1; 1240; 1109.297085324491], [2; 620; 560.2940750341598], [2; 620; 572.2175626109018], [2; 620; 585.0791947674535], [2; 620; 591.9026794147699], [2; 620; 599.0130677072948], [2; 640; 633.9944844898397], [2; 640; 642.3646826881469], [1; 1280; 1320.67799083769], [2; 640; 670.0151943410733], [1; 1280; 1381.9239685086068], [1; 1280; 1428.792028342194], [2; 660; 749.9374581905531], [1; 1320; 1558.1602329980112], [2; 680; 837.2402407646616], [2; 680; 856.6028744659898], [2; 680; 877.6292777597879], [2; 680; 925.7801862624289], [2; 680; 953.6340624101252], [2; 700; 1049.5210394956757], [1; 1400; 2274.475248924887], [2; 700; 1257.5029346868453], [2; 700; 1337.4813137560727], [1; 1400; 3145.967432254517], [2; 700; 1764.8171740120613], [2; 700; 2075.5644569468614], [2; 700; 2738.72372026043]];
Intervals[12.401670229350085=18.627483708765336, 18.627483708765336=24.87863130207503, 24.87863130207503=43.7091699963233, 81.52668086801032=100.51480209974709, 151.36457630429123=176.8984670126564, 228.18756240608=253.94446393667016, 305.68645855629575=338.1700608705019, 338.1700608705019=429.95480844940914, 429.95480844940914=476.0598951201472, 476.0598951201472=569.1420662303964, 569.1420662303964=676.552043568506, 783.5313777950481=837.7694413243394, 837.7694413243394=899.0950484139236, 899.0950484139236=960.7339444205531, 1084.649662604612=1153.8526346386725, 1153.8526346386725=1881.2820095333877, 2024.3928393252397=2392.115613882532, 3131.6871413858385=3503.5769790305067, 3503.5769790305067=4256.030982924776, 4256.030982924776=5017.5240405791055, 5017.5240405791055=5818.098902544323, 5818.098902544323=6220.915840017764, 6220.915840017764=6626.3191285626335, 6626.3191285626335=7447.830233714937, 7447.830233714937=7861.356536388819, 7861.356536388819=8730.953998591194, 8730.953998591194=9644.568736359446, 9644.568736359446=10104.741248334713, 10104.741248334713=10568.367297336952, 11502.711370396653=11973.526170397468, 12955.372288862916=13450.278610909781, 14448.2887061284=14951.513801057736, 14951.513801057736=15459.086554367796, 15459.086554367796=15971.14133851603, 15971.14133851603=17014.04465146875, 17014.04465146875=17540.427484891137, 17540.427484891137=18649.72457021563, 18649.72457021563=19210.018645249787, 20342.31062144422=20914.52818405512, 22071.574830977494=22656.65402574495, 22656.65402574495=23248.556705159717, 23248.556705159717=23847.569772867013, 25060.433134696632=25694.42761918647, 25694.42761918647=26336.79230187462, 26336.79230187462=27657.470292712307, 27657.470292712307=28327.48548705338, 28327.48548705338=29709.40945556199, 29709.40945556199=31138.201483904184, 31138.201483904184=31888.138942094738, 31888.138942094738=33446.29917509275, 35006.64454819655=35843.88478896121, 35843.88478896121=36700.4876634272, 36700.4876634272=37578.116941186985, 39379.27816205426=40305.058348316685, 40305.058348316685=41258.69241072681, 43228.01377868046=44277.53481817614, 44277.53481817614=46552.01006710102, 48842.34339796257=50099.84633264942, 50099.84633264942=51437.32764640549, 51437.32764640549=54583.295078660005, 54583.295078660005=56348.112252672065, 56348.112252672065=58423.67670961893, 58423.67670961893=61162.40042987936];
