0.9999999999999992
8168.975950036367
8168.975950036361
[2; 10; 1.013190347114669]
[2; 10; 1.0214111942665953]
[2; 10; 1.0298703389273323]
[2; 10; 1.0385798731987523]
[2; 10; 1.0475527772436082]
[2; 10; 1.056803005553937]
[2; 20; 2.1326911674737374]
[2; 20; 2.152393434745326]
[2; 20; 2.17274782954371]
[2; 20; 2.1937922515716064]
[2; 30; 3.323351697661813]
[2; 30; 3.357178685653795]
[2; 40; 4.522989691541301]
[2; 40; 4.5714960300373555]
[2; 40; 4.621873303607768]
[2; 40; 4.674248731431558]
[2; 50; 5.910952681980698]
[2; 50; 5.981959572487055]
[2; 60; 7.2672534091968695]
[2; 60; 7.360132251830131]
[2; 60; 7.457303074638067]
[2; 60; 7.559117506078041]
[2; 70; 8.943631002468305]
[2; 70; 9.074685435520529]
[2; 70; 9.212717329816893]
[2; 70; 9.358388746955784]
[2; 70; 9.512454414994837]
[2; 70; 9.675779235675394]
[2; 80; 11.256411466868304]
[2; 80; 11.467831796790247]
[2; 80; 11.693836947587439]
[2; 80; 11.936241356665997]
[2; 80; 12.197196773401]
[2; 80; 12.479278118524457]
[2; 90; 14.38379754453983]
[2; 90; 14.759955600023936]
[2; 90; 15.172960961302248]
[2; 90; 15.629468652524478]
[2; 90; 16.13797566615287]
[2; 90; 16.70953947462838]
[2; 90; 17.35887415458373]
[2; 90; 18.106084835725774]
[2; 90; 18.979534646976035]
[2; 90; 20.020842018286615]
[2; 100; 23.660207283721313]
[2; 100; 25.45019085453819]
[2; 100; 27.826273454970124]
[2; 100; 31.21983068139672]
[2; 100; 36.71698795116288]
[2; 100; 48.44835606131245]


Jobs: [[2; 10; 1.013190347114669], [2; 10; 1.0214111942665953], [2; 10; 1.0298703389273323], [2; 10; 1.0385798731987523], [2; 10; 1.0475527772436082], [2; 10; 1.056803005553937], [2; 20; 2.1326911674737374], [2; 20; 2.152393434745326], [2; 20; 2.17274782954371], [2; 20; 2.1937922515716064], [2; 30; 3.323351697661813], [2; 30; 3.357178685653795], [2; 40; 4.522989691541301], [2; 40; 4.5714960300373555], [2; 40; 4.621873303607768], [2; 40; 4.674248731431558], [2; 50; 5.910952681980698], [2; 50; 5.981959572487055], [2; 60; 7.2672534091968695], [2; 60; 7.360132251830131], [2; 60; 7.457303074638067], [2; 60; 7.559117506078041], [2; 70; 8.943631002468305], [2; 70; 9.074685435520529], [2; 70; 9.212717329816893], [2; 70; 9.358388746955784], [2; 70; 9.512454414994837], [2; 70; 9.675779235675394], [2; 80; 11.256411466868304], [2; 80; 11.467831796790247], [2; 80; 11.693836947587439], [2; 80; 11.936241356665997], [2; 80; 12.197196773401], [2; 80; 12.479278118524457], [2; 90; 14.38379754453983], [2; 90; 14.759955600023936], [2; 90; 15.172960961302248], [2; 90; 15.629468652524478], [2; 90; 16.13797566615287], [2; 90; 16.70953947462838], [2; 90; 17.35887415458373], [2; 90; 18.106084835725774], [2; 90; 18.979534646976035], [2; 90; 20.020842018286615], [2; 100; 23.660207283721313], [2; 100; 25.45019085453819], [2; 100; 27.826273454970124], [2; 100; 31.21983068139672], [2; 100; 36.71698795116288], [2; 100; 48.44835606131245]];
Intervals[4.9E-324=1.013190347114669, 1.013190347114669=2.0346015413812646, 2.0346015413812646=3.064471880308597, 3.064471880308597=4.10305175350735, 4.10305175350735=5.150604530750957, 5.150604530750957=6.207407536304895, 6.207407536304895=8.340098703778633, 8.340098703778633=10.492492138523959, 10.492492138523959=12.665239968067668, 12.665239968067668=14.859032219639275, 14.859032219639275=18.182383917301088, 18.182383917301088=21.539562602954884, 21.539562602954884=26.062552294496186, 26.062552294496186=30.63404832453354, 30.63404832453354=35.25592162814131, 35.25592162814131=39.93017035957287, 39.93017035957287=45.841123041553566, 45.841123041553566=51.82308261404062, 51.82308261404062=59.09033602323749, 59.09033602323749=66.45046827506762, 66.45046827506762=73.90777134970568, 73.90777134970568=81.46688885578372, 81.46688885578372=90.41051985825203, 90.41051985825203=99.48520529377257, 99.48520529377257=108.69792262358946, 108.69792262358946=118.05631137054525, 118.05631137054525=127.56876578554008, 127.56876578554008=137.2445450212155, 137.2445450212155=148.5009564880838, 148.5009564880838=159.96878828487405, 159.96878828487405=171.6626252324615, 171.6626252324615=183.59886658912748, 183.59886658912748=195.79606336252849, 195.79606336252849=208.27534148105295, 208.27534148105295=222.65913902559276, 222.65913902559276=237.4190946256167, 237.4190946256167=252.59205558691895, 252.59205558691895=268.2215242394434, 268.2215242394434=284.3594999055963, 284.3594999055963=301.0690393802247, 301.0690393802247=318.42791353480845, 318.42791353480845=336.5339983705342, 336.5339983705342=355.51353301751027, 355.51353301751027=375.53437503579687, 375.53437503579687=399.1945823195182, 399.1945823195182=424.64477317405635, 424.64477317405635=452.4710466290265, 452.4710466290265=483.6908773104232, 483.6908773104232=520.407865261586, 520.407865261586=568.8562213228985];

Jobs: [[2; 10; 1.013190347114669], [2; 10; 1.0214111942665953], [2; 10; 1.0298703389273323], [2; 10; 1.0385798731987523], [2; 10; 1.0475527772436082], [2; 10; 1.056803005553937], [2; 20; 2.1326911674737374], [2; 20; 2.152393434745326], [2; 20; 2.17274782954371], [2; 20; 2.1937922515716064], [2; 30; 3.323351697661813], [2; 30; 3.357178685653795], [2; 40; 4.522989691541301], [2; 40; 4.5714960300373555], [2; 40; 4.621873303607768], [2; 40; 4.674248731431558], [2; 50; 5.910952681980698], [2; 50; 5.981959572487055], [2; 60; 7.2672534091968695], [2; 60; 7.360132251830131], [2; 60; 7.457303074638067], [2; 60; 7.559117506078041], [2; 70; 8.943631002468305], [2; 70; 9.074685435520529], [2; 70; 9.212717329816893], [2; 70; 9.358388746955784], [2; 70; 9.512454414994837], [2; 70; 9.675779235675394], [2; 80; 11.256411466868304], [2; 80; 11.467831796790247], [2; 80; 11.693836947587439], [2; 80; 11.936241356665997], [2; 80; 12.197196773401], [2; 80; 12.479278118524457], [2; 90; 14.38379754453983], [2; 90; 14.759955600023936], [2; 90; 15.172960961302248], [2; 90; 15.629468652524478], [2; 90; 16.13797566615287], [2; 90; 16.70953947462838], [2; 90; 17.35887415458373], [2; 90; 18.106084835725774], [2; 90; 18.979534646976035], [2; 90; 20.020842018286615], [2; 100; 23.660207283721313], [2; 100; 25.45019085453819], [2; 100; 27.826273454970124], [2; 100; 31.21983068139672], [2; 100; 36.71698795116288], [2; 100; 48.44835606131245]];
Intervals[4.9E-324=1.013190347114669, 1.013190347114669=2.0346015413812646, 2.0346015413812646=3.064471880308597, 3.064471880308597=4.10305175350735, 4.10305175350735=5.150604530750957, 5.150604530750957=6.207407536304895, 6.207407536304895=8.340098703778633, 8.340098703778633=10.492492138523959, 10.492492138523959=12.665239968067668, 12.665239968067668=14.859032219639275, 14.859032219639275=18.182383917301088, 18.182383917301088=21.539562602954884, 21.539562602954884=26.062552294496186, 26.062552294496186=30.63404832453354, 30.63404832453354=35.25592162814131, 35.25592162814131=39.93017035957287, 39.93017035957287=45.841123041553566, 45.841123041553566=51.82308261404062, 51.82308261404062=59.09033602323749, 59.09033602323749=66.45046827506762, 66.45046827506762=73.90777134970568, 73.90777134970568=81.46688885578372, 81.46688885578372=90.41051985825203, 90.41051985825203=99.48520529377257, 99.48520529377257=108.69792262358946, 108.69792262358946=118.05631137054525, 118.05631137054525=127.56876578554008, 127.56876578554008=137.2445450212155, 137.2445450212155=148.5009564880838, 148.5009564880838=159.96878828487405, 159.96878828487405=171.6626252324615, 171.6626252324615=183.59886658912748, 183.59886658912748=195.79606336252849, 195.79606336252849=208.27534148105295, 208.27534148105295=222.65913902559276, 222.65913902559276=237.4190946256167, 237.4190946256167=252.59205558691895, 252.59205558691895=268.2215242394434, 268.2215242394434=284.3594999055963, 284.3594999055963=301.0690393802247, 301.0690393802247=318.42791353480845, 318.42791353480845=336.5339983705342, 336.5339983705342=355.51353301751027, 355.51353301751027=375.53437503579687, 375.53437503579687=399.1945823195182, 399.1945823195182=424.64477317405635, 424.64477317405635=452.4710466290265, 452.4710466290265=483.6908773104232, 483.6908773104232=520.407865261586, 520.407865261586=568.8562213228985];
