1.17332357890092
40630.56616445704
47672.80130485136
[1; 20; 2.9173137808279384]
[1; 20; 2.92906537981929]
[2; 10; 1.4704921742551011]
[2; 10; 1.4765374076559115]
[1; 20; 2.965341054397761]
[2; 10; 1.488893746217069]
[2; 10; 1.4952093578475163]
[2; 10; 1.5016197387948889]
[2; 10; 1.5081273533153225]
[1; 20; 3.029469514871816]
[1; 20; 3.042889206853013]
[2; 20; 3.056519289083986]
[2; 20; 3.0703654801090434]
[2; 20; 3.0844337211941593]
[2; 20; 3.09873018768282]
[2; 20; 3.1132613010708066]
[1; 40; 6.256067483708943]
[1; 40; 6.286108926423922]
[2; 20; 3.1583307055821535]
[2; 20; 3.173870012211984]
[2; 20; 3.189680245749341]
[1; 40; 6.411539211931858]
[2; 30; 4.833219973053691]
[1; 60; 9.716460918412135]
[2; 30; 4.883699862735213]
[2; 30; 4.909642810921517]
[1; 60; 9.872149200844206]
[2; 30; 4.963011237453656]
[2; 30; 4.990469480976641]
[1; 60; 10.036933778300652]
[1; 60; 10.094043738712825]
[1; 60; 10.152307464241709]
[2; 30; 5.105882749299189]
[1; 60; 10.272460433861667]
[2; 30; 5.167218523213098]
[2; 30; 5.198871222096738]
[2; 40; 6.974950817416807]
[2; 40; 7.019027103605906]
[2; 40; 7.064093898422593]
[2; 40; 7.110189983697403]
[1; 80; 14.314712656186282]
[2; 40; 7.205636249377653]
[1; 100; 18.13768897932084]
[2; 50; 9.132153649684454]
[1; 100; 18.39407432772202]
[1; 100; 18.52712672461912]
[1; 100; 18.66360970791322]
[1; 100; 18.803677759580633]
[1; 120; 22.73699448622286]
[1; 120; 22.914285690484846]
[2; 60; 11.548255836027739]
[1; 120; 23.283912679910873]
[1; 120; 23.476745876504882]
[1; 140; 27.621168063180402]
[2; 70; 13.92990181206789]
[2; 70; 14.052907330168031]
[2; 70; 14.179800389887646]
[2; 70; 14.310796485993897]
[1; 140; 28.89225687279059]
[1; 140; 29.17209645596812]
[1; 140; 29.461658219715993]
[2; 70; 14.880767974216432]
[1; 140; 30.072376146024858]
[1; 140; 30.39488425596988]
[1; 160; 35.11980777930334]
[1; 160; 35.517788173117786]
[1; 160; 35.93201428895537]
[2; 80; 18.181828581525107]
[2; 80; 18.40700556166669]
[2; 80; 18.642255562822292]
[2; 80; 18.88837659027867]
[1; 160; 38.292518546163514]
[1; 160; 38.83380253883811]
[1; 160; 39.40284904507085]
[1; 160; 40.00219212236099]
[1; 160; 40.634706483380924]
[1; 160; 41.303669204337496]
[2; 90; 23.632220105117046]
[1; 180; 48.11235116821025]
[2; 90; 24.50800382382624]
[2; 90; 24.991001412044472]
[2; 90; 25.509045998840065]
[1; 180; 52.13347221331596]
[2; 90; 26.669574621158233]
[1; 200; 60.720473630649636]
[2; 100; 31.154202915662818]
[1; 200; 64.05188706923673]
[2; 100; 32.989505596070295]
[2; 100; 34.06282391191882]
[2; 100; 35.269237762409404]
[1; 200; 73.27960902517613]
[1; 200; 76.43392111281032]
[2; 100; 40.06057265075956]
[1; 200; 84.51697168778992]
[1; 200; 89.89233123008196]
[1; 200; 96.69302380706468]
[1; 200; 105.72048504553898]
[1; 200; 118.61364217591043]
[2; 100; 69.74950817416808]
[2; 100; 92.03502780833344]


Jobs: [[1; 20; 2.9173137808279384], [2; 10; 1.4704921742551011], [2; 10; 1.4765374076559115], [1; 20; 2.965341054397761], [2; 10; 1.488893746217069], [2; 10; 1.4952093578475163], [2; 10; 1.5016197387948889], [2; 10; 1.5081273533153225], [1; 20; 3.029469514871816], [2; 20; 3.056519289083986], [2; 20; 3.0703654801090434], [2; 20; 3.0844337211941593], [2; 20; 3.09873018768282], [2; 20; 3.1132613010708066], [1; 40; 6.256067483708943], [2; 20; 3.1583307055821535], [2; 20; 3.173870012211984], [2; 20; 3.189680245749341], [1; 40; 6.411539211931858], [2; 30; 4.833219973053691], [1; 60; 9.716460918412135], [2; 30; 4.883699862735213], [2; 30; 4.909642810921517], [1; 60; 9.872149200844206], [2; 30; 4.963011237453656], [2; 30; 4.990469480976641], [1; 60; 10.036933778300652], [1; 60; 10.152307464241709], [2; 30; 5.105882749299189], [1; 60; 10.272460433861667], [2; 30; 5.167218523213098], [2; 30; 5.198871222096738], [2; 40; 6.974950817416807], [2; 40; 7.019027103605906], [2; 40; 7.064093898422593], [2; 40; 7.110189983697403], [1; 80; 14.314712656186282], [2; 40; 7.205636249377653], [1; 100; 18.13768897932084], [2; 50; 9.132153649684454], [1; 100; 18.39407432772202], [1; 100; 18.66360970791322], [1; 120; 22.73699448622286], [2; 60; 11.548255836027739], [1; 120; 23.283912679910873], [1; 140; 27.621168063180402], [2; 70; 13.92990181206789], [2; 70; 14.052907330168031], [2; 70; 14.179800389887646], [2; 70; 14.310796485993897], [1; 140; 28.89225687279059], [1; 140; 29.461658219715993], [2; 70; 14.880767974216432], [1; 140; 30.072376146024858], [1; 160; 35.11980777930334], [1; 160; 35.93201428895537], [2; 80; 18.181828581525107], [2; 80; 18.40700556166669], [2; 80; 18.642255562822292], [2; 80; 18.88837659027867], [1; 160; 38.292518546163514], [1; 160; 39.40284904507085], [1; 160; 40.634706483380924], [2; 90; 23.632220105117046], [1; 180; 48.11235116821025], [2; 90; 24.50800382382624], [2; 90; 24.991001412044472], [2; 90; 25.509045998840065], [1; 180; 52.13347221331596], [2; 90; 26.669574621158233], [1; 200; 60.720473630649636], [2; 100; 31.154202915662818], [1; 200; 64.05188706923673], [2; 100; 32.989505596070295], [2; 100; 34.06282391191882], [2; 100; 35.269237762409404], [1; 200; 73.27960902517613], [2; 100; 40.06057265075956], [1; 200; 84.51697168778992], [1; 200; 96.69302380706468], [1; 200; 118.61364217591043], [2; 100; 69.74950817416808], [2; 100; 92.03502780833344]];
Intervals[0.0=2.9173137808279384, 2.92906537981929=4.399557554074391, 4.399557554074391=5.876094961730303, 5.876094961730303=8.841436016128064, 8.841436016128064=10.330329762345134, 10.330329762345134=11.82553912019265, 11.82553912019265=13.327158858987538, 13.327158858987538=14.83528621230286, 14.83528621230286=17.864755727174675, 17.878175419155873=20.93469470823986, 20.93469470823986=24.005060188348903, 24.005060188348903=27.089493909543062, 27.089493909543062=30.188224097225884, 30.188224097225884=33.30148539829669, 33.30148539829669=39.55755288200564, 39.58759432472061=42.745925030302764, 42.745925030302764=45.91979504251475, 45.91979504251475=49.10947528826409, 49.10947528826409=55.52101450019595, 55.52101450019595=60.35423447324965, 60.35423447324965=70.07069539166179, 70.07069539166179=74.954395254397, 74.954395254397=79.86403806531851, 79.86403806531851=89.73618726616272, 89.73618726616272=94.69919850361637, 94.69919850361637=99.68966798459302, 99.68966798459302=109.72660176289367, 109.72660176289367=119.87890922713538, 119.87890922713538=124.98479197643456, 124.98479197643456=135.25725241029625, 135.25725241029625=140.42447093350935, 140.42447093350935=145.62334215560608, 145.62334215560608=152.5982929730229, 152.5982929730229=159.6173200766288, 159.6173200766288=166.68141397505138, 166.68141397505138=173.7916039587488, 173.7916039587488=188.10631661493508, 188.10631661493508=195.31195286431273, 195.31195286431273=213.44964184363357, 213.44964184363357=222.58179549331803, 222.58179549331803=240.97586982104005, 240.97586982104005=259.63947952895325, 259.63947952895325=282.3764740151761, 282.8268856680026=294.37514150403035, 294.37514150403035=317.65905418394124, 317.65905418394124=345.2802222471216, 345.2802222471216=359.2101240591895, 359.2101240591895=373.26303138935754, 373.26303138935754=387.4428317792452, 387.4428317792452=401.75362826523906, 401.75362826523906=430.64588513802966, 430.64588513802966=460.10754335774567, 460.10754335774567=474.9883113319621, 474.9883113319621=505.06068747798696, 505.06068747798696=540.1804952572903, 540.1804952572903=576.1125095462457, 576.1125095462457=594.2943381277709, 594.2943381277709=612.7013436894375, 612.7013436894375=631.3435992522598, 631.3435992522598=650.2319758425384, 650.2319758425384=688.5244943887019, 688.5244943887019=727.9273434337728, 727.9273434337728=768.5620499171537, 770.371639708075=794.0038598131921, 794.0038598131921=842.1162109814023, 842.1162109814023=866.6242148052286, 866.6242148052286=891.6152162172731, 891.6152162172731=917.1242622161132, 917.1242622161132=969.2577344294291, 969.2577344294291=995.9273090505874, 995.9273090505874=1056.647782681237, 1056.647782681237=1087.8019855968998, 1087.8019855968998=1151.8538726661366, 1151.8538726661366=1184.843378262207, 1184.843378262207=1218.9062021741256, 1218.9062021741256=1254.175439936535, 1254.175439936535=1327.455048961711, 1330.6093610493454=1370.6699337001048, 1370.6699337001048=1455.1869053878947, 1455.1869053878947=1551.8799291949595, 1551.8799291949595=1670.4935713708699, 1670.4935713708699=1740.243079545038, 1740.243079545038=1832.2781073533715];

Jobs: [[1; 20; 2.92906537981929], [2; 10; 1.4704921742551011], [2; 10; 1.4765374076559115], [2; 10; 1.488893746217069], [2; 10; 1.4952093578475163], [2; 10; 1.5016197387948889], [2; 10; 1.5081273533153225], [1; 20; 3.042889206853013], [2; 20; 3.056519289083986], [2; 20; 3.0703654801090434], [2; 20; 3.0844337211941593], [2; 20; 3.09873018768282], [2; 20; 3.1132613010708066], [1; 40; 6.286108926423922], [2; 20; 3.1583307055821535], [2; 20; 3.173870012211984], [2; 20; 3.189680245749341], [2; 30; 4.833219973053691], [2; 30; 4.883699862735213], [2; 30; 4.909642810921517], [2; 30; 4.963011237453656], [2; 30; 4.990469480976641], [1; 60; 10.094043738712825], [2; 30; 5.105882749299189], [2; 30; 5.167218523213098], [2; 30; 5.198871222096738], [2; 40; 6.974950817416807], [2; 40; 7.019027103605906], [2; 40; 7.064093898422593], [2; 40; 7.110189983697403], [2; 40; 7.205636249377653], [2; 50; 9.132153649684454], [1; 100; 18.52712672461912], [1; 100; 18.803677759580633], [1; 120; 22.914285690484846], [2; 60; 11.548255836027739], [1; 120; 23.476745876504882], [2; 70; 13.92990181206789], [2; 70; 14.052907330168031], [2; 70; 14.179800389887646], [2; 70; 14.310796485993897], [1; 140; 29.17209645596812], [2; 70; 14.880767974216432], [1; 140; 30.39488425596988], [1; 160; 35.517788173117786], [2; 80; 18.181828581525107], [2; 80; 18.40700556166669], [2; 80; 18.642255562822292], [2; 80; 18.88837659027867], [1; 160; 38.83380253883811], [1; 160; 40.00219212236099], [1; 160; 41.303669204337496], [2; 90; 23.632220105117046], [2; 90; 24.50800382382624], [2; 90; 24.991001412044472], [2; 90; 25.509045998840065], [2; 90; 26.669574621158233], [2; 100; 31.154202915662818], [2; 100; 32.989505596070295], [2; 100; 34.06282391191882], [2; 100; 35.269237762409404], [1; 200; 76.43392111281032], [2; 100; 40.06057265075956], [1; 200; 89.89233123008196], [1; 200; 105.72048504553898], [2; 100; 69.74950817416808], [2; 100; 92.03502780833344]];
Intervals[0.0=2.92906537981929, 2.92906537981929=4.399557554074391, 4.399557554074391=5.876094961730303, 8.841436016128064=10.330329762345134, 10.330329762345134=11.82553912019265, 11.82553912019265=13.327158858987538, 13.327158858987538=14.83528621230286, 14.83528621230286=17.878175419155873, 17.878175419155873=20.93469470823986, 20.93469470823986=24.005060188348903, 24.005060188348903=27.089493909543062, 27.089493909543062=30.188224097225884, 30.188224097225884=33.30148539829669, 33.30148539829669=39.58759432472061, 39.58759432472061=42.745925030302764, 42.745925030302764=45.91979504251475, 45.91979504251475=49.10947528826409, 55.52101450019595=60.35423447324965, 70.07069539166179=74.954395254397, 74.954395254397=79.86403806531851, 89.73618726616272=94.69919850361637, 94.69919850361637=99.68966798459302, 99.68966798459302=109.78371172330584, 119.87890922713538=124.98479197643456, 135.25725241029625=140.42447093350935, 140.42447093350935=145.62334215560608, 145.62334215560608=152.5982929730229, 152.5982929730229=159.6173200766288, 159.6173200766288=166.68141397505138, 166.68141397505138=173.7916039587488, 188.10631661493508=195.31195286431273, 213.44964184363357=222.58179549331803, 222.58179549331803=241.10892221793713, 241.10892221793713=259.91259997751774, 259.91259997751774=282.8268856680026, 282.8268856680026=294.37514150403035, 294.37514150403035=317.85188738053523, 345.2802222471216=359.2101240591895, 359.2101240591895=373.26303138935754, 373.26303138935754=387.4428317792452, 387.4428317792452=401.75362826523906, 401.75362826523906=430.9257247212072, 460.10754335774567=474.9883113319621, 474.9883113319621=505.383195587932, 505.383195587932=540.9009837610498, 576.1125095462457=594.2943381277709, 594.2943381277709=612.7013436894375, 612.7013436894375=631.3435992522598, 631.3435992522598=650.2319758425384, 650.2319758425384=689.0657783813765, 689.0657783813765=729.0679705037375, 729.0679705037375=770.371639708075, 770.371639708075=794.0038598131921, 842.1162109814023=866.6242148052286, 866.6242148052286=891.6152162172731, 891.6152162172731=917.1242622161132, 969.2577344294291=995.9273090505874, 1056.647782681237=1087.8019855968998, 1151.8538726661366=1184.843378262207, 1184.843378262207=1218.9062021741256, 1218.9062021741256=1254.175439936535, 1254.175439936535=1330.6093610493454, 1330.6093610493454=1370.6699337001048, 1370.6699337001048=1460.5622649301868, 1460.5622649301868=1566.2827499757257, 1670.4935713708699=1740.243079545038, 1740.243079545038=1832.2781073533715];
