1.0886682506827596
11868.119979434668
12920.44541690425
[1; 10; 1.1764589222943005]
[1; 10; 1.1860045017683285]
[2; 10; 1.1958267787367607]
[1; 30; 3.6178193815786663]
[1; 40; 4.865434475849533]
[2; 20; 2.454198914413171]
[2; 20; 2.4763595109426806]
[2; 30; 3.7488549922602483]
[2; 40; 5.045742050823108]
[2; 40; 5.094613219265939]
[1; 80; 10.290364537510161]
[1; 90; 11.69449401996719]
[1; 90; 11.816635526312945]
[1; 100; 13.270402022892887]
[1; 100; 13.416640074660627]
[1; 110; 14.92554633207145]
[2; 60; 8.23615389757193]
[1; 120; 16.670185771660645]
[1; 130; 18.283028257592267]
[1; 130; 18.51669377175301]
[1; 130; 18.761157092237017]
[1; 130; 19.01730284940739]
[2; 70; 10.384834913326443]
[1; 140; 21.07401571291124]
[1; 140; 21.39456526032568]
[2; 80; 12.418774837333464]
[1; 160; 25.24644631131557]
[1; 170; 27.28491194098017]
[1; 180; 29.408183681459064]
[2; 90; 14.98026724150621]
[1; 180; 30.550989176958403]
[1; 190; 32.916748562012124]
[1; 190; 33.63638915756393]
[1; 190; 34.41428903693237]
[1; 190; 35.25903138128999]
[1; 190; 36.18110836697961]
[2; 100; 19.575531171721124]
[2; 100; 20.164498648961914]
[1; 200; 41.64110703335508]
[2; 110; 23.713757838923513]
[2; 120; 26.8748479339558]
[2; 130; 30.36764529379662]
[2; 150; 36.72992434247515]
[2; 160; 41.32810918186785]
[2; 180; 49.45119312946754]
[2; 180; 53.19236167450986]
[2; 190; 61.389539260515434]
[2; 190; 68.87630944990676]
[2; 200; 85.26735020310873]
[2; 200; 112.51094312364472]


Jobs: [[1; 10; 1.1764589222943005], [2; 10; 1.1958267787367607], [1; 30; 3.6178193815786663], [2; 20; 2.454198914413171], [2; 20; 2.4763595109426806], [2; 30; 3.7488549922602483], [2; 40; 5.045742050823108], [2; 40; 5.094613219265939], [1; 80; 10.290364537510161], [1; 90; 11.816635526312945], [1; 100; 13.416640074660627], [2; 60; 8.23615389757193], [1; 120; 16.670185771660645], [1; 130; 18.51669377175301], [1; 130; 19.01730284940739], [2; 70; 10.384834913326443], [1; 140; 21.07401571291124], [2; 80; 12.418774837333464], [1; 160; 25.24644631131557], [1; 180; 29.408183681459064], [2; 90; 14.98026724150621], [1; 180; 30.550989176958403], [1; 190; 33.63638915756393], [1; 190; 35.25903138128999], [2; 100; 19.575531171721124], [2; 100; 20.164498648961914], [1; 200; 41.64110703335508], [2; 110; 23.713757838923513], [2; 120; 26.8748479339558], [2; 130; 30.36764529379662], [2; 150; 36.72992434247515], [2; 160; 41.32810918186785], [2; 180; 49.45119312946754], [2; 180; 53.19236167450986], [2; 190; 61.389539260515434], [2; 190; 68.87630944990676], [2; 200; 85.26735020310873], [2; 200; 112.51094312364472]];
Intervals[0.0=1.1764589222943005, 1.1860045017683285=2.3818312805050894, 2.3818312805050894=5.999650662083756, 7.247265756354622=9.701464670767793, 9.701464670767793=12.177824181710474, 12.177824181710474=15.926679173970722, 15.926679173970722=20.97242122479383, 20.97242122479383=26.067034444059768, 26.067034444059768=36.35739898156993, 36.35739898156993=48.17403450788287, 48.17403450788287=61.5906745825435, 65.9574768189913=74.19363071656322, 74.19363071656322=90.86381648822386, 90.86381648822386=109.38051025997687, 109.38051025997687=128.39781310938426, 128.39781310938426=138.7826480227107, 138.7826480227107=159.85666373562194, 160.1772132830364=172.59598812036987, 172.59598812036987=197.84243443168543, 197.84243443168543=227.2506181131445, 227.2506181131445=242.2308853546507, 242.2308853546507=272.7818745316091, 272.7818745316091=306.41826368917305, 306.41826368917305=341.67729507046306, 345.7430313205748=365.31856249229594, 365.31856249229594=385.48306114125785, 385.48306114125785=427.1241681746129, 427.1241681746129=450.83792601353645, 450.83792601353645=477.7127739474922, 477.7127739474922=508.08041924128884, 508.08041924128884=544.8103435837639, 544.8103435837639=586.1384527656318, 586.1384527656318=635.5896458950994, 635.5896458950994=688.7820075696092, 688.7820075696092=750.1715468301246, 750.1715468301246=819.0478562800314, 819.0478562800314=904.3152064831402, 904.3152064831402=1016.8261496067848];

Jobs: [[1; 10; 1.1860045017683285], [2; 10; 1.1958267787367607], [1; 40; 4.865434475849533], [2; 20; 2.454198914413171], [2; 20; 2.4763595109426806], [2; 30; 3.7488549922602483], [2; 40; 5.045742050823108], [2; 40; 5.094613219265939], [1; 90; 11.69449401996719], [1; 100; 13.270402022892887], [1; 110; 14.92554633207145], [2; 60; 8.23615389757193], [1; 130; 18.283028257592267], [1; 130; 18.761157092237017], [2; 70; 10.384834913326443], [1; 140; 21.39456526032568], [2; 80; 12.418774837333464], [1; 170; 27.28491194098017], [2; 90; 14.98026724150621], [1; 190; 32.916748562012124], [1; 190; 34.41428903693237], [1; 190; 36.18110836697961], [2; 100; 19.575531171721124], [2; 100; 20.164498648961914], [2; 110; 23.713757838923513], [2; 120; 26.8748479339558], [2; 130; 30.36764529379662], [2; 150; 36.72992434247515], [2; 160; 41.32810918186785], [2; 180; 49.45119312946754], [2; 180; 53.19236167450986], [2; 190; 61.389539260515434], [2; 190; 68.87630944990676], [2; 200; 85.26735020310873], [2; 200; 112.51094312364472]];
Intervals[0.0=1.1860045017683285, 1.1860045017683285=2.3818312805050894, 2.3818312805050894=7.247265756354622, 7.247265756354622=9.701464670767793, 9.701464670767793=12.177824181710474, 12.177824181710474=15.926679173970722, 15.926679173970722=20.97242122479383, 20.97242122479383=26.067034444059768, 26.067034444059768=37.76152846402696, 37.76152846402696=51.03193048691985, 51.03193048691985=65.9574768189913, 65.9574768189913=74.19363071656322, 74.19363071656322=92.47665897415548, 92.47665897415548=111.2378160663925, 128.39781310938426=138.7826480227107, 138.7826480227107=160.1772132830364, 160.1772132830364=172.59598812036987, 172.59598812036987=199.88090006135005, 227.2506181131445=242.2308853546507, 242.2308853546507=275.1476339166628, 275.1476339166628=309.5619229535952, 309.5619229535952=345.7430313205748, 345.7430313205748=365.31856249229594, 365.31856249229594=385.48306114125785, 427.1241681746129=450.83792601353645, 450.83792601353645=477.7127739474922, 477.7127739474922=508.08041924128884, 508.08041924128884=544.8103435837639, 544.8103435837639=586.1384527656318, 586.1384527656318=635.5896458950994, 635.5896458950994=688.7820075696092, 688.7820075696092=750.1715468301246, 750.1715468301246=819.0478562800314, 819.0478562800314=904.3152064831402, 904.3152064831402=1016.8261496067848];
