1.1943170283851117
1207151.5770942066
1441721.6843655538
[2; 10; 5.66391491600497]
[1; 20; 11.373460889766871]
[2; 10; 5.709870919177118]
[2; 10; 5.733344354125801]
[1; 20; 11.514318095929202]
[2; 20; 11.562647189980485]
[1; 40; 23.2233875975023]
[2; 20; 11.661476379567386]
[1; 40; 23.424028139348238]
[1; 80; 47.05330687601295]
[1; 80; 47.26173969960568]
[1; 80; 47.47344027583227]
[2; 50; 29.805310890213846]
[1; 100; 59.88375428008401]
[2; 50; 30.080658868499608]
[2; 60; 36.266062094050724]
[2; 60; 36.43814474402193]
[2; 60; 36.61311958897337]
[2; 60; 36.791070972036074]
[2; 60; 36.97208676372117]
[2; 70; 43.348968314410236]
[1; 140; 87.13525768453286]
[1; 140; 87.58039817008198]
[2; 70; 44.01680043443793]
[2; 80; 50.56863964764592]
[2; 80; 50.837267867050045]
[1; 160; 102.22191566164088]
[2; 80; 51.38987527653855]
[1; 180; 116.26693590628851]
[2; 90; 58.45960689398745]
[2; 100; 65.32471214926663]
[2; 100; 65.7017722450458]
[1; 1040; 687.3002389917215]
[2; 520; 345.69264796548583]
[2; 520; 347.7783079149503]
[2; 520; 349.9086846368251]
[2; 520; 352.08544725376305]
[2; 520; 354.3103545459296]
[1; 1040; 713.1705225671614]
[2; 540; 372.71643762205133]
[1; 1080; 750.3777984878253]
[2; 540; 377.71973460992893]
[2; 540; 380.3113468736763]
[2; 540; 382.96628179351444]
[2; 540; 385.687238878457]
[2; 540; 388.4770836225365]
[1; 1080; 782.6777219119432]
[1; 1080; 788.5516201185272]
[2; 560; 412.00587628876696]
[2; 560; 415.2184828632424]
[1; 1120; 837.0410202126731]
[2; 560; 421.9163114513931]
[2; 560; 425.410546812554]
[1; 1120; 858.0164221957833]
[2; 580; 448.16876126453474]
[1; 1160; 904.2524714525262]
[1; 1160; 912.4175692622379]
[1; 1160; 920.8466822473083]
[2; 580; 464.77739568837205]
[2; 580; 469.2790555362832]
[2; 580; 473.9371119504365]
[1; 1200; 990.5402418348265]
[2; 600; 500.4429003906946]
[2; 600; 505.8098488871053]
[2; 600; 511.3838056322425]
[1; 1200; 1034.3576933990341]
[2; 600; 523.2104437071215]
[1; 1200; 1058.9912965130502]
[2; 600; 536.053307214638]
[2; 600; 542.9043151485049]
[2; 620; 568.4076421548901]
[1; 1240; 1152.3362039593935]
[2; 620; 584.3125276412092]
[2; 620; 592.8746817611855]
[2; 620; 601.8926930173692]
[2; 620; 611.4098157530915]
[1; 1240; 1242.9507169433584]
[1; 1280; 1305.0752570479278]
[2; 640; 664.2439727281093]
[2; 640; 676.7199452239787]
[2; 640; 690.0565720578865]
[2; 640; 704.3609236860299]
[2; 640; 719.7599754377516]
[1; 1320; 1518.8367028351945]
[2; 660; 778.0592374122562]
[2; 660; 798.4066629714779]
[2; 660; 820.7472608176538]
[2; 660; 845.441019542034]
[2; 660; 872.9475648766269]
[1; 1360; 1862.5097504831538]
[1; 1360; 1934.8870996363153]
[2; 680; 1009.0870427883058]
[2; 680; 1057.7660860522278]
[2; 700; 1148.617806630083]
[2; 700; 1221.670988304925]
[2; 700; 1314.0949883057185]
[2; 700; 1436.7816217724082]
[2; 700; 1612.0045334300883]
[1; 1400; 3791.6894319636017]
[2; 700; 2501.5821003349774]


Jobs: [[2; 10; 5.66391491600497], [1; 20; 11.373460889766871], [2; 10; 5.709870919177118], [2; 10; 5.733344354125801], [1; 20; 11.514318095929202], [2; 20; 11.562647189980485], [1; 40; 23.2233875975023], [2; 20; 11.661476379567386], [1; 40; 23.424028139348238], [1; 80; 47.26173969960568], [2; 50; 29.805310890213846], [1; 100; 59.88375428008401], [2; 50; 30.080658868499608], [2; 60; 36.266062094050724], [2; 60; 36.43814474402193], [2; 60; 36.61311958897337], [2; 60; 36.791070972036074], [2; 60; 36.97208676372117], [2; 70; 43.348968314410236], [1; 140; 87.13525768453286], [2; 70; 44.01680043443793], [2; 80; 50.56863964764592], [2; 80; 50.837267867050045], [1; 160; 102.22191566164088], [2; 80; 51.38987527653855], [1; 180; 116.26693590628851], [2; 90; 58.45960689398745], [2; 100; 65.32471214926663], [2; 100; 65.7017722450458], [1; 1040; 687.3002389917215], [2; 520; 345.69264796548583], [2; 520; 347.7783079149503], [2; 520; 349.9086846368251], [2; 520; 352.08544725376305], [2; 520; 354.3103545459296], [1; 1040; 713.1705225671614], [2; 540; 372.71643762205133], [1; 1080; 750.3777984878253], [2; 540; 377.71973460992893], [2; 540; 380.3113468736763], [2; 540; 382.96628179351444], [2; 540; 385.687238878457], [2; 540; 388.4770836225365], [1; 1080; 782.6777219119432], [2; 560; 412.00587628876696], [2; 560; 415.2184828632424], [1; 1120; 837.0410202126731], [2; 560; 421.9163114513931], [2; 560; 425.410546812554], [1; 1120; 858.0164221957833], [2; 580; 448.16876126453474], [1; 1160; 904.2524714525262], [1; 1160; 920.8466822473083], [2; 580; 464.77739568837205], [2; 580; 469.2790555362832], [2; 580; 473.9371119504365], [1; 1200; 990.5402418348265], [2; 600; 500.4429003906946], [2; 600; 505.8098488871053], [2; 600; 511.3838056322425], [1; 1200; 1034.3576933990341], [2; 600; 523.2104437071215], [1; 1200; 1058.9912965130502], [2; 600; 536.053307214638], [2; 600; 542.9043151485049], [2; 620; 568.4076421548901], [1; 1240; 1152.3362039593935], [2; 620; 584.3125276412092], [2; 620; 592.8746817611855], [2; 620; 601.8926930173692], [2; 620; 611.4098157530915], [1; 1240; 1242.9507169433584], [2; 640; 664.2439727281093], [2; 640; 676.7199452239787], [2; 640; 690.0565720578865], [2; 640; 704.3609236860299], [2; 640; 719.7599754377516], [1; 1320; 1518.8367028351945], [2; 660; 778.0592374122562], [2; 660; 798.4066629714779], [2; 660; 820.7472608176538], [2; 660; 845.441019542034], [2; 660; 872.9475648766269], [1; 1360; 1862.5097504831538], [2; 680; 1009.0870427883058], [2; 680; 1057.7660860522278], [2; 700; 1148.617806630083], [2; 700; 1221.670988304925], [2; 700; 1314.0949883057185], [2; 700; 1436.7816217724082], [2; 700; 1612.0045334300883], [1; 1400; 3791.6894319636017], [2; 700; 2501.5821003349774]];
Intervals[4.9E-324=5.66391491600497, 5.66391491600497=17.03737580577184, 17.03737580577184=22.74724672494896, 22.74724672494896=28.48059107907476, 28.48059107907476=39.99490917500396, 39.99490917500396=51.55755636498445, 51.55755636498445=74.78094396248675, 74.78094396248675=86.44242034205413, 86.44242034205413=109.86644848140237, 109.86644848140237=157.12818818100806, 180.96916749389936=210.7744783841132, 210.7744783841132=270.6582326641972, 270.6582326641972=300.7388915326968, 300.7388915326968=337.0049536267475, 337.0049536267475=373.44309837076946, 373.44309837076946=410.0562179597428, 410.0562179597428=446.8472889317789, 446.8472889317789=483.81937569550007, 483.81937569550007=527.1683440099104, 527.1683440099104=614.3036016944432, 614.7487421799923=658.7655426144303, 658.7655426144303=709.3341822620762, 709.3341822620762=760.1714501291262, 760.1714501291262=862.3933657907671, 862.3933657907671=913.7832410673057, 913.7832410673057=1030.0501769735943, 1030.0501769735943=1088.5097838675817, 1088.5097838675817=1153.8344960168483, 1153.8344960168483=1219.536268261894, 1219.536268261894=1906.8365072536155, 1906.8365072536155=2252.5291552191015, 2252.5291552191015=2600.307463134052, 2600.307463134052=2950.216147770877, 2950.216147770877=3302.30159502464, 3302.30159502464=3656.61194957057, 3656.61194957057=4369.782472137731, 4369.782472137731=4742.498909759783, 4742.498909759783=5492.876708247608, 5492.876708247608=5870.596442857537, 5870.596442857537=6250.907789731214, 6250.907789731214=6633.874071524728, 6633.874071524728=7019.5613104031845, 7019.5613104031845=7408.038394025721, 7408.038394025721=8190.716115937664, 8196.590014144247=8608.595890433015, 8608.595890433015=9023.814373296256, 9023.814373296256=9860.85539350893, 9860.85539350893=10282.771704960323, 10282.771704960323=10708.182251772878, 10708.182251772878=11566.198673968662, 11566.198673968662=12014.367435233196, 12014.367435233196=12918.619906685723, 12918.619906685723=13839.466588933032, 13839.466588933032=14304.243984621404, 14304.243984621404=14773.523040157686, 14773.523040157686=15247.460152108122, 15247.460152108122=16238.000393942948, 16238.000393942948=16738.443294333643, 16738.443294333643=17244.253143220747, 17244.253143220747=17755.63694885299, 17755.63694885299=18789.994642252022, 18789.994642252022=19313.205085959144, 19313.205085959144=20372.196382472193, 20372.196382472193=20908.249689686832, 20908.249689686832=21451.154004835338, 21451.154004835338=22019.561646990227, 22019.561646990227=23171.89785094962, 23171.89785094962=23756.21037859083, 23756.21037859083=24349.085060352016, 24349.085060352016=24950.977753369385, 24950.977753369385=25562.387569122475, 25562.387569122475=26805.338286065835, 26867.462826170402=27531.70679889851, 27531.70679889851=28208.42674412249, 28208.42674412249=28898.483316180376, 28898.483316180376=29602.844239866405, 29602.844239866405=30322.604215304156, 30322.604215304156=31841.44091813935, 31841.44091813935=32619.500155551606, 32619.500155551606=33417.906818523086, 33417.906818523086=34238.65407934074, 34238.65407934074=35084.095098882775, 35084.095098882775=35957.0426637594, 35957.0426637594=37819.55241424256, 37891.92976339572=38901.01680618402, 38901.01680618402=39958.78289223625, 39958.78289223625=41107.40069886634, 41107.40069886634=42329.071687171265, 42329.071687171265=43643.16667547698, 43643.16667547698=45079.94829724939, 45079.94829724939=46691.95283067948, 46691.95283067948=50483.64226264309, 50483.64226264309=52985.224362978064];

Jobs: [[2; 10; 5.66391491600497], [2; 10; 5.709870919177118], [2; 10; 5.733344354125801], [2; 20; 11.562647189980485], [2; 20; 11.661476379567386], [1; 80; 47.05330687601295], [1; 80; 47.47344027583227], [2; 50; 29.805310890213846], [2; 50; 30.080658868499608], [2; 60; 36.266062094050724], [2; 60; 36.43814474402193], [2; 60; 36.61311958897337], [2; 60; 36.791070972036074], [2; 60; 36.97208676372117], [2; 70; 43.348968314410236], [1; 140; 87.58039817008198], [2; 70; 44.01680043443793], [2; 80; 50.56863964764592], [2; 80; 50.837267867050045], [2; 80; 51.38987527653855], [2; 90; 58.45960689398745], [2; 100; 65.32471214926663], [2; 100; 65.7017722450458], [2; 520; 345.69264796548583], [2; 520; 347.7783079149503], [2; 520; 349.9086846368251], [2; 520; 352.08544725376305], [2; 520; 354.3103545459296], [2; 540; 372.71643762205133], [2; 540; 377.71973460992893], [2; 540; 380.3113468736763], [2; 540; 382.96628179351444], [2; 540; 385.687238878457], [2; 540; 388.4770836225365], [1; 1080; 788.5516201185272], [2; 560; 412.00587628876696], [2; 560; 415.2184828632424], [2; 560; 421.9163114513931], [2; 560; 425.410546812554], [2; 580; 448.16876126453474], [1; 1160; 912.4175692622379], [2; 580; 464.77739568837205], [2; 580; 469.2790555362832], [2; 580; 473.9371119504365], [2; 600; 500.4429003906946], [2; 600; 505.8098488871053], [2; 600; 511.3838056322425], [2; 600; 523.2104437071215], [2; 600; 536.053307214638], [2; 600; 542.9043151485049], [2; 620; 568.4076421548901], [2; 620; 584.3125276412092], [2; 620; 592.8746817611855], [2; 620; 601.8926930173692], [2; 620; 611.4098157530915], [1; 1280; 1305.0752570479278], [2; 640; 664.2439727281093], [2; 640; 676.7199452239787], [2; 640; 690.0565720578865], [2; 640; 704.3609236860299], [2; 640; 719.7599754377516], [2; 660; 778.0592374122562], [2; 660; 798.4066629714779], [2; 660; 820.7472608176538], [2; 660; 845.441019542034], [2; 660; 872.9475648766269], [1; 1360; 1934.8870996363153], [2; 680; 1009.0870427883058], [2; 680; 1057.7660860522278], [2; 700; 1148.617806630083], [2; 700; 1221.670988304925], [2; 700; 1314.0949883057185], [2; 700; 1436.7816217724082], [2; 700; 1612.0045334300883], [2; 700; 2501.5821003349774]];
Intervals[4.9E-324=5.66391491600497, 17.03737580577184=22.74724672494896, 22.74724672494896=28.48059107907476, 39.99490917500396=51.55755636498445, 74.78094396248675=86.44242034205413, 86.44242034205413=133.4957272180671, 133.4957272180671=180.96916749389936, 180.96916749389936=210.7744783841132, 270.6582326641972=300.7388915326968, 300.7388915326968=337.0049536267475, 337.0049536267475=373.44309837076946, 373.44309837076946=410.0562179597428, 410.0562179597428=446.8472889317789, 446.8472889317789=483.81937569550007, 483.81937569550007=527.1683440099104, 527.1683440099104=614.7487421799923, 614.7487421799923=658.7655426144303, 658.7655426144303=709.3341822620762, 709.3341822620762=760.1714501291262, 862.3933657907671=913.7832410673057, 1030.0501769735943=1088.5097838675817, 1088.5097838675817=1153.8344960168483, 1153.8344960168483=1219.536268261894, 1906.8365072536155=2252.5291552191015, 2252.5291552191015=2600.307463134052, 2600.307463134052=2950.216147770877, 2950.216147770877=3302.30159502464, 3302.30159502464=3656.61194957057, 4369.782472137731=4742.498909759783, 5492.876708247608=5870.596442857537, 5870.596442857537=6250.907789731214, 6250.907789731214=6633.874071524728, 6633.874071524728=7019.5613104031845, 7019.5613104031845=7408.038394025721, 7408.038394025721=8196.590014144247, 8196.590014144247=8608.595890433015, 8608.595890433015=9023.814373296256, 9860.85539350893=10282.771704960323, 10282.771704960323=10708.182251772878, 11566.198673968662=12014.367435233196, 12014.367435233196=12926.785004495434, 13839.466588933032=14304.243984621404, 14304.243984621404=14773.523040157686, 14773.523040157686=15247.460152108122, 16238.000393942948=16738.443294333643, 16738.443294333643=17244.253143220747, 17244.253143220747=17755.63694885299, 18789.994642252022=19313.205085959144, 20372.196382472193=20908.249689686832, 20908.249689686832=21451.154004835338, 21451.154004835338=22019.561646990227, 23171.89785094962=23756.21037859083, 23756.21037859083=24349.085060352016, 24349.085060352016=24950.977753369385, 24950.977753369385=25562.387569122475, 25562.387569122475=26867.462826170402, 26867.462826170402=27531.70679889851, 27531.70679889851=28208.42674412249, 28208.42674412249=28898.483316180376, 28898.483316180376=29602.844239866405, 29602.844239866405=30322.604215304156, 31841.44091813935=32619.500155551606, 32619.500155551606=33417.906818523086, 33417.906818523086=34238.65407934074, 34238.65407934074=35084.095098882775, 35084.095098882775=35957.0426637594, 35957.0426637594=37891.92976339572, 37891.92976339572=38901.01680618402, 38901.01680618402=39958.78289223625, 39958.78289223625=41107.40069886634, 41107.40069886634=42329.071687171265, 42329.071687171265=43643.16667547698, 43643.16667547698=45079.94829724939, 45079.94829724939=46691.95283067948, 50483.64226264309=52985.224362978064];
