1.1169953841652145
1240300.2742736845
1385409.6813425552
[2; 10; 5.7256228072160145]
[1; 20; 11.497373818842762]
[2; 20; 11.54415899459154]
[1; 40; 23.183234693617386]
[1; 40; 23.2795313055633]
[2; 30; 17.53293193255827]
[1; 80; 46.952809023785846]
[1; 80; 47.15410885568697]
[2; 40; 23.679231016083342]
[1; 80; 47.56594881800612]
[1; 80; 47.77665250021764]
[1; 80; 47.99065953696152]
[1; 100; 60.26007464446257]
[1; 100; 60.53618290043321]
[2; 60; 36.490062233148464]
[1; 120; 73.32235576733258]
[2; 70; 42.974324586758165]
[1; 140; 86.36137193063169]
[1; 140; 86.78111561133343]
[1; 140; 87.2080874806123]
[1; 160; 100.16286123383418]
[1; 160; 100.6681019572148]
[1; 160; 101.18237653418088]
[1; 180; 114.41921113626985]
[2; 90; 57.50952846026471]
[1; 180; 115.63005544992221]
[2; 100; 64.5847594364147]
[2; 100; 64.9372047220998]
[2; 100; 65.29647482963156]
[2; 100; 65.66279949408984]
[1; 200; 132.07283912396042]
[1; 200; 132.83517539351973]
[1; 1040; 694.7883190575395]
[1; 1040; 698.9178823590738]
[1; 1080; 730.1782887731299]
[1; 1080; 734.6511233169138]
[2; 540; 369.61067370617224]
[2; 540; 371.94632685402524]
[2; 540; 374.33446819437404]
[1; 1080; 753.5543056421329]
[1; 1080; 758.553103421419]
[1; 1080; 763.6699206433811]
[1; 1120; 797.387749904663]
[1; 1120; 802.9542748040009]
[1; 1120; 808.6592264584415]
[1; 1120; 814.5086128660572]
[1; 1120; 820.508818243558]
[1; 1120; 826.6666340865768]
[2; 560; 416.49464671865024]
[1; 1120; 839.4845087596392]
[2; 560; 423.0802569405013]
[2; 560; 426.5130552643407]
[1; 1120; 860.0907200697285]
[2; 580; 449.1708713142341]
[2; 580; 453.05152337774234]
[2; 580; 457.0521142010645]
[1; 1160; 922.3582842867482]
[1; 1160; 930.8792317705359]
[2; 580; 469.84110751946724]
[1; 1160; 948.7836251687703]
[1; 1160; 958.2012362867661]
[1; 1160; 967.9543604404868]
[2; 580; 489.0320121546684]
[2; 600; 511.32060595028105]
[1; 1200; 1033.9105809993844]
[2; 600; 522.8134680669048]
[2; 600; 528.9107788321297]
[2; 600; 535.2644601726444]
[1; 1200; 1083.7871285808742]
[1; 1200; 1097.638426794313]
[1; 1200; 1112.129800784324]
[1; 1240; 1164.8908129475226]
[1; 1240; 1181.3571299776247]
[1; 1240; 1198.6680061596467]
[2; 620; 608.4502648333732]
[1; 1240; 1236.1421516906735]
[1; 1240; 1256.492563662329]
[1; 1240; 1278.0660097671653]
[1; 1240; 1300.994159764884]
[2; 640; 684.0927538518455]
[1; 1280; 1395.1493642954538]
[1; 1280; 1424.06975704115]
[1; 1280; 1455.2034033711861]
[1; 1280; 1488.8575077590353]
[1; 1280; 1525.4034024067234]
[1; 1320; 1614.2104769353186]
[2; 660; 829.6892353058622]
[1; 1320; 1709.3040610363514]
[2; 660; 882.458257421484]
[1; 1320; 1827.4251234648475]
[1; 1360; 1955.9675368287274]
[2; 680; 1020.0809638450819]
[1; 1360; 2138.5807226327825]
[1; 1360; 2255.9134134516817]
[1; 1360; 2399.391645709902]
[1; 1400; 2656.8238921210805]
[1; 1400; 2904.870480791557]
[1; 1400; 3259.1343827788623]
[1; 1400; 3832.99957917512]
[1; 1400; 5057.673266710745]


Jobs: [[2; 10; 5.7256228072160145], [1; 20; 11.497373818842762], [2; 20; 11.54415899459154], [1; 40; 23.183234693617386], [2; 30; 17.53293193255827], [1; 80; 46.952809023785846], [2; 40; 23.679231016083342], [1; 80; 47.56594881800612], [1; 80; 47.99065953696152], [1; 100; 60.53618290043321], [2; 60; 36.490062233148464], [1; 120; 73.32235576733258], [2; 70; 42.974324586758165], [1; 140; 86.36137193063169], [1; 140; 87.2080874806123], [1; 160; 100.6681019572148], [1; 180; 114.41921113626985], [2; 90; 57.50952846026471], [1; 180; 115.63005544992221], [2; 100; 64.5847594364147], [2; 100; 64.9372047220998], [2; 100; 65.29647482963156], [2; 100; 65.66279949408984], [1; 200; 132.07283912396042], [1; 1040; 694.7883190575395], [1; 1080; 730.1782887731299], [2; 540; 369.61067370617224], [2; 540; 371.94632685402524], [2; 540; 374.33446819437404], [1; 1080; 753.5543056421329], [1; 1080; 763.6699206433811], [1; 1120; 802.9542748040009], [1; 1120; 814.5086128660572], [1; 1120; 826.6666340865768], [2; 560; 416.49464671865024], [1; 1120; 839.4845087596392], [2; 560; 423.0802569405013], [2; 560; 426.5130552643407], [1; 1120; 860.0907200697285], [2; 580; 449.1708713142341], [2; 580; 453.05152337774234], [2; 580; 457.0521142010645], [1; 1160; 922.3582842867482], [2; 580; 469.84110751946724], [1; 1160; 948.7836251687703], [1; 1160; 967.9543604404868], [2; 580; 489.0320121546684], [2; 600; 511.32060595028105], [1; 1200; 1033.9105809993844], [2; 600; 522.8134680669048], [2; 600; 528.9107788321297], [2; 600; 535.2644601726444], [1; 1200; 1083.7871285808742], [1; 1200; 1112.129800784324], [1; 1240; 1181.3571299776247], [2; 620; 608.4502648333732], [1; 1240; 1236.1421516906735], [1; 1240; 1278.0660097671653], [2; 640; 684.0927538518455], [1; 1280; 1395.1493642954538], [1; 1280; 1455.2034033711861], [1; 1280; 1525.4034024067234], [2; 660; 829.6892353058622], [1; 1320; 1709.3040610363514], [2; 660; 882.458257421484], [1; 1320; 1827.4251234648475], [2; 680; 1020.0809638450819], [1; 1360; 2138.5807226327825], [1; 1360; 2399.391645709902], [1; 1400; 2904.870480791557], [1; 1400; 3832.99957917512]];
Intervals[4.9E-324=5.7256228072160145, 5.7256228072160145=17.222996626058777, 17.222996626058777=28.767155620650314, 28.767155620650314=51.9503903142677, 52.04668692621361=69.57961885877188, 69.57961885877188=116.53242788255773, 116.73372771445885=140.4129587305422, 140.4129587305422=187.9789075485483, 187.9789075485483=235.96956708550982, 235.96956708550982=296.50574998594305, 296.50574998594305=332.99581221909153, 332.99581221909153=406.3181679864241, 406.3181679864241=449.29249257318224, 449.29249257318224=535.6538645038139, 535.6538645038139=622.8619519844262, 622.8619519844262=723.5300539416411, 723.5300539416411=837.9492650779109, 837.9492650779109=895.4587935381757, 895.4587935381757=1011.0888489880979, 1011.0888489880979=1075.6736084245126, 1075.6736084245126=1140.6108131466124, 1140.6108131466124=1205.9072879762439, 1205.9072879762439=1271.5700874703336, 1271.5700874703336=1403.642926594294, 1403.642926594294=2098.4312456518337, 2098.4312456518337=2828.6095344249634, 2837.9742685398405=3207.584942246013, 3207.584942246013=3579.531269100038, 3579.531269100038=3953.865737294412, 3953.865737294412=4707.420042936545, 4707.420042936545=5471.089963579926, 5471.089963579926=6274.044238383927, 6274.044238383927=7088.552851249984, 7088.552851249984=7915.219485336561, 7915.219485336561=8331.714132055211, 8331.714132055211=9171.19864081485, 9171.19864081485=9594.27889775535, 9594.27889775535=10020.79195301969, 10020.79195301969=10880.88267308942, 10880.88267308942=11330.053544403654, 11330.053544403654=11783.105067781396, 11783.105067781396=12240.15718198246, 12240.15718198246=13162.51546626921, 13171.036413752996=13640.877521272463, 13640.877521272463=14589.661146441233, 14589.661146441233=15557.615506881719, 15557.615506881719=16046.647519036387, 16046.647519036387=16557.96812498667, 16557.96812498667=17591.878705986055, 17591.878705986055=18114.69217405296, 18114.69217405296=18643.602952885092, 18643.602952885092=19178.86741305774, 19178.86741305774=20262.654541638614, 20262.654541638614=21374.78434242294, 21374.78434242294=22556.141472400563, 22640.06465895922=23248.514923792594, 23248.514923792594=24484.65707548327, 24484.65707548327=25762.723085250433, 25806.001647219808=26490.094401071652, 26490.094401071652=27885.243765367108, 27885.243765367108=29340.447168738294, 29340.447168738294=30865.850571145016, 31017.232142807155=31846.921378113017, 31846.921378113017=33556.22543914937, 33556.22543914937=34438.68369657086, 34438.68369657086=36266.108820035704, 36394.651233399585=37414.732197244666, 37414.732197244666=39553.31291987745, 39553.31291987745=41952.70456558735, 41952.70456558735=44857.57504637891, 44857.57504637891=48690.57462555403];

Jobs: [[2; 10; 5.7256228072160145], [2; 20; 11.54415899459154], [1; 40; 23.2795313055633], [2; 30; 17.53293193255827], [1; 80; 47.15410885568697], [2; 40; 23.679231016083342], [1; 80; 47.77665250021764], [1; 100; 60.26007464446257], [2; 60; 36.490062233148464], [2; 70; 42.974324586758165], [1; 140; 86.78111561133343], [1; 160; 100.16286123383418], [1; 160; 101.18237653418088], [2; 90; 57.50952846026471], [2; 100; 64.5847594364147], [2; 100; 64.9372047220998], [2; 100; 65.29647482963156], [2; 100; 65.66279949408984], [1; 200; 132.83517539351973], [1; 1040; 698.9178823590738], [1; 1080; 734.6511233169138], [2; 540; 369.61067370617224], [2; 540; 371.94632685402524], [2; 540; 374.33446819437404], [1; 1080; 758.553103421419], [1; 1120; 797.387749904663], [1; 1120; 808.6592264584415], [1; 1120; 820.508818243558], [2; 560; 416.49464671865024], [2; 560; 423.0802569405013], [2; 560; 426.5130552643407], [2; 580; 449.1708713142341], [2; 580; 453.05152337774234], [2; 580; 457.0521142010645], [1; 1160; 930.8792317705359], [2; 580; 469.84110751946724], [1; 1160; 958.2012362867661], [2; 580; 489.0320121546684], [2; 600; 511.32060595028105], [2; 600; 522.8134680669048], [2; 600; 528.9107788321297], [2; 600; 535.2644601726444], [1; 1200; 1097.638426794313], [1; 1240; 1164.8908129475226], [1; 1240; 1198.6680061596467], [2; 620; 608.4502648333732], [1; 1240; 1256.492563662329], [1; 1240; 1300.994159764884], [2; 640; 684.0927538518455], [1; 1280; 1424.06975704115], [1; 1280; 1488.8575077590353], [1; 1320; 1614.2104769353186], [2; 660; 829.6892353058622], [2; 660; 882.458257421484], [1; 1360; 1955.9675368287274], [2; 680; 1020.0809638450819], [1; 1360; 2255.9134134516817], [1; 1400; 2656.8238921210805], [1; 1400; 3259.1343827788623], [1; 1400; 5057.673266710745]];
Intervals[4.9E-324=5.7256228072160145, 17.222996626058777=28.767155620650314, 28.767155620650314=52.04668692621361, 52.04668692621361=69.57961885877188, 69.57961885877188=116.73372771445885, 116.73372771445885=140.4129587305422, 140.4129587305422=188.18961123075982, 188.18961123075982=248.4496858752224, 296.50574998594305=332.99581221909153, 406.3181679864241=449.29249257318224, 449.29249257318224=536.0736081845157, 536.0736081845157=636.2364694183499, 636.2364694183499=737.4188459525308, 837.9492650779109=895.4587935381757, 1011.0888489880979=1075.6736084245126, 1075.6736084245126=1140.6108131466124, 1140.6108131466124=1205.9072879762439, 1205.9072879762439=1271.5700874703336, 1271.5700874703336=1404.4052628638533, 1404.4052628638533=2103.323145222927, 2103.323145222927=2837.9742685398405, 2837.9742685398405=3207.584942246013, 3207.584942246013=3579.531269100038, 3579.531269100038=3953.865737294412, 3953.865737294412=4712.418840715831, 4712.418840715831=5509.806590620494, 5509.806590620494=6318.465817078935, 6318.465817078935=7138.974635322494, 7915.219485336561=8331.714132055211, 9171.19864081485=9594.27889775535, 9594.27889775535=10020.79195301969, 10880.88267308942=11330.053544403654, 11330.053544403654=11783.105067781396, 11783.105067781396=12240.15718198246, 12240.15718198246=13171.036413752996, 13171.036413752996=13640.877521272463, 13640.877521272463=14599.07875755923, 15557.615506881719=16046.647519036387, 16046.647519036387=16557.96812498667, 17591.878705986055=18114.69217405296, 18114.69217405296=18643.602952885092, 18643.602952885092=19178.86741305774, 19178.86741305774=20276.505839852052, 20276.505839852052=21441.396652799576, 21441.396652799576=22640.06465895922, 22640.06465895922=23248.514923792594, 23248.514923792594=24505.007487454925, 24505.007487454925=25806.001647219808, 25806.001647219808=26490.094401071652, 26490.094401071652=27914.164158112802, 27914.164158112802=29403.02166587184, 29403.02166587184=31017.232142807155, 31017.232142807155=31846.921378113017, 33556.22543914937=34438.68369657086, 34438.68369657086=36394.651233399585, 36394.651233399585=37414.732197244666, 37414.732197244666=39670.645610696345, 39670.645610696345=42327.469502817425, 42327.469502817425=45586.60388559628, 45586.60388559628=50644.277152307026];
