0.9999999999999992
262115.6346898073
262115.6346898071
[2; 10; 3.0747454596909525]
[2; 10; 3.087131229051872]
[2; 10; 3.0996934001516774]
[2; 10; 3.1124363241895834]
[2; 20; 6.25072901198656]
[2; 20; 6.276965222224331]
[2; 20; 6.303590946633556]
[2; 20; 6.330616205064589]
[2; 20; 6.35805138647239]
[2; 20; 6.385907266705262]
[2; 20; 6.414195027357411]
[2; 20; 6.442926275761553]
[2; 20; 6.472113066204251]
[2; 20; 6.501767922453564]
[2; 30; 9.797855792544576]
[2; 30; 9.843801629986805]
[2; 30; 9.890510519027089]
[2; 30; 9.938004444876352]
[2; 30; 9.986306301033446]
[2; 30; 10.03543993844415]
[2; 30; 10.085430217966135]
[2; 40; 13.515070755209036]
[2; 40; 13.584114048567796]
[2; 40; 13.654407827497408]
[2; 40; 13.725991426882048]
[2; 40; 13.798905957750417]
[2; 40; 13.873194412462901]
[2; 40; 13.948901777648329]
[2; 40; 14.02607515557632]
[2; 50; 17.630954868403105]
[2; 50; 17.73127466295432]
[2; 50; 17.8336211701601]
[2; 50; 17.938065609414323]
[2; 50; 18.0446827982894]
[2; 50; 18.153551391343598]
[2; 60; 21.917704966413687]
[2; 60; 22.054053799451317]
[2; 60; 22.193418335824408]
[2; 60; 22.33591475529366]
[2; 70; 26.22860996220372]
[2; 70; 26.40260076319994]
[2; 70; 26.580699411376823]
[2; 70; 26.763075020225127]
[2; 80; 30.799893415481474]
[2; 80; 31.018725182633016]
[2; 80; 31.243097209227564]
[2; 80; 31.473254382427914]
[2; 80; 31.7094572118897]
[2; 80; 31.951983144206604]
[2; 80; 32.20112801573427]
[2; 80; 32.45720766140201]
[2; 80; 32.72055969976535]
[2; 80; 32.99154551765561]
[2; 90; 37.429371541617186]
[2; 90; 37.75274595697899]
[2; 90; 38.0861148592722]
[2; 90; 38.43001975622906]
[2; 90; 38.78504468062378]
[2; 100; 43.5020229047959]
[2; 100; 43.92336721204944]
[2; 100; 44.35934985384769]
[2; 100; 44.810864869816044]
[2; 100; 45.27888567742948]
[2; 100; 45.76447443733778]
[2; 100; 46.268792812195265]
[2; 100; 46.79311437171042]
[2; 100; 47.3388389511708]
[2; 100; 47.90750933900032]
[2; 100; 48.500830754978374]
[2; 520; 255.42760718764464]
[2; 520; 258.7998442492972]
[2; 520; 262.3332341001951]
[2; 520; 266.0414461937353]
[2; 520; 269.9398528799784]
[2; 540; 284.58603803472386]
[2; 540; 289.0859103280252]
[2; 560; 304.7282370941942]
[2; 580; 321.03030252563605]
[2; 580; 326.7894971790184]
[2; 580; 332.92732747351056]
[2; 580; 339.4885756835879]
[2; 580; 346.5259174856282]
[2; 580; 354.1018211981014]
[2; 620; 387.27662939381815]
[2; 620; 396.78282513355765]
[2; 620; 407.15929598484456]
[2; 620; 418.55221454726706]
[2; 640; 445.05307079387717]
[2; 640; 459.532936550477]
[2; 660; 490.6773717452403]
[2; 660; 509.7451524358638]
[2; 660; 531.6870721230849]
[2; 660; 557.3360170498084]
[2; 660; 587.9141167580282]
[2; 680; 644.2546791039938]
[2; 680; 692.9949659995983]
[2; 700; 779.9795430592656]
[2; 700; 875.1020616781184]
[2; 700; 1029.1891773077282]
[2; 700; 1358.0232611393944]


Jobs: [[2; 10; 3.0747454596909525], [2; 10; 3.087131229051872], [2; 10; 3.0996934001516774], [2; 10; 3.1124363241895834], [2; 20; 6.25072901198656], [2; 20; 6.276965222224331], [2; 20; 6.303590946633556], [2; 20; 6.330616205064589], [2; 20; 6.35805138647239], [2; 20; 6.385907266705262], [2; 20; 6.414195027357411], [2; 20; 6.442926275761553], [2; 20; 6.472113066204251], [2; 20; 6.501767922453564], [2; 30; 9.797855792544576], [2; 30; 9.843801629986805], [2; 30; 9.890510519027089], [2; 30; 9.938004444876352], [2; 30; 9.986306301033446], [2; 30; 10.03543993844415], [2; 30; 10.085430217966135], [2; 40; 13.515070755209036], [2; 40; 13.584114048567796], [2; 40; 13.654407827497408], [2; 40; 13.725991426882048], [2; 40; 13.798905957750417], [2; 40; 13.873194412462901], [2; 40; 13.948901777648329], [2; 40; 14.02607515557632], [2; 50; 17.630954868403105], [2; 50; 17.73127466295432], [2; 50; 17.8336211701601], [2; 50; 17.938065609414323], [2; 50; 18.0446827982894], [2; 50; 18.153551391343598], [2; 60; 21.917704966413687], [2; 60; 22.054053799451317], [2; 60; 22.193418335824408], [2; 60; 22.33591475529366], [2; 70; 26.22860996220372], [2; 70; 26.40260076319994], [2; 70; 26.580699411376823], [2; 70; 26.763075020225127], [2; 80; 30.799893415481474], [2; 80; 31.018725182633016], [2; 80; 31.243097209227564], [2; 80; 31.473254382427914], [2; 80; 31.7094572118897], [2; 80; 31.951983144206604], [2; 80; 32.20112801573427], [2; 80; 32.45720766140201], [2; 80; 32.72055969976535], [2; 80; 32.99154551765561], [2; 90; 37.429371541617186], [2; 90; 37.75274595697899], [2; 90; 38.0861148592722], [2; 90; 38.43001975622906], [2; 90; 38.78504468062378], [2; 100; 43.5020229047959], [2; 100; 43.92336721204944], [2; 100; 44.35934985384769], [2; 100; 44.810864869816044], [2; 100; 45.27888567742948], [2; 100; 45.76447443733778], [2; 100; 46.268792812195265], [2; 100; 46.79311437171042], [2; 100; 47.3388389511708], [2; 100; 47.90750933900032], [2; 100; 48.500830754978374], [2; 520; 255.42760718764464], [2; 520; 258.7998442492972], [2; 520; 262.3332341001951], [2; 520; 266.0414461937353], [2; 520; 269.9398528799784], [2; 540; 284.58603803472386], [2; 540; 289.0859103280252], [2; 560; 304.7282370941942], [2; 580; 321.03030252563605], [2; 580; 326.7894971790184], [2; 580; 332.92732747351056], [2; 580; 339.4885756835879], [2; 580; 346.5259174856282], [2; 580; 354.1018211981014], [2; 620; 387.27662939381815], [2; 620; 396.78282513355765], [2; 620; 407.15929598484456], [2; 620; 418.55221454726706], [2; 640; 445.05307079387717], [2; 640; 459.532936550477], [2; 660; 490.6773717452403], [2; 660; 509.7451524358638], [2; 660; 531.6870721230849], [2; 660; 557.3360170498084], [2; 660; 587.9141167580282], [2; 680; 644.2546791039938], [2; 680; 692.9949659995983], [2; 700; 779.9795430592656], [2; 700; 875.1020616781184], [2; 700; 1029.1891773077282], [2; 700; 1358.0232611393944]];
Intervals[4.9E-324=3.0747454596909525, 3.0747454596909525=6.161876688742824, 6.161876688742824=9.261570088894501, 9.261570088894501=12.374006413084086, 12.374006413084086=18.624735425070646, 18.624735425070646=24.901700647294977, 24.901700647294977=31.205291593928532, 31.205291593928532=37.53590779899312, 37.53590779899312=43.89395918546551, 43.89395918546551=50.27986645217077, 50.27986645217077=56.69406147952818, 56.69406147952818=63.13698775528973, 63.13698775528973=69.60910082149398, 69.60910082149398=76.11086874394755, 76.11086874394755=85.90872453649213, 85.90872453649213=95.75252616647893, 95.75252616647893=105.64303668550602, 105.64303668550602=115.58104113038237, 115.58104113038237=125.56734743141583, 125.56734743141583=135.60278736985998, 135.60278736985998=145.6882175878261, 145.6882175878261=159.20328834303513, 159.20328834303513=172.7874023916029, 172.7874023916029=186.44181021910032, 186.44181021910032=200.16780164598237, 200.16780164598237=213.96670760373277, 213.96670760373277=227.83990201619568, 227.83990201619568=241.788803793844, 241.788803793844=255.81487894942032, 255.81487894942032=273.4458338178234, 273.4458338178234=291.17710848077775, 291.17710848077775=309.01072965093783, 309.01072965093783=326.94879526035214, 326.94879526035214=344.99347805864153, 344.99347805864153=363.1470294499851, 363.1470294499851=385.0647344163988, 385.0647344163988=407.1187882158501, 407.1187882158501=429.3122065516745, 429.3122065516745=451.64812130696816, 451.64812130696816=477.8767312691719, 477.8767312691719=504.2793320323718, 504.2793320323718=530.8600314437487, 530.8600314437487=557.6231064639737, 557.6231064639737=588.4229998794552, 588.4229998794552=619.4417250620883, 619.4417250620883=650.6848222713159, 650.6848222713159=682.1580766537438, 682.1580766537438=713.8675338656335, 713.8675338656335=745.8195170098401, 745.8195170098401=778.0206450255744, 778.0206450255744=810.4778526869763, 810.4778526869763=843.1984123867417, 843.1984123867417=876.1899579043973, 876.1899579043973=913.6193294460145, 913.6193294460145=951.3720754029935, 951.3720754029935=989.4581902622657, 989.4581902622657=1027.8882100184946, 1027.8882100184946=1066.6732546991184, 1066.6732546991184=1110.1752776039143, 1110.1752776039143=1154.0986448159638, 1154.0986448159638=1198.4579946698116, 1198.4579946698116=1243.2688595396276, 1243.2688595396276=1288.5477452170571, 1288.5477452170571=1334.312219654395, 1334.312219654395=1380.5810124665902, 1380.5810124665902=1427.3741268383005, 1427.3741268383005=1474.7129657894714, 1474.7129657894714=1522.6204751284718, 1522.6204751284718=1571.12130588345, 1571.12130588345=1826.5489130710948, 1826.5489130710948=2085.348757320392, 2085.348757320392=2347.681991420587, 2347.681991420587=2613.7234376143224, 2613.7234376143224=2883.663290494301, 2883.663290494301=3168.2493285290248, 3168.2493285290248=3457.33523885705, 3457.33523885705=3762.0634759512445, 3762.0634759512445=4083.0937784768807, 4083.0937784768807=4409.8832756558995, 4409.8832756558995=4742.81060312941, 4742.81060312941=5082.299178812998, 5082.299178812998=5428.825096298627, 5428.825096298627=5782.9269174967285, 5782.9269174967285=6170.203546890547, 6170.203546890547=6566.986372024105, 6566.986372024105=6974.1456680089495, 6974.1456680089495=7392.697882556216, 7392.697882556216=7837.750953350093, 7837.750953350093=8297.283889900571, 8297.283889900571=8787.96126164581, 8787.96126164581=9297.706414081675, 9297.706414081675=9829.393486204759, 9829.393486204759=10386.729503254568, 10386.729503254568=10974.643620012595, 10974.643620012595=11618.898299116589, 11618.898299116589=12311.893265116187, 12311.893265116187=13091.872808175453, 13091.872808175453=13966.974869853571, 13966.974869853571=14996.1640471613, 14996.1640471613=16354.187308300694];

Jobs: [[2; 10; 3.0747454596909525], [2; 10; 3.087131229051872], [2; 10; 3.0996934001516774], [2; 10; 3.1124363241895834], [2; 20; 6.25072901198656], [2; 20; 6.276965222224331], [2; 20; 6.303590946633556], [2; 20; 6.330616205064589], [2; 20; 6.35805138647239], [2; 20; 6.385907266705262], [2; 20; 6.414195027357411], [2; 20; 6.442926275761553], [2; 20; 6.472113066204251], [2; 20; 6.501767922453564], [2; 30; 9.797855792544576], [2; 30; 9.843801629986805], [2; 30; 9.890510519027089], [2; 30; 9.938004444876352], [2; 30; 9.986306301033446], [2; 30; 10.03543993844415], [2; 30; 10.085430217966135], [2; 40; 13.515070755209036], [2; 40; 13.584114048567796], [2; 40; 13.654407827497408], [2; 40; 13.725991426882048], [2; 40; 13.798905957750417], [2; 40; 13.873194412462901], [2; 40; 13.948901777648329], [2; 40; 14.02607515557632], [2; 50; 17.630954868403105], [2; 50; 17.73127466295432], [2; 50; 17.8336211701601], [2; 50; 17.938065609414323], [2; 50; 18.0446827982894], [2; 50; 18.153551391343598], [2; 60; 21.917704966413687], [2; 60; 22.054053799451317], [2; 60; 22.193418335824408], [2; 60; 22.33591475529366], [2; 70; 26.22860996220372], [2; 70; 26.40260076319994], [2; 70; 26.580699411376823], [2; 70; 26.763075020225127], [2; 80; 30.799893415481474], [2; 80; 31.018725182633016], [2; 80; 31.243097209227564], [2; 80; 31.473254382427914], [2; 80; 31.7094572118897], [2; 80; 31.951983144206604], [2; 80; 32.20112801573427], [2; 80; 32.45720766140201], [2; 80; 32.72055969976535], [2; 80; 32.99154551765561], [2; 90; 37.429371541617186], [2; 90; 37.75274595697899], [2; 90; 38.0861148592722], [2; 90; 38.43001975622906], [2; 90; 38.78504468062378], [2; 100; 43.5020229047959], [2; 100; 43.92336721204944], [2; 100; 44.35934985384769], [2; 100; 44.810864869816044], [2; 100; 45.27888567742948], [2; 100; 45.76447443733778], [2; 100; 46.268792812195265], [2; 100; 46.79311437171042], [2; 100; 47.3388389511708], [2; 100; 47.90750933900032], [2; 100; 48.500830754978374], [2; 520; 255.42760718764464], [2; 520; 258.7998442492972], [2; 520; 262.3332341001951], [2; 520; 266.0414461937353], [2; 520; 269.9398528799784], [2; 540; 284.58603803472386], [2; 540; 289.0859103280252], [2; 560; 304.7282370941942], [2; 580; 321.03030252563605], [2; 580; 326.7894971790184], [2; 580; 332.92732747351056], [2; 580; 339.4885756835879], [2; 580; 346.5259174856282], [2; 580; 354.1018211981014], [2; 620; 387.27662939381815], [2; 620; 396.78282513355765], [2; 620; 407.15929598484456], [2; 620; 418.55221454726706], [2; 640; 445.05307079387717], [2; 640; 459.532936550477], [2; 660; 490.6773717452403], [2; 660; 509.7451524358638], [2; 660; 531.6870721230849], [2; 660; 557.3360170498084], [2; 660; 587.9141167580282], [2; 680; 644.2546791039938], [2; 680; 692.9949659995983], [2; 700; 779.9795430592656], [2; 700; 875.1020616781184], [2; 700; 1029.1891773077282], [2; 700; 1358.0232611393944]];
Intervals[4.9E-324=3.0747454596909525, 3.0747454596909525=6.161876688742824, 6.161876688742824=9.261570088894501, 9.261570088894501=12.374006413084086, 12.374006413084086=18.624735425070646, 18.624735425070646=24.901700647294977, 24.901700647294977=31.205291593928532, 31.205291593928532=37.53590779899312, 37.53590779899312=43.89395918546551, 43.89395918546551=50.27986645217077, 50.27986645217077=56.69406147952818, 56.69406147952818=63.13698775528973, 63.13698775528973=69.60910082149398, 69.60910082149398=76.11086874394755, 76.11086874394755=85.90872453649213, 85.90872453649213=95.75252616647893, 95.75252616647893=105.64303668550602, 105.64303668550602=115.58104113038237, 115.58104113038237=125.56734743141583, 125.56734743141583=135.60278736985998, 135.60278736985998=145.6882175878261, 145.6882175878261=159.20328834303513, 159.20328834303513=172.7874023916029, 172.7874023916029=186.44181021910032, 186.44181021910032=200.16780164598237, 200.16780164598237=213.96670760373277, 213.96670760373277=227.83990201619568, 227.83990201619568=241.788803793844, 241.788803793844=255.81487894942032, 255.81487894942032=273.4458338178234, 273.4458338178234=291.17710848077775, 291.17710848077775=309.01072965093783, 309.01072965093783=326.94879526035214, 326.94879526035214=344.99347805864153, 344.99347805864153=363.1470294499851, 363.1470294499851=385.0647344163988, 385.0647344163988=407.1187882158501, 407.1187882158501=429.3122065516745, 429.3122065516745=451.64812130696816, 451.64812130696816=477.8767312691719, 477.8767312691719=504.2793320323718, 504.2793320323718=530.8600314437487, 530.8600314437487=557.6231064639737, 557.6231064639737=588.4229998794552, 588.4229998794552=619.4417250620883, 619.4417250620883=650.6848222713159, 650.6848222713159=682.1580766537438, 682.1580766537438=713.8675338656335, 713.8675338656335=745.8195170098401, 745.8195170098401=778.0206450255744, 778.0206450255744=810.4778526869763, 810.4778526869763=843.1984123867417, 843.1984123867417=876.1899579043973, 876.1899579043973=913.6193294460145, 913.6193294460145=951.3720754029935, 951.3720754029935=989.4581902622657, 989.4581902622657=1027.8882100184946, 1027.8882100184946=1066.6732546991184, 1066.6732546991184=1110.1752776039143, 1110.1752776039143=1154.0986448159638, 1154.0986448159638=1198.4579946698116, 1198.4579946698116=1243.2688595396276, 1243.2688595396276=1288.5477452170571, 1288.5477452170571=1334.312219654395, 1334.312219654395=1380.5810124665902, 1380.5810124665902=1427.3741268383005, 1427.3741268383005=1474.7129657894714, 1474.7129657894714=1522.6204751284718, 1522.6204751284718=1571.12130588345, 1571.12130588345=1826.5489130710948, 1826.5489130710948=2085.348757320392, 2085.348757320392=2347.681991420587, 2347.681991420587=2613.7234376143224, 2613.7234376143224=2883.663290494301, 2883.663290494301=3168.2493285290248, 3168.2493285290248=3457.33523885705, 3457.33523885705=3762.0634759512445, 3762.0634759512445=4083.0937784768807, 4083.0937784768807=4409.8832756558995, 4409.8832756558995=4742.81060312941, 4742.81060312941=5082.299178812998, 5082.299178812998=5428.825096298627, 5428.825096298627=5782.9269174967285, 5782.9269174967285=6170.203546890547, 6170.203546890547=6566.986372024105, 6566.986372024105=6974.1456680089495, 6974.1456680089495=7392.697882556216, 7392.697882556216=7837.750953350093, 7837.750953350093=8297.283889900571, 8297.283889900571=8787.96126164581, 8787.96126164581=9297.706414081675, 9297.706414081675=9829.393486204759, 9829.393486204759=10386.729503254568, 10386.729503254568=10974.643620012595, 10974.643620012595=11618.898299116589, 11618.898299116589=12311.893265116187, 12311.893265116187=13091.872808175453, 13091.872808175453=13966.974869853571, 13966.974869853571=14996.1640471613, 14996.1640471613=16354.187308300694];
