1.1817625879306448
286048.77851152635
338041.74476818123
[2; 10; 3.1841098137575106]
[2; 10; 3.1969361274443044]
[1; 20; 6.419890234461469]
[1; 20; 6.446282578164054]
[1; 20; 6.473058616112462]
[1; 20; 6.5002280112995]
[1; 40; 13.05560155025405]
[2; 20; 6.555787283837322]
[1; 40; 13.168396591811613]
[1; 40; 13.226089940924977]
[1; 40; 13.284677773630182]
[2; 20; 6.672092065152763]
[1; 40; 13.404633977032038]
[1; 40; 13.466053252251328]
[1; 60; 20.292703374514623]
[1; 60; 20.387863506511902]
[2; 30; 10.24230201152046]
[1; 60; 20.582970458489342]
[2; 30; 10.341505114216861]
[1; 80; 27.713030308606054]
[2; 40; 13.925539638532227]
[2; 40; 13.995782736959821]
[1; 80; 28.134563605530744]
[2; 40; 14.140075832147687]
[1; 80; 28.428411118154443]
[1; 100; 35.72428389210979]
[1; 100; 35.91661086746427]
[1; 100; 36.11261129060569]
[1; 100; 36.31240710561116]
[1; 100; 36.516126071808685]
[2; 50; 18.36195106388334]
[1; 100; 36.935875783648086]
[1; 100; 37.15219454458721]
[1; 100; 37.373013368039665]
[2; 60; 22.559097095031074]
[1; 120; 45.39457356292126]
[1; 120; 45.67697069989476]
[2; 60; 22.98280688607868]
[1; 140; 53.97086730458557]
[1; 140; 54.32304916080115]
[2; 70; 27.34170398849092]
[2; 70; 27.52613735408534]
[2; 70; 27.714999805802645]
[1; 140; 55.81695372902831]
[1; 140; 56.213530511186896]
[1; 140; 56.62014760097921]
[2; 70; 28.51862439697431]
[2; 80; 32.837317827099135]
[1; 160; 66.17694012870172]
[1; 160; 66.69295333426855]
[1; 160; 67.22332940836228]
[1; 180; 76.23986355599003]
[1; 180; 76.87126845771333]
[1; 180; 77.52136286456587]
[1; 180; 78.19111563790608]
[2; 90; 39.4407841823412]
[1; 180; 79.59384258169005]
[2; 90; 40.164573950459776]
[1; 180; 81.08879117235824]
[1; 180; 81.87418684504496]
[1; 180; 82.68686871671153]
[1; 180; 83.52850329819222]
[1; 180; 84.400905062495]
[1; 200; 94.7845043355416]
[1; 200; 95.82901687011956]
[1; 200; 96.91495874407529]
[2; 100; 49.022614604156395]
[1; 1040; 515.9597226643135]
[2; 520; 261.17487144082907]
[1; 1040; 529.0256129575843]
[2; 520; 268.0049892506968]
[1; 1040; 543.3281135779837]
[2; 540; 286.1004787790834]
[1; 1080; 580.585636226599]
[1; 1080; 589.4167230713213]
[1; 1080; 598.7365758640767]
[1; 1080; 608.5934810465976]
[1; 1120; 641.9702839596682]
[1; 1160; 676.8258762500493]
[1; 1200; 713.3153428462529]
[1; 1200; 727.3731825916041]
[1; 1240; 767.1994486882177]
[1; 1240; 783.9723042186139]
[2; 620; 401.0515122171221]
[1; 1240; 821.7916598307148]
[2; 620; 421.6413771819179]
[2; 620; 433.43952576934464]
[1; 1280; 921.7659601000827]
[1; 1280; 951.7557483683545]
[2; 640; 492.7321919601302]
[1; 1280; 1023.7596464145905]
[1; 1280; 1067.8272590898735]
[1; 1320; 1154.3193442927713]
[1; 1320; 1217.6507833620624]
[1; 1360; 1334.3398165390963]
[1; 1360; 1435.2876366849953]
[2; 680; 784.6445335755262]
[1; 1400; 1812.4564125114896]
[2; 700; 1065.7959829975446]
[1; 1400; 2812.6524616704664]


Jobs: [[2; 10; 3.1841098137575106], [2; 10; 3.1969361274443044], [1; 20; 6.419890234461469], [1; 20; 6.473058616112462], [1; 40; 13.05560155025405], [2; 20; 6.555787283837322], [1; 40; 13.168396591811613], [1; 40; 13.284677773630182], [2; 20; 6.672092065152763], [1; 40; 13.404633977032038], [1; 60; 20.292703374514623], [2; 30; 10.24230201152046], [1; 60; 20.582970458489342], [2; 30; 10.341505114216861], [1; 80; 27.713030308606054], [2; 40; 13.925539638532227], [2; 40; 13.995782736959821], [1; 80; 28.134563605530744], [2; 40; 14.140075832147687], [1; 80; 28.428411118154443], [1; 100; 35.91661086746427], [1; 100; 36.31240710561116], [2; 50; 18.36195106388334], [1; 100; 36.935875783648086], [1; 100; 37.373013368039665], [2; 60; 22.559097095031074], [1; 120; 45.39457356292126], [2; 60; 22.98280688607868], [1; 140; 53.97086730458557], [2; 70; 27.34170398849092], [2; 70; 27.52613735408534], [2; 70; 27.714999805802645], [1; 140; 55.81695372902831], [1; 140; 56.62014760097921], [2; 70; 28.51862439697431], [2; 80; 32.837317827099135], [1; 160; 66.17694012870172], [1; 160; 67.22332940836228], [1; 180; 76.87126845771333], [1; 180; 78.19111563790608], [2; 90; 39.4407841823412], [1; 180; 79.59384258169005], [2; 90; 40.164573950459776], [1; 180; 81.08879117235824], [1; 180; 82.68686871671153], [1; 180; 84.400905062495], [1; 200; 95.82901687011956], [2; 100; 49.022614604156395], [1; 1040; 515.9597226643135], [2; 520; 261.17487144082907], [1; 1040; 529.0256129575843], [2; 520; 268.0049892506968], [1; 1040; 543.3281135779837], [2; 540; 286.1004787790834], [1; 1080; 580.585636226599], [1; 1080; 598.7365758640767], [1; 1120; 641.9702839596682], [1; 1200; 713.3153428462529], [1; 1240; 767.1994486882177], [2; 620; 401.0515122171221], [1; 1240; 821.7916598307148], [2; 620; 421.6413771819179], [2; 620; 433.43952576934464], [1; 1280; 921.7659601000827], [2; 640; 492.7321919601302], [1; 1280; 1023.7596464145905], [1; 1320; 1154.3193442927713], [1; 1360; 1334.3398165390963], [2; 680; 784.6445335755262], [1; 1400; 1812.4564125114896], [2; 700; 1065.7959829975446], [1; 1400; 2812.6524616704664]];
Intervals[4.9E-324=3.1841098137575106, 3.1841098137575106=6.3810459412018155, 6.3810459412018155=12.800936175663285, 12.800936175663285=19.27399479177575, 19.27399479177575=32.3295963420298, 32.3295963420298=38.88538362586712, 38.88538362586712=52.053780217678735, 52.053780217678735=65.33845799130891, 65.33845799130891=72.01055005646168, 72.01055005646168=85.41518403349372, 85.41518403349372=105.70788740800833, 105.86446681522492=116.10676882674538, 116.10676882674538=136.68973928523474, 136.68973928523474=147.0312443994516, 147.0312443994516=174.74427470805765, 174.74427470805765=188.66981434658987, 188.66981434658987=202.6655970835497, 202.6655970835497=230.80016068908043, 230.80016068908043=244.94023652122812, 244.94023652122812=273.3686476393826, 273.3686476393826=309.28525850684684, 309.28525850684684=345.597665612458, 353.2932577757523=371.65520883963563, 371.65520883963563=408.59108462328373, 408.59108462328373=445.9640979913234, 445.9640979913234=468.52319508635446, 468.52319508635446=513.9177686492757, 514.2001657862493=537.182972672328, 537.182972672328=591.1538399769136, 591.5060218331291=618.8477258216201, 618.8477258216201=646.3738631757054, 646.3738631757054=674.0888629815081, 674.0888629815081=729.9058167105364, 729.9058167105364=786.5259643115156, 786.5259643115156=815.04458870849, 815.04458870849=847.8819065355891, 847.8819065355891=914.0588466642909, 914.0588466642909=981.2821760726531, 981.2821760726531=1058.1534445303664, 1058.1534445303664=1136.3445601682724, 1136.3445601682724=1175.7853443506137, 1175.7853443506137=1255.3791869323038, 1255.3791869323038=1295.5437608827635, 1295.5437608827635=1376.6325520551218, 1376.6325520551218=1459.3194207718334, 1459.3194207718334=1543.7203258343284, 1543.7203258343284=1639.549342704448, 1652.6459141056175=1701.668528709774, 1701.668528709774=2217.6282513740875, 2217.6282513740875=2478.8031228149166, 2478.8031228149166=3007.8287357725007, 3007.8287357725007=3275.8337250231975, 3275.8337250231975=3819.1618386011814, 3819.1618386011814=4105.262317380265, 4105.262317380265=4685.847953606864, 4685.847953606864=5284.584529470942, 5284.584529470942=5926.55481343061, 5926.55481343061=6639.870156276863, 6639.870156276863=7407.0696049650805, 7491.443884558451=7892.495396775573, 7892.495396775573=8714.287056606288, 8714.287056606288=9135.928433788205, 9135.928433788205=9569.36795955755, 9569.36795955755=10491.133919657634, 10521.123707925904=11013.855899886035, 11013.855899886035=12037.615546300625, 12037.615546300625=13191.934890593397, 13191.934890593397=14526.274707132492, 14734.621579022967=15519.266112598494, 15519.266112598494=17331.722525109984, 17331.722525109984=18397.51850810753, 18397.51850810753=21210.170969777995];

Jobs: [[2; 10; 3.1841098137575106], [2; 10; 3.1969361274443044], [1; 20; 6.446282578164054], [1; 20; 6.5002280112995], [2; 20; 6.555787283837322], [1; 40; 13.226089940924977], [2; 20; 6.672092065152763], [1; 40; 13.466053252251328], [1; 60; 20.387863506511902], [2; 30; 10.24230201152046], [2; 30; 10.341505114216861], [2; 40; 13.925539638532227], [2; 40; 13.995782736959821], [2; 40; 14.140075832147687], [1; 100; 35.72428389210979], [1; 100; 36.11261129060569], [1; 100; 36.516126071808685], [2; 50; 18.36195106388334], [1; 100; 37.15219454458721], [2; 60; 22.559097095031074], [1; 120; 45.67697069989476], [2; 60; 22.98280688607868], [1; 140; 54.32304916080115], [2; 70; 27.34170398849092], [2; 70; 27.52613735408534], [2; 70; 27.714999805802645], [1; 140; 56.213530511186896], [2; 70; 28.51862439697431], [2; 80; 32.837317827099135], [1; 160; 66.69295333426855], [1; 180; 76.23986355599003], [1; 180; 77.52136286456587], [2; 90; 39.4407841823412], [2; 90; 40.164573950459776], [1; 180; 81.87418684504496], [1; 180; 83.52850329819222], [1; 200; 94.7845043355416], [1; 200; 96.91495874407529], [2; 100; 49.022614604156395], [2; 520; 261.17487144082907], [2; 520; 268.0049892506968], [2; 540; 286.1004787790834], [1; 1080; 589.4167230713213], [1; 1080; 608.5934810465976], [1; 1160; 676.8258762500493], [1; 1200; 727.3731825916041], [1; 1240; 783.9723042186139], [2; 620; 401.0515122171221], [2; 620; 421.6413771819179], [2; 620; 433.43952576934464], [1; 1280; 951.7557483683545], [2; 640; 492.7321919601302], [1; 1280; 1067.8272590898735], [1; 1320; 1217.6507833620624], [1; 1360; 1435.2876366849953], [2; 680; 784.6445335755262], [2; 700; 1065.7959829975446]];
Intervals[4.9E-324=3.1841098137575106, 3.1841098137575106=6.3810459412018155, 6.3810459412018155=12.827328519365869, 12.827328519365869=19.32755653066537, 32.3295963420298=38.88538362586712, 38.88538362586712=52.1114735667921, 65.33845799130891=72.01055005646168, 72.01055005646168=85.47660330871301, 85.47660330871301=105.86446681522492, 105.86446681522492=116.10676882674538, 136.68973928523474=147.0312443994516, 174.74427470805765=188.66981434658987, 188.66981434658987=202.6655970835497, 230.80016068908043=244.94023652122812, 244.94023652122812=280.6645204133379, 280.6645204133379=316.7771317039436, 316.7771317039436=353.2932577757523, 353.2932577757523=371.65520883963563, 371.65520883963563=408.8074033842228, 445.9640979913234=468.52319508635446, 468.52319508635446=514.2001657862493, 514.2001657862493=537.182972672328, 537.182972672328=591.5060218331291, 591.5060218331291=618.8477258216201, 618.8477258216201=646.3738631757054, 646.3738631757054=674.0888629815081, 674.0888629815081=730.302393492695, 786.5259643115156=815.04458870849, 815.04458870849=847.8819065355891, 847.8819065355891=914.5748598698576, 914.5748598698576=990.8147234258477, 990.8147234258477=1068.3360862904135, 1136.3445601682724=1175.7853443506137, 1255.3791869323038=1295.5437608827635, 1295.5437608827635=1377.4179477278085, 1377.4179477278085=1460.9464510260007, 1460.9464510260007=1555.7309553615423, 1555.7309553615423=1652.6459141056175, 1652.6459141056175=1701.668528709774, 2217.6282513740875=2478.8031228149166, 3007.8287357725007=3275.8337250231975, 3819.1618386011814=4105.262317380265, 4105.262317380265=4694.679040451586, 4694.679040451586=5303.272521498184, 5303.272521498184=5980.098397748233, 5980.098397748233=6707.471580339837, 6707.471580339837=7491.443884558451, 7491.443884558451=7892.495396775573, 8714.287056606288=9135.928433788205, 9135.928433788205=9569.36795955755, 9569.36795955755=10521.123707925904, 10521.123707925904=11013.855899886035, 11013.855899886035=12081.68315897591, 12081.68315897591=13299.333942337971, 13299.333942337971=14734.621579022967, 14734.621579022967=15519.266112598494, 17331.722525109984=18397.51850810753];
