1.1984771062809676
223000.23192275426
267260.6726547672
[2; 20; 7.606346722043992]
[2; 20; 7.668063273099329]
[2; 20; 7.7315688004118694]
[2; 30; 11.695431124935684]
[1; 80; 31.457266272013555]
[2; 60; 23.801283046269496]
[1; 120; 48.03240136577246]
[2; 60; 24.238067595413856]
[2; 70; 28.545157789697384]
[1; 140; 57.643271002211094]
[2; 90; 37.42420962215553]
[1; 180; 75.61026957173125]
[2; 100; 42.444428028833514]
[2; 100; 42.89961893875055]
[1; 1040; 451.07261669565673]
[2; 520; 228.09210333907038]
[2; 520; 230.75222692443708]
[1; 1040; 467.0483987907008]
[2; 540; 245.50926868900774]
[2; 540; 248.64699011519556]
[2; 540; 251.9297072990074]
[2; 560; 264.8274214833613]
[2; 560; 268.57089016895895]
[2; 560; 272.5063617616164]
[1; 1120; 553.302723124659]
[1; 1120; 562.0515416218371]
[2; 560; 285.65225345519406]
[1; 1120; 581.1135637609575]
[2; 560; 295.7692900192592]
[2; 560; 301.32449214212966]
[2; 580; 318.2365953055247]
[2; 600; 336.0345513136595]
[2; 600; 343.38108811323957]
[2; 620; 363.0331174812677]
[1; 1240; 743.8884509851573]
[1; 1240; 763.3422588097734]
[1; 1280; 810.014660985736]
[2; 640; 417.19275440866966]
[2; 640; 430.7661807591228]
[2; 640; 446.02276336467986]
[1; 1320; 955.6702251794053]
[2; 660; 498.4034683927462]
[1; 1360; 1076.5570212082364]
[2; 680; 567.8110250379983]
[2; 680; 603.924344655407]
[2; 680; 649.6134902316289]
[2; 700; 731.1528339100437]
[2; 700; 820.3206841129438]
[1; 1400; 1929.523896656645]
[2; 700; 1273.011022831892]


Jobs: [[2; 20; 7.606346722043992], [2; 20; 7.668063273099329], [2; 20; 7.7315688004118694], [2; 30; 11.695431124935684], [1; 80; 31.457266272013555], [2; 60; 23.801283046269496], [1; 120; 48.03240136577246], [2; 60; 24.238067595413856], [2; 70; 28.545157789697384], [1; 140; 57.643271002211094], [2; 90; 37.42420962215553], [1; 180; 75.61026957173125], [2; 100; 42.444428028833514], [2; 100; 42.89961893875055], [1; 1040; 451.07261669565673], [2; 520; 228.09210333907038], [2; 520; 230.75222692443708], [1; 1040; 467.0483987907008], [2; 540; 245.50926868900774], [2; 540; 248.64699011519556], [2; 540; 251.9297072990074], [2; 560; 264.8274214833613], [2; 560; 268.57089016895895], [2; 560; 272.5063617616164], [1; 1120; 553.302723124659], [2; 560; 285.65225345519406], [1; 1120; 581.1135637609575], [2; 560; 295.7692900192592], [2; 560; 301.32449214212966], [2; 580; 318.2365953055247], [2; 600; 336.0345513136595], [2; 600; 343.38108811323957], [2; 620; 363.0331174812677], [1; 1240; 743.8884509851573], [1; 1280; 810.014660985736], [2; 640; 417.19275440866966], [2; 640; 430.7661807591228], [2; 640; 446.02276336467986], [1; 1320; 955.6702251794053], [2; 660; 498.4034683927462], [1; 1360; 1076.5570212082364], [2; 680; 567.8110250379983], [2; 680; 603.924344655407], [2; 680; 649.6134902316289], [2; 700; 731.1528339100437], [2; 700; 820.3206841129438], [1; 1400; 1929.523896656645], [2; 700; 1273.011022831892]];
Intervals[4.9E-324=7.606346722043992, 7.606346722043992=15.274409995143321, 15.274409995143321=23.00597879555519, 23.00597879555519=34.701409920490875, 34.701409920490875=66.15867619250443, 66.15867619250443=89.95995923877393, 89.95995923877393=137.99236060454638, 137.99236060454638=162.23042819996024, 162.23042819996024=190.77558598965763, 190.77558598965763=248.41885699186872, 248.41885699186872=285.8430666140242, 285.8430666140242=361.45333618575546, 361.45333618575546=403.89776421458896, 403.89776421458896=446.7973831533395, 446.7973831533395=897.8699998489963, 897.8699998489963=1125.9621031880665, 1125.9621031880665=1356.7143301125036, 1356.7143301125036=1823.7627289032043, 1823.7627289032043=2069.271997592212, 2069.271997592212=2317.9189877074073, 2317.9189877074073=2569.848695006415, 2569.848695006415=2834.676116489776, 2834.676116489776=3103.2470066587352, 3103.2470066587352=3375.7533684203518, 3375.7533684203518=3929.0560915450105, 3937.804910042189=4223.457163497383, 4223.457163497383=4804.57072725834, 4804.57072725834=5100.3400172776, 5100.3400172776=5401.66450941973, 5401.66450941973=5719.901104725255, 5719.901104725255=6055.935656038915, 6055.935656038915=6399.316744152155, 6399.316744152155=6762.349861633422, 6762.349861633422=7506.23831261858, 7506.23831261858=8316.252973604316, 8316.252973604316=8733.445728012986, 8733.445728012986=9164.21190877211, 9164.21190877211=9610.234672136789, 9610.234672136789=10565.904897316193, 10565.904897316193=11064.30836570894, 11064.30836570894=12140.865386917176, 12140.865386917176=12708.676411955174, 12708.676411955174=13312.60075661058, 13312.60075661058=13962.21424684221, 13962.21424684221=14693.367080752254, 14693.367080752254=15513.687764865197, 15513.687764865197=17443.211661521844, 17443.211661521844=18716.222684353736];

Jobs: [[2; 20; 7.606346722043992], [2; 20; 7.668063273099329], [2; 20; 7.7315688004118694], [2; 30; 11.695431124935684], [2; 60; 23.801283046269496], [2; 60; 24.238067595413856], [2; 70; 28.545157789697384], [2; 90; 37.42420962215553], [2; 100; 42.444428028833514], [2; 100; 42.89961893875055], [2; 520; 228.09210333907038], [2; 520; 230.75222692443708], [2; 540; 245.50926868900774], [2; 540; 248.64699011519556], [2; 540; 251.9297072990074], [2; 560; 264.8274214833613], [2; 560; 268.57089016895895], [2; 560; 272.5063617616164], [1; 1120; 562.0515416218371], [2; 560; 285.65225345519406], [2; 560; 295.7692900192592], [2; 560; 301.32449214212966], [2; 580; 318.2365953055247], [2; 600; 336.0345513136595], [2; 600; 343.38108811323957], [2; 620; 363.0331174812677], [1; 1240; 763.3422588097734], [2; 640; 417.19275440866966], [2; 640; 430.7661807591228], [2; 640; 446.02276336467986], [2; 660; 498.4034683927462], [2; 680; 567.8110250379983], [2; 680; 603.924344655407], [2; 680; 649.6134902316289], [2; 700; 731.1528339100437], [2; 700; 820.3206841129438], [2; 700; 1273.011022831892]];
Intervals[4.9E-324=7.606346722043992, 7.606346722043992=15.274409995143321, 15.274409995143321=23.00597879555519, 23.00597879555519=34.701409920490875, 66.15867619250443=89.95995923877393, 137.99236060454638=162.23042819996024, 162.23042819996024=190.77558598965763, 248.41885699186872=285.8430666140242, 361.45333618575546=403.89776421458896, 403.89776421458896=446.7973831533395, 897.8699998489963=1125.9621031880665, 1125.9621031880665=1356.7143301125036, 1823.7627289032043=2069.271997592212, 2069.271997592212=2317.9189877074073, 2317.9189877074073=2569.848695006415, 2569.848695006415=2834.676116489776, 2834.676116489776=3103.2470066587352, 3103.2470066587352=3375.7533684203518, 3375.7533684203518=3937.804910042189, 3937.804910042189=4223.457163497383, 4804.57072725834=5100.3400172776, 5100.3400172776=5401.66450941973, 5401.66450941973=5719.901104725255, 5719.901104725255=6055.935656038915, 6055.935656038915=6399.316744152155, 6399.316744152155=6762.349861633422, 6762.349861633422=7525.692120443196, 8316.252973604316=8733.445728012986, 8733.445728012986=9164.21190877211, 9164.21190877211=9610.234672136789, 10565.904897316193=11064.30836570894, 12140.865386917176=12708.676411955174, 12708.676411955174=13312.60075661058, 13312.60075661058=13962.21424684221, 13962.21424684221=14693.367080752254, 14693.367080752254=15513.687764865197, 17443.211661521844=18716.222684353736];
