1.1232690982431377
193711.59735856557
217590.25128419374
[1; 20; 7.18979058740452]
[1; 20; 7.248127275709666]
[2; 10; 3.654077484133797]
[2; 20; 7.369959472923269]
[2; 30; 11.15044934905477]
[1; 60; 22.497822813976835]
[2; 40; 15.133980426688803]
[2; 40; 15.273791446585701]
[1; 100; 38.54557521729176]
[2; 60; 23.35134793672495]
[1; 120; 47.166266087174805]
[1; 160; 63.52846868464938]
[1; 180; 72.21598074685814]
[1; 200; 81.10050401861909]
[2; 100; 40.99711035183017]
[2; 100; 41.46169279560685]
[1; 1040; 436.23049271625206]
[1; 1040; 441.4708274809449]
[1; 1040; 446.9383230800275]
[1; 1040; 452.6504005099394]
[2; 520; 229.3132180212915]
[1; 1080; 482.76836474163827]
[2; 540; 244.79626909070038]
[2; 540; 248.38336210137217]
[2; 540; 252.16143531681973]
[2; 560; 265.6355955926613]
[1; 1120; 540.017424451866]
[1; 1160; 568.9067701570091]
[1; 1160; 579.1127999404425]
[2; 580; 294.99491026214696]
[2; 580; 300.80859591429106]
[2; 600; 317.63185959900784]
[2; 600; 324.5760685684154]
[1; 1200; 664.1649069916756]
[1; 1200; 680.4676764596168]
[1; 1240; 721.538366303107]
[1; 1240; 741.7280756576998]
[2; 640; 394.3454917835747]
[2; 640; 407.1755791539662]
[2; 660; 434.771541117093]
[1; 1320; 903.3336292368277]
[2; 660; 471.10875913594833]
[1; 1320; 987.6707303250861]
[1; 1360; 1073.4305212281124]
[2; 700; 587.6405913078677]
[2; 700; 632.0978097663849]
[2; 700; 691.1117722211783]
[2; 700; 775.3964089219926]
[1; 1400; 1823.8549013482384]
[2; 700; 1203.2954852154587]


Jobs: [[1; 20; 7.18979058740452], [2; 10; 3.654077484133797], [2; 20; 7.369959472923269], [2; 30; 11.15044934905477], [1; 60; 22.497822813976835], [2; 40; 15.133980426688803], [2; 40; 15.273791446585701], [1; 100; 38.54557521729176], [2; 60; 23.35134793672495], [1; 120; 47.166266087174805], [1; 180; 72.21598074685814], [2; 100; 40.99711035183017], [2; 100; 41.46169279560685], [1; 1040; 436.23049271625206], [1; 1040; 446.9383230800275], [2; 520; 229.3132180212915], [1; 1080; 482.76836474163827], [2; 540; 244.79626909070038], [2; 540; 248.38336210137217], [2; 540; 252.16143531681973], [2; 560; 265.6355955926613], [1; 1120; 540.017424451866], [1; 1160; 579.1127999404425], [2; 580; 294.99491026214696], [2; 580; 300.80859591429106], [2; 600; 317.63185959900784], [2; 600; 324.5760685684154], [1; 1200; 664.1649069916756], [1; 1240; 721.538366303107], [2; 640; 394.3454917835747], [2; 640; 407.1755791539662], [2; 660; 434.771541117093], [1; 1320; 903.3336292368277], [2; 660; 471.10875913594833], [1; 1320; 987.6707303250861], [2; 700; 587.6405913078677], [2; 700; 632.0978097663849], [2; 700; 691.1117722211783], [2; 700; 775.3964089219926], [1; 1400; 1823.8549013482384], [2; 700; 1203.2954852154587]];
Intervals[0.0=7.18979058740452, 7.248127275709666=10.902204759843464, 10.902204759843464=18.272164232766734, 18.272164232766734=29.4226135818215, 29.4226135818215=51.92043639579833, 51.92043639579833=67.05441682248714, 67.05441682248714=82.32820826907285, 82.32820826907285=120.8737834863646, 120.8737834863646=144.22513142308955, 144.22513142308955=191.39139751026437, 191.39139751026437=263.6073782571225, 288.85410412635804=329.85121447818824, 329.85121447818824=371.3129072737951, 371.3129072737951=807.5433999900472, 807.5433999900472=1254.4817230700746, 1265.4341352646793=1494.7473532859708, 1494.7473532859708=1977.5157180276092, 1977.5157180276092=2222.3119871183094, 2222.3119871183094=2470.6953492196817, 2470.6953492196817=2722.8567845365014, 2722.8567845365014=2988.4923801291625, 2988.4923801291625=3528.509804581028, 3528.509804581028=4107.622604521471, 4107.622604521471=4402.6175147836175, 4402.6175147836175=4703.426110697908, 4703.426110697908=5021.057970296916, 5021.057970296916=5345.634038865332, 5345.634038865332=6009.798945857007, 6009.798945857007=6731.337312160114, 6767.829790982649=7162.175282766223, 7162.175282766223=7569.350861920189, 7569.350861920189=8004.122403037282, 8004.122403037282=8907.45603227411, 8907.45603227411=9378.56479141006, 9378.56479141006=10366.235521735145, 10451.995312638172=11039.635903946039, 11039.635903946039=11671.733713712423, 11671.733713712423=12362.845485933602, 12362.845485933602=13138.241894855593, 13138.241894855593=14962.096796203832, 14962.096796203832=16165.39228141929];

Jobs: [[1; 20; 7.248127275709666], [2; 10; 3.654077484133797], [2; 20; 7.369959472923269], [2; 30; 11.15044934905477], [2; 40; 15.133980426688803], [2; 40; 15.273791446585701], [2; 60; 23.35134793672495], [1; 160; 63.52846868464938], [1; 200; 81.10050401861909], [2; 100; 40.99711035183017], [2; 100; 41.46169279560685], [1; 1040; 441.4708274809449], [1; 1040; 452.6504005099394], [2; 520; 229.3132180212915], [2; 540; 244.79626909070038], [2; 540; 248.38336210137217], [2; 540; 252.16143531681973], [2; 560; 265.6355955926613], [1; 1160; 568.9067701570091], [2; 580; 294.99491026214696], [2; 580; 300.80859591429106], [2; 600; 317.63185959900784], [2; 600; 324.5760685684154], [1; 1200; 680.4676764596168], [1; 1240; 741.7280756576998], [2; 640; 394.3454917835747], [2; 640; 407.1755791539662], [2; 660; 434.771541117093], [2; 660; 471.10875913594833], [1; 1360; 1073.4305212281124], [2; 700; 587.6405913078677], [2; 700; 632.0978097663849], [2; 700; 691.1117722211783], [2; 700; 775.3964089219926], [2; 700; 1203.2954852154587]];
Intervals[0.0=7.248127275709666, 7.248127275709666=10.902204759843464, 10.902204759843464=18.272164232766734, 18.272164232766734=29.4226135818215, 51.92043639579833=67.05441682248714, 67.05441682248714=82.32820826907285, 120.8737834863646=144.22513142308955, 144.22513142308955=207.75360010773892, 207.75360010773892=288.85410412635804, 288.85410412635804=329.85121447818824, 329.85121447818824=371.3129072737951, 371.3129072737951=812.78373475474, 812.78373475474=1265.4341352646793, 1265.4341352646793=1494.7473532859708, 1977.5157180276092=2222.3119871183094, 2222.3119871183094=2470.6953492196817, 2470.6953492196817=2722.8567845365014, 2722.8567845365014=2988.4923801291625, 2988.4923801291625=3557.399150286172, 4107.622604521471=4402.6175147836175, 4402.6175147836175=4703.426110697908, 4703.426110697908=5021.057970296916, 5021.057970296916=5345.634038865332, 5345.634038865332=6026.101715324949, 6026.101715324949=6767.829790982649, 6767.829790982649=7162.175282766223, 7162.175282766223=7569.350861920189, 7569.350861920189=8004.122403037282, 8907.45603227411=9378.56479141006, 9378.56479141006=10451.995312638172, 10451.995312638172=11039.635903946039, 11039.635903946039=11671.733713712423, 11671.733713712423=12362.845485933602, 12362.845485933602=13138.241894855593, 14962.096796203832=16165.39228141929];
