1.1181673584423881
9487.488651762178
10608.600123993048
[1; 10; 1.0756834933316253]
[1; 10; 1.0844113988112938]
[2; 10; 1.0933922998879493]
[1; 30; 3.30791710349737]
[2; 20; 2.224330766836884]
[1; 40; 4.487944647380115]
[1; 40; 4.528469288636075]
[1; 50; 5.712880347469576]
[1; 50; 5.766904960326697]
[1; 50; 5.822761042716787]
[2; 30; 3.5283346055268483]
[1; 60; 7.12849605527053]
[2; 30; 3.6014743174039334]
[1; 60; 7.280195917794848]
[1; 70; 8.58715981795377]
[2; 40; 4.962554389158788]
[2; 40; 5.020430167324778]
[1; 90; 11.431663693605756]
[2; 50; 6.4295787364411225]
[2; 50; 6.511751711296292]
[2; 50; 6.597721942544557]
[1; 110; 14.713161160450422]
[1; 110; 14.921139087214168]
[1; 110; 15.139784223963273]
[2; 60; 8.383674672753555]
[1; 130; 18.451847426205717]
[2; 70; 10.099178524962225]
[1; 140; 20.54515430111765]
[1; 150; 22.407566437677765]
[2; 80; 12.175162745322432]
[2; 80; 12.415107796923825]
[1; 170; 26.928985162806093]
[1; 180; 29.13640794221433]
[1; 190; 31.466362276022675]
[1; 190; 32.23874402155075]
[1; 190; 33.08183592581631]
[1; 190; 34.00751456391936]
[1; 200; 36.8744168401489]
[1; 200; 38.07413130284396]
[2; 130; 25.624699685593676]
[2; 140; 28.668207664493657]
[2; 140; 29.902227266534]
[2; 150; 33.5836403445936]
[2; 150; 35.42619828380211]
[2; 170; 42.70324983242222]
[2; 170; 45.933911115475105]
[2; 180; 53.17665492869159]
[2; 180; 59.66182161486252]
[2; 200; 77.9633520520544]
[2; 200; 102.87325978305796]


Jobs: [[1; 10; 1.0756834933316253], [2; 10; 1.0933922998879493], [1; 30; 3.30791710349737], [2; 20; 2.224330766836884], [1; 40; 4.487944647380115], [1; 50; 5.712880347469576], [1; 50; 5.822761042716787], [2; 30; 3.5283346055268483], [1; 60; 7.12849605527053], [2; 30; 3.6014743174039334], [1; 60; 7.280195917794848], [2; 40; 4.962554389158788], [2; 40; 5.020430167324778], [1; 90; 11.431663693605756], [2; 50; 6.4295787364411225], [2; 50; 6.511751711296292], [2; 50; 6.597721942544557], [1; 110; 14.713161160450422], [1; 110; 15.139784223963273], [2; 60; 8.383674672753555], [1; 130; 18.451847426205717], [2; 70; 10.099178524962225], [1; 140; 20.54515430111765], [2; 80; 12.175162745322432], [2; 80; 12.415107796923825], [1; 170; 26.928985162806093], [1; 190; 31.466362276022675], [1; 190; 33.08183592581631], [1; 200; 36.8744168401489], [2; 130; 25.624699685593676], [2; 140; 28.668207664493657], [2; 140; 29.902227266534], [2; 150; 33.5836403445936], [2; 150; 35.42619828380211], [2; 170; 42.70324983242222], [2; 170; 45.933911115475105], [2; 180; 53.17665492869159], [2; 180; 59.66182161486252], [2; 200; 77.9633520520544], [2; 200; 102.87325978305796]];
Intervals[0.0=1.0756834933316253, 1.0844113988112938=2.1778036986992433, 2.1778036986992433=5.485720802196614, 5.485720802196614=7.710051569033498, 7.710051569033498=12.197996216413612, 12.197996216413612=17.91087656388319, 17.91087656388319=23.733637606599977, 23.733637606599977=27.261972212126825, 27.261972212126825=34.39046826739735, 34.39046826739735=37.991942584801286, 37.991942584801286=45.272138502596135, 46.579102402755055=51.541656791913844, 51.541656791913844=56.56208695923862, 56.56208695923862=67.99375065284437, 67.99375065284437=74.4233293892855, 74.4233293892855=80.9350811005818, 80.9350811005818=87.53280304312635, 87.53280304312635=102.24596420357678, 102.24596420357678=117.38574842754005, 117.38574842754005=125.76942310029361, 125.76942310029361=144.22127052649932, 144.22127052649932=154.32044905146154, 154.32044905146154=174.86560335257917, 176.7280154891393=188.90317823446173, 188.90317823446173=201.31828603138555, 201.31828603138555=228.24727119419165, 228.24727119419165=259.71363347021435, 259.71363347021435=292.7954693960306, 292.7954693960306=329.66988623617954, 334.77508386191397=360.39978354750764, 360.39978354750764=389.0679912120013, 389.0679912120013=418.9702184785353, 418.9702184785353=452.5538588231289, 452.5538588231289=487.980057106931, 487.980057106931=530.6833069393532, 530.6833069393532=576.6172180548283, 576.6172180548283=629.7938729835199, 629.7938729835199=689.4556945983825, 689.4556945983825=767.4190466504369, 767.4190466504369=870.2923064334949];

Jobs: [[1; 10; 1.0844113988112938], [2; 10; 1.0933922998879493], [2; 20; 2.224330766836884], [1; 40; 4.528469288636075], [1; 50; 5.766904960326697], [2; 30; 3.5283346055268483], [2; 30; 3.6014743174039334], [1; 70; 8.58715981795377], [2; 40; 4.962554389158788], [2; 40; 5.020430167324778], [2; 50; 6.4295787364411225], [2; 50; 6.511751711296292], [2; 50; 6.597721942544557], [1; 110; 14.921139087214168], [2; 60; 8.383674672753555], [2; 70; 10.099178524962225], [1; 150; 22.407566437677765], [2; 80; 12.175162745322432], [2; 80; 12.415107796923825], [1; 180; 29.13640794221433], [1; 190; 32.23874402155075], [1; 190; 34.00751456391936], [1; 200; 38.07413130284396], [2; 130; 25.624699685593676], [2; 140; 28.668207664493657], [2; 140; 29.902227266534], [2; 150; 33.5836403445936], [2; 150; 35.42619828380211], [2; 170; 42.70324983242222], [2; 170; 45.933911115475105], [2; 180; 53.17665492869159], [2; 180; 59.66182161486252], [2; 200; 77.9633520520544], [2; 200; 102.87325978305796]];
Intervals[0.0=1.0844113988112938, 1.0844113988112938=2.1778036986992433, 5.485720802196614=7.710051569033498, 7.710051569033498=12.238520857669574, 12.238520857669574=18.00542581799627, 23.733637606599977=27.261972212126825, 34.39046826739735=37.991942584801286, 37.991942584801286=46.579102402755055, 46.579102402755055=51.541656791913844, 51.541656791913844=56.56208695923862, 67.99375065284437=74.4233293892855, 74.4233293892855=80.9350811005818, 80.9350811005818=87.53280304312635, 87.53280304312635=102.45394213034052, 117.38574842754005=125.76942310029361, 144.22127052649932=154.32044905146154, 154.32044905146154=176.7280154891393, 176.7280154891393=188.90317823446173, 188.90317823446173=201.31828603138555, 201.31828603138555=230.4546939735999, 230.4546939735999=262.69343799515065, 262.69343799515065=296.70095255907, 296.70095255907=334.77508386191397, 334.77508386191397=360.39978354750764, 360.39978354750764=389.0679912120013, 389.0679912120013=418.9702184785353, 418.9702184785353=452.5538588231289, 452.5538588231289=487.980057106931, 487.980057106931=530.6833069393532, 530.6833069393532=576.6172180548283, 576.6172180548283=629.7938729835199, 629.7938729835199=689.4556945983825, 689.4556945983825=767.4190466504369, 767.4190466504369=870.2923064334949];
