1.1522871951337057
6752.548585510041
7780.875269601438
[1; 20; 1.877764305441945]
[1; 20; 1.8930001526707914]
[1; 20; 1.908677641055611]
[2; 10; 0.9624095905556043]
[2; 10; 0.9707244146059754]
[1; 20; 1.958592447474589]
[1; 40; 3.9525557662663533]
[1; 40; 3.9890703405753394]
[2; 20; 2.0133967574120053]
[1; 60; 6.098693293842728]
[1; 60; 6.159228826123992]
[1; 60; 6.221921005133439]
[1; 80; 8.382539984559198]
[1; 80; 8.472437673848246]
[2; 40; 4.282901400760915]
[1; 80; 8.662871145224313]
[1; 80; 8.763901858313696]
[1; 80; 8.869180559251161]
[1; 100; 11.223778672036918]
[1; 100; 11.367223728144557]
[1; 100; 11.517297455750613]
[1; 100; 11.67454292109456]
[1; 100; 11.839568452057296]
[1; 100; 12.01305816005611]
[2; 50; 6.0978923116192245]
[1; 120; 14.866349133585697]
[1; 120; 15.111091478929355]
[1; 120; 15.370542531035655]
[1; 120; 15.646285804078417]
[2; 60; 7.9700788467889065]
[1; 120; 16.254302320662106]
[2; 70; 9.67822434424646]
[1; 140; 19.77962797777518]
[1; 160; 23.128075662564388]
[1; 160; 23.69578359442688]
[2; 80; 12.157732082869968]
[2; 80; 12.49792338610143]
[2; 80; 12.873947430756443]
[1; 160; 26.585606329146877]
[1; 160; 27.52719719026014]
[1; 180; 32.171520744311806]
[1; 180; 33.556340042767566]
[1; 180; 35.17512064290994]
[2; 90; 18.552497373218696]
[2; 90; 19.73245379850182]
[2; 100; 23.58365340206316]
[1; 200; 51.570944389678445]
[2; 100; 28.93014320675977]
[2; 100; 34.02413454410486]
[1; 200; 89.79022937629534]


Jobs: [[1; 20; 1.877764305441945], [1; 20; 1.908677641055611], [2; 10; 0.9624095905556043], [2; 10; 0.9707244146059754], [1; 20; 1.958592447474589], [1; 40; 3.9890703405753394], [2; 20; 2.0133967574120053], [1; 60; 6.098693293842728], [1; 60; 6.221921005133439], [1; 80; 8.472437673848246], [2; 40; 4.282901400760915], [1; 80; 8.662871145224313], [1; 80; 8.869180559251161], [1; 100; 11.367223728144557], [1; 100; 11.67454292109456], [1; 100; 12.01305816005611], [2; 50; 6.0978923116192245], [1; 120; 14.866349133585697], [1; 120; 15.370542531035655], [2; 60; 7.9700788467889065], [1; 120; 16.254302320662106], [2; 70; 9.67822434424646], [1; 140; 19.77962797777518], [1; 160; 23.69578359442688], [2; 80; 12.157732082869968], [2; 80; 12.49792338610143], [2; 80; 12.873947430756443], [1; 160; 26.585606329146877], [1; 180; 32.171520744311806], [1; 180; 35.17512064290994], [2; 90; 18.552497373218696], [2; 90; 19.73245379850182], [2; 100; 23.58365340206316], [1; 200; 51.570944389678445], [2; 100; 28.93014320675977], [2; 100; 34.02413454410486], [1; 200; 89.79022937629534]];
Intervals[0.0=1.877764305441945, 1.877764305441945=3.786441946497556, 3.786441946497556=4.74885153705316, 4.74885153705316=5.719575951659135, 5.719575951659135=7.678168399133725, 7.678168399133725=11.667238739709063, 11.667238739709063=13.680635497121068, 13.680635497121068=19.779328790963795, 19.779328790963795=26.001249796097234, 26.001249796097234=34.47368746994548, 34.47368746994548=38.756588870706395, 38.756588870706395=47.41946001593071, 47.41946001593071=56.28864057518187, 56.28864057518187=67.65586430332642, 67.65586430332642=79.33040722442098, 79.33040722442098=91.34346538447708, 91.34346538447708=97.4413576960963, 97.4413576960963=112.307706829682, 112.307706829682=127.67824936071766, 128.19873497910407=136.16881382589298, 136.16881382589298=152.4231161465551, 152.4231161465551=162.10134049080156, 162.10134049080156=181.88096846857675, 181.88096846857675=205.57675206300362, 205.57675206300362=217.73448414587358, 217.73448414587358=230.232407531975, 230.232407531975=243.10635496273144, 243.10635496273144=269.69196129187833, 269.69196129187833=301.86348203619013, 301.86348203619013=337.03860267910005, 337.03860267910005=355.5911000523187, 355.5911000523187=375.32355385082053, 375.32355385082053=398.90720725288367, 398.90720725288367=450.4781516425621, 450.4781516425621=479.4082948493219, 479.4082948493219=513.4324293934268, 513.4324293934268=603.2226587697221];

Jobs: [[1; 20; 1.8930001526707914], [2; 10; 0.9624095905556043], [2; 10; 0.9707244146059754], [1; 40; 3.9525557662663533], [2; 20; 2.0133967574120053], [1; 60; 6.159228826123992], [1; 80; 8.382539984559198], [2; 40; 4.282901400760915], [1; 80; 8.763901858313696], [1; 100; 11.223778672036918], [1; 100; 11.517297455750613], [1; 100; 11.839568452057296], [2; 50; 6.0978923116192245], [1; 120; 15.111091478929355], [1; 120; 15.646285804078417], [2; 60; 7.9700788467889065], [2; 70; 9.67822434424646], [1; 160; 23.128075662564388], [2; 80; 12.157732082869968], [2; 80; 12.49792338610143], [2; 80; 12.873947430756443], [1; 160; 27.52719719026014], [1; 180; 33.556340042767566], [2; 90; 18.552497373218696], [2; 90; 19.73245379850182], [2; 100; 23.58365340206316], [2; 100; 28.93014320675977], [2; 100; 34.02413454410486]];
Intervals[0.0=1.8930001526707914, 3.786441946497556=4.74885153705316, 4.74885153705316=5.719575951659135, 5.719575951659135=9.672131717925488, 11.667238739709063=13.680635497121068, 13.680635497121068=19.83986432324506, 19.83986432324506=28.222404307804258, 34.47368746994548=38.756588870706395, 38.756588870706395=47.52049072902009, 47.52049072902009=58.74426940105701, 58.74426940105701=70.26156685680762, 70.26156685680762=82.10113530886491, 91.34346538447708=97.4413576960963, 97.4413576960963=112.55244917502566, 112.55244917502566=128.19873497910407, 128.19873497910407=136.16881382589298, 152.4231161465551=162.10134049080156, 162.10134049080156=185.22941615336595, 205.57675206300362=217.73448414587358, 217.73448414587358=230.232407531975, 230.232407531975=243.10635496273144, 243.10635496273144=270.63355215299157, 270.63355215299157=304.1898921957591, 337.03860267910005=355.5911000523187, 355.5911000523187=375.32355385082053, 375.32355385082053=398.90720725288367, 450.4781516425621=479.4082948493219, 479.4082948493219=513.4324293934268];
