1.1443900702589511
7195.014304798435
8233.902925782439
[2; 10; 0.9630230036808687]
[1; 20; 1.9416736037745823]
[1; 20; 1.9577541969680585]
[2; 20; 1.9743107736835985]
[2; 20; 1.9913680088410892]
[1; 40; 4.017904859065301]
[1; 40; 4.054185198019405]
[1; 40; 4.091638647237986]
[1; 60; 6.195497658481327]
[1; 60; 6.255504929286106]
[1; 80; 8.423462628476795]
[2; 40; 4.254600741718021]
[1; 80; 8.598074647611583]
[2; 40; 4.345141908130997]
[2; 40; 4.393024789614412]
[1; 80; 8.885613776549839]
[1; 80; 8.989242225020597]
[2; 50; 5.685767429387112]
[1; 100; 11.512368211568859]
[2; 50; 5.829750787393833]
[1; 100; 11.813434048116639]
[2; 50; 5.987361330647736]
[1; 100; 12.143991383734374]
[2; 50; 6.160970958475747]
[2; 60; 7.505620022328723]
[1; 120; 15.248597659358165]
[1; 120; 15.499632901489127]
[1; 120; 15.765755045555304]
[1; 120; 16.048588321574933]
[1; 120; 16.35001634308211]
[1; 120; 16.672238361562453]
[2; 70; 9.92707407557193]
[2; 70; 10.14410418370588]
[2; 70; 10.378704199297362]
[1; 140; 21.266925297653707]
[1; 140; 21.82308755183726]
[2; 80; 12.819274159356294]
[1; 160; 26.40993331924847]
[1; 160; 27.269184303454317]
[2; 90; 15.882179435291706]
[1; 180; 32.99872561255947]
[1; 180; 34.419151846553966]
[2; 90; 18.039777536616594]
[2; 90; 19.02952537159182]
[2; 90; 20.239821229911755]
[1; 180; 43.54207949119634]
[2; 100; 26.448476853498608]
[2; 100; 29.67400469499747]
[2; 100; 34.898974436085204]
[1; 200; 92.09894569255087]


Jobs: [[2; 10; 0.9630230036808687], [1; 20; 1.9416736037745823], [2; 20; 1.9743107736835985], [2; 20; 1.9913680088410892], [1; 40; 4.017904859065301], [1; 40; 4.091638647237986], [1; 60; 6.255504929286106], [2; 40; 4.254600741718021], [1; 80; 8.598074647611583], [2; 40; 4.345141908130997], [2; 40; 4.393024789614412], [1; 80; 8.885613776549839], [2; 50; 5.685767429387112], [1; 100; 11.512368211568859], [2; 50; 5.829750787393833], [1; 100; 11.813434048116639], [2; 50; 5.987361330647736], [1; 100; 12.143991383734374], [2; 50; 6.160970958475747], [2; 60; 7.505620022328723], [1; 120; 15.248597659358165], [1; 120; 15.765755045555304], [1; 120; 16.35001634308211], [2; 70; 9.92707407557193], [2; 70; 10.14410418370588], [2; 70; 10.378704199297362], [1; 140; 21.266925297653707], [2; 80; 12.819274159356294], [1; 160; 26.40993331924847], [2; 90; 15.882179435291706], [1; 180; 32.99872561255947], [2; 90; 18.039777536616594], [2; 90; 19.02952537159182], [2; 90; 20.239821229911755], [1; 180; 43.54207949119634], [2; 100; 26.448476853498608], [2; 100; 29.67400469499747], [2; 100; 34.898974436085204], [1; 200; 92.09894569255087]];
Intervals[4.9E-324=0.9630230036808687, 0.9630230036808687=2.9046966074554508, 2.920777200648927=4.895087974332526, 4.895087974332526=6.886455983173615, 6.886455983173615=10.904360842238916, 10.904360842238916=14.995999489476901, 14.995999489476901=21.251504418763005, 25.55960146815114=29.814202209869162, 29.814202209869162=38.41227685748075, 38.41227685748075=42.757418765611746, 42.757418765611746=47.15044355522616, 47.15044355522616=56.036057331776, 56.13968578024676=61.82545320963387, 61.82545320963387=73.33782142120273, 73.33782142120273=79.16757220859657, 79.16757220859657=90.9810062567132, 90.9810062567132=96.96836758736093, 96.96836758736093=109.1123589710953, 109.1123589710953=115.27332992957105, 115.27332992957105=122.77894995189978, 122.77894995189978=138.02754761125794, 138.02754761125794=153.79330265681324, 153.79330265681324=170.14331899989534, 170.9994095365263=180.92648361209822, 180.92648361209822=191.0705877958041, 191.0705877958041=201.44929199510148, 201.44929199510148=222.71621729275518, 223.27237954693874=236.09165370629503, 236.09165370629503=262.50158702554353, 263.36083800974933=279.24301744504106, 279.24301744504106=312.2417430576005, 313.66216929159503=331.70194682821165, 331.70194682821165=350.7314721998035, 350.7314721998035=370.9712934297152, 370.9712934297152=414.51337292091154, 414.51337292091154=440.96184977441015, 440.96184977441015=470.6358544694076, 470.6358544694076=505.5348289054928, 505.5348289054928=597.6337745980437];

Jobs: [[2; 10; 0.9630230036808687], [1; 20; 1.9577541969680585], [2; 20; 1.9743107736835985], [2; 20; 1.9913680088410892], [1; 40; 4.054185198019405], [1; 60; 6.195497658481327], [1; 80; 8.423462628476795], [2; 40; 4.254600741718021], [2; 40; 4.345141908130997], [2; 40; 4.393024789614412], [1; 80; 8.989242225020597], [2; 50; 5.685767429387112], [2; 50; 5.829750787393833], [2; 50; 5.987361330647736], [2; 50; 6.160970958475747], [2; 60; 7.505620022328723], [1; 120; 15.499632901489127], [1; 120; 16.048588321574933], [1; 120; 16.672238361562453], [2; 70; 9.92707407557193], [2; 70; 10.14410418370588], [2; 70; 10.378704199297362], [1; 140; 21.82308755183726], [2; 80; 12.819274159356294], [1; 160; 27.269184303454317], [2; 90; 15.882179435291706], [1; 180; 34.419151846553966], [2; 90; 18.039777536616594], [2; 90; 19.02952537159182], [2; 90; 20.239821229911755], [2; 100; 26.448476853498608], [2; 100; 29.67400469499747], [2; 100; 34.898974436085204]];
Intervals[4.9E-324=0.9630230036808687, 0.9630230036808687=2.920777200648927, 2.920777200648927=4.895087974332526, 4.895087974332526=6.886455983173615, 6.886455983173615=10.940641181193019, 10.940641181193019=17.136138839674345, 17.136138839674345=25.55960146815114, 25.55960146815114=29.814202209869162, 38.41227685748075=42.757418765611746, 42.757418765611746=47.15044355522616, 47.15044355522616=56.13968578024676, 56.13968578024676=61.82545320963387, 73.33782142120273=79.16757220859657, 90.9810062567132=96.96836758736093, 109.1123589710953=115.27332992957105, 115.27332992957105=122.77894995189978, 122.77894995189978=138.2785828533889, 138.2785828533889=154.32717117496384, 154.32717117496384=170.9994095365263, 170.9994095365263=180.92648361209822, 180.92648361209822=191.0705877958041, 191.0705877958041=201.44929199510148, 201.44929199510148=223.27237954693874, 223.27237954693874=236.09165370629503, 236.09165370629503=263.36083800974933, 263.36083800974933=279.24301744504106, 279.24301744504106=313.66216929159503, 313.66216929159503=331.70194682821165, 331.70194682821165=350.7314721998035, 350.7314721998035=370.9712934297152, 414.51337292091154=440.96184977441015, 440.96184977441015=470.6358544694076, 470.6358544694076=505.5348289054928];
