1.1817259423854494
595629.1543878394
703870.4237812178
[1; 20; 8.539498621718092]
[1; 20; 8.573897651417651]
[2; 10; 4.304393301064414]
[2; 10; 4.322088779224303]
[2; 10; 4.340041515823365]
[2; 10; 4.358257989682886]
[1; 20; 8.753489826449306]
[1; 40; 17.582036973951322]
[1; 40; 17.658232775161498]
[1; 40; 17.73559698432087]
[2; 20; 8.90708032805016]
[1; 40; 17.893956027575417]
[1; 40; 17.97501657714782]
[1; 40; 18.05737708711137]
[1; 60; 27.211610565199994]
[1; 60; 27.339216059916634]
[1; 80; 36.62525437311455]
[2; 40; 18.400563856361163]
[2; 40; 18.489996437472314]
[2; 40; 18.58096909075353]
[2; 40; 18.67352784695492]
[1; 100; 46.919301776174635]
[1; 100; 47.158994425617266]
[2; 50; 23.70151414806274]
[2; 60; 28.59092396627725]
[2; 60; 28.742803254502032]
[1; 120; 57.79508878889201]
[1; 120; 58.110482184441494]
[1; 120; 58.431982921537774]
[1; 120; 58.759796583656794]
[1; 120; 59.09413869757757]
[1; 120; 59.4352353647375]
[2; 60; 29.891661971253832]
[1; 140; 70.1617627434919]
[2; 70; 35.29253409187053]
[1; 160; 81.16279924332375]
[1; 160; 81.66770853833673]
[2; 80; 41.091892597191794]
[2; 80; 41.35572971663468]
[2; 80; 41.62559267018993]
[1; 160; 83.80344260609583]
[2; 90; 47.457415364511654]
[1; 180; 95.5660607728622]
[2; 90; 48.11660138553873]
[1; 180; 96.91693506641269]
[1; 180; 97.61797771094919]
[1; 200; 109.26343982907294]
[1; 200; 110.08344825053327]
[1; 200; 110.92540813465295]
[2; 100; 55.89517325764453]
[2; 100; 56.33967992695625]
[1; 200; 113.59362023664696]
[1; 1040; 595.5787877740182]
[1; 1040; 600.6155517892353]
[1; 1040; 605.8046237644646]
[1; 1040; 611.1540736470943]
[1; 1080; 640.3907673851526]
[1; 1120; 670.244127572183]
[1; 1120; 676.5823803115187]
[1; 1120; 683.1355039434058]
[1; 1120; 689.9162960506585]
[1; 1120; 696.9386615374041]
[1; 1120; 704.2177398631044]
[2; 580; 368.5952048270299]
[1; 1160; 745.3141491687857]
[1; 1200; 779.7518349176422]
[1; 1200; 788.8456887443741]
[1; 1200; 798.3219072933467]
[1; 1200; 808.2089060327278]
[1; 1200; 818.5381877532769]
[1; 1200; 829.3447910155926]
[1; 1200; 840.6678212746323]
[1; 1240; 880.9694528328508]
[2; 620; 446.93931695943166]
[2; 620; 453.7375559720984]
[1; 1240; 921.8241015899921]
[2; 620; 468.4999727047458]
[1; 1240; 953.0878383323172]
[2; 620; 485.0929850012894]
[2; 620; 494.20410529337]
[1; 1240; 1007.8875115253327]
[2; 640; 530.9833592319854]
[1; 1280; 1085.18390713289]
[2; 640; 555.1403342278902]
[1; 1280; 1137.5339147384439]
[1; 1320; 1203.7597137537039]
[1; 1320; 1237.4426887533255]
[1; 1320; 1274.6735302682648]
[1; 1320; 1316.1452171591163]
[2; 660; 681.3797751160665]
[1; 1320; 1415.7165475060372]
[2; 680; 760.7015234934332]
[1; 1400; 1641.7023429513827]
[2; 700; 865.8869635277767]
[1; 1400; 1841.9163909653853]
[1; 1400; 1981.2642858975973]
[2; 700; 1083.1196143293723]
[1; 1400; 2430.4232488610846]
[2; 700; 1429.184899420893]
[1; 1400; 3771.6415614860634]


Jobs: [[1; 20; 8.539498621718092], [2; 10; 4.304393301064414], [2; 10; 4.322088779224303], [2; 10; 4.340041515823365], [2; 10; 4.358257989682886], [1; 20; 8.753489826449306], [1; 40; 17.658232775161498], [2; 20; 8.90708032805016], [1; 40; 17.893956027575417], [1; 40; 18.05737708711137], [1; 60; 27.339216059916634], [2; 40; 18.400563856361163], [2; 40; 18.489996437472314], [2; 40; 18.58096909075353], [2; 40; 18.67352784695492], [1; 100; 46.919301776174635], [2; 50; 23.70151414806274], [2; 60; 28.59092396627725], [2; 60; 28.742803254502032], [1; 120; 57.79508878889201], [1; 120; 58.431982921537774], [1; 120; 59.09413869757757], [2; 60; 29.891661971253832], [1; 140; 70.1617627434919], [2; 70; 35.29253409187053], [1; 160; 81.16279924332375], [2; 80; 41.091892597191794], [2; 80; 41.35572971663468], [2; 80; 41.62559267018993], [1; 160; 83.80344260609583], [2; 90; 47.457415364511654], [1; 180; 95.5660607728622], [2; 90; 48.11660138553873], [1; 180; 96.91693506641269], [1; 200; 109.26343982907294], [1; 200; 110.92540813465295], [2; 100; 55.89517325764453], [2; 100; 56.33967992695625], [1; 200; 113.59362023664696], [1; 1040; 600.6155517892353], [1; 1040; 611.1540736470943], [1; 1120; 670.244127572183], [1; 1120; 683.1355039434058], [1; 1120; 696.9386615374041], [2; 580; 368.5952048270299], [1; 1160; 745.3141491687857], [1; 1200; 788.8456887443741], [1; 1200; 808.2089060327278], [1; 1200; 829.3447910155926], [1; 1240; 880.9694528328508], [2; 620; 446.93931695943166], [2; 620; 453.7375559720984], [1; 1240; 921.8241015899921], [2; 620; 468.4999727047458], [1; 1240; 953.0878383323172], [2; 620; 485.0929850012894], [2; 620; 494.20410529337], [1; 1240; 1007.8875115253327], [2; 640; 530.9833592319854], [1; 1280; 1085.18390713289], [2; 640; 555.1403342278902], [1; 1280; 1137.5339147384439], [1; 1320; 1237.4426887533255], [1; 1320; 1316.1452171591163], [2; 660; 681.3797751160665], [1; 1320; 1415.7165475060372], [2; 680; 760.7015234934332], [1; 1400; 1641.7023429513827], [2; 700; 865.8869635277767], [1; 1400; 1841.9163909653853], [2; 700; 1083.1196143293723], [1; 1400; 2430.4232488610846], [2; 700; 1429.184899420893], [1; 1400; 3771.6415614860634]];
Intervals[0.0=8.539498621718092, 8.573897651417651=12.878290952482065, 12.878290952482065=17.200379731706366, 17.200379731706366=21.540421247529732, 21.540421247529732=25.89867923721262, 25.89867923721262=34.65216906366192, 34.65216906366192=52.310401838823424, 61.21631319548481=70.12339352353497, 70.12339352353497=88.01734955111039, 88.01734955111039=106.07472663822176, 106.07472663822176=133.41394269813838, 151.93527503899733=170.3358388953585, 170.3358388953585=188.82583533283082, 188.82583533283082=207.40680442358436, 207.40680442358436=226.0803322705393, 226.0803322705393=272.99963404671394, 273.2393266961566=296.94084084421934, 296.94084084421934=325.5317648104966, 325.5317648104966=354.2745680649986, 354.2745680649986=412.06965685389065, 412.06965685389065=470.50163977542843, 470.50163977542843=529.595778473006, 530.5800821978344=560.4717441690882, 560.4717441690882=630.6335069125801, 630.6335069125801=665.9260410044506, 665.9260410044506=747.0888402477743, 747.5937495427872=788.685642139979, 788.685642139979=830.0413718566136, 830.0413718566136=871.6669645268036, 871.6669645268036=955.4704071328994, 955.4704071328994=1002.9278224974111, 1002.9278224974111=1098.4938832702733, 1098.4938832702733=1146.610484655812, 1146.610484655812=1243.5274197222245, 1243.5274197222245=1352.7908595512974, 1352.7908595512974=1463.7162676859505, 1463.7162676859505=1519.611440943595, 1519.611440943595=1575.9511208705512, 1575.9511208705512=1689.5447411071982, 1689.5447411071982=2290.1602928964335, 2290.1602928964335=2901.3143665435277, 2901.3143665435277=3571.558494115711, 3571.558494115711=4254.693998059117, 4254.693998059117=4951.632659596521, 5488.441716019469=5857.036920846499, 5857.036920846499=6602.351070015285, 6602.351070015285=7391.196758759659, 7391.196758759659=8199.405664792386, 8199.405664792386=9028.750455807978, 9028.750455807978=9909.719908640829, 9909.719908640829=10356.65922560026, 10356.65922560026=10810.396781572359, 10810.396781572359=11732.22088316235, 11732.22088316235=12200.720855867095, 12200.720855867095=13153.808694199413, 13153.808694199413=13638.901679200702, 13638.901679200702=14133.105784494071, 14133.105784494071=15140.993296019404, 15140.993296019404=15671.976655251388, 15671.976655251388=16757.160562384277, 16757.160562384277=17312.300896612167, 17312.300896612167=18449.83481135061, 18449.83481135061=19687.277500103937, 19687.277500103937=21003.422717263053, 21003.422717263053=21684.80249237912, 21684.80249237912=23100.519039885156, 23100.519039885156=23861.22056337859, 23861.22056337859=25502.92290632997, 25502.92290632997=26368.80986985775, 26368.80986985775=28210.726260823132, 28350.074155755345=29433.193770084716, 29433.193770084716=31863.6170189458, 31863.6170189458=33292.80191836669, 33292.80191836669=37064.44347985275];

Jobs: [[1; 20; 8.573897651417651], [2; 10; 4.304393301064414], [2; 10; 4.322088779224303], [2; 10; 4.340041515823365], [2; 10; 4.358257989682886], [1; 40; 17.582036973951322], [1; 40; 17.73559698432087], [2; 20; 8.90708032805016], [1; 40; 17.97501657714782], [1; 60; 27.211610565199994], [1; 80; 36.62525437311455], [2; 40; 18.400563856361163], [2; 40; 18.489996437472314], [2; 40; 18.58096909075353], [2; 40; 18.67352784695492], [1; 100; 47.158994425617266], [2; 50; 23.70151414806274], [2; 60; 28.59092396627725], [2; 60; 28.742803254502032], [1; 120; 58.110482184441494], [1; 120; 58.759796583656794], [1; 120; 59.4352353647375], [2; 60; 29.891661971253832], [2; 70; 35.29253409187053], [1; 160; 81.66770853833673], [2; 80; 41.091892597191794], [2; 80; 41.35572971663468], [2; 80; 41.62559267018993], [2; 90; 47.457415364511654], [2; 90; 48.11660138553873], [1; 180; 97.61797771094919], [1; 200; 110.08344825053327], [2; 100; 55.89517325764453], [2; 100; 56.33967992695625], [1; 1040; 595.5787877740182], [1; 1040; 605.8046237644646], [1; 1080; 640.3907673851526], [1; 1120; 676.5823803115187], [1; 1120; 689.9162960506585], [1; 1120; 704.2177398631044], [2; 580; 368.5952048270299], [1; 1200; 779.7518349176422], [1; 1200; 798.3219072933467], [1; 1200; 818.5381877532769], [1; 1200; 840.6678212746323], [2; 620; 446.93931695943166], [2; 620; 453.7375559720984], [2; 620; 468.4999727047458], [2; 620; 485.0929850012894], [2; 620; 494.20410529337], [2; 640; 530.9833592319854], [2; 640; 555.1403342278902], [1; 1320; 1203.7597137537039], [1; 1320; 1274.6735302682648], [2; 660; 681.3797751160665], [2; 680; 760.7015234934332], [2; 700; 865.8869635277767], [1; 1400; 1981.2642858975973], [2; 700; 1083.1196143293723], [2; 700; 1429.184899420893]];
Intervals[0.0=8.573897651417651, 8.573897651417651=12.878290952482065, 12.878290952482065=17.200379731706366, 17.200379731706366=21.540421247529732, 21.540421247529732=25.89867923721262, 25.89867923721262=43.48071621116394, 43.48071621116394=61.21631319548481, 61.21631319548481=70.12339352353497, 70.12339352353497=88.0984101006828, 88.0984101006828=115.31002066588279, 115.31002066588279=151.93527503899733, 151.93527503899733=170.3358388953585, 170.3358388953585=188.82583533283082, 188.82583533283082=207.40680442358436, 207.40680442358436=226.0803322705393, 226.0803322705393=273.2393266961566, 273.2393266961566=296.94084084421934, 296.94084084421934=325.5317648104966, 325.5317648104966=354.2745680649986, 354.2745680649986=412.3850502494401, 412.3850502494401=471.1448468330969, 471.1448468330969=530.5800821978344, 530.5800821978344=560.4717441690882, 630.6335069125801=665.9260410044506, 665.9260410044506=747.5937495427872, 747.5937495427872=788.685642139979, 788.685642139979=830.0413718566136, 830.0413718566136=871.6669645268036, 955.4704071328994=1002.9278224974111, 1098.4938832702733=1146.610484655812, 1146.610484655812=1244.228462366761, 1244.228462366761=1354.3119106172944, 1463.7162676859505=1519.611440943595, 1519.611440943595=1575.9511208705512, 1575.9511208705512=2171.5299086445693, 2171.5299086445693=2777.334532409034, 2777.334532409034=3417.725299794187, 3417.725299794187=4094.3076801057055, 4094.3076801057055=4784.223976156364, 4784.223976156364=5488.441716019469, 5488.441716019469=5857.036920846499, 5857.036920846499=6636.788755764142, 6636.788755764142=7435.110663057489, 7435.110663057489=8253.648850810765, 8253.648850810765=9094.316672085397, 9909.719908640829=10356.65922560026, 10356.65922560026=10810.396781572359, 11732.22088316235=12200.720855867095, 13153.808694199413=13638.901679200702, 13638.901679200702=14133.105784494071, 15140.993296019404=15671.976655251388, 16757.160562384277=17312.300896612167, 17312.300896612167=18516.060610365872, 18516.060610365872=19790.734140634137, 21003.422717263053=21684.80249237912, 23100.519039885156=23861.22056337859, 25502.92290632997=26368.80986985775, 26368.80986985775=28350.074155755345, 28350.074155755345=29433.193770084716, 31863.6170189458=33292.80191836669];
