1.1383346471156752
38652.55187228731
43999.53899566051
[1; 20; 2.8596525064010856]
[2; 10; 1.4355859163760791]
[2; 10; 1.4414276103540595]
[1; 20; 2.8947067170812657]
[1; 20; 2.906730511565335]
[2; 10; 1.4594654716662654]
[1; 20; 2.931312508008333]
[1; 20; 2.943879865050013]
[1; 20; 2.9566378455568403]
[1; 20; 2.9695914605422495]
[2; 10; 1.491372954850352]
[2; 20; 2.9961065907047177]
[1; 40; 6.0193582181409155]
[1; 40; 6.04693857726724]
[1; 40; 6.074966365361654]
[2; 20; 3.051727085785745]
[1; 40; 6.132415092806832]
[1; 40; 6.161862760562139]
[2; 20; 3.0959056847488977]
[1; 60; 9.333413561880286]
[1; 60; 9.379906785467353]
[1; 60; 9.427220838112763]
[1; 60; 9.475380880015079]
[1; 60; 9.5244131780709]
[1; 60; 9.574345169697795]
[1; 60; 9.625205531234457]
[1; 60; 9.677024251312325]
[1; 60; 9.729832709632797]
[1; 60; 9.783663761628576]
[2; 30; 4.919275914768665]
[1; 60; 9.8945330004715]
[1; 60; 9.951645132130388]
[1; 60; 10.009927966870734]
[1; 60; 10.06942325493065]
[1; 60; 10.130174887690602]
[2; 40; 6.7948193613035075]
[1; 80; 13.674179115137616]
[1; 80; 13.760589334773119]
[1; 80; 13.848941416472346]
[2; 40; 6.969655695417764]
[1; 100; 17.539724469601364]
[2; 50; 8.829019308860314]
[1; 100; 17.77919402804799]
[1; 100; 17.90330971236735]
[2; 50; 9.015255935079768]
[2; 50; 9.080467230273644]
[1; 100; 18.2947198311245]
[1; 100; 18.432019410501166]
[1; 100; 18.57299447236186]
[1; 120; 22.461380375952867]
[1; 120; 22.640004625546602]
[1; 120; 22.823701616023808]
[2; 60; 11.506361713486204]
[1; 120; 23.20734025958717]
[2; 60; 11.703921079508333]
[2; 60; 11.807270471026719]
[2; 60; 11.913886179919158]
[2; 60; 12.023949265160939]
[1; 120; 24.275310681305125]
[2; 60; 12.255216126098837]
[1; 120; 24.753722411473046]
[1; 140; 29.173293400454295]
[1; 140; 29.477989781068473]
[1; 140; 29.794123455478097]
[1; 140; 30.122450702892323]
[1; 140; 30.463800657559737]
[1; 140; 30.819084656623126]
[1; 140; 31.18930710424822]
[1; 140; 31.575578152561764]
[2; 70; 15.989564285507429]
[2; 70; 16.200663633291132]
[1; 140; 32.843702034045734]
[1; 140; 33.307964267144115]
[1; 160; 38.62404406806804]
[1; 160; 39.21154101283634]
[1; 160; 39.831553604458215]
[1; 160; 40.48729414709173]
[1; 160; 41.18244387059434]
[2; 80; 20.960622749934917]
[1; 160; 42.70861930726913]
[2; 90; 24.497049407261223]
[1; 180; 50.009709484031646]
[1; 180; 51.10304399271379]
[2; 90; 26.142445290338838]
[2; 90; 26.784144745414082]
[1; 180; 54.96918126145301]
[2; 90; 28.253650077152706]
[1; 180; 58.2074308800375]
[1; 180; 60.10121802698623]
[1; 180; 62.2298419498472]
[1; 200; 71.83122329661252]
[1; 200; 74.92318979217899]
[1; 200; 78.53753527746696]
[2; 100; 41.423238650013545]
[1; 200; 88.11559181521646]
[2; 100; 47.39093369018721]
[2; 100; 51.81544954561145]
[2; 100; 58.1346102313067]
[1; 200; 136.74179115137616]
[1; 200; 180.43187515749582]


Jobs: [[1; 20; 2.8596525064010856], [2; 10; 1.4355859163760791], [2; 10; 1.4414276103540595], [1; 20; 2.8947067170812657], [2; 10; 1.4594654716662654], [1; 20; 2.931312508008333], [1; 20; 2.9566378455568403], [2; 10; 1.491372954850352], [2; 20; 2.9961065907047177], [1; 40; 6.0193582181409155], [1; 40; 6.074966365361654], [2; 20; 3.051727085785745], [1; 40; 6.132415092806832], [2; 20; 3.0959056847488977], [1; 60; 9.333413561880286], [1; 60; 9.427220838112763], [1; 60; 9.5244131780709], [1; 60; 9.625205531234457], [1; 60; 9.729832709632797], [2; 30; 4.919275914768665], [1; 60; 9.8945330004715], [1; 60; 10.009927966870734], [1; 60; 10.130174887690602], [2; 40; 6.7948193613035075], [1; 80; 13.674179115137616], [1; 80; 13.848941416472346], [2; 40; 6.969655695417764], [1; 100; 17.539724469601364], [2; 50; 8.829019308860314], [1; 100; 17.77919402804799], [2; 50; 9.015255935079768], [2; 50; 9.080467230273644], [1; 100; 18.2947198311245], [1; 100; 18.57299447236186], [1; 120; 22.640004625546602], [2; 60; 11.506361713486204], [1; 120; 23.20734025958717], [2; 60; 11.703921079508333], [2; 60; 11.807270471026719], [2; 60; 11.913886179919158], [2; 60; 12.023949265160939], [1; 120; 24.275310681305125], [2; 60; 12.255216126098837], [1; 120; 24.753722411473046], [1; 140; 29.477989781068473], [1; 140; 30.122450702892323], [1; 140; 30.819084656623126], [1; 140; 31.575578152561764], [2; 70; 15.989564285507429], [2; 70; 16.200663633291132], [1; 140; 32.843702034045734], [1; 160; 38.62404406806804], [1; 160; 39.831553604458215], [1; 160; 41.18244387059434], [2; 80; 20.960622749934917], [1; 160; 42.70861930726913], [2; 90; 24.497049407261223], [1; 180; 50.009709484031646], [2; 90; 26.142445290338838], [2; 90; 26.784144745414082], [1; 180; 54.96918126145301], [2; 90; 28.253650077152706], [1; 180; 58.2074308800375], [1; 180; 62.2298419498472], [1; 200; 74.92318979217899], [2; 100; 41.423238650013545], [1; 200; 88.11559181521646], [2; 100; 47.39093369018721], [2; 100; 51.81544954561145], [2; 100; 58.1346102313067], [1; 200; 136.74179115137616]];
Intervals[0.0=2.8596525064010856, 2.8596525064010856=4.295238422777165, 4.295238422777165=5.7366660331312245, 5.7366660331312245=8.63137275021249, 8.643396544696559=10.102862016362824, 10.102862016362824=13.034174524371156, 13.034174524371156=15.990812369927998, 16.016333341955086=17.507706296805438, 17.507706296805438=20.503812887510154, 20.503812887510154=26.52317110565107, 26.52317110565107=32.59813747101272, 32.59813747101272=35.64986455679846, 35.64986455679846=41.78227964960529, 41.8117273173606=44.9076330021095, 44.9076330021095=54.241046563989784, 54.241046563989784=63.66826740210254, 63.66826740210254=73.19268058017344, 73.19268058017344=82.8178861114079, 82.8178861114079=92.5477188210407, 92.79795385023063=97.71722976499929, 97.71722976499929=107.61176276547079, 107.61176276547079=117.62169073234152, 117.62169073234152=127.75186562003212, 127.75186562003212=134.54668498133563, 134.54668498133563=148.22086409647324, 148.22086409647324=162.06980551294558, 162.06980551294558=169.03946120836335, 169.03946120836335=186.57918567796472, 186.57918567796472=195.40820498682504, 195.40820498682504=213.18739901487302, 213.3115146991924=222.32677063427218, 222.32677063427218=231.40723786454583, 231.40723786454583=249.70195769567033, 249.70195769567033=268.2749521680322, 268.2749521680322=290.9149567935788, 295.1243392670237=306.6307009805099, 306.6307009805099=329.8380412400971, 329.8380412400971=341.54196231960543, 341.54196231960543=353.34923279063213, 353.34923279063213=365.26311897055126, 365.26311897055126=377.2870682357122, 377.2870682357122=401.5623789170173, 401.5623789170173=413.81759504311617, 413.81759504311617=438.57131745458923, 438.57131745458923=468.0493072356577, 468.0493072356577=498.17175793855, 498.17175793855=528.9908425951731, 528.9908425951731=560.5664207477349, 560.5664207477349=576.5559850332423, 576.5559850332423=592.7566486665335, 592.7566486665335=625.6003507005792, 625.6003507005792=664.2243947686472, 664.2243947686472=704.0559483731055, 704.0559483731055=745.2383922436998, 745.2383922436998=766.1990149936347, 766.1990149936347=808.9076343009039, 808.9076343009039=833.4046837081651, 833.4046837081651=883.4143931921967, 884.5077277008788=910.6501729912177, 910.6501729912177=937.4343177366318, 937.4343177366318=992.4034989980848, 992.4034989980848=1020.6571490752375, 1020.6571490752375=1078.864579955275, 1078.864579955275=1141.0944219051223, 1141.0944219051223=1216.0176116973014, 1231.1271256763032=1272.5503643263166, 1272.5503643263166=1360.6659561415331, 1360.6659561415331=1408.0568898317204, 1408.0568898317204=1459.8723393773319, 1459.8723393773319=1518.0069496086385, 1518.0069496086385=1654.7487407600147];

Jobs: [[2; 10; 1.4355859163760791], [2; 10; 1.4414276103540595], [1; 20; 2.906730511565335], [2; 10; 1.4594654716662654], [1; 20; 2.943879865050013], [1; 20; 2.9695914605422495], [2; 10; 1.491372954850352], [2; 20; 2.9961065907047177], [1; 40; 6.04693857726724], [2; 20; 3.051727085785745], [1; 40; 6.161862760562139], [2; 20; 3.0959056847488977], [1; 60; 9.379906785467353], [1; 60; 9.475380880015079], [1; 60; 9.574345169697795], [1; 60; 9.677024251312325], [1; 60; 9.783663761628576], [2; 30; 4.919275914768665], [1; 60; 9.951645132130388], [1; 60; 10.06942325493065], [2; 40; 6.7948193613035075], [1; 80; 13.760589334773119], [2; 40; 6.969655695417764], [2; 50; 8.829019308860314], [1; 100; 17.90330971236735], [2; 50; 9.015255935079768], [2; 50; 9.080467230273644], [1; 100; 18.432019410501166], [1; 120; 22.461380375952867], [1; 120; 22.823701616023808], [2; 60; 11.506361713486204], [2; 60; 11.703921079508333], [2; 60; 11.807270471026719], [2; 60; 11.913886179919158], [2; 60; 12.023949265160939], [2; 60; 12.255216126098837], [1; 140; 29.173293400454295], [1; 140; 29.794123455478097], [1; 140; 30.463800657559737], [1; 140; 31.18930710424822], [2; 70; 15.989564285507429], [2; 70; 16.200663633291132], [1; 140; 33.307964267144115], [1; 160; 39.21154101283634], [1; 160; 40.48729414709173], [2; 80; 20.960622749934917], [2; 90; 24.497049407261223], [1; 180; 51.10304399271379], [2; 90; 26.142445290338838], [2; 90; 26.784144745414082], [2; 90; 28.253650077152706], [1; 180; 60.10121802698623], [1; 200; 71.83122329661252], [1; 200; 78.53753527746696], [2; 100; 41.423238650013545], [2; 100; 47.39093369018721], [2; 100; 51.81544954561145], [2; 100; 58.1346102313067], [1; 200; 180.43187515749582]];
Intervals[2.8596525064010856=4.295238422777165, 4.295238422777165=5.7366660331312245, 5.7366660331312245=8.643396544696559, 8.643396544696559=10.102862016362824, 10.102862016362824=13.046741881412837, 13.046741881412837=16.016333341955086, 16.016333341955086=17.507706296805438, 17.507706296805438=20.503812887510154, 20.503812887510154=26.550751464777395, 32.59813747101272=35.64986455679846, 35.64986455679846=41.8117273173606, 41.8117273173606=44.9076330021095, 44.9076330021095=54.287539787576854, 54.287539787576854=63.762920667591935, 63.762920667591935=73.33726583728973, 73.33726583728973=83.01429008860205, 83.01429008860205=92.79795385023063, 92.79795385023063=97.71722976499929, 97.71722976499929=107.66887489712968, 107.66887489712968=117.73829815206034, 127.75186562003212=134.54668498133563, 134.54668498133563=148.30727431610876, 162.06980551294558=169.03946120836335, 186.57918567796472=195.40820498682504, 195.40820498682504=213.3115146991924, 213.3115146991924=222.32677063427218, 222.32677063427218=231.40723786454583, 231.40723786454583=249.839257275047, 249.839257275047=272.3006376509999, 272.3006376509999=295.1243392670237, 295.1243392670237=306.6307009805099, 329.8380412400971=341.54196231960543, 341.54196231960543=353.34923279063213, 353.34923279063213=365.26311897055126, 365.26311897055126=377.2870682357122, 401.5623789170173=413.81759504311617, 413.81759504311617=442.99088844357044, 442.99088844357044=472.7850118990485, 472.7850118990485=503.24881255660824, 503.24881255660824=534.4381196608565, 560.5664207477349=576.5559850332423, 576.5559850332423=592.7566486665335, 592.7566486665335=626.0646129336776, 626.0646129336776=665.276153946514, 665.276153946514=705.7634480936057, 745.2383922436998=766.1990149936347, 808.9076343009039=833.4046837081651, 833.4046837081651=884.5077277008788, 884.5077277008788=910.6501729912177, 910.6501729912177=937.4343177366318, 992.4034989980848=1020.6571490752375, 1020.6571490752375=1080.7583671022237, 1080.7583671022237=1152.5895903988362, 1152.5895903988362=1231.1271256763032, 1231.1271256763032=1272.5503643263166, 1360.6659561415331=1408.0568898317204, 1408.0568898317204=1459.8723393773319, 1459.8723393773319=1518.0069496086385, 1518.0069496086385=1698.4388247661343];
