1.1013193477376026
13962.85624957414
15377.5637373349
[1; 10; 1.255491287563861]
[1; 20; 2.5313562433234957]
[1; 20; 2.552320482574377]
[2; 10; 1.2869526303260759]
[2; 10; 1.2980713731018476]
[1; 30; 3.928601283824038]
[2; 20; 2.6427168275465602]
[1; 40; 5.334261646743804]
[1; 40; 5.384705801498694]
[1; 50; 6.796075057408582]
[1; 50; 6.863532789942698]
[2; 30; 4.160036268245661]
[1; 80; 11.209293826461176]
[2; 50; 7.080941716911052]
[1; 130; 18.61332913863832]
[1; 140; 20.272276588755368]
[2; 70; 10.254350981913516]
[1; 140; 20.75506819836184]
[1; 150; 22.51297933736833]
[1; 150; 22.80070557276218]
[2; 80; 12.320921487383872]
[2; 80; 12.489138817898553]
[2; 80; 12.66567907121905]
[2; 80; 12.851274092910117]
[2; 80; 13.046750368068126]
[1; 170; 28.162721659398343]
[2; 90; 15.155131804130619]
[2; 90; 15.415339010001489]
[1; 180; 31.383771838923]
[2; 90; 15.986614280090006]
[2; 100; 18.112971624357087]
[2; 100; 18.48843984774161]
[2; 110; 20.78190657590629]
[2; 130; 25.12843773231384]
[2; 130; 25.745247086627653]
[2; 130; 26.418524227248973]
[2; 140; 29.246811527122382]
[2; 140; 30.12675806095386]
[2; 150; 33.328860507260394]
[2; 150; 34.50927934279207]
[2; 160; 38.240334953510626]
[2; 160; 39.88638564051139]
[2; 170; 44.423690178872]
[2; 170; 46.860984712405106]
[2; 170; 49.841387775893246]
[2; 190; 59.919379072092944]
[2; 190; 65.51357657165701]
[2; 200; 77.37188876963594]
[2; 200; 90.99545531508122]
[2; 200; 120.06922313263108]


Jobs: [[1; 10; 1.255491287563861], [1; 20; 2.552320482574377], [2; 10; 1.2869526303260759], [2; 10; 1.2980713731018476], [1; 30; 3.928601283824038], [2; 20; 2.6427168275465602], [1; 40; 5.334261646743804], [1; 50; 6.796075057408582], [2; 30; 4.160036268245661], [1; 80; 11.209293826461176], [2; 50; 7.080941716911052], [1; 130; 18.61332913863832], [2; 70; 10.254350981913516], [1; 140; 20.75506819836184], [1; 150; 22.80070557276218], [2; 80; 12.320921487383872], [2; 80; 12.489138817898553], [2; 80; 12.66567907121905], [2; 80; 12.851274092910117], [2; 80; 13.046750368068126], [1; 170; 28.162721659398343], [2; 90; 15.155131804130619], [2; 90; 15.415339010001489], [1; 180; 31.383771838923], [2; 90; 15.986614280090006], [2; 100; 18.112971624357087], [2; 100; 18.48843984774161], [2; 110; 20.78190657590629], [2; 130; 25.12843773231384], [2; 130; 25.745247086627653], [2; 130; 26.418524227248973], [2; 140; 29.246811527122382], [2; 140; 30.12675806095386], [2; 150; 33.328860507260394], [2; 150; 34.50927934279207], [2; 160; 38.240334953510626], [2; 160; 39.88638564051139], [2; 170; 44.423690178872], [2; 170; 46.860984712405106], [2; 170; 49.841387775893246], [2; 190; 59.919379072092944], [2; 190; 65.51357657165701], [2; 200; 77.37188876963594], [2; 200; 90.99545531508122], [2; 200; 120.06922313263108]];
Intervals[0.0=1.255491287563861, 1.255491287563861=3.8078117701382377, 3.8078117701382377=5.094764400464314, 5.094764400464314=6.392835773566161, 6.392835773566161=10.321437057390199, 10.321437057390199=12.96415388493676, 12.96415388493676=18.298415531680565, 18.298415531680565=25.094490589089148, 25.212392476378152=29.372428744623814, 29.372428744623814=40.58172257108499, 40.58172257108499=47.66266428799604, 47.66266428799604=66.27599342663436, 67.9349408767514=78.18929185866492, 78.18929185866492=98.94436005702676, 98.94436005702676=121.74506562978894, 121.74506562978894=134.06598711717282, 134.06598711717282=146.55512593507137, 146.55512593507137=159.22080500629042, 159.22080500629042=172.07207909920055, 172.07207909920055=185.11882946726868, 185.11882946726868=213.281551126667, 213.281551126667=228.43668293079764, 228.43668293079764=243.85202194079915, 243.85202194079915=275.23579377972214, 275.23579377972214=291.22240805981215, 291.22240805981215=309.33537968416925, 309.33537968416925=327.8238195319109, 327.8238195319109=348.6057261078172, 348.6057261078172=373.73416384013103, 373.73416384013103=399.4794109267587, 399.4794109267587=425.89793515400766, 425.89793515400766=455.14474668113, 455.14474668113=485.2715047420839, 485.2715047420839=518.6003652493442, 518.6003652493442=553.1096445921363, 553.1096445921363=591.3499795456469, 591.3499795456469=631.2363651861583, 631.2363651861583=675.6600553650303, 675.6600553650303=722.5210400774354, 722.5210400774354=772.3624278533287, 772.3624278533287=832.2818069254216, 832.2818069254216=897.7953834970787, 897.7953834970787=975.1672722667146, 975.1672722667146=1066.1627275817957, 1066.1627275817957=1186.2319507144268];

Jobs: [[1; 20; 2.5313562433234957], [2; 10; 1.2869526303260759], [2; 10; 1.2980713731018476], [2; 20; 2.6427168275465602], [1; 40; 5.384705801498694], [1; 50; 6.863532789942698], [2; 30; 4.160036268245661], [2; 50; 7.080941716911052], [1; 140; 20.272276588755368], [2; 70; 10.254350981913516], [1; 150; 22.51297933736833], [2; 80; 12.320921487383872], [2; 80; 12.489138817898553], [2; 80; 12.66567907121905], [2; 80; 12.851274092910117], [2; 80; 13.046750368068126], [2; 90; 15.155131804130619], [2; 90; 15.415339010001489], [2; 90; 15.986614280090006], [2; 100; 18.112971624357087], [2; 100; 18.48843984774161], [2; 110; 20.78190657590629], [2; 130; 25.12843773231384], [2; 130; 25.745247086627653], [2; 130; 26.418524227248973], [2; 140; 29.246811527122382], [2; 140; 30.12675806095386], [2; 150; 33.328860507260394], [2; 150; 34.50927934279207], [2; 160; 38.240334953510626], [2; 160; 39.88638564051139], [2; 170; 44.423690178872], [2; 170; 46.860984712405106], [2; 170; 49.841387775893246], [2; 190; 59.919379072092944], [2; 190; 65.51357657165701], [2; 200; 77.37188876963594], [2; 200; 90.99545531508122], [2; 200; 120.06922313263108]];
Intervals[0.0=2.5313562433234957, 3.8078117701382377=5.094764400464314, 5.094764400464314=6.392835773566161, 10.321437057390199=12.96415388493676, 12.96415388493676=18.348859686435453, 18.348859686435453=25.212392476378152, 25.212392476378152=29.372428744623814, 40.58172257108499=47.66266428799604, 47.66266428799604=67.9349408767514, 67.9349408767514=78.18929185866492, 78.18929185866492=100.70227119603325, 121.74506562978894=134.06598711717282, 134.06598711717282=146.55512593507137, 146.55512593507137=159.22080500629042, 159.22080500629042=172.07207909920055, 172.07207909920055=185.11882946726868, 213.281551126667=228.43668293079764, 228.43668293079764=243.85202194079915, 275.23579377972214=291.22240805981215, 291.22240805981215=309.33537968416925, 309.33537968416925=327.8238195319109, 327.8238195319109=348.6057261078172, 348.6057261078172=373.73416384013103, 373.73416384013103=399.4794109267587, 399.4794109267587=425.89793515400766, 425.89793515400766=455.14474668113, 455.14474668113=485.2715047420839, 485.2715047420839=518.6003652493442, 518.6003652493442=553.1096445921363, 553.1096445921363=591.3499795456469, 591.3499795456469=631.2363651861583, 631.2363651861583=675.6600553650303, 675.6600553650303=722.5210400774354, 722.5210400774354=772.3624278533287, 772.3624278533287=832.2818069254216, 832.2818069254216=897.7953834970787, 897.7953834970787=975.1672722667146, 975.1672722667146=1066.1627275817957, 1066.1627275817957=1186.2319507144268];
