1.1459619981897102
6384.237066699984
7316.093065872328
[1; 20; 1.8361053427869243]
[2; 10; 0.925501588283004]
[1; 20; 1.866332853512909]
[1; 40; 3.7642325739121456]
[2; 20; 1.8983769995694446]
[2; 20; 1.9151402797082273]
[2; 20; 1.9324333568042924]
[2; 20; 1.9502855986389085]
[2; 20; 1.9687287338034591]
[1; 60; 5.963391309756486]
[1; 60; 6.022583836703536]
[1; 60; 6.08388516429646]
[1; 60; 6.1474274515585705]
[2; 30; 3.10667745300189]
[1; 80; 8.375766992456386]
[2; 40; 4.235340917793586]
[1; 80; 8.569471141333043]
[1; 100; 10.840517739492237]
[1; 100; 10.974774590325737]
[1; 100; 11.11503725968861]
[1; 100; 11.261781540784408]
[1; 100; 11.415538451707839]
[1; 100; 11.576902824339054]
[1; 100; 11.746543592806102]
[1; 100; 11.925216195296908]
[1; 100; 12.113777624098617]
[1; 100; 12.313204821728165]
[2; 60; 7.514770405683581]
[1; 120; 15.299166608068099]
[1; 120; 15.586518830517408]
[1; 120; 15.893694031646564]
[2; 60; 8.111579153233986]
[1; 120; 16.577836208005042]
[1; 120; 16.961227443193465]
[1; 120; 17.37756226906099]
[2; 70; 10.402006882722826]
[2; 70; 10.69307040127511]
[1; 140; 22.02958395031983]
[1; 160; 25.995793870779615]
[1; 160; 26.916495156771152]
[1; 160; 27.962473341548776]
[1; 180; 32.81187902993996]
[1; 180; 34.39474632596181]
[1; 180; 36.28180538983027]
[2; 90; 19.29468130836481]
[2; 90; 20.754396438159247]
[1; 180; 45.38413986613356]
[1; 200; 56.57663249384281]
[1; 200; 66.53859064109635]
[2; 100; 43.89909836130295]


Jobs: [[1; 20; 1.8361053427869243], [2; 10; 0.925501588283004], [1; 20; 1.866332853512909], [2; 20; 1.8983769995694446], [2; 20; 1.9151402797082273], [2; 20; 1.9324333568042924], [2; 20; 1.9502855986389085], [2; 20; 1.9687287338034591], [1; 60; 5.963391309756486], [1; 60; 6.08388516429646], [2; 30; 3.10667745300189], [1; 80; 8.375766992456386], [2; 40; 4.235340917793586], [1; 80; 8.569471141333043], [1; 100; 10.974774590325737], [1; 100; 11.261781540784408], [1; 100; 11.576902824339054], [1; 100; 11.925216195296908], [1; 100; 12.313204821728165], [2; 60; 7.514770405683581], [1; 120; 15.299166608068099], [1; 120; 15.893694031646564], [2; 60; 8.111579153233986], [1; 120; 16.577836208005042], [1; 120; 17.37756226906099], [2; 70; 10.402006882722826], [2; 70; 10.69307040127511], [1; 140; 22.02958395031983], [1; 160; 26.916495156771152], [1; 180; 32.81187902993996], [1; 180; 36.28180538983027], [2; 90; 19.29468130836481], [2; 90; 20.754396438159247], [1; 180; 45.38413986613356], [1; 200; 66.53859064109635], [2; 100; 43.89909836130295]];
Intervals[0.0=1.8361053427869243, 1.8361053427869243=2.7616069310699283, 2.7616069310699283=4.627939784582837, 6.525839504982073=8.424216504551518, 8.424216504551518=10.339356784259746, 10.339356784259746=12.271790141064038, 12.271790141064038=14.222075739702946, 14.222075739702946=16.190804473506404, 16.190804473506404=22.15419578326289, 22.15419578326289=28.23808094755935, 28.36081576176851=31.4674932147704, 31.4674932147704=39.843260207226784, 39.843260207226784=44.07860112502037, 44.07860112502037=52.64807226635341, 52.64807226635341=63.622846856679146, 63.622846856679146=74.88462839746356, 74.88462839746356=86.46153122180262, 86.46153122180262=98.38674741709953, 98.38674741709953=110.69995223882769, 110.69995223882769=118.21472264451127, 118.21472264451127=133.51388925257936, 133.51388925257936=149.40758328422592, 149.40758328422592=157.5191624374599, 157.5191624374599=174.09699864546494, 174.09699864546494=191.47456091452594, 191.47456091452594=201.87656779724875, 201.87656779724875=212.56963819852388, 212.56963819852388=234.5992221488437, 234.5992221488437=261.5157173056148, 261.5157173056148=294.3275963355548, 294.3275963355548=330.60940172538506, 330.60940172538506=349.9040830337499, 349.9040830337499=370.6584794719091, 370.6584794719091=416.0426193380427, 416.0426193380427=482.58120997913903, 482.58120997913903=526.480308340442];

Jobs: [[2; 10; 0.925501588283004], [1; 40; 3.7642325739121456], [2; 20; 1.8983769995694446], [2; 20; 1.9151402797082273], [2; 20; 1.9324333568042924], [2; 20; 1.9502855986389085], [2; 20; 1.9687287338034591], [1; 60; 6.022583836703536], [1; 60; 6.1474274515585705], [2; 30; 3.10667745300189], [2; 40; 4.235340917793586], [1; 100; 10.840517739492237], [1; 100; 11.11503725968861], [1; 100; 11.415538451707839], [1; 100; 11.746543592806102], [1; 100; 12.113777624098617], [2; 60; 7.514770405683581], [1; 120; 15.586518830517408], [2; 60; 8.111579153233986], [1; 120; 16.961227443193465], [2; 70; 10.402006882722826], [2; 70; 10.69307040127511], [1; 160; 25.995793870779615], [1; 160; 27.962473341548776], [1; 180; 34.39474632596181], [2; 90; 19.29468130836481], [2; 90; 20.754396438159247], [1; 200; 56.57663249384281], [2; 100; 43.89909836130295]];
Intervals[1.8361053427869243=2.7616069310699283, 2.7616069310699283=6.525839504982073, 6.525839504982073=8.424216504551518, 8.424216504551518=10.339356784259746, 10.339356784259746=12.271790141064038, 12.271790141064038=14.222075739702946, 14.222075739702946=16.190804473506404, 16.190804473506404=22.21338831020994, 22.21338831020994=28.36081576176851, 28.36081576176851=31.4674932147704, 39.843260207226784=44.07860112502037, 44.07860112502037=54.919118864512605, 54.919118864512605=66.03415612420122, 66.03415612420122=77.44969457590906, 77.44969457590906=89.19623816871517, 89.19623816871517=101.31001579281379, 110.69995223882769=118.21472264451127, 118.21472264451127=133.8012414750287, 149.40758328422592=157.5191624374599, 157.5191624374599=174.48038988065338, 191.47456091452594=201.87656779724875, 201.87656779724875=212.56963819852388, 212.56963819852388=238.56543206930348, 238.56543206930348=266.52790541085227, 266.52790541085227=300.9226517368141, 330.60940172538506=349.9040830337499, 349.9040830337499=370.6584794719091, 370.6584794719091=427.2351119657519, 482.58120997913903=526.480308340442];
