1.1631629312525005
203510.9759836008
236716.42336714236
[2; 10; 3.666562829264382]
[1; 20; 7.392625342232136]
[2; 20; 7.453849741909364]
[1; 80; 30.067545504254067]
[2; 40; 15.163658381357966]
[1; 80; 30.595116734410865]
[2; 50; 19.294612762617117]
[2; 60; 23.36743273639794]
[2; 60; 23.58840997209445]
[1; 160; 63.5116759463585]
[1; 160; 64.1420918279654]
[2; 90; 36.44716893051016]
[1; 200; 81.83963619165041]
[1; 200; 82.71731696614573]
[1; 200; 83.62885071318037]
[2; 520; 219.89900232342546]
[1; 1040; 444.9271477773308]
[2; 520; 225.13597671146593]
[2; 520; 227.9242242812745]
[1; 1040; 461.67440149616715]
[1; 1040; 467.7695747794447]
[1; 1040; 474.1560247901811]
[1; 1040; 480.8584584767964]
[2; 540; 253.3351122865929]
[2; 540; 257.18850485751625]
[2; 560; 270.93128487937105]
[2; 560; 275.3915836045332]
[2; 560; 280.11994066643354]
[1; 1120; 570.2904295328339]
[1; 1120; 581.0017464670132]
[1; 1160; 613.6109824587828]
[2; 580; 313.1653373720093]
[2; 580; 320.011897246172]
[1; 1200; 677.4056437036253]
[1; 1200; 694.0334238367316]
[2; 600; 356.09172365789436]
[2; 600; 366.05569610895697]
[1; 1240; 779.2763161703492]
[2; 640; 415.29299785880744]
[1; 1280; 860.0031236647382]
[2; 640; 446.7114733746161]
[2; 660; 480.50074443469987]
[1; 1320; 1007.3608524027007]
[2; 660; 531.314725479172]
[2; 680; 582.2312957109926]
[2; 680; 626.2792806352475]
[2; 680; 684.7500131430584]
[2; 700; 790.8546476663895]
[1; 1400; 1860.2151219731652]
[1; 1400; 2454.568569182956]


Jobs: [[2; 10; 3.666562829264382], [1; 20; 7.392625342232136], [2; 20; 7.453849741909364], [1; 80; 30.067545504254067], [2; 40; 15.163658381357966], [1; 80; 30.595116734410865], [2; 50; 19.294612762617117], [2; 60; 23.36743273639794], [2; 60; 23.58840997209445], [1; 160; 63.5116759463585], [2; 90; 36.44716893051016], [1; 200; 81.83963619165041], [1; 200; 83.62885071318037], [2; 520; 219.89900232342546], [1; 1040; 444.9271477773308], [2; 520; 225.13597671146593], [2; 520; 227.9242242812745], [1; 1040; 461.67440149616715], [1; 1040; 474.1560247901811], [2; 540; 253.3351122865929], [2; 540; 257.18850485751625], [2; 560; 270.93128487937105], [2; 560; 275.3915836045332], [2; 560; 280.11994066643354], [1; 1120; 570.2904295328339], [1; 1160; 613.6109824587828], [2; 580; 313.1653373720093], [2; 580; 320.011897246172], [1; 1200; 677.4056437036253], [2; 600; 356.09172365789436], [2; 600; 366.05569610895697], [1; 1240; 779.2763161703492], [2; 640; 415.29299785880744], [1; 1280; 860.0031236647382], [2; 640; 446.7114733746161], [2; 660; 480.50074443469987], [1; 1320; 1007.3608524027007], [2; 660; 531.314725479172], [2; 680; 582.2312957109926], [2; 680; 626.2792806352475], [2; 680; 684.7500131430584], [2; 700; 790.8546476663895], [1; 1400; 1860.2151219731652]];
Intervals[4.9E-324=3.666562829264382, 3.666562829264382=11.059188171496517, 11.059188171496517=18.51303791340588, 18.51303791340588=48.58058341765995, 48.58058341765995=63.744241799017914, 63.744241799017914=94.33935853342878, 94.33935853342878=113.6339712960459, 113.6339712960459=137.00140403244384, 137.00140403244384=160.58981400453828, 160.58981400453828=224.1014899508968, 224.73190583250368=261.17907476301383, 261.17907476301383=343.01871095466424, 343.01871095466424=426.6475616678446, 426.6475616678446=646.5465639912701, 646.5465639912701=1091.4737117686009, 1091.4737117686009=1316.6096884800668, 1316.6096884800668=1544.5339127613413, 1544.5339127613413=2006.2083142575084, 2006.2083142575084=2480.3643390476896, 2493.1619460175825=2746.4970583041754, 2746.4970583041754=3003.685563161692, 3003.685563161692=3274.616848041063, 3274.616848041063=3550.008431645596, 3550.008431645596=3830.1283723120296, 3830.1283723120296=4400.418801844863, 4400.418801844863=5014.029784303646, 5014.029784303646=5327.195121675655, 5327.195121675655=5647.2070189218275, 5647.2070189218275=6324.612662625453, 6341.240442758559=6697.332166416453, 6697.332166416453=7063.38786252541, 7063.38786252541=7842.664178695759, 7842.664178695759=8257.957176554566, 8257.957176554566=9117.960300219303, 9117.960300219303=9564.67177359392, 9564.67177359392=10045.17251802862, 10045.17251802862=11052.53337043132, 11052.53337043132=11583.848095910493, 11583.848095910493=12166.079391621486, 12166.079391621486=12792.358672256734, 12792.358672256734=13477.108685399793, 13477.108685399793=14267.963333066182, 14267.963333066182=16128.178455039348];

Jobs: [[2; 10; 3.666562829264382], [2; 20; 7.453849741909364], [2; 40; 15.163658381357966], [2; 50; 19.294612762617117], [2; 60; 23.36743273639794], [2; 60; 23.58840997209445], [1; 160; 64.1420918279654], [2; 90; 36.44716893051016], [1; 200; 82.71731696614573], [2; 520; 219.89900232342546], [2; 520; 225.13597671146593], [2; 520; 227.9242242812745], [1; 1040; 467.7695747794447], [1; 1040; 480.8584584767964], [2; 540; 253.3351122865929], [2; 540; 257.18850485751625], [2; 560; 270.93128487937105], [2; 560; 275.3915836045332], [2; 560; 280.11994066643354], [1; 1120; 581.0017464670132], [2; 580; 313.1653373720093], [2; 580; 320.011897246172], [1; 1200; 694.0334238367316], [2; 600; 356.09172365789436], [2; 600; 366.05569610895697], [2; 640; 415.29299785880744], [2; 640; 446.7114733746161], [2; 660; 480.50074443469987], [2; 660; 531.314725479172], [2; 680; 582.2312957109926], [2; 680; 626.2792806352475], [2; 680; 684.7500131430584], [2; 700; 790.8546476663895], [1; 1400; 2454.568569182956]];
Intervals[4.9E-324=3.666562829264382, 11.059188171496517=18.51303791340588, 48.58058341765995=63.744241799017914, 94.33935853342878=113.6339712960459, 113.6339712960459=137.00140403244384, 137.00140403244384=160.58981400453828, 160.58981400453828=224.73190583250368, 224.73190583250368=261.17907476301383, 261.17907476301383=343.8963917291596, 426.6475616678446=646.5465639912701, 1091.4737117686009=1316.6096884800668, 1316.6096884800668=1544.5339127613413, 1544.5339127613413=2012.3034875407861, 2012.3034875407861=2493.1619460175825, 2493.1619460175825=2746.4970583041754, 2746.4970583041754=3003.685563161692, 3003.685563161692=3274.616848041063, 3274.616848041063=3550.008431645596, 3550.008431645596=3830.1283723120296, 3830.1283723120296=4411.130118779043, 5014.029784303646=5327.195121675655, 5327.195121675655=5647.2070189218275, 5647.2070189218275=6341.240442758559, 6341.240442758559=6697.332166416453, 6697.332166416453=7063.38786252541, 7842.664178695759=8257.957176554566, 9117.960300219303=9564.67177359392, 9564.67177359392=10045.17251802862, 11052.53337043132=11583.848095910493, 11583.848095910493=12166.079391621486, 12166.079391621486=12792.358672256734, 12792.358672256734=13477.108685399793, 13477.108685399793=14267.963333066182, 14267.963333066182=16722.53190224914];
