1.1208156163527385
228280.31345488149
255860.14022612936
[2; 10; 2.9093728542134083]
[1; 20; 5.84218493071667]
[1; 20; 5.865957981245173]
[1; 20; 5.890073094359553]
[1; 20; 5.914538795138434]
[2; 10; 2.969681956407645]
[2; 10; 2.982278797485305]
[2; 10; 2.9950646612727505]
[1; 40; 12.032177851467388]
[1; 40; 12.084893201627064]
[1; 40; 12.138425855973104]
[1; 40; 12.192797780589638]
[2; 20; 6.124015893695203]
[1; 60; 18.45622736512621]
[2; 30; 9.27088633710575]
[1; 60; 18.628722032440304]
[1; 60; 18.71711541368489]
[1; 60; 18.806994423454864]
[1; 60; 18.898402386132656]
[2; 40; 12.660922958669065]
[1; 80; 25.447983502056378]
[1; 100; 31.970435027433812]
[1; 100; 32.13375967177987]
[1; 100; 32.30004238925922]
[1; 100; 32.46937622809794]
[1; 100; 32.6418584380623]
[1; 100; 32.81759071928314]
[1; 100; 32.996679489412294]
[2; 60; 19.907541702440195]
[2; 60; 20.019226499412206]
[1; 120; 40.26627102734134]
[2; 60; 20.249345777066452]
[1; 120; 40.73587631260354]
[1; 140; 47.80766107521381]
[1; 140; 48.09609799907948]
[1; 140; 48.39071904144566]
[1; 140; 48.69175503409468]
[2; 70; 24.499724604009828]
[2; 70; 24.65702903459494]
[1; 140; 49.635852351470284]
[1; 140; 49.965118054883746]
[1; 140; 50.302157578428584]
[1; 140; 50.647290957831785]
[2; 70; 25.500428609980098]
[1; 140; 51.36321586715206]
[1; 140; 51.734748506506904]
[1; 140; 52.115860641221005]
[1; 140; 52.506983643428406]
[2; 80; 30.23347253186372]
[1; 160; 60.93843471091398]
[2; 80; 30.711523972180057]
[2; 80; 30.960711842057613]
[2; 80; 31.217122915033382]
[2; 80; 31.481123723297078]
[2; 80; 31.753107717675253]
[1; 160; 64.06699576514701]
[2; 90; 36.36309337843391]
[2; 90; 36.699023585062136]
[1; 180; 74.09214556561946]
[2; 90; 37.40488717420707]
[2; 90; 37.77616748720418]
[2; 90; 38.16067508080969]
[1; 180; 77.11847782350587]
[2; 90; 38.97276350994109]
[2; 90; 39.40223814061669]
[1; 180; 79.69749473685344]
[1; 200; 89.58551841124421]
[1; 200; 90.66168826727677]
[1; 200; 91.78450850986265]
[2; 100; 46.47877838186423]
[1; 200; 94.18481219445812]
[1; 200; 95.47071582582218]
[2; 520; 251.73263016364544]
[1; 1040; 510.84272863244274]
[1; 1040; 518.6129802870794]
[1; 1080; 547.0753342479701]
[1; 1080; 556.0817486124106]
[1; 1080; 565.6294371388004]
[1; 1120; 597.101734419767]
[1; 1120; 608.3166270220462]
[1; 1120; 620.3051784290382]
[1; 1120; 633.1636363414757]
[2; 580; 335.05675176274093]
[1; 1160; 685.6110413590994]
[2; 580; 351.22011668898074]
[1; 1200; 745.6656285914811]
[1; 1240; 792.0814695321938]
[1; 1240; 815.9127628333675]
[1; 1240; 842.4586020831665]
[1; 1280; 900.4348138321125]
[1; 1280; 935.4258171777232]
[2; 660; 503.09072892381437]
[2; 660; 527.3601668617841]
[1; 1320; 1112.5872982517262]
[1; 1360; 1219.2079631681293]
[1; 1360; 1311.4456260639051]
[1; 1360; 1433.8849095770718]
[2; 680; 804.377276138827]
[2; 700; 973.835100681894]
[1; 1400; 2569.966238276154]


Jobs: [[2; 10; 2.9093728542134083], [1; 20; 5.84218493071667], [1; 20; 5.890073094359553], [2; 10; 2.969681956407645], [2; 10; 2.982278797485305], [2; 10; 2.9950646612727505], [1; 40; 12.032177851467388], [1; 40; 12.138425855973104], [2; 20; 6.124015893695203], [1; 60; 18.45622736512621], [2; 30; 9.27088633710575], [1; 60; 18.628722032440304], [1; 60; 18.806994423454864], [2; 40; 12.660922958669065], [1; 80; 25.447983502056378], [1; 100; 32.13375967177987], [1; 100; 32.46937622809794], [1; 100; 32.81759071928314], [2; 60; 19.907541702440195], [2; 60; 20.019226499412206], [1; 120; 40.26627102734134], [2; 60; 20.249345777066452], [1; 120; 40.73587631260354], [1; 140; 48.09609799907948], [1; 140; 48.69175503409468], [2; 70; 24.499724604009828], [2; 70; 24.65702903459494], [1; 140; 49.635852351470284], [1; 140; 50.302157578428584], [2; 70; 25.500428609980098], [1; 140; 51.36321586715206], [1; 140; 52.115860641221005], [2; 80; 30.23347253186372], [1; 160; 60.93843471091398], [2; 80; 30.711523972180057], [2; 80; 30.960711842057613], [2; 80; 31.217122915033382], [2; 80; 31.481123723297078], [2; 80; 31.753107717675253], [1; 160; 64.06699576514701], [2; 90; 36.36309337843391], [2; 90; 36.699023585062136], [1; 180; 74.09214556561946], [2; 90; 37.40488717420707], [2; 90; 37.77616748720418], [2; 90; 38.16067508080969], [1; 180; 77.11847782350587], [2; 90; 38.97276350994109], [2; 90; 39.40223814061669], [1; 180; 79.69749473685344], [1; 200; 90.66168826727677], [2; 100; 46.47877838186423], [1; 200; 94.18481219445812], [2; 520; 251.73263016364544], [1; 1040; 510.84272863244274], [1; 1080; 547.0753342479701], [1; 1080; 565.6294371388004], [1; 1120; 608.3166270220462], [1; 1120; 633.1636363414757], [2; 580; 335.05675176274093], [1; 1160; 685.6110413590994], [2; 580; 351.22011668898074], [1; 1200; 745.6656285914811], [1; 1240; 815.9127628333675], [1; 1280; 900.4348138321125], [2; 660; 503.09072892381437], [2; 660; 527.3601668617841], [1; 1320; 1112.5872982517262], [1; 1360; 1311.4456260639051], [2; 680; 804.377276138827], [2; 700; 973.835100681894], [1; 1400; 2569.966238276154]];
Intervals[4.9E-324=2.9093728542134083, 2.9093728542134083=8.751557784930078, 8.751557784930078=14.641630879289632, 14.689869630597014=17.65955158700466, 17.65955158700466=20.641830384489964, 20.641830384489964=23.636895045762714, 23.636895045762714=35.6690728972301, 35.6690728972301=47.807498753203205, 47.91458602797942=54.03860192167462, 54.03860192167462=72.49482928680084, 72.49482928680084=81.76571562390659, 81.76571562390659=100.3944376563469, 100.3944376563469=119.20143207980176, 119.38123342372414=132.04215638239322, 132.04215638239322=157.4901398844496, 157.4901398844496=189.62389955622947, 189.62389955622947=222.09327578432743, 222.09327578432743=254.91086650361058, 261.95117172656086=281.85871342900106, 281.85871342900106=301.87793992841324, 301.87793992841324=342.1442109557546, 342.1442109557546=362.393556732821, 362.393556732821=403.12943304542455, 403.12943304542455=451.225531044504, 451.225531044504=499.9172860785987, 499.9172860785987=524.4170106826085, 524.4170106826085=549.0740397172035, 549.0740397172035=598.7098920686738, 598.7098920686738=649.0120496471023, 649.686448729919=675.1868773398991, 675.1868773398991=726.5500932070511, 726.5500932070511=778.6659538482721, 779.4286094898343=809.6620820216981, 809.6620820216981=870.600516732612, 870.600516732612=901.3120407047921, 901.3120407047921=932.2727525468498, 932.2727525468498=963.4898754618832, 963.4898754618832=994.9709991851803, 994.9709991851803=1026.7241069028555, 1026.7241069028555=1090.7911026680026, 1090.7911026680026=1127.1541960464365, 1127.1541960464365=1163.8532196314986, 1163.8532196314986=1237.945365197118, 1237.945365197118=1275.350252371325, 1275.350252371325=1313.1264198585293, 1313.1264198585293=1351.2870949393389, 1351.2870949393389=1428.4055727628447, 1428.4055727628447=1467.3783362727859, 1467.3783362727859=1506.7805744134025, 1506.7805744134025=1586.478069150256, 1586.478069150256=1677.1397574175328, 1688.1506013345095=1734.6293797163737, 1734.6293797163737=1828.8141919108318, 1830.100095542196=2081.8327257058413, 2081.8327257058413=2592.675454338284, 2592.675454338284=3139.750788586254, 3139.750788586254=3705.3802257250545, 3705.3802257250545=4313.696852747101, 4313.696852747101=4946.860489088576, 4946.860489088576=5281.917240851317, 5281.917240851317=5967.528282210416, 5967.528282210416=6318.748398899397, 6318.748398899397=7064.414027490879, 7064.414027490879=7880.326790324246, 7880.326790324246=8780.761604156358, 8888.71428769248=9391.805016616296, 9391.805016616296=9919.16518347808, 9919.16518347808=11031.752481729807, 11031.752481729807=12343.198107793713, 12572.258056223282=13376.635332362108, 13376.635332362108=14350.470433044002, 14350.470433044002=16920.436671320156];

Jobs: [[2; 10; 2.9093728542134083], [1; 20; 5.865957981245173], [1; 20; 5.914538795138434], [2; 10; 2.969681956407645], [2; 10; 2.982278797485305], [2; 10; 2.9950646612727505], [1; 40; 12.084893201627064], [1; 40; 12.192797780589638], [2; 20; 6.124015893695203], [2; 30; 9.27088633710575], [1; 60; 18.71711541368489], [1; 60; 18.898402386132656], [2; 40; 12.660922958669065], [1; 100; 31.970435027433812], [1; 100; 32.30004238925922], [1; 100; 32.6418584380623], [1; 100; 32.996679489412294], [2; 60; 19.907541702440195], [2; 60; 20.019226499412206], [2; 60; 20.249345777066452], [1; 140; 47.80766107521381], [1; 140; 48.39071904144566], [2; 70; 24.499724604009828], [2; 70; 24.65702903459494], [1; 140; 49.965118054883746], [1; 140; 50.647290957831785], [2; 70; 25.500428609980098], [1; 140; 51.734748506506904], [1; 140; 52.506983643428406], [2; 80; 30.23347253186372], [2; 80; 30.711523972180057], [2; 80; 30.960711842057613], [2; 80; 31.217122915033382], [2; 80; 31.481123723297078], [2; 80; 31.753107717675253], [2; 90; 36.36309337843391], [2; 90; 36.699023585062136], [2; 90; 37.40488717420707], [2; 90; 37.77616748720418], [2; 90; 38.16067508080969], [2; 90; 38.97276350994109], [2; 90; 39.40223814061669], [1; 200; 89.58551841124421], [1; 200; 91.78450850986265], [2; 100; 46.47877838186423], [1; 200; 95.47071582582218], [2; 520; 251.73263016364544], [1; 1040; 518.6129802870794], [1; 1080; 556.0817486124106], [1; 1120; 597.101734419767], [1; 1120; 620.3051784290382], [2; 580; 335.05675176274093], [2; 580; 351.22011668898074], [1; 1240; 792.0814695321938], [1; 1240; 842.4586020831665], [1; 1280; 935.4258171777232], [2; 660; 503.09072892381437], [2; 660; 527.3601668617841], [1; 1360; 1219.2079631681293], [1; 1360; 1433.8849095770718], [2; 680; 804.377276138827], [2; 700; 973.835100681894]];
Intervals[4.9E-324=2.9093728542134083, 2.9093728542134083=8.77533083545858, 8.77533083545858=14.689869630597014, 14.689869630597014=17.65955158700466, 17.65955158700466=20.641830384489964, 20.641830384489964=23.636895045762714, 23.636895045762714=35.72178824738978, 35.72178824738978=47.91458602797942, 47.91458602797942=54.03860192167462, 72.49482928680084=81.76571562390659, 81.76571562390659=100.48283103759148, 100.48283103759148=119.38123342372414, 119.38123342372414=132.04215638239322, 132.04215638239322=164.01259140982702, 164.01259140982702=196.31263379908626, 196.31263379908626=228.95449223714854, 228.95449223714854=261.95117172656086, 261.95117172656086=281.85871342900106, 281.85871342900106=301.87793992841324, 342.1442109557546=362.393556732821, 362.393556732821=410.2012178080348, 410.2012178080348=458.5919368494805, 499.9172860785987=524.4170106826085, 524.4170106826085=549.0740397172035, 549.0740397172035=599.0391577720873, 599.0391577720873=649.686448729919, 649.686448729919=675.1868773398991, 675.1868773398991=726.921625846406, 726.921625846406=779.4286094898343, 779.4286094898343=809.6620820216981, 870.600516732612=901.3120407047921, 901.3120407047921=932.2727525468498, 932.2727525468498=963.4898754618832, 963.4898754618832=994.9709991851803, 994.9709991851803=1026.7241069028555, 1090.7911026680026=1127.1541960464365, 1127.1541960464365=1163.8532196314986, 1237.945365197118=1275.350252371325, 1275.350252371325=1313.1264198585293, 1313.1264198585293=1351.2870949393389, 1428.4055727628447=1467.3783362727859, 1467.3783362727859=1506.7805744134025, 1506.7805744134025=1596.3660928246468, 1596.3660928246468=1688.1506013345095, 1688.1506013345095=1734.6293797163737, 1734.6293797163737=1830.100095542196, 1830.100095542196=2081.8327257058413, 2081.8327257058413=2600.445705992921, 2600.445705992921=3156.5274546053315, 3156.5274546053315=3753.6291890250986, 3753.6291890250986=4373.934367454137, 4946.860489088576=5281.917240851317, 5967.528282210416=6318.748398899397, 6318.748398899397=7110.8298684315905, 7110.8298684315905=7953.288470514757, 7953.288470514757=8888.71428769248, 8888.71428769248=9391.805016616296, 9391.805016616296=9919.16518347808, 9919.16518347808=11138.37314664621, 11138.37314664621=12572.258056223282, 12572.258056223282=13376.635332362108, 13376.635332362108=14350.470433044002];
