1.2206193510770609
162162.56330397123
197938.76278908615
[2; 10; 3.3481448367174935]
[1; 40; 13.50124436533782]
[1; 40; 13.613059254216495]
[1; 80; 27.456367699291253]
[2; 50; 17.308487157943222]
[1; 100; 34.922653344944344]
[2; 50; 17.61899662048906]
[2; 60; 21.338117715934736]
[2; 60; 21.539904464227767]
[1; 120; 43.49706382920577]
[1; 140; 51.25028415550283]
[2; 70; 25.885969535154366]
[2; 70; 26.15633192166256]
[1; 140; 52.87368563489812]
[2; 70; 26.728173282181352]
[2; 90; 34.75421874137285]
[1; 180; 70.31907946124058]
[2; 100; 39.53544783191379]
[2; 100; 40.0250835531735]
[1; 1040; 421.5808744027859]
[1; 1040; 427.1467201028577]
[1; 1040; 432.97854697289984]
[2; 520; 219.54945815888664]
[2; 540; 231.33454618361912]
[2; 540; 234.8532957703461]
[1; 1080; 477.1335886339125]
[1; 1120; 502.95110252124704]
[1; 1120; 511.58656031654374]
[2; 580; 269.681502879148]
[1; 1160; 549.4934371982578]
[1; 1160; 560.3227159439418]
[1; 1160; 571.9377827060712]
[2; 600; 302.29745216868866]
[2; 600; 309.2886054245823]
[2; 600; 316.8804862665509]
[2; 620; 336.0063031409403]
[2; 620; 345.40825585550607]
[2; 620; 355.8005270682147]
[1; 1240; 734.7530969203846]
[2; 620; 380.3880403304456]
[2; 640; 407.91738277174323]
[1; 1280; 850.9522763585605]
[2; 640; 446.0013956248272]
[1; 1360; 999.7511926205597]
[2; 680; 531.6681582410523]
[1; 1360; 1143.7817037068162]
[1; 1360; 1250.5675357032605]
[1; 1360; 1403.0806814102466]
[1; 1400; 1698.6671020902222]
[1; 1400; 2241.4046789777162]


Jobs: [[2; 10; 3.3481448367174935], [1; 40; 13.50124436533782], [1; 80; 27.456367699291253], [2; 50; 17.308487157943222], [1; 100; 34.922653344944344], [2; 50; 17.61899662048906], [2; 60; 21.338117715934736], [2; 60; 21.539904464227767], [1; 120; 43.49706382920577], [2; 70; 25.885969535154366], [2; 70; 26.15633192166256], [1; 140; 52.87368563489812], [2; 70; 26.728173282181352], [2; 90; 34.75421874137285], [1; 180; 70.31907946124058], [2; 100; 39.53544783191379], [2; 100; 40.0250835531735], [1; 1040; 421.5808744027859], [1; 1040; 432.97854697289984], [2; 520; 219.54945815888664], [2; 540; 231.33454618361912], [2; 540; 234.8532957703461], [1; 1080; 477.1335886339125], [1; 1120; 511.58656031654374], [2; 580; 269.681502879148], [1; 1160; 549.4934371982578], [1; 1160; 571.9377827060712], [2; 600; 302.29745216868866], [2; 600; 309.2886054245823], [2; 600; 316.8804862665509], [2; 620; 336.0063031409403], [2; 620; 345.40825585550607], [2; 620; 355.8005270682147], [1; 1240; 734.7530969203846], [2; 620; 380.3880403304456], [2; 640; 407.91738277174323], [1; 1280; 850.9522763585605], [2; 640; 446.0013956248272], [1; 1360; 999.7511926205597], [2; 680; 531.6681582410523], [1; 1360; 1143.7817037068162], [1; 1360; 1403.0806814102466], [1; 1400; 2241.4046789777162]];
Intervals[4.9E-324=3.3481448367174935, 3.3481448367174935=16.849389202055313, 16.849389202055313=44.30575690134657, 44.30575690134657=61.61424405928979, 61.61424405928979=96.53689740423414, 96.53689740423414=114.1558940247232, 114.1558940247232=135.49401174065792, 135.49401174065792=157.03391620488568, 157.03391620488568=200.53098003409144, 208.28420036038852=234.1701698955429, 234.1701698955429=260.32650181720544, 260.32650181720544=313.2001874521036, 313.2001874521036=339.9283607342849, 339.9283607342849=374.6825794756578, 374.6825794756578=445.00165893689837, 445.00165893689837=484.5371067688122, 484.5371067688122=524.5621903219857, 524.5621903219857=946.1430647247716, 946.1430647247716=1379.1216116976716, 1379.1216116976716=1598.6710698565582, 1598.6710698565582=1830.0056160401773, 1830.0056160401773=2064.8589118105233, 2064.8589118105233=2541.992500444436, 2541.992500444436=3053.5790607609797, 3053.5790607609797=3323.2605636401277, 3323.2605636401277=3872.7540008383853, 3872.7540008383853=4444.6917835444565, 4444.6917835444565=4746.989235713145, 4746.989235713145=5056.277841137727, 5056.277841137727=5373.158327404278, 5373.158327404278=5709.164630545218, 5709.164630545218=6054.572886400724, 6054.572886400724=6410.373413468938, 6410.373413468938=7145.126510389323, 7145.126510389323=7525.5145507197685, 7525.5145507197685=7933.431933491512, 7933.431933491512=8784.384209850072, 8784.384209850072=9230.3856054749, 9230.3856054749=10230.136798095458, 10230.136798095458=10761.804956336511, 10761.804956336511=11905.586660043327, 11905.586660043327=13308.667341453574, 13308.667341453574=15550.072020431291];

Jobs: [[2; 10; 3.3481448367174935], [1; 40; 13.613059254216495], [2; 50; 17.308487157943222], [2; 50; 17.61899662048906], [2; 60; 21.338117715934736], [2; 60; 21.539904464227767], [1; 140; 51.25028415550283], [2; 70; 25.885969535154366], [2; 70; 26.15633192166256], [2; 70; 26.728173282181352], [2; 90; 34.75421874137285], [2; 100; 39.53544783191379], [2; 100; 40.0250835531735], [1; 1040; 427.1467201028577], [2; 520; 219.54945815888664], [2; 540; 231.33454618361912], [2; 540; 234.8532957703461], [1; 1120; 502.95110252124704], [2; 580; 269.681502879148], [1; 1160; 560.3227159439418], [2; 600; 302.29745216868866], [2; 600; 309.2886054245823], [2; 600; 316.8804862665509], [2; 620; 336.0063031409403], [2; 620; 345.40825585550607], [2; 620; 355.8005270682147], [2; 620; 380.3880403304456], [2; 640; 407.91738277174323], [2; 640; 446.0013956248272], [2; 680; 531.6681582410523], [1; 1360; 1250.5675357032605], [1; 1400; 1698.6671020902222]];
Intervals[4.9E-324=3.3481448367174935, 3.3481448367174935=16.96120409093399, 44.30575690134657=61.61424405928979, 96.53689740423414=114.1558940247232, 114.1558940247232=135.49401174065792, 135.49401174065792=157.03391620488568, 157.03391620488568=208.28420036038852, 208.28420036038852=234.1701698955429, 234.1701698955429=260.32650181720544, 313.2001874521036=339.9283607342849, 339.9283607342849=374.6825794756578, 445.00165893689837=484.5371067688122, 484.5371067688122=524.5621903219857, 524.5621903219857=951.7089104248435, 1379.1216116976716=1598.6710698565582, 1598.6710698565582=1830.0056160401773, 1830.0056160401773=2064.8589118105233, 2064.8589118105233=2567.81001433177, 3053.5790607609797=3323.2605636401277, 3323.2605636401277=3883.5832795840697, 4444.6917835444565=4746.989235713145, 4746.989235713145=5056.277841137727, 5056.277841137727=5373.158327404278, 5373.158327404278=5709.164630545218, 5709.164630545218=6054.572886400724, 6054.572886400724=6410.373413468938, 7145.126510389323=7525.5145507197685, 7525.5145507197685=7933.431933491512, 8784.384209850072=9230.3856054749, 10230.136798095458=10761.804956336511, 10761.804956336511=12012.372492039773, 12012.372492039773=13711.039594129994];
