1.1203326642826483
98497.3428877116
110349.7905821515
[1; 10; 2.078652080136177]
[1; 10; 2.08702536032593]
[1; 10; 2.095517895213765]
[2; 10; 2.10413262638604]
[2; 10; 2.112872599288165]
[2; 10; 2.1217409680199166]
[1; 20; 4.2614820008107]
[1; 30; 6.419628250068518]
[1; 30; 6.447449185646698]
[2; 20; 4.317131156875608]
[1; 40; 8.672509650509879]
[2; 20; 4.3556783092613784]
[1; 50; 10.9385243951984]
[2; 30; 6.5931864574226475]
[2; 30; 6.623746125018795]
[2; 30; 6.654807366290614]
[1; 60; 13.372768922505093]
[2; 30; 6.71849227279488]
[1; 70; 15.75267464831016]
[1; 70; 15.830179401427813]
[2; 40; 9.0908773973768]
[2; 40; 9.136733530237187]
[2; 40; 9.18340958431747]
[1; 80; 18.461862034269323]
[2; 40; 9.279324420658696]
[1; 90; 20.989389572111072]
[1; 90; 21.10238906072594]
[2; 50; 11.787526022820053]
[1; 100; 23.705482844436432]
[1; 100; 23.838474756656307]
[1; 110; 26.37152674215349]
[2; 60; 14.467497577678442]
[1; 120; 29.104455934802036]
[2; 60; 14.638720996891292]
[1; 120; 29.45408094907589]
[2; 70; 17.286795786437906]
[2; 70; 17.39433598902994]
[2; 70; 17.50425471837889]
[1; 150; 37.749950586561816]
[2; 80; 20.264684994675534]
[1; 160; 40.79822669042982]
[2; 80; 20.53671549067679]
[1; 170; 43.93994694362175]
[1; 180; 46.8494360101017]
[2; 90; 23.591149504242182]
[2; 90; 23.761794622402146]
[1; 180; 47.87367921468371]
[1; 180; 48.232965176975796]
[1; 180; 48.60186915315516]
[2; 100; 27.211578409552768]
[1; 200; 54.85595726968437]
[2; 100; 27.65052439900728]
[1; 200; 55.75904218432043]
[2; 100; 28.1152960584301]
[2; 100; 28.35820068255691]
[2; 100; 28.608612725255135]
[2; 110; 31.753632837622476]
[2; 110; 32.04697984001655]
[2; 110; 32.3500363673362]
[2; 110; 32.66336670814938]
[2; 110; 32.987582764689265]
[2; 120; 36.35274478312356]
[2; 120; 36.73242593906176]
[2; 120; 37.12635906911369]
[2; 120; 37.535486570310006]
[2; 130; 41.12424509278146]
[2; 130; 41.60385649843843]
[2; 130; 42.10363388492174]
[2; 140; 45.903927880333335]
[2; 140; 46.49060120157056]
[2; 140; 47.104385005586984]
[2; 140; 47.74750036910012]
[2; 150; 51.881180658456]
[2; 150; 52.64141536798254]
[2; 150; 53.442125688281116]
[2; 150; 54.287152177776285]
[2; 160; 58.85959780746426]
[2; 160; 59.87019221747061]
[2; 160; 60.944246872757525]
[2; 160; 62.08891476435046]
[2; 160; 63.31254751313901]
[2; 170; 68.66402936200123]
[2; 170; 70.16519290766453]
[2; 170; 71.78788477399588]
[2; 180; 77.87648053754775]
[2; 180; 79.91306826038246]
[2; 180; 82.14915395888444]
[2; 180; 84.62076913704747]
[2; 180; 87.37391804834252]
[2; 180; 90.46846784778725]
[2; 180; 93.98408320661812]
[2; 190; 103.47570676169533]
[2; 190; 108.46744502869255]
[2; 190; 114.41848398494004]
[2; 190; 121.69560806334442]
[2; 190; 130.90233801552998]
[2; 200; 150.65647555440412]
[2; 200; 169.0298079430532]
[2; 200; 198.7924113031994]
[2; 200; 262.3081593161905]


Jobs: [[1; 10; 2.078652080136177], [1; 10; 2.095517895213765], [2; 10; 2.10413262638604], [2; 10; 2.112872599288165], [2; 10; 2.1217409680199166], [1; 20; 4.2614820008107], [1; 30; 6.447449185646698], [2; 20; 4.317131156875608], [1; 40; 8.672509650509879], [2; 20; 4.3556783092613784], [1; 50; 10.9385243951984], [2; 30; 6.5931864574226475], [2; 30; 6.623746125018795], [2; 30; 6.654807366290614], [1; 60; 13.372768922505093], [2; 30; 6.71849227279488], [1; 70; 15.75267464831016], [2; 40; 9.0908773973768], [2; 40; 9.136733530237187], [2; 40; 9.18340958431747], [1; 80; 18.461862034269323], [2; 40; 9.279324420658696], [1; 90; 20.989389572111072], [2; 50; 11.787526022820053], [1; 100; 23.705482844436432], [1; 110; 26.37152674215349], [2; 60; 14.467497577678442], [1; 120; 29.104455934802036], [2; 60; 14.638720996891292], [1; 120; 29.45408094907589], [2; 70; 17.286795786437906], [2; 70; 17.39433598902994], [2; 70; 17.50425471837889], [1; 150; 37.749950586561816], [2; 80; 20.264684994675534], [1; 160; 40.79822669042982], [2; 80; 20.53671549067679], [1; 170; 43.93994694362175], [2; 90; 23.591149504242182], [2; 90; 23.761794622402146], [1; 180; 47.87367921468371], [1; 180; 48.60186915315516], [2; 100; 27.211578409552768], [1; 200; 54.85595726968437], [2; 100; 27.65052439900728], [1; 200; 55.75904218432043], [2; 100; 28.1152960584301], [2; 100; 28.35820068255691], [2; 100; 28.608612725255135], [2; 110; 31.753632837622476], [2; 110; 32.04697984001655], [2; 110; 32.3500363673362], [2; 110; 32.66336670814938], [2; 110; 32.987582764689265], [2; 120; 36.35274478312356], [2; 120; 36.73242593906176], [2; 120; 37.12635906911369], [2; 120; 37.535486570310006], [2; 130; 41.12424509278146], [2; 130; 41.60385649843843], [2; 130; 42.10363388492174], [2; 140; 45.903927880333335], [2; 140; 46.49060120157056], [2; 140; 47.104385005586984], [2; 140; 47.74750036910012], [2; 150; 51.881180658456], [2; 150; 52.64141536798254], [2; 150; 53.442125688281116], [2; 150; 54.287152177776285], [2; 160; 58.85959780746426], [2; 160; 59.87019221747061], [2; 160; 60.944246872757525], [2; 160; 62.08891476435046], [2; 160; 63.31254751313901], [2; 170; 68.66402936200123], [2; 170; 70.16519290766453], [2; 170; 71.78788477399588], [2; 180; 77.87648053754775], [2; 180; 79.91306826038246], [2; 180; 82.14915395888444], [2; 180; 84.62076913704747], [2; 180; 87.37391804834252], [2; 180; 90.46846784778725], [2; 180; 93.98408320661812], [2; 190; 103.47570676169533], [2; 190; 108.46744502869255], [2; 190; 114.41848398494004], [2; 190; 121.69560806334442], [2; 190; 130.90233801552998], [2; 200; 150.65647555440412], [2; 200; 169.0298079430532], [2; 200; 198.7924113031994], [2; 200; 262.3081593161905]];
Intervals[0.0=2.078652080136177, 2.078652080136177=4.174169975349942, 4.174169975349942=6.278302601735982, 6.278302601735982=8.391175201024147, 8.391175201024147=10.512916169044065, 10.512916169044065=14.774398169854765, 14.774398169854765=21.221847355501463, 21.221847355501463=25.53897851237707, 25.53897851237707=34.21148816288695, 34.21148816288695=38.56716647214833, 38.56716647214833=49.50569086734673, 49.50569086734673=56.098877324769376, 56.098877324769376=62.72262344978817, 62.72262344978817=69.37743081607879, 69.37743081607879=82.75019973858387, 82.75019973858387=89.46869201137875, 89.46869201137875=105.22136665968891, 105.29887141280656=114.38974881018336, 114.38974881018336=123.52648234042056, 123.52648234042056=132.70989192473803, 132.70989192473803=151.17175395900736, 151.17175395900736=160.45107837966606, 160.45107837966606=181.44046795177712, 181.553467440392=193.34099346321207, 193.34099346321207=217.0464763076485, 217.0464763076485=243.418003049802, 243.418003049802=257.88550062748044, 257.88550062748044=286.9899565622825, 286.9899565622825=301.62867755917375, 301.62867755917375=331.08275850824964, 331.08275850824964=348.36955429468753, 348.36955429468753=365.7638902837175, 365.7638902837175=383.2681450020964, 383.2681450020964=421.0180955886582, 421.0180955886582=441.2827805833337, 441.2827805833337=482.08100727376353, 482.08100727376353=502.6177227644403, 502.6177227644403=546.5576697080621, 549.467158774542=573.0583082787841, 573.0583082787841=596.8201029011863, 596.8201029011863=644.69378211587, 644.69378211587=693.2956512690251, 693.2956512690251=720.5072296785779, 720.5072296785779=775.3631869482623, 775.3631869482623=803.0137113472696, 803.0137113472696=858.77275353159, 858.77275353159=886.88804959002, 886.88804959002=915.246250272577, 915.246250272577=943.8548629978321, 943.8548629978321=975.6084958354546, 975.6084958354546=1007.6554756754712, 1007.6554756754712=1040.0055120428074, 1040.0055120428074=1072.6688787509568, 1072.6688787509568=1105.656461515646, 1105.656461515646=1142.0092062987696, 1142.0092062987696=1178.7416322378315, 1178.7416322378315=1215.8679913069452, 1215.8679913069452=1253.4034778772552, 1253.4034778772552=1294.5277229700366, 1294.5277229700366=1336.1315794684751, 1336.1315794684751=1378.2352133533968, 1378.2352133533968=1424.1391412337302, 1424.1391412337302=1470.6297424353008, 1470.6297424353008=1517.7341274408877, 1517.7341274408877=1565.481627809988, 1565.481627809988=1617.362808468444, 1617.362808468444=1670.0042238364265, 1670.0042238364265=1723.4463495247076, 1723.4463495247076=1777.7335017024839, 1777.7335017024839=1836.5930995099482, 1836.5930995099482=1896.4632917274187, 1896.4632917274187=1957.4075386001762, 1957.4075386001762=2019.4964533645266, 2019.4964533645266=2082.8090008776658, 2082.8090008776658=2151.473030239667, 2151.473030239667=2221.6382231473317, 2221.6382231473317=2293.4261079213275, 2293.4261079213275=2371.302588458875, 2371.302588458875=2451.2156567192574, 2451.2156567192574=2533.364810678142, 2533.364810678142=2617.9855798151893, 2617.9855798151893=2705.359497863532, 2705.359497863532=2795.8279657113194, 2795.8279657113194=2889.8120489179373, 2889.8120489179373=2993.2877556796325, 2993.2877556796325=3101.755200708325, 3101.755200708325=3216.173684693265, 3216.173684693265=3337.8692927566094, 3337.8692927566094=3468.7716307721394, 3468.7716307721394=3619.4281063265435, 3619.4281063265435=3788.4579142695966, 3788.4579142695966=3987.250325572796, 3987.250325572796=4249.558484888987];

Jobs: [[1; 10; 2.08702536032593], [2; 10; 2.10413262638604], [2; 10; 2.112872599288165], [2; 10; 2.1217409680199166], [1; 30; 6.419628250068518], [2; 20; 4.317131156875608], [2; 20; 4.3556783092613784], [2; 30; 6.5931864574226475], [2; 30; 6.623746125018795], [2; 30; 6.654807366290614], [2; 30; 6.71849227279488], [1; 70; 15.830179401427813], [2; 40; 9.0908773973768], [2; 40; 9.136733530237187], [2; 40; 9.18340958431747], [2; 40; 9.279324420658696], [1; 90; 21.10238906072594], [2; 50; 11.787526022820053], [1; 100; 23.838474756656307], [2; 60; 14.467497577678442], [2; 60; 14.638720996891292], [2; 70; 17.286795786437906], [2; 70; 17.39433598902994], [2; 70; 17.50425471837889], [2; 80; 20.264684994675534], [2; 80; 20.53671549067679], [1; 180; 46.8494360101017], [2; 90; 23.591149504242182], [2; 90; 23.761794622402146], [1; 180; 48.232965176975796], [2; 100; 27.211578409552768], [2; 100; 27.65052439900728], [2; 100; 28.1152960584301], [2; 100; 28.35820068255691], [2; 100; 28.608612725255135], [2; 110; 31.753632837622476], [2; 110; 32.04697984001655], [2; 110; 32.3500363673362], [2; 110; 32.66336670814938], [2; 110; 32.987582764689265], [2; 120; 36.35274478312356], [2; 120; 36.73242593906176], [2; 120; 37.12635906911369], [2; 120; 37.535486570310006], [2; 130; 41.12424509278146], [2; 130; 41.60385649843843], [2; 130; 42.10363388492174], [2; 140; 45.903927880333335], [2; 140; 46.49060120157056], [2; 140; 47.104385005586984], [2; 140; 47.74750036910012], [2; 150; 51.881180658456], [2; 150; 52.64141536798254], [2; 150; 53.442125688281116], [2; 150; 54.287152177776285], [2; 160; 58.85959780746426], [2; 160; 59.87019221747061], [2; 160; 60.944246872757525], [2; 160; 62.08891476435046], [2; 160; 63.31254751313901], [2; 170; 68.66402936200123], [2; 170; 70.16519290766453], [2; 170; 71.78788477399588], [2; 180; 77.87648053754775], [2; 180; 79.91306826038246], [2; 180; 82.14915395888444], [2; 180; 84.62076913704747], [2; 180; 87.37391804834252], [2; 180; 90.46846784778725], [2; 180; 93.98408320661812], [2; 190; 103.47570676169533], [2; 190; 108.46744502869255], [2; 190; 114.41848398494004], [2; 190; 121.69560806334442], [2; 190; 130.90233801552998], [2; 200; 150.65647555440412], [2; 200; 169.0298079430532], [2; 200; 198.7924113031994], [2; 200; 262.3081593161905]];
Intervals[0.0=2.08702536032593, 4.174169975349942=6.278302601735982, 6.278302601735982=8.391175201024147, 8.391175201024147=10.512916169044065, 10.512916169044065=16.93254441911258, 21.221847355501463=25.53897851237707, 34.21148816288695=38.56716647214833, 49.50569086734673=56.098877324769376, 56.098877324769376=62.72262344978817, 62.72262344978817=69.37743081607879, 82.75019973858387=89.46869201137875, 89.46869201137875=105.29887141280656, 105.29887141280656=114.38974881018336, 114.38974881018336=123.52648234042056, 123.52648234042056=132.70989192473803, 151.17175395900736=160.45107837966606, 160.45107837966606=181.553467440392, 181.553467440392=193.34099346321207, 193.34099346321207=217.17946821986837, 243.418003049802=257.88550062748044, 286.9899565622825=301.62867755917375, 331.08275850824964=348.36955429468753, 348.36955429468753=365.7638902837175, 365.7638902837175=383.2681450020964, 421.0180955886582=441.2827805833337, 482.08100727376353=502.6177227644403, 502.6177227644403=549.467158774542, 549.467158774542=573.0583082787841, 573.0583082787841=596.8201029011863, 596.8201029011863=645.053068078162, 693.2956512690251=720.5072296785779, 775.3631869482623=803.0137113472696, 858.77275353159=886.88804959002, 886.88804959002=915.246250272577, 915.246250272577=943.8548629978321, 943.8548629978321=975.6084958354546, 975.6084958354546=1007.6554756754712, 1007.6554756754712=1040.0055120428074, 1040.0055120428074=1072.6688787509568, 1072.6688787509568=1105.656461515646, 1105.656461515646=1142.0092062987696, 1142.0092062987696=1178.7416322378315, 1178.7416322378315=1215.8679913069452, 1215.8679913069452=1253.4034778772552, 1253.4034778772552=1294.5277229700366, 1294.5277229700366=1336.1315794684751, 1336.1315794684751=1378.2352133533968, 1378.2352133533968=1424.1391412337302, 1424.1391412337302=1470.6297424353008, 1470.6297424353008=1517.7341274408877, 1517.7341274408877=1565.481627809988, 1565.481627809988=1617.362808468444, 1617.362808468444=1670.0042238364265, 1670.0042238364265=1723.4463495247076, 1723.4463495247076=1777.7335017024839, 1777.7335017024839=1836.5930995099482, 1836.5930995099482=1896.4632917274187, 1896.4632917274187=1957.4075386001762, 1957.4075386001762=2019.4964533645266, 2019.4964533645266=2082.8090008776658, 2082.8090008776658=2151.473030239667, 2151.473030239667=2221.6382231473317, 2221.6382231473317=2293.4261079213275, 2293.4261079213275=2371.302588458875, 2371.302588458875=2451.2156567192574, 2451.2156567192574=2533.364810678142, 2533.364810678142=2617.9855798151893, 2617.9855798151893=2705.359497863532, 2705.359497863532=2795.8279657113194, 2795.8279657113194=2889.8120489179373, 2889.8120489179373=2993.2877556796325, 2993.2877556796325=3101.755200708325, 3101.755200708325=3216.173684693265, 3216.173684693265=3337.8692927566094, 3337.8692927566094=3468.7716307721394, 3468.7716307721394=3619.4281063265435, 3619.4281063265435=3788.4579142695966, 3788.4579142695966=3987.250325572796, 3987.250325572796=4249.558484888987];
