0.9999999999999988
172528.4566311684
172528.4566311682
[2; 10; 2.601095472753932]
[2; 10; 2.6115732729600345]
[2; 10; 2.6222003010519623]
[2; 10; 2.6329802379472835]
[2; 10; 2.643916894526302]
[2; 10; 2.6550142176326097]
[2; 10; 2.6662762964172693]
[2; 20; 5.3554147381003885]
[2; 20; 5.3786236596483805]
[2; 20; 5.402188473358386]
[2; 20; 5.4261186383529365]
[2; 20; 5.450423973910077]
[2; 20; 5.475114677410572]
[2; 20; 5.500201343395277]
[2; 20; 5.525694983815048]
[2; 20; 5.5516070495626275]
[2; 20; 5.577949453383865]
[2; 30; 8.40710189141137]
[2; 30; 8.447963075214359]
[2; 30; 8.489527908305211]
[2; 30; 8.531817421844131]
[2; 30; 8.57485354873652]
[2; 30; 8.618659174307933]
[2; 30; 8.66325819051925]
[2; 30; 8.70867555401904]
[2; 30; 8.754937348359267]
[2; 40; 11.73609446764397]
[2; 40; 11.800139471505114]
[2; 40; 11.865424655783684]
[2; 40; 11.931991767056166]
[2; 40; 11.999884571024662]
[2; 40; 12.069148980722339]
[2; 40; 12.139833194855834]
[2; 50; 15.264984809060884]
[2; 50; 15.357082710571998]
[2; 50; 15.451155200942818]
[2; 50; 15.54727598475482]
[2; 50; 15.645522725657107]
[2; 50; 15.745977325998338]
[2; 50; 15.848726231093794]
[2; 50; 15.953860760742586]
[2; 50; 16.061477470936182]
[2; 50; 16.171678549073032]
[2; 60; 19.54148669570639]
[2; 60; 19.6803280224832]
[2; 60; 19.822684455781186]
[2; 60; 19.96871136819106]
[2; 60; 20.118574044244852]
[2; 60; 20.27244851438677]
[2; 60; 20.430522476740617]
[2; 70; 24.025162370820624]
[2; 70; 24.220098286083907]
[2; 70; 24.420684804274917]
[2; 70; 24.62720865800189]
[2; 70; 24.83997763791703]
[2; 70; 25.05932263834631]
[2; 70; 25.285599952312115]
[2; 70; 25.519193852817192]
[2; 70; 25.76051950370973]
[2; 80; 29.725744287100408]
[2; 80; 30.020801550382213]
[2; 80; 30.326370562012528]
[2; 80; 30.643110095687046]
[2; 80; 30.97173898326843]
[2; 80; 31.313043395972638]
[2; 80; 31.667885239657277]
[2; 80; 32.037211872151296]
[2; 90; 36.47482582138811]
[2; 90; 36.92655657513616]
[2; 90; 37.39849496010977]
[2; 90; 37.89224186610439]
[2; 90; 38.409583996760745]
[2; 100; 43.28058085378676]
[2; 100; 43.91478769711455]
[2; 100; 44.58276030911592]
[2; 520; 235.49605341526512]
[2; 520; 239.3729875511532]
[2; 560; 262.21237597322653]
[2; 560; 266.91639332571646]
[2; 560; 271.9296741661154]
[2; 580; 287.19196721767565]
[2; 580; 293.1452398190925]
[2; 580; 299.554111417366]
[2; 580; 306.48182015697927]
[2; 580; 314.00480489696776]
[2; 580; 322.21650535068744]
[2; 600; 342.6544129165049]
[2; 600; 352.9638294718215]
[2; 600; 364.4475584989479]
[2; 620; 389.933823848422]
[2; 620; 405.08669835443914]
[2; 640; 436.1534010700794]
[2; 640; 457.19373691834295]
[2; 640; 482.27755573820804]
[2; 660; 528.9805801513519]
[2; 660; 568.9999483841721]
[2; 680; 640.9751746582983]
[2; 680; 719.1453953111542]
[2; 680; 845.7718135706624]
[2; 700; 1148.8262045597917]


Jobs: [[2; 10; 2.601095472753932], [2; 10; 2.6115732729600345], [2; 10; 2.6222003010519623], [2; 10; 2.6329802379472835], [2; 10; 2.643916894526302], [2; 10; 2.6550142176326097], [2; 10; 2.6662762964172693], [2; 20; 5.3554147381003885], [2; 20; 5.3786236596483805], [2; 20; 5.402188473358386], [2; 20; 5.4261186383529365], [2; 20; 5.450423973910077], [2; 20; 5.475114677410572], [2; 20; 5.500201343395277], [2; 20; 5.525694983815048], [2; 20; 5.5516070495626275], [2; 20; 5.577949453383865], [2; 30; 8.40710189141137], [2; 30; 8.447963075214359], [2; 30; 8.489527908305211], [2; 30; 8.531817421844131], [2; 30; 8.57485354873652], [2; 30; 8.618659174307933], [2; 30; 8.66325819051925], [2; 30; 8.70867555401904], [2; 30; 8.754937348359267], [2; 40; 11.73609446764397], [2; 40; 11.800139471505114], [2; 40; 11.865424655783684], [2; 40; 11.931991767056166], [2; 40; 11.999884571024662], [2; 40; 12.069148980722339], [2; 40; 12.139833194855834], [2; 50; 15.264984809060884], [2; 50; 15.357082710571998], [2; 50; 15.451155200942818], [2; 50; 15.54727598475482], [2; 50; 15.645522725657107], [2; 50; 15.745977325998338], [2; 50; 15.848726231093794], [2; 50; 15.953860760742586], [2; 50; 16.061477470936182], [2; 50; 16.171678549073032], [2; 60; 19.54148669570639], [2; 60; 19.6803280224832], [2; 60; 19.822684455781186], [2; 60; 19.96871136819106], [2; 60; 20.118574044244852], [2; 60; 20.27244851438677], [2; 60; 20.430522476740617], [2; 70; 24.025162370820624], [2; 70; 24.220098286083907], [2; 70; 24.420684804274917], [2; 70; 24.62720865800189], [2; 70; 24.83997763791703], [2; 70; 25.05932263834631], [2; 70; 25.285599952312115], [2; 70; 25.519193852817192], [2; 70; 25.76051950370973], [2; 80; 29.725744287100408], [2; 80; 30.020801550382213], [2; 80; 30.326370562012528], [2; 80; 30.643110095687046], [2; 80; 30.97173898326843], [2; 80; 31.313043395972638], [2; 80; 31.667885239657277], [2; 80; 32.037211872151296], [2; 90; 36.47482582138811], [2; 90; 36.92655657513616], [2; 90; 37.39849496010977], [2; 90; 37.89224186610439], [2; 90; 38.409583996760745], [2; 100; 43.28058085378676], [2; 100; 43.91478769711455], [2; 100; 44.58276030911592], [2; 520; 235.49605341526512], [2; 520; 239.3729875511532], [2; 560; 262.21237597322653], [2; 560; 266.91639332571646], [2; 560; 271.9296741661154], [2; 580; 287.19196721767565], [2; 580; 293.1452398190925], [2; 580; 299.554111417366], [2; 580; 306.48182015697927], [2; 580; 314.00480489696776], [2; 580; 322.21650535068744], [2; 600; 342.6544129165049], [2; 600; 352.9638294718215], [2; 600; 364.4475584989479], [2; 620; 389.933823848422], [2; 620; 405.08669835443914], [2; 640; 436.1534010700794], [2; 640; 457.19373691834295], [2; 640; 482.27755573820804], [2; 660; 528.9805801513519], [2; 660; 568.9999483841721], [2; 680; 640.9751746582983], [2; 680; 719.1453953111542], [2; 680; 845.7718135706624], [2; 700; 1148.8262045597917]];
Intervals[4.9E-324=2.601095472753932, 2.601095472753932=5.212668745713966, 5.212668745713966=7.834869046765928, 7.834869046765928=10.467849284713212, 10.467849284713212=13.111766179239513, 13.111766179239513=15.766780396872123, 15.766780396872123=18.433056693289394, 18.433056693289394=23.788471431389784, 23.788471431389784=29.167095091038163, 29.167095091038163=34.56928356439655, 34.56928356439655=39.99540220274949, 39.99540220274949=45.445826176659565, 45.445826176659565=50.92094085407014, 50.92094085407014=56.421142197465414, 56.421142197465414=61.946837181280465, 61.946837181280465=67.49844423084309, 67.49844423084309=73.07639368422696, 73.07639368422696=81.48349557563833, 81.48349557563833=89.93145865085269, 89.93145865085269=98.4209865591579, 98.4209865591579=106.95280398100203, 106.95280398100203=115.52765752973855, 115.52765752973855=124.14631670404648, 124.14631670404648=132.80957489456574, 132.80957489456574=141.51825044858478, 141.51825044858478=150.27318779694406, 150.27318779694406=162.00928226458802, 162.00928226458802=173.80942173609313, 173.80942173609313=185.67484639187683, 185.67484639187683=197.606838158933, 197.606838158933=209.60672272995765, 209.60672272995765=221.67587171067998, 221.67587171067998=233.81570490553582, 233.81570490553582=249.0806897145967, 249.0806897145967=264.4377724251687, 264.4377724251687=279.8889276261115, 279.8889276261115=295.43620361086636, 295.43620361086636=311.08172633652345, 311.08172633652345=326.8277036625218, 326.8277036625218=342.6764298936156, 342.6764298936156=358.6302906543582, 358.6302906543582=374.6917681252944, 374.6917681252944=390.8634466743674, 390.8634466743674=410.4049333700738, 410.4049333700738=430.085261392557, 430.085261392557=449.9079458483382, 449.9079458483382=469.8766572165293, 469.8766572165293=489.9952312607741, 489.9952312607741=510.2676797751609, 510.2676797751609=530.6982022519015, 530.6982022519015=554.7233646227221, 554.7233646227221=578.943462908806, 578.943462908806=603.364147713081, 603.364147713081=627.9913563710829, 627.9913563710829=652.831334009, 652.831334009=677.8906566473463, 677.8906566473463=703.1762565996585, 703.1762565996585=728.6954504524757, 728.6954504524757=754.4559699561854, 754.4559699561854=784.1817142432858, 784.1817142432858=814.202515793668, 814.202515793668=844.5288863556805, 844.5288863556805=875.1719964513675, 875.1719964513675=906.1437354346359, 906.1437354346359=937.4567788306085, 937.4567788306085=969.1246640702658, 969.1246640702658=1001.161875942417, 1001.161875942417=1037.6367017638051, 1037.6367017638051=1074.5632583389413, 1074.5632583389413=1111.961753299051, 1111.961753299051=1149.8539951651553, 1149.8539951651553=1188.2635791619161, 1188.2635791619161=1231.5441600157028, 1231.5441600157028=1275.4589477128175, 1275.4589477128175=1320.0417080219333, 1320.0417080219333=1555.5377614371985, 1555.5377614371985=1794.9107489883518, 1794.9107489883518=2057.1231249615785, 2057.1231249615785=2324.039518287295, 2324.039518287295=2595.9691924534104, 2595.9691924534104=2883.161159671086, 2883.161159671086=3176.3063994901786, 3176.3063994901786=3475.8605109075447, 3475.8605109075447=3782.342331064524, 3782.342331064524=4096.347135961491, 4096.347135961491=4418.563641312179, 4418.563641312179=4761.218054228684, 4761.218054228684=5114.181883700506, 5114.181883700506=5478.6294421994535, 5478.6294421994535=5868.563266047875, 5868.563266047875=6273.649964402314, 6273.649964402314=6709.803365472394, 6709.803365472394=7166.997102390737, 7166.997102390737=7649.274658128946, 7649.274658128946=8178.255238280298, 8178.255238280298=8747.25518666447, 8747.25518666447=9388.230361322769, 9388.230361322769=10107.375756633923, 10107.375756633923=10953.147570204585, 10953.147570204585=12101.973774764376];

Jobs: [[2; 10; 2.601095472753932], [2; 10; 2.6115732729600345], [2; 10; 2.6222003010519623], [2; 10; 2.6329802379472835], [2; 10; 2.643916894526302], [2; 10; 2.6550142176326097], [2; 10; 2.6662762964172693], [2; 20; 5.3554147381003885], [2; 20; 5.3786236596483805], [2; 20; 5.402188473358386], [2; 20; 5.4261186383529365], [2; 20; 5.450423973910077], [2; 20; 5.475114677410572], [2; 20; 5.500201343395277], [2; 20; 5.525694983815048], [2; 20; 5.5516070495626275], [2; 20; 5.577949453383865], [2; 30; 8.40710189141137], [2; 30; 8.447963075214359], [2; 30; 8.489527908305211], [2; 30; 8.531817421844131], [2; 30; 8.57485354873652], [2; 30; 8.618659174307933], [2; 30; 8.66325819051925], [2; 30; 8.70867555401904], [2; 30; 8.754937348359267], [2; 40; 11.73609446764397], [2; 40; 11.800139471505114], [2; 40; 11.865424655783684], [2; 40; 11.931991767056166], [2; 40; 11.999884571024662], [2; 40; 12.069148980722339], [2; 40; 12.139833194855834], [2; 50; 15.264984809060884], [2; 50; 15.357082710571998], [2; 50; 15.451155200942818], [2; 50; 15.54727598475482], [2; 50; 15.645522725657107], [2; 50; 15.745977325998338], [2; 50; 15.848726231093794], [2; 50; 15.953860760742586], [2; 50; 16.061477470936182], [2; 50; 16.171678549073032], [2; 60; 19.54148669570639], [2; 60; 19.6803280224832], [2; 60; 19.822684455781186], [2; 60; 19.96871136819106], [2; 60; 20.118574044244852], [2; 60; 20.27244851438677], [2; 60; 20.430522476740617], [2; 70; 24.025162370820624], [2; 70; 24.220098286083907], [2; 70; 24.420684804274917], [2; 70; 24.62720865800189], [2; 70; 24.83997763791703], [2; 70; 25.05932263834631], [2; 70; 25.285599952312115], [2; 70; 25.519193852817192], [2; 70; 25.76051950370973], [2; 80; 29.725744287100408], [2; 80; 30.020801550382213], [2; 80; 30.326370562012528], [2; 80; 30.643110095687046], [2; 80; 30.97173898326843], [2; 80; 31.313043395972638], [2; 80; 31.667885239657277], [2; 80; 32.037211872151296], [2; 90; 36.47482582138811], [2; 90; 36.92655657513616], [2; 90; 37.39849496010977], [2; 90; 37.89224186610439], [2; 90; 38.409583996760745], [2; 100; 43.28058085378676], [2; 100; 43.91478769711455], [2; 100; 44.58276030911592], [2; 520; 235.49605341526512], [2; 520; 239.3729875511532], [2; 560; 262.21237597322653], [2; 560; 266.91639332571646], [2; 560; 271.9296741661154], [2; 580; 287.19196721767565], [2; 580; 293.1452398190925], [2; 580; 299.554111417366], [2; 580; 306.48182015697927], [2; 580; 314.00480489696776], [2; 580; 322.21650535068744], [2; 600; 342.6544129165049], [2; 600; 352.9638294718215], [2; 600; 364.4475584989479], [2; 620; 389.933823848422], [2; 620; 405.08669835443914], [2; 640; 436.1534010700794], [2; 640; 457.19373691834295], [2; 640; 482.27755573820804], [2; 660; 528.9805801513519], [2; 660; 568.9999483841721], [2; 680; 640.9751746582983], [2; 680; 719.1453953111542], [2; 680; 845.7718135706624], [2; 700; 1148.8262045597917]];
Intervals[4.9E-324=2.601095472753932, 2.601095472753932=5.212668745713966, 5.212668745713966=7.834869046765928, 7.834869046765928=10.467849284713212, 10.467849284713212=13.111766179239513, 13.111766179239513=15.766780396872123, 15.766780396872123=18.433056693289394, 18.433056693289394=23.788471431389784, 23.788471431389784=29.167095091038163, 29.167095091038163=34.56928356439655, 34.56928356439655=39.99540220274949, 39.99540220274949=45.445826176659565, 45.445826176659565=50.92094085407014, 50.92094085407014=56.421142197465414, 56.421142197465414=61.946837181280465, 61.946837181280465=67.49844423084309, 67.49844423084309=73.07639368422696, 73.07639368422696=81.48349557563833, 81.48349557563833=89.93145865085269, 89.93145865085269=98.4209865591579, 98.4209865591579=106.95280398100203, 106.95280398100203=115.52765752973855, 115.52765752973855=124.14631670404648, 124.14631670404648=132.80957489456574, 132.80957489456574=141.51825044858478, 141.51825044858478=150.27318779694406, 150.27318779694406=162.00928226458802, 162.00928226458802=173.80942173609313, 173.80942173609313=185.67484639187683, 185.67484639187683=197.606838158933, 197.606838158933=209.60672272995765, 209.60672272995765=221.67587171067998, 221.67587171067998=233.81570490553582, 233.81570490553582=249.0806897145967, 249.0806897145967=264.4377724251687, 264.4377724251687=279.8889276261115, 279.8889276261115=295.43620361086636, 295.43620361086636=311.08172633652345, 311.08172633652345=326.8277036625218, 326.8277036625218=342.6764298936156, 342.6764298936156=358.6302906543582, 358.6302906543582=374.6917681252944, 374.6917681252944=390.8634466743674, 390.8634466743674=410.4049333700738, 410.4049333700738=430.085261392557, 430.085261392557=449.9079458483382, 449.9079458483382=469.8766572165293, 469.8766572165293=489.9952312607741, 489.9952312607741=510.2676797751609, 510.2676797751609=530.6982022519015, 530.6982022519015=554.7233646227221, 554.7233646227221=578.943462908806, 578.943462908806=603.364147713081, 603.364147713081=627.9913563710829, 627.9913563710829=652.831334009, 652.831334009=677.8906566473463, 677.8906566473463=703.1762565996585, 703.1762565996585=728.6954504524757, 728.6954504524757=754.4559699561854, 754.4559699561854=784.1817142432858, 784.1817142432858=814.202515793668, 814.202515793668=844.5288863556805, 844.5288863556805=875.1719964513675, 875.1719964513675=906.1437354346359, 906.1437354346359=937.4567788306085, 937.4567788306085=969.1246640702658, 969.1246640702658=1001.161875942417, 1001.161875942417=1037.6367017638051, 1037.6367017638051=1074.5632583389413, 1074.5632583389413=1111.961753299051, 1111.961753299051=1149.8539951651553, 1149.8539951651553=1188.2635791619161, 1188.2635791619161=1231.5441600157028, 1231.5441600157028=1275.4589477128175, 1275.4589477128175=1320.0417080219333, 1320.0417080219333=1555.5377614371985, 1555.5377614371985=1794.9107489883518, 1794.9107489883518=2057.1231249615785, 2057.1231249615785=2324.039518287295, 2324.039518287295=2595.9691924534104, 2595.9691924534104=2883.161159671086, 2883.161159671086=3176.3063994901786, 3176.3063994901786=3475.8605109075447, 3475.8605109075447=3782.342331064524, 3782.342331064524=4096.347135961491, 4096.347135961491=4418.563641312179, 4418.563641312179=4761.218054228684, 4761.218054228684=5114.181883700506, 5114.181883700506=5478.6294421994535, 5478.6294421994535=5868.563266047875, 5868.563266047875=6273.649964402314, 6273.649964402314=6709.803365472394, 6709.803365472394=7166.997102390737, 7166.997102390737=7649.274658128946, 7649.274658128946=8178.255238280298, 8178.255238280298=8747.25518666447, 8747.25518666447=9388.230361322769, 9388.230361322769=10107.375756633923, 10107.375756633923=10953.147570204585, 10953.147570204585=12101.973774764376];
