1.172132245434153
64188.34753616907
75237.23192827763
[1; 20; 4.622069487797281]
[2; 10; 2.3297860707805884]
[1; 20; 4.698161883893997]
[1; 20; 4.737893877712825]
[1; 20; 4.778827337176554]
[1; 20; 4.821025921233426]
[1; 20; 4.86455817514786]
[1; 40; 9.818996054199108]
[2; 20; 4.9559253481888765]
[2; 20; 5.003926585676219]
[1; 80; 20.21438192435192]
[2; 40; 10.210067774025497]
[2; 40; 10.316705398165753]
[1; 100; 26.06836461454991]
[1; 100; 26.355634498870405]
[1; 100; 26.654298599283607]
[2; 60; 16.179092574065603]
[2; 60; 16.373448224788547]
[1; 140; 38.677867452509126]
[1; 140; 39.172188396370196]
[2; 70; 19.844676085536122]
[2; 70; 20.115615109005727]
[2; 80; 23.314239356812912]
[1; 160; 47.31174358001123]
[2; 80; 24.015693055173152]
[2; 90; 27.444857639807395]
[1; 180; 55.79335594700833]
[1; 180; 56.75130428060006]
[2; 100; 32.094114972612786]
[1; 200; 65.39382702135133]
[2; 520; 173.37473959368523]
[1; 1040; 353.93733403582144]
[1; 1040; 361.67526943286447]
[1; 1080; 384.2719315309179]
[2; 560; 204.14300830164495]
[1; 1120; 418.9633133054494]
[1; 1160; 446.06818734202704]
[2; 580; 229.7445030252111]
[1; 1160; 474.43854703971476]
[1; 1160; 491.2418877091613]
[1; 1240; 545.5268886987543]
[1; 1320; 605.7192889180856]
[2; 680; 327.09009603649656]
[1; 1360; 690.0716229664008]
[2; 680; 366.9804162726389]
[2; 700; 406.35397711623494]
[2; 700; 444.29202717490597]
[1; 1400; 996.9514519392167]
[2; 700; 586.2468445506141]
[2; 700; 773.5573490501826]


Jobs: [[1; 20; 4.622069487797281], [2; 10; 2.3297860707805884], [1; 20; 4.698161883893997], [1; 20; 4.778827337176554], [1; 20; 4.86455817514786], [2; 20; 4.9559253481888765], [2; 20; 5.003926585676219], [1; 80; 20.21438192435192], [2; 40; 10.210067774025497], [2; 40; 10.316705398165753], [1; 100; 26.06836461454991], [1; 100; 26.654298599283607], [2; 60; 16.179092574065603], [2; 60; 16.373448224788547], [1; 140; 38.677867452509126], [2; 70; 19.844676085536122], [2; 70; 20.115615109005727], [2; 80; 23.314239356812912], [1; 160; 47.31174358001123], [2; 80; 24.015693055173152], [2; 90; 27.444857639807395], [1; 180; 55.79335594700833], [2; 100; 32.094114972612786], [1; 200; 65.39382702135133], [2; 520; 173.37473959368523], [1; 1040; 353.93733403582144], [1; 1080; 384.2719315309179], [2; 560; 204.14300830164495], [1; 1120; 418.9633133054494], [2; 580; 229.7445030252111], [1; 1160; 474.43854703971476], [1; 1240; 545.5268886987543], [2; 680; 327.09009603649656], [1; 1360; 690.0716229664008], [2; 680; 366.9804162726389], [2; 700; 406.35397711623494], [2; 700; 444.29202717490597], [1; 1400; 996.9514519392167], [2; 700; 586.2468445506141], [2; 700; 773.5573490501826]];
Intervals[0.0=4.622069487797281, 4.622069487797281=6.95185555857787, 6.95185555857787=11.650017442471867, 11.650017442471867=16.428844779648422, 16.428844779648422=21.29340295479628, 26.32977141172323=31.285696759912106, 31.285696759912106=36.289623345588325, 36.289623345588325=56.504005269940244, 56.504005269940244=66.71407304396574, 66.71407304396574=77.03077844213149, 77.03077844213149=103.0991430566814, 103.0991430566814=129.753441655965, 129.753441655965=145.9325342300306, 145.9325342300306=162.30598245481914, 162.30598245481914=200.98384990732828, 201.47817085118933=221.32284693672545, 221.32284693672545=241.43846204573117, 241.43846204573117=264.75270140254406, 264.75270140254406=312.0644449825553, 312.0644449825553=336.08013803772843, 336.08013803772843=363.5249956775358, 363.5249956775358=419.3183516245441, 420.27629995813584=452.3704149307486, 452.3704149307486=517.7642419521, 517.7642419521=691.1389815457852, 691.1389815457852=1045.0763155816067, 1045.0763155816067=1429.3482471125246, 1429.3482471125246=1633.4912554141697, 1633.4912554141697=2052.454568719619, 2079.559442756197=2309.303945781408, 2309.303945781408=2783.7424928211226, 2783.7424928211226=3329.269381519877, 3406.265122408655=3733.3552184451514, 3733.3552184451514=4423.426841411552, 4423.426841411552=4790.407257684191, 4790.407257684191=5196.761234800426, 5196.761234800426=5641.053261975332, 5641.053261975332=6638.004713914549, 6638.004713914549=7224.251558465163, 7224.251558465163=7997.808907515346];

Jobs: [[2; 10; 2.3297860707805884], [1; 20; 4.737893877712825], [1; 20; 4.821025921233426], [1; 40; 9.818996054199108], [2; 20; 4.9559253481888765], [2; 20; 5.003926585676219], [2; 40; 10.210067774025497], [2; 40; 10.316705398165753], [1; 100; 26.355634498870405], [2; 60; 16.179092574065603], [2; 60; 16.373448224788547], [1; 140; 39.172188396370196], [2; 70; 19.844676085536122], [2; 70; 20.115615109005727], [2; 80; 23.314239356812912], [2; 80; 24.015693055173152], [2; 90; 27.444857639807395], [1; 180; 56.75130428060006], [2; 100; 32.094114972612786], [2; 520; 173.37473959368523], [1; 1040; 361.67526943286447], [2; 560; 204.14300830164495], [1; 1160; 446.06818734202704], [2; 580; 229.7445030252111], [1; 1160; 491.2418877091613], [1; 1320; 605.7192889180856], [2; 680; 327.09009603649656], [2; 680; 366.9804162726389], [2; 700; 406.35397711623494], [2; 700; 444.29202717490597], [2; 700; 586.2468445506141], [2; 700; 773.5573490501826]];
Intervals[4.622069487797281=6.95185555857787, 6.95185555857787=11.689749436290695, 11.689749436290695=16.51077535752412, 16.51077535752412=26.32977141172323, 26.32977141172323=31.285696759912106, 31.285696759912106=36.289623345588325, 56.504005269940244=66.71407304396574, 66.71407304396574=77.03077844213149, 77.03077844213149=103.3864129410019, 129.753441655965=145.9325342300306, 145.9325342300306=162.30598245481914, 162.30598245481914=201.47817085118933, 201.47817085118933=221.32284693672545, 221.32284693672545=241.43846204573117, 241.43846204573117=264.75270140254406, 312.0644449825553=336.08013803772843, 336.08013803772843=363.5249956775358, 363.5249956775358=420.27629995813584, 420.27629995813584=452.3704149307486, 517.7642419521=691.1389815457852, 691.1389815457852=1052.8142509786496, 1429.3482471125246=1633.4912554141697, 1633.4912554141697=2079.559442756197, 2079.559442756197=2309.303945781408, 2309.303945781408=2800.5458334905693, 2800.5458334905693=3406.265122408655, 3406.265122408655=3733.3552184451514, 4423.426841411552=4790.407257684191, 4790.407257684191=5196.761234800426, 5196.761234800426=5641.053261975332, 6638.004713914549=7224.251558465163, 7224.251558465163=7997.808907515346];
