1.19878040277915
269341.3856150344
322881.17473268526
[1; 20; 6.216747522168856]
[2; 10; 3.120894992840698]
[1; 20; 6.267189111261575]
[2; 10; 3.1464768482427097]
[2; 10; 3.1595464247731777]
[1; 20; 6.345616003596832]
[1; 40; 12.745065863822443]
[2; 20; 6.399853763926367]
[1; 40; 12.855178004441175]
[2; 20; 6.455749540496973]
[2; 20; 6.484346682642135]
[2; 20; 6.513392162937475]
[1; 40; 13.085796335013079]
[2; 20; 6.572877357089068]
[2; 20; 6.603342891240122]
[2; 20; 6.634308454061234]
[1; 60; 19.99736484473964]
[1; 60; 20.09339157271183]
[1; 60; 20.19105183386755]
[1; 60; 20.290393851810993]
[1; 60; 20.391467892060835]
[1; 60; 20.49432637535162]
[1; 60; 20.599023998749427]
[1; 80; 27.607490486971752]
[2; 40; 13.876111748280573]
[1; 80; 27.89964748174905]
[1; 80; 28.049849367665814]
[2; 40; 14.101460055800532]
[1; 100; 35.448693685504104]
[2; 50; 17.823783534041343]
[2; 50; 17.925200519996245]
[1; 100; 36.057332769273955]
[1; 100; 36.268506252559064]
[1; 100; 36.48407276154298]
[2; 60; 22.022514795493414]
[2; 60; 22.157417553398993]
[2; 60; 22.2952576252114]
[2; 60; 22.43614638292058]
[2; 60; 22.580201276938123]
[1; 120; 45.45509254485061]
[2; 70; 26.691364378815052]
[2; 70; 26.871410880919093]
[1; 140; 54.111562241099094]
[2; 70; 27.24465620584724]
[1; 140; 54.87645636589822]
[1; 160; 63.169602071668265]
[2; 80; 31.817475423838026]
[1; 160; 64.11252317814578]
[1; 160; 64.60288002509739]
[2; 80; 32.55330976616504]
[2; 80; 32.812190139118385]
[1; 160; 66.15684488495515]
[1; 180; 75.04283703496361]
[1; 180; 75.67746853785877]
[1; 180; 76.33129082064228]
[1; 180; 77.00532069546244]
[2; 90; 38.85032651132859]
[1; 180; 78.41846864283566]
[1; 180; 79.16004332173718]
[1; 180; 79.92675786484136]
[1; 180; 80.72010958753724]
[2; 90; 40.77086268082585]
[1; 200; 91.54819611312456]
[2; 100; 46.264997670778875]
[2; 100; 46.77483174458781]
[2; 100; 47.304887776650894]
[1; 200; 95.71316182433574]
[1; 200; 96.8629416258889]
[1; 1040; 509.92532602589296]
[1; 1040; 516.4424063372437]
[1; 1040; 523.2606443579291]
[2; 520; 265.2023564966661]
[1; 1080; 558.5907982370368]
[2; 540; 283.38802102739083]
[1; 1080; 575.3970759498403]
[1; 1120; 606.1432224169149]
[2; 560; 308.061031022813]
[2; 560; 313.3503086850699]
[1; 1120; 637.9434527549437]
[1; 1160; 673.1370662276798]
[2; 600; 355.0360771973677]
[1; 1200; 724.7914139295372]
[2; 620; 382.6625151747392]
[2; 620; 391.5122499961213]
[1; 1240; 802.2448288243461]
[1; 1240; 823.2247441699498]
[1; 1240; 846.2597885896366]
[1; 1280; 899.8411775424073]
[2; 640; 464.5588199262352]
[2; 640; 481.01224716338413]
[1; 1280; 999.4088799396325]
[2; 640; 521.214158378654]
[2; 640; 546.3578828440626]
[1; 1280; 1152.667339987636]
[2; 660; 632.1449453467375]
[1; 1360; 1401.1484183755867]
[2; 680; 765.9812703087377]
[1; 1360; 1718.7932550766088]
[2; 680; 1010.7183456762502]
[1; 1400; 2745.751755524039]


Jobs: [[1; 20; 6.216747522168856], [2; 10; 3.120894992840698], [1; 20; 6.267189111261575], [2; 10; 3.1464768482427097], [2; 10; 3.1595464247731777], [1; 20; 6.345616003596832], [2; 20; 6.399853763926367], [1; 40; 12.855178004441175], [2; 20; 6.455749540496973], [2; 20; 6.484346682642135], [2; 20; 6.513392162937475], [1; 40; 13.085796335013079], [2; 20; 6.572877357089068], [2; 20; 6.603342891240122], [2; 20; 6.634308454061234], [1; 60; 19.99736484473964], [1; 60; 20.19105183386755], [1; 60; 20.391467892060835], [1; 60; 20.599023998749427], [2; 40; 13.876111748280573], [1; 80; 27.89964748174905], [2; 40; 14.101460055800532], [1; 100; 35.448693685504104], [2; 50; 17.823783534041343], [2; 50; 17.925200519996245], [1; 100; 36.057332769273955], [1; 100; 36.48407276154298], [2; 60; 22.022514795493414], [2; 60; 22.157417553398993], [2; 60; 22.2952576252114], [2; 60; 22.43614638292058], [2; 60; 22.580201276938123], [1; 120; 45.45509254485061], [2; 70; 26.691364378815052], [2; 70; 26.871410880919093], [1; 140; 54.111562241099094], [2; 70; 27.24465620584724], [1; 140; 54.87645636589822], [2; 80; 31.817475423838026], [1; 160; 64.11252317814578], [2; 80; 32.55330976616504], [2; 80; 32.812190139118385], [1; 160; 66.15684488495515], [1; 180; 75.67746853785877], [1; 180; 77.00532069546244], [2; 90; 38.85032651132859], [1; 180; 78.41846864283566], [1; 180; 79.92675786484136], [2; 90; 40.77086268082585], [1; 200; 91.54819611312456], [2; 100; 46.264997670778875], [2; 100; 46.77483174458781], [2; 100; 47.304887776650894], [1; 200; 95.71316182433574], [1; 1040; 509.92532602589296], [1; 1040; 523.2606443579291], [2; 520; 265.2023564966661], [1; 1080; 558.5907982370368], [2; 540; 283.38802102739083], [1; 1080; 575.3970759498403], [2; 560; 308.061031022813], [2; 560; 313.3503086850699], [1; 1120; 637.9434527549437], [2; 600; 355.0360771973677], [1; 1200; 724.7914139295372], [2; 620; 382.6625151747392], [2; 620; 391.5122499961213], [1; 1240; 802.2448288243461], [1; 1240; 846.2597885896366], [2; 640; 464.5588199262352], [2; 640; 481.01224716338413], [1; 1280; 999.4088799396325], [2; 640; 521.214158378654], [2; 640; 546.3578828440626], [1; 1280; 1152.667339987636], [2; 660; 632.1449453467375], [1; 1360; 1401.1484183755867], [2; 680; 765.9812703087377], [1; 1360; 1718.7932550766088], [2; 680; 1010.7183456762502], [1; 1400; 2745.751755524039]];
Intervals[0.0=6.216747522168856, 6.216747522168856=9.337642515009554, 9.337642515009554=15.604831626271128, 15.604831626271128=18.751308474513838, 18.751308474513838=21.910854899287017, 21.910854899287017=28.256470902883848, 34.655920763109464=41.05577452703583, 41.05577452703583=53.91095253147701, 53.91095253147701=60.36670207197398, 60.36670207197398=66.85104875461612, 66.85104875461612=73.3644409175536, 73.3644409175536=86.45023725256667, 86.45023725256667=93.02311460965574, 93.02311460965574=99.62645750089585, 99.62645750089585=106.2607659549571, 106.2607659549571=126.25813079969673, 126.25813079969673=146.44918263356428, 146.44918263356428=166.8406505256251, 166.8406505256251=187.43967452437454, 194.74636824180328=208.62247999008386, 208.62247999008386=236.5221274718329, 236.67232935774967=250.77378941355022, 250.77378941355022=286.22248309905433, 286.22248309905433=304.0462666330957, 304.0462666330957=321.9714671530919, 321.9714671530919=358.02879992236586, 358.02879992236586=394.5128726839088, 394.5128726839088=416.53538747940223, 416.53538747940223=438.69280503280123, 438.69280503280123=460.9880626580126, 460.9880626580126=483.4242090409332, 483.4242090409332=506.0044103178713, 506.0044103178713=551.4595028627219, 551.4595028627219=578.150867241537, 578.150867241537=605.0222781224561, 605.0222781224561=659.1338403635552, 659.1338403635552=686.3784965694025, 686.3784965694025=741.2549529353007, 749.5480986410707=781.3655740649087, 781.3655740649087=845.4780972430545, 845.9684540900062=878.5217638561712, 878.5217638561712=911.3339539952896, 911.3339539952896=977.4907988802447, 977.4907988802447=1053.1682674181034, 1053.1682674181034=1130.1735881135658, 1130.1735881135658=1169.0239146248944, 1169.0239146248944=1247.44238326773, 1247.44238326773=1327.3691411325715, 1328.904067534169=1369.6749302149947, 1369.6749302149947=1461.2231263281192, 1461.2231263281192=1507.4881239988981, 1507.4881239988981=1554.262955743486, 1554.262955743486=1601.5678435201369, 1601.5678435201369=1697.2810053444725, 1697.2810053444725=2207.2063313703657, 2207.2063313703657=2730.4669757282945, 2730.4669757282945=2995.6693322249607, 2995.6693322249607=3554.2601304619975, 3554.2601304619975=3837.6481514893885, 3837.6481514893885=4413.045227439229, 4443.791373906303=4751.852404929116, 4751.852404929116=5065.202713614186, 5065.202713614186=5703.14616636913, 5738.3397798418655=6093.375857039233, 6093.375857039233=6818.16727096877, 6818.16727096877=7200.829786143509, 7200.829786143509=7592.342036139631, 7592.342036139631=8394.586864963978, 8394.586864963978=9240.846653553614, 9315.407957851987=9779.966777778222, 9779.966777778222=10260.979024941606, 10260.979024941606=11260.387904881238, 11260.387904881238=11781.602063259892, 11781.602063259892=12327.959946103954, 12327.959946103954=13480.62728609159, 13480.62728609159=14112.772231438328, 14112.772231438328=15513.920649813916, 15513.920649813916=16279.901920122653, 16279.901920122653=17998.69517519926, 17998.69517519926=19009.41352087551, 19009.41352087551=21755.165276399548];

Jobs: [[2; 10; 3.120894992840698], [2; 10; 3.1464768482427097], [2; 10; 3.1595464247731777], [1; 40; 12.745065863822443], [2; 20; 6.399853763926367], [2; 20; 6.455749540496973], [2; 20; 6.484346682642135], [2; 20; 6.513392162937475], [2; 20; 6.572877357089068], [2; 20; 6.603342891240122], [2; 20; 6.634308454061234], [1; 60; 20.09339157271183], [1; 60; 20.290393851810993], [1; 60; 20.49432637535162], [1; 80; 27.607490486971752], [2; 40; 13.876111748280573], [1; 80; 28.049849367665814], [2; 40; 14.101460055800532], [2; 50; 17.823783534041343], [2; 50; 17.925200519996245], [1; 100; 36.268506252559064], [2; 60; 22.022514795493414], [2; 60; 22.157417553398993], [2; 60; 22.2952576252114], [2; 60; 22.43614638292058], [2; 60; 22.580201276938123], [2; 70; 26.691364378815052], [2; 70; 26.871410880919093], [2; 70; 27.24465620584724], [1; 160; 63.169602071668265], [2; 80; 31.817475423838026], [1; 160; 64.60288002509739], [2; 80; 32.55330976616504], [2; 80; 32.812190139118385], [1; 180; 75.04283703496361], [1; 180; 76.33129082064228], [2; 90; 38.85032651132859], [1; 180; 79.16004332173718], [1; 180; 80.72010958753724], [2; 90; 40.77086268082585], [2; 100; 46.264997670778875], [2; 100; 46.77483174458781], [2; 100; 47.304887776650894], [1; 200; 96.8629416258889], [1; 1040; 516.4424063372437], [2; 520; 265.2023564966661], [2; 540; 283.38802102739083], [1; 1120; 606.1432224169149], [2; 560; 308.061031022813], [2; 560; 313.3503086850699], [1; 1160; 673.1370662276798], [2; 600; 355.0360771973677], [2; 620; 382.6625151747392], [2; 620; 391.5122499961213], [1; 1240; 823.2247441699498], [1; 1280; 899.8411775424073], [2; 640; 464.5588199262352], [2; 640; 481.01224716338413], [2; 640; 521.214158378654], [2; 640; 546.3578828440626], [2; 660; 632.1449453467375], [2; 680; 765.9812703087377], [2; 680; 1010.7183456762502]];
Intervals[6.216747522168856=9.337642515009554, 15.604831626271128=18.751308474513838, 18.751308474513838=21.910854899287017, 21.910854899287017=34.655920763109464, 34.655920763109464=41.05577452703583, 53.91095253147701=60.36670207197398, 60.36670207197398=66.85104875461612, 66.85104875461612=73.3644409175536, 86.45023725256667=93.02311460965574, 93.02311460965574=99.62645750089585, 99.62645750089585=106.2607659549571, 106.2607659549571=126.35415752766892, 126.35415752766892=146.6445513794799, 146.6445513794799=167.13887775483153, 167.13887775483153=194.74636824180328, 194.74636824180328=208.62247999008386, 208.62247999008386=236.67232935774967, 236.67232935774967=250.77378941355022, 286.22248309905433=304.0462666330957, 304.0462666330957=321.9714671530919, 321.9714671530919=358.23997340565097, 394.5128726839088=416.53538747940223, 416.53538747940223=438.69280503280123, 438.69280503280123=460.9880626580126, 460.9880626580126=483.4242090409332, 483.4242090409332=506.0044103178713, 551.4595028627219=578.150867241537, 578.150867241537=605.0222781224561, 659.1338403635552=686.3784965694025, 686.3784965694025=749.5480986410707, 749.5480986410707=781.3655740649087, 781.3655740649087=845.9684540900062, 845.9684540900062=878.5217638561712, 878.5217638561712=911.3339539952896, 911.3339539952896=986.3767910302531, 986.3767910302531=1062.7080818508955, 1130.1735881135658=1169.0239146248944, 1169.0239146248944=1248.1839579466316, 1248.1839579466316=1328.904067534169, 1328.904067534169=1369.6749302149947, 1461.2231263281192=1507.4881239988981, 1507.4881239988981=1554.262955743486, 1554.262955743486=1601.5678435201369, 1601.5678435201369=1698.4307851460258, 1698.4307851460258=2214.8731914832697, 2730.4669757282945=2995.6693322249607, 3554.2601304619975=3837.6481514893885, 3837.6481514893885=4443.791373906303, 4443.791373906303=4751.852404929116, 4751.852404929116=5065.202713614186, 5065.202713614186=5738.3397798418655, 5738.3397798418655=6093.375857039233, 6818.16727096877=7200.829786143509, 7200.829786143509=7592.342036139631, 7592.342036139631=8415.56678030958, 8415.56678030958=9315.407957851987, 9315.407957851987=9779.966777778222, 9779.966777778222=10260.979024941606, 11260.387904881238=11781.602063259892, 11781.602063259892=12327.959946103954, 13480.62728609159=14112.772231438328, 15513.920649813916=16279.901920122653, 17998.69517519926=19009.41352087551];
