1.1359539161648011
43318.826357590966
49208.19044456846
[2; 10; 1.4965205019907466]
[1; 20; 3.0050976493360704]
[1; 20; 3.0173260089494636]
[1; 20; 3.0297303183975397]
[2; 10; 1.5211574814011548]
[2; 10; 1.5275422418683369]
[1; 20; 3.0680435865245723]
[2; 10; 1.5405985739818362]
[1; 20; 3.09455022449988]
[2; 10; 1.5540540304426809]
[2; 10; 1.560938049677171]
[1; 40; 6.271719978707558]
[2; 20; 3.1500655978691574]
[2; 20; 3.164499020388999]
[1; 40; 6.358333185110993]
[1; 40; 6.388149805105436]
[2; 30; 4.813846206432609]
[2; 30; 4.836962147145501]
[1; 60; 9.720942637091039]
[2; 30; 4.884385329212889]
[2; 30; 4.9087162792657155]
[1; 60; 9.866953575268695]
[1; 60; 9.917360042433655]
[1; 60; 9.968679452142357]
[1; 80; 13.361254028841035]
[1; 80; 13.432231019793983]
[1; 80; 13.504545425650276]
[2; 40; 6.789120518810053]
[1; 80; 13.653363706336059]
[1; 80; 13.729961468948817]
[1; 80; 13.808084685986232]
[2; 40; 6.943893094438665]
[1; 80; 13.969121439140853]
[1; 80; 14.052148700347553]
[1; 80; 14.13692922408944]
[1; 80; 14.22352745132895]
[2; 50; 8.945007019161823]
[2; 50; 9.001532534489556]
[1; 100; 18.11865664991464]
[2; 50; 9.118444126219952]
[1; 100; 18.357864956858975]
[1; 100; 18.481697868682854]
[1; 100; 18.608504573396907]
[1; 100; 18.738409634089955]
[1; 100; 18.8715451368179]
[2; 50; 9.504025644613531]
[2; 50; 9.574038539357582]
[2; 50; 9.645890498640034]
[1; 120; 23.327198209461258]
[2; 60; 11.754545757005173]
[2; 60; 11.848023846063679]
[1; 120; 23.888313229137733]
[2; 60; 12.043075981441174]
[2; 60; 12.14492334904565]
[1; 120; 24.499701009069764]
[1; 120; 24.716041257305285]
[2; 60; 12.4696094275257]
[2; 60; 12.58480640562565]
[1; 140; 29.642238036282265]
[1; 140; 29.929341656226004]
[1; 140; 30.226419823743733]
[1; 140; 30.5340817366065]
[1; 140; 30.85299068057841]
[1; 140; 31.18387041094052]
[1; 140; 31.52751248354741]
[2; 70; 15.942392353808273]
[2; 70; 16.128320464806894]
[1; 140; 32.64413240413943]
[1; 160; 37.7696240758499]
[2; 80; 19.126168625712218]
[2; 80; 19.378678428380734]
[2; 80; 19.64325519380064]
[2; 80; 19.920922477231173]
[2; 80; 20.212831345163035]
[2; 80; 20.52028171570095]
[1; 160; 41.68949651175178]
[1; 160; 42.375824073468436]
[2; 80; 21.551699528692147]
[2; 80; 21.9383310451579]
[2; 80; 22.35038147536436]
[1; 160; 45.58171436773997]
[2; 90; 26.171206247587886]
[2; 90; 26.743372797234855]
[1; 180; 54.72371941918216]
[1; 180; 56.06698247437759]
[2; 90; 28.766609422393966]
[2; 90; 29.5715416484251]
[1; 180; 60.92251662410051]
[1; 180; 62.90463947676983]
[1; 180; 65.13255306729096]
[1; 200; 75.18179086852926]
[1; 200; 78.41798214822226]
[2; 100; 41.10045939339247]
[2; 100; 43.355425709830044]
[2; 100; 46.11287189661927]
[1; 200; 99.2029677970977]
[1; 200; 108.46476261196295]
[1; 200; 121.69259851209239]
[2; 100; 71.56005615329458]
[2; 100; 94.42406018962474]


Jobs: [[2; 10; 1.4965205019907466], [1; 20; 3.0050976493360704], [1; 20; 3.0297303183975397], [2; 10; 1.5211574814011548], [2; 10; 1.5275422418683369], [1; 20; 3.0680435865245723], [2; 10; 1.5405985739818362], [1; 20; 3.09455022449988], [2; 10; 1.5540540304426809], [2; 10; 1.560938049677171], [1; 40; 6.271719978707558], [2; 20; 3.1500655978691574], [2; 20; 3.164499020388999], [1; 40; 6.358333185110993], [2; 30; 4.813846206432609], [2; 30; 4.836962147145501], [1; 60; 9.720942637091039], [2; 30; 4.884385329212889], [2; 30; 4.9087162792657155], [1; 60; 9.866953575268695], [1; 60; 9.968679452142357], [1; 80; 13.432231019793983], [2; 40; 6.789120518810053], [1; 80; 13.653363706336059], [1; 80; 13.808084685986232], [2; 40; 6.943893094438665], [1; 80; 13.969121439140853], [1; 80; 14.13692922408944], [2; 50; 8.945007019161823], [2; 50; 9.001532534489556], [1; 100; 18.11865664991464], [2; 50; 9.118444126219952], [1; 100; 18.357864956858975], [1; 100; 18.608504573396907], [1; 100; 18.8715451368179], [2; 50; 9.504025644613531], [2; 50; 9.574038539357582], [2; 50; 9.645890498640034], [1; 120; 23.327198209461258], [2; 60; 11.754545757005173], [2; 60; 11.848023846063679], [1; 120; 23.888313229137733], [2; 60; 12.043075981441174], [2; 60; 12.14492334904565], [1; 120; 24.499701009069764], [2; 60; 12.4696094275257], [2; 60; 12.58480640562565], [1; 140; 29.642238036282265], [1; 140; 30.226419823743733], [1; 140; 30.85299068057841], [1; 140; 31.52751248354741], [2; 70; 15.942392353808273], [2; 70; 16.128320464806894], [1; 140; 32.64413240413943], [2; 80; 19.126168625712218], [2; 80; 19.378678428380734], [2; 80; 19.64325519380064], [2; 80; 19.920922477231173], [2; 80; 20.212831345163035], [2; 80; 20.52028171570095], [1; 160; 41.68949651175178], [2; 80; 21.551699528692147], [2; 80; 21.9383310451579], [2; 80; 22.35038147536436], [1; 160; 45.58171436773997], [2; 90; 26.171206247587886], [2; 90; 26.743372797234855], [1; 180; 54.72371941918216], [2; 90; 28.766609422393966], [2; 90; 29.5715416484251], [1; 180; 60.92251662410051], [1; 180; 65.13255306729096], [1; 200; 78.41798214822226], [2; 100; 41.10045939339247], [2; 100; 43.355425709830044], [2; 100; 46.11287189661927], [1; 200; 99.2029677970977], [1; 200; 121.69259851209239], [2; 100; 71.56005615329458], [2; 100; 94.42406018962474]];
Intervals[4.9E-324=1.4965205019907466, 1.4965205019907466=4.5016181513268165, 4.5016181513268165=7.531348469724357, 7.531348469724357=9.05250595112551, 9.05250595112551=10.580048192993848, 10.580048192993848=13.64809177951842, 13.64809177951842=15.188690353500256, 15.188690353500256=18.283240578000136, 18.283240578000136=19.837294608442818, 19.837294608442818=21.398232658119987, 21.398232658119987=27.669952636827546, 27.669952636827546=30.820018234696704, 30.820018234696704=33.984517255085706, 33.984517255085706=40.3428504401967, 40.37266706019114=45.18651326662375, 45.18651326662375=50.02347541376925, 50.02347541376925=59.74441805086029, 59.74441805086029=64.62880338007318, 64.62880338007318=69.5375196593389, 69.5375196593389=79.4044732346076, 79.4044732346076=89.37315268674995, 89.37315268674995=102.80538370654394, 106.32067915626386=113.10979967507392, 113.10979967507392=126.76316338140998, 126.76316338140998=140.57124806739623, 140.57124806739623=147.5151411618349, 147.5151411618349=161.48426260097574, 161.48426260097574=175.62119182506518, 175.79081731351138=184.73582433267322, 184.73582433267322=193.73735686716276, 193.73735686716276=211.8560135170774, 211.8560135170774=220.97445764329734, 220.97445764329734=239.33232260015632, 239.33232260015632=257.9408271735532, 257.9408271735532=276.8123723103711, 276.8123723103711=286.3163979549846, 286.3163979549846=295.89043649434217, 295.89043649434217=305.5363269929822, 305.5363269929822=328.86352520244344, 328.86352520244344=340.61807095944863, 340.61807095944863=352.4660948055123, 352.4660948055123=376.35440803465, 376.35440803465=388.3974840160912, 388.3974840160912=400.54240736513685, 400.54240736513685=425.04210837420663, 425.25844862244213=437.72805804996784, 437.72805804996784=450.3128644555935, 450.3128644555935=479.9551024918758, 479.9551024918758=510.18152231561953, 510.18152231561953=541.0345129961979, 541.0345129961979=572.5620254797453, 572.5620254797453=588.5044178335536, 588.5044178335536=604.6327382983604, 604.6327382983604=637.2768707024999, 642.4023623742104=661.5285309999226, 661.5285309999226=680.9072094283033, 680.9072094283033=700.550464622104, 700.550464622104=720.4713870993352, 720.4713870993352=740.6842184444982, 740.6842184444982=761.2045001601992, 761.2045001601992=802.8939966719511, 803.5803242336676=825.1320237623597, 825.1320237623597=847.0703548075177, 847.0703548075177=869.420736282882, 869.420736282882=915.002450650622, 915.002450650622=941.1736568982099, 941.1736568982099=967.9170296954447, 967.9170296954447=1022.6407491146269, 1023.9840121698223=1052.7506215922162, 1052.7506215922162=1082.3221632406414, 1082.3221632406414=1143.244679864742, 1143.244679864742=1208.377232932033, 1208.377232932033=1286.7952150802553, 1286.7952150802553=1327.8956744736477, 1327.8956744736477=1371.2511001834778, 1371.2511001834778=1417.363972080097, 1417.363972080097=1516.5669398771947, 1516.5669398771947=1638.2595383892872, 1638.2595383892872=1709.8195945425819, 1709.8195945425819=1804.2436547322066];

Jobs: [[2; 10; 1.4965205019907466], [1; 20; 3.0173260089494636], [2; 10; 1.5211574814011548], [2; 10; 1.5275422418683369], [2; 10; 1.5405985739818362], [2; 10; 1.5540540304426809], [2; 10; 1.560938049677171], [2; 20; 3.1500655978691574], [2; 20; 3.164499020388999], [1; 40; 6.388149805105436], [2; 30; 4.813846206432609], [2; 30; 4.836962147145501], [2; 30; 4.884385329212889], [2; 30; 4.9087162792657155], [1; 60; 9.917360042433655], [1; 80; 13.361254028841035], [1; 80; 13.504545425650276], [2; 40; 6.789120518810053], [1; 80; 13.729961468948817], [2; 40; 6.943893094438665], [1; 80; 14.052148700347553], [1; 80; 14.22352745132895], [2; 50; 8.945007019161823], [2; 50; 9.001532534489556], [2; 50; 9.118444126219952], [1; 100; 18.481697868682854], [1; 100; 18.738409634089955], [2; 50; 9.504025644613531], [2; 50; 9.574038539357582], [2; 50; 9.645890498640034], [2; 60; 11.754545757005173], [2; 60; 11.848023846063679], [2; 60; 12.043075981441174], [2; 60; 12.14492334904565], [1; 120; 24.716041257305285], [2; 60; 12.4696094275257], [2; 60; 12.58480640562565], [1; 140; 29.929341656226004], [1; 140; 30.5340817366065], [1; 140; 31.18387041094052], [2; 70; 15.942392353808273], [2; 70; 16.128320464806894], [1; 160; 37.7696240758499], [2; 80; 19.126168625712218], [2; 80; 19.378678428380734], [2; 80; 19.64325519380064], [2; 80; 19.920922477231173], [2; 80; 20.212831345163035], [2; 80; 20.52028171570095], [1; 160; 42.375824073468436], [2; 80; 21.551699528692147], [2; 80; 21.9383310451579], [2; 80; 22.35038147536436], [2; 90; 26.171206247587886], [2; 90; 26.743372797234855], [1; 180; 56.06698247437759], [2; 90; 28.766609422393966], [2; 90; 29.5715416484251], [1; 180; 62.90463947676983], [1; 200; 75.18179086852926], [2; 100; 41.10045939339247], [2; 100; 43.355425709830044], [2; 100; 46.11287189661927], [1; 200; 108.46476261196295], [2; 100; 71.56005615329458], [2; 100; 94.42406018962474]];
Intervals[4.9E-324=1.4965205019907466, 1.4965205019907466=4.51384651094021, 7.531348469724357=9.05250595112551, 9.05250595112551=10.580048192993848, 13.64809177951842=15.188690353500256, 18.283240578000136=19.837294608442818, 19.837294608442818=21.398232658119987, 27.669952636827546=30.820018234696704, 30.820018234696704=33.984517255085706, 33.984517255085706=40.37266706019114, 40.37266706019114=45.18651326662375, 45.18651326662375=50.02347541376925, 59.74441805086029=64.62880338007318, 64.62880338007318=69.5375196593389, 69.5375196593389=79.45487970177255, 79.45487970177255=92.81613373061359, 92.81613373061359=106.32067915626386, 106.32067915626386=113.10979967507392, 113.10979967507392=126.83976114402273, 140.57124806739623=147.5151411618349, 147.5151411618349=161.56728986218243, 161.56728986218243=175.79081731351138, 175.79081731351138=184.73582433267322, 184.73582433267322=193.73735686716276, 211.8560135170774=220.97445764329734, 220.97445764329734=239.4561555119802, 239.4561555119802=258.19456514607015, 276.8123723103711=286.3163979549846, 286.3163979549846=295.89043649434217, 295.89043649434217=305.5363269929822, 328.86352520244344=340.61807095944863, 340.61807095944863=352.4660948055123, 376.35440803465=388.3974840160912, 388.3974840160912=400.54240736513685, 400.54240736513685=425.25844862244213, 425.25844862244213=437.72805804996784, 437.72805804996784=450.3128644555935, 450.3128644555935=480.24220611181954, 480.24220611181954=510.776287848426, 510.776287848426=541.9601582593665, 572.5620254797453=588.5044178335536, 588.5044178335536=604.6327382983604, 604.6327382983604=642.4023623742104, 642.4023623742104=661.5285309999226, 661.5285309999226=680.9072094283033, 680.9072094283033=700.550464622104, 700.550464622104=720.4713870993352, 720.4713870993352=740.6842184444982, 740.6842184444982=761.2045001601992, 761.2045001601992=803.5803242336676, 803.5803242336676=825.1320237623597, 825.1320237623597=847.0703548075177, 847.0703548075177=869.420736282882, 915.002450650622=941.1736568982099, 941.1736568982099=967.9170296954447, 967.9170296954447=1023.9840121698223, 1023.9840121698223=1052.7506215922162, 1052.7506215922162=1082.3221632406414, 1082.3221632406414=1145.2268027174114, 1145.2268027174114=1220.4085935859407, 1286.7952150802553=1327.8956744736477, 1327.8956744736477=1371.2511001834778, 1371.2511001834778=1417.363972080097, 1417.363972080097=1525.82873469206, 1638.2595383892872=1709.8195945425819, 1709.8195945425819=1804.2436547322066];
