1.1572870887080147
781704.9537561618
904657.0501611019
[1; 20; 9.520486457103653]
[2; 10; 4.779418563714903]
[2; 10; 4.798866999592835]
[1; 20; 9.637190545204597]
[2; 10; 4.838610357003697]
[1; 20; 9.717838951765446]
[1; 20; 9.759060225521562]
[2; 10; 4.900450023877442]
[1; 40; 19.686749004765957]
[1; 40; 19.7730005446038]
[2; 20; 9.930294668573264]
[1; 40; 19.949551322752587]
[1; 40; 20.03992382570571]
[2; 30; 15.098809217976319]
[1; 60; 30.337585534950584]
[1; 60; 30.479849904103602]
[2; 30; 15.312238473831757]
[1; 80; 41.0287129860352]
[1; 80; 41.22812555462023]
[2; 40; 20.715486051895333]
[1; 80; 41.63735527075097]
[1; 80; 41.84738209344266]
[1; 80; 42.0611642578505]
[1; 100; 52.848522953232255]
[1; 100; 53.12558275274519]
[1; 100; 53.40779383849153]
[2; 60; 32.21719356581178]
[1; 120; 64.7860118210816]
[1; 120; 65.14444544219485]
[2; 60; 32.754958597576184]
[1; 140; 76.86311192664802]
[1; 140; 77.30677270051754]
[1; 140; 77.75952777747126]
[1; 160; 89.39623026674231]
[2; 80; 44.967791301200826]
[1; 160; 90.48649870982966]
[1; 160; 91.04941022468272]
[1; 160; 91.62477196807893]
[1; 160; 92.21306358420473]
[2; 90; 52.20832011873312]
[1; 180; 105.10930122477859]
[1; 180; 105.8183156369134]
[1; 200; 118.38261857576079]
[2; 100; 59.60452092427034]
[2; 520; 312.1456425874584]
[1; 1040; 628.8070575032534]
[1; 1040; 633.4392632629509]
[1; 1040; 638.1931455420721]
[1; 1040; 643.0742883060933]
[1; 1040; 648.0886456378327]
[1; 1080; 678.3672885059417]
[1; 1080; 683.8714406206508]
[1; 1080; 689.535141467116]
[1; 1080; 695.3664871413796]
[2; 560; 363.6754946886471]
[1; 1120; 733.7737328033459]
[1; 1120; 740.399464540537]
[1; 1120; 747.2394366661769]
[1; 1120; 754.3058057868508]
[1; 1120; 761.6117294192331]
[2; 580; 398.320942559776]
[1; 1160; 804.7505651310018]
[1; 1160; 813.1556697973408]
[1; 1160; 821.8762742778113]
[2; 580; 415.46662033546505]
[2; 580; 420.17472039731405]
[1; 1160; 850.1500140485144]
[2; 580; 430.18133355141293]
[1; 1160; 871.0180237043961]
[1; 1160; 882.1500348507249]
[1; 1200; 924.6170297460428]
[2; 600; 468.6204051261797]
[1; 1200; 950.4891800940919]
[1; 1240; 996.5642955753136]
[1; 1240; 1011.7226896027196]
[1; 1240; 1027.7200411625038]
[1; 1240; 1044.6392330212873]
[2; 620; 531.2876235026208]
[2; 640; 558.2645431961449]
[1; 1280; 1137.4999747173395]
[1; 1280; 1159.9175387236191]
[1; 1280; 1183.961753365432]
[1; 1280; 1209.8460517400822]
[1; 1280; 1237.825841523533]
[2; 660; 653.9207017107389]
[1; 1320; 1342.043433703764]
[1; 1360; 1421.4017245366224]
[1; 1360; 1464.1673271914003]
[2; 680; 755.9021110283999]
[1; 1360; 1565.3482722340748]
[1; 1360; 1626.1778912019183]
[1; 1400; 1746.0640707216771]
[1; 1400; 1830.2953855995074]
[1; 1400; 1930.7140793214933]
[1; 1400; 2053.509325559803]
[1; 1400; 2208.8650209344705]
[1; 1400; 2415.089240349675]
[2; 700; 1354.8108999610351]
[1; 1400; 3186.7293578638955]
[1; 1400; 4204.914597193636]


Jobs: [[1; 20; 9.520486457103653], [2; 10; 4.779418563714903], [2; 10; 4.798866999592835], [1; 20; 9.637190545204597], [2; 10; 4.838610357003697], [1; 20; 9.717838951765446], [2; 10; 4.900450023877442], [1; 40; 19.686749004765957], [2; 20; 9.930294668573264], [1; 40; 19.949551322752587], [2; 30; 15.098809217976319], [1; 60; 30.337585534950584], [2; 30; 15.312238473831757], [1; 80; 41.0287129860352], [2; 40; 20.715486051895333], [1; 80; 41.63735527075097], [1; 80; 42.0611642578505], [1; 100; 53.12558275274519], [2; 60; 32.21719356581178], [1; 120; 64.7860118210816], [2; 60; 32.754958597576184], [1; 140; 76.86311192664802], [1; 140; 77.75952777747126], [2; 80; 44.967791301200826], [1; 160; 90.48649870982966], [1; 160; 91.62477196807893], [2; 90; 52.20832011873312], [1; 180; 105.10930122477859], [1; 200; 118.38261857576079], [2; 100; 59.60452092427034], [2; 520; 312.1456425874584], [1; 1040; 628.8070575032534], [1; 1040; 638.1931455420721], [1; 1040; 648.0886456378327], [1; 1080; 683.8714406206508], [1; 1080; 695.3664871413796], [2; 560; 363.6754946886471], [1; 1120; 733.7737328033459], [1; 1120; 747.2394366661769], [1; 1120; 761.6117294192331], [2; 580; 398.320942559776], [1; 1160; 804.7505651310018], [1; 1160; 821.8762742778113], [2; 580; 415.46662033546505], [2; 580; 420.17472039731405], [1; 1160; 850.1500140485144], [2; 580; 430.18133355141293], [1; 1160; 871.0180237043961], [1; 1200; 924.6170297460428], [2; 600; 468.6204051261797], [1; 1200; 950.4891800940919], [1; 1240; 1011.7226896027196], [1; 1240; 1044.6392330212873], [2; 620; 531.2876235026208], [2; 640; 558.2645431961449], [1; 1280; 1137.4999747173395], [1; 1280; 1183.961753365432], [1; 1280; 1237.825841523533], [2; 660; 653.9207017107389], [1; 1320; 1342.043433703764], [1; 1360; 1464.1673271914003], [2; 680; 755.9021110283999], [1; 1360; 1565.3482722340748], [1; 1400; 1746.0640707216771], [1; 1400; 1930.7140793214933], [1; 1400; 2208.8650209344705], [2; 700; 1354.8108999610351], [1; 1400; 3186.7293578638955]];
Intervals[0.0=9.520486457103653, 9.520486457103653=14.299905020818557, 14.299905020818557=19.098772020411392, 19.098772020411392=28.73596256561599, 28.73596256561599=33.57457292261969, 33.57457292261969=43.29241187438513, 43.333633148141246=48.234083172018686, 48.234083172018686=67.92083217678464, 68.00708371662249=77.93737838519576, 77.93737838519576=97.88692970794834, 97.97730221090147=113.0761114288778, 113.0761114288778=143.4136969638284, 143.55596133298138=158.86819980681315, 158.86819980681315=199.89691279284835, 200.09632536143337=220.8118114133287, 220.8118114133287=262.44916668407967, 262.44916668407967=304.5103309419302, 304.5103309419302=357.63591369467537, 368.9155102984952=401.13270386430696, 401.13270386430696=465.9187156853886, 466.2771493065018=499.03210790407803, 499.03210790407803=575.8952198307261, 575.8952198307261=653.6547476081973, 665.735110871338=710.7029021725388, 710.7029021725388=801.1894008823684, 801.1894008823684=892.8141728504473, 893.9653759814262=946.1736961001593, 946.1736961001593=1051.282997324938, 1051.282997324938=1169.6656159006986, 1169.6656159006986=1229.270136824969, 1229.270136824969=1541.4157794124276, 1541.4157794124276=2170.222836915681, 2170.222836915681=2808.415982457753, 2808.415982457753=3456.5046280955858, 3456.5046280955858=4140.376068716237, 4140.376068716237=4835.742555857616, 4835.742555857616=5199.418050546263, 5199.418050546263=5933.191783349608, 5933.191783349608=6680.431220015785, 6680.431220015785=7442.042949435017, 7442.042949435017=7840.363891994793, 7840.363891994793=8645.114457125796, 8645.114457125796=9466.990731403606, 9466.990731403606=9882.45735173907, 9882.45735173907=10302.632072136385, 10302.632072136385=11152.7820861849, 11152.7820861849=11582.963419736312, 11582.963419736312=12453.981443440709, 12453.981443440709=13378.598473186752, 13378.598473186752=13847.218878312931, 13847.218878312931=14797.708058407023, 14797.708058407023=15809.430748009741, 15809.430748009741=16854.06998103103, 16854.06998103103=17385.35760453365, 17385.35760453365=17943.622147729795, 17943.622147729795=19081.122122447134, 19081.122122447134=20265.083875812565, 20265.083875812565=21502.909717336097, 21502.909717336097=22156.830419046837, 22156.830419046837=23498.8738527506, 23498.8738527506=24963.041179942, 24963.041179942=25718.9432909704, 25718.9432909704=27284.291563204475, 27284.291563204475=29030.355633926152, 29030.355633926152=30961.069713247645, 30961.069713247645=33169.93473418211, 33644.01513368131=34998.82603364234, 34998.82603364234=38185.555391506234];

Jobs: [[2; 10; 4.779418563714903], [2; 10; 4.798866999592835], [2; 10; 4.838610357003697], [1; 20; 9.759060225521562], [2; 10; 4.900450023877442], [1; 40; 19.7730005446038], [2; 20; 9.930294668573264], [1; 40; 20.03992382570571], [2; 30; 15.098809217976319], [1; 60; 30.479849904103602], [2; 30; 15.312238473831757], [1; 80; 41.22812555462023], [2; 40; 20.715486051895333], [1; 80; 41.84738209344266], [1; 100; 52.848522953232255], [1; 100; 53.40779383849153], [2; 60; 32.21719356581178], [1; 120; 65.14444544219485], [2; 60; 32.754958597576184], [1; 140; 77.30677270051754], [1; 160; 89.39623026674231], [2; 80; 44.967791301200826], [1; 160; 91.04941022468272], [1; 160; 92.21306358420473], [2; 90; 52.20832011873312], [1; 180; 105.8183156369134], [2; 100; 59.60452092427034], [2; 520; 312.1456425874584], [1; 1040; 633.4392632629509], [1; 1040; 643.0742883060933], [1; 1080; 678.3672885059417], [1; 1080; 689.535141467116], [2; 560; 363.6754946886471], [1; 1120; 740.399464540537], [1; 1120; 754.3058057868508], [2; 580; 398.320942559776], [1; 1160; 813.1556697973408], [2; 580; 415.46662033546505], [2; 580; 420.17472039731405], [2; 580; 430.18133355141293], [1; 1160; 882.1500348507249], [2; 600; 468.6204051261797], [1; 1240; 996.5642955753136], [1; 1240; 1027.7200411625038], [2; 620; 531.2876235026208], [2; 640; 558.2645431961449], [1; 1280; 1159.9175387236191], [1; 1280; 1209.8460517400822], [2; 660; 653.9207017107389], [1; 1360; 1421.4017245366224], [2; 680; 755.9021110283999], [1; 1360; 1626.1778912019183], [1; 1400; 1830.2953855995074], [1; 1400; 2053.509325559803], [1; 1400; 2415.089240349675], [2; 700; 1354.8108999610351], [1; 1400; 4204.914597193636]];
Intervals[9.520486457103653=14.299905020818557, 14.299905020818557=19.098772020411392, 28.73596256561599=33.57457292261969, 33.57457292261969=43.333633148141246, 43.333633148141246=48.234083172018686, 48.234083172018686=68.00708371662249, 68.00708371662249=77.93737838519576, 77.93737838519576=97.97730221090147, 97.97730221090147=113.0761114288778, 113.0761114288778=143.55596133298138, 143.55596133298138=158.86819980681315, 158.86819980681315=200.09632536143337, 200.09632536143337=220.8118114133287, 220.8118114133287=262.6591935067714, 262.6591935067714=315.5077164600036, 315.5077164600036=368.9155102984952, 368.9155102984952=401.13270386430696, 401.13270386430696=466.2771493065018, 466.2771493065018=499.03210790407803, 499.03210790407803=576.3388806045956, 576.3388806045956=665.735110871338, 665.735110871338=710.7029021725388, 710.7029021725388=801.7523123972214, 801.7523123972214=893.9653759814262, 893.9653759814262=946.1736961001593, 946.1736961001593=1051.9920117370727, 1169.6656159006986=1229.270136824969, 1229.270136824969=1541.4157794124276, 1541.4157794124276=2174.8550426753786, 2174.8550426753786=2817.929330981472, 2817.929330981472=3496.296619487414, 3496.296619487414=4185.83176095453, 4835.742555857616=5199.418050546263, 5199.418050546263=5939.8175150868, 5939.8175150868=6694.123320873651, 7442.042949435017=7840.363891994793, 7840.363891994793=8653.519561792134, 9466.990731403606=9882.45735173907, 9882.45735173907=10302.632072136385, 11152.7820861849=11582.963419736312, 11582.963419736312=12465.113454587037, 13378.598473186752=13847.218878312931, 13847.218878312931=14843.783173888245, 14843.783173888245=15871.503215050749, 16854.06998103103=17385.35760453365, 17385.35760453365=17943.622147729795, 17943.622147729795=19103.539686453412, 19103.539686453412=20313.385738193494, 21502.909717336097=22156.830419046837, 22156.830419046837=23578.23214358346, 24963.041179942=25718.9432909704, 25718.9432909704=27345.12118217232, 27345.12118217232=29175.416567771827, 29175.416567771827=31228.92589333163, 31228.92589333163=33644.01513368131, 33644.01513368131=34998.82603364234, 34998.82603364234=39203.74063083598];
