0.9999999999999986
246461.98795583952
246461.98795583917
[2; 20; 7.916878339038352]
[2; 30; 11.971671733009485]
[2; 40; 16.094425300222714]
[2; 40; 16.230534617515122]
[2; 50; 20.463449722889973]
[2; 60; 24.772978287229055]
[2; 60; 24.996670007339226]
[2; 60; 25.227594709844407]
[2; 60; 25.466162814656787]
[2; 90; 38.569227800209696]
[2; 90; 38.952065339674135]
[2; 90; 39.348541898996785]
[2; 100; 44.17723582077868]
[2; 520; 232.1852522596054]
[2; 520; 234.74390262159682]
[2; 520; 237.4040387874314]
[2; 520; 240.17276279670128]
[2; 540; 252.40628280379437]
[2; 540; 255.5322656649612]
[2; 540; 258.7980856046349]
[2; 540; 262.2148208016238]
[2; 540; 265.794835269032]
[2; 560; 279.5353854581469]
[2; 560; 283.6315239783008]
[2; 580; 298.2295213635457]
[2; 580; 302.9451243126426]
[2; 580; 307.93246179331567]
[2; 600; 324.0202054926805]
[2; 600; 329.8330381766365]
[2; 620; 347.2289673400248]
[2; 620; 354.07206867909406]
[2; 640; 373.07015770622166]
[2; 640; 381.2263834029525]
[2; 640; 390.0429051845283]
[2; 660; 412.1050340032231]
[2; 660; 422.8822037851148]
[2; 660; 434.71507253386346]
[2; 660; 447.7943109638625]
[2; 660; 462.3633633641971]
[2; 680; 493.2462768561071]
[2; 680; 512.4138855031225]
[2; 680; 534.4706804890072]
[2; 680; 560.2539085710274]
[2; 700; 608.3742181794723]
[2; 700; 647.0673953445973]
[2; 700; 696.0204747909888]
[2; 700; 761.0023898244607]
[2; 700; 853.8105469604079]
[2; 700; 1004.1486734904535]
[2; 700; 1324.9821182627616]


Jobs: [[2; 20; 7.916878339038352], [2; 30; 11.971671733009485], [2; 40; 16.094425300222714], [2; 40; 16.230534617515122], [2; 50; 20.463449722889973], [2; 60; 24.772978287229055], [2; 60; 24.996670007339226], [2; 60; 25.227594709844407], [2; 60; 25.466162814656787], [2; 90; 38.569227800209696], [2; 90; 38.952065339674135], [2; 90; 39.348541898996785], [2; 100; 44.17723582077868], [2; 520; 232.1852522596054], [2; 520; 234.74390262159682], [2; 520; 237.4040387874314], [2; 520; 240.17276279670128], [2; 540; 252.40628280379437], [2; 540; 255.5322656649612], [2; 540; 258.7980856046349], [2; 540; 262.2148208016238], [2; 540; 265.794835269032], [2; 560; 279.5353854581469], [2; 560; 283.6315239783008], [2; 580; 298.2295213635457], [2; 580; 302.9451243126426], [2; 580; 307.93246179331567], [2; 600; 324.0202054926805], [2; 600; 329.8330381766365], [2; 620; 347.2289673400248], [2; 620; 354.07206867909406], [2; 640; 373.07015770622166], [2; 640; 381.2263834029525], [2; 640; 390.0429051845283], [2; 660; 412.1050340032231], [2; 660; 422.8822037851148], [2; 660; 434.71507253386346], [2; 660; 447.7943109638625], [2; 660; 462.3633633641971], [2; 680; 493.2462768561071], [2; 680; 512.4138855031225], [2; 680; 534.4706804890072], [2; 680; 560.2539085710274], [2; 700; 608.3742181794723], [2; 700; 647.0673953445973], [2; 700; 696.0204747909888], [2; 700; 761.0023898244607], [2; 700; 853.8105469604079], [2; 700; 1004.1486734904535], [2; 700; 1324.9821182627616]];
Intervals[4.9E-324=7.916878339038352, 7.916878339038352=19.888550072047835, 19.888550072047835=35.982975372270545, 35.982975372270545=52.21350998978566, 52.21350998978566=72.67695971267564, 72.67695971267564=97.44993799990469, 97.44993799990469=122.44660800724392, 122.44660800724392=147.67420271708832, 147.67420271708832=173.14036553174512, 173.14036553174512=211.7095933319548, 211.7095933319548=250.66165867162894, 250.66165867162894=290.0102005706257, 290.0102005706257=334.1874363914044, 334.1874363914044=566.3726886510098, 566.3726886510098=801.1165912726066, 801.1165912726066=1038.520630060038, 1038.520630060038=1278.6933928567394, 1278.6933928567394=1531.0996756605336, 1531.0996756605336=1786.6319413254948, 1786.6319413254948=2045.4300269301298, 2045.4300269301298=2307.6448477317535, 2307.6448477317535=2573.4396830007854, 2573.4396830007854=2852.975068458932, 2852.975068458932=3136.606592437233, 3136.606592437233=3434.8361138007785, 3434.8361138007785=3737.7812381134213, 3737.7812381134213=4045.713699906737, 4045.713699906737=4369.733905399417, 4369.733905399417=4699.566943576054, 4699.566943576054=5046.795910916078, 5046.795910916078=5400.867979595172, 5400.867979595172=5773.938137301394, 5773.938137301394=6155.164520704347, 6155.164520704347=6545.207425888875, 6545.207425888875=6957.312459892099, 6957.312459892099=7380.194663677214, 7380.194663677214=7814.909736211077, 7814.909736211077=8262.704047174939, 8262.704047174939=8725.067410539135, 8725.067410539135=9218.313687395243, 9218.313687395243=9730.727572898366, 9730.727572898366=10265.198253387372, 10265.198253387372=10825.4521619584, 10825.4521619584=11433.82638013787, 11433.82638013787=12080.893775482467, 12080.893775482467=12776.914250273456, 12776.914250273456=13537.916640097916, 13537.916640097916=14391.727187058324, 14391.727187058324=15395.875860548778, 15395.875860548778=16720.85797881154];

Jobs: [[2; 20; 7.916878339038352], [2; 30; 11.971671733009485], [2; 40; 16.094425300222714], [2; 40; 16.230534617515122], [2; 50; 20.463449722889973], [2; 60; 24.772978287229055], [2; 60; 24.996670007339226], [2; 60; 25.227594709844407], [2; 60; 25.466162814656787], [2; 90; 38.569227800209696], [2; 90; 38.952065339674135], [2; 90; 39.348541898996785], [2; 100; 44.17723582077868], [2; 520; 232.1852522596054], [2; 520; 234.74390262159682], [2; 520; 237.4040387874314], [2; 520; 240.17276279670128], [2; 540; 252.40628280379437], [2; 540; 255.5322656649612], [2; 540; 258.7980856046349], [2; 540; 262.2148208016238], [2; 540; 265.794835269032], [2; 560; 279.5353854581469], [2; 560; 283.6315239783008], [2; 580; 298.2295213635457], [2; 580; 302.9451243126426], [2; 580; 307.93246179331567], [2; 600; 324.0202054926805], [2; 600; 329.8330381766365], [2; 620; 347.2289673400248], [2; 620; 354.07206867909406], [2; 640; 373.07015770622166], [2; 640; 381.2263834029525], [2; 640; 390.0429051845283], [2; 660; 412.1050340032231], [2; 660; 422.8822037851148], [2; 660; 434.71507253386346], [2; 660; 447.7943109638625], [2; 660; 462.3633633641971], [2; 680; 493.2462768561071], [2; 680; 512.4138855031225], [2; 680; 534.4706804890072], [2; 680; 560.2539085710274], [2; 700; 608.3742181794723], [2; 700; 647.0673953445973], [2; 700; 696.0204747909888], [2; 700; 761.0023898244607], [2; 700; 853.8105469604079], [2; 700; 1004.1486734904535], [2; 700; 1324.9821182627616]];
Intervals[4.9E-324=7.916878339038352, 7.916878339038352=19.888550072047835, 19.888550072047835=35.982975372270545, 35.982975372270545=52.21350998978566, 52.21350998978566=72.67695971267564, 72.67695971267564=97.44993799990469, 97.44993799990469=122.44660800724392, 122.44660800724392=147.67420271708832, 147.67420271708832=173.14036553174512, 173.14036553174512=211.7095933319548, 211.7095933319548=250.66165867162894, 250.66165867162894=290.0102005706257, 290.0102005706257=334.1874363914044, 334.1874363914044=566.3726886510098, 566.3726886510098=801.1165912726066, 801.1165912726066=1038.520630060038, 1038.520630060038=1278.6933928567394, 1278.6933928567394=1531.0996756605336, 1531.0996756605336=1786.6319413254948, 1786.6319413254948=2045.4300269301298, 2045.4300269301298=2307.6448477317535, 2307.6448477317535=2573.4396830007854, 2573.4396830007854=2852.975068458932, 2852.975068458932=3136.606592437233, 3136.606592437233=3434.8361138007785, 3434.8361138007785=3737.7812381134213, 3737.7812381134213=4045.713699906737, 4045.713699906737=4369.733905399417, 4369.733905399417=4699.566943576054, 4699.566943576054=5046.795910916078, 5046.795910916078=5400.867979595172, 5400.867979595172=5773.938137301394, 5773.938137301394=6155.164520704347, 6155.164520704347=6545.207425888875, 6545.207425888875=6957.312459892099, 6957.312459892099=7380.194663677214, 7380.194663677214=7814.909736211077, 7814.909736211077=8262.704047174939, 8262.704047174939=8725.067410539135, 8725.067410539135=9218.313687395243, 9218.313687395243=9730.727572898366, 9730.727572898366=10265.198253387372, 10265.198253387372=10825.4521619584, 10825.4521619584=11433.82638013787, 11433.82638013787=12080.893775482467, 12080.893775482467=12776.914250273456, 12776.914250273456=13537.916640097916, 13537.916640097916=14391.727187058324, 14391.727187058324=15395.875860548778, 15395.875860548778=16720.85797881154];
