1.074193042905439
7700.0505631656715
8271.340744972671
[1; 10; 0.9895128247791081]
[1; 10; 0.9975415567054883]
[1; 10; 1.00580301730102]
[1; 20; 2.0286180321678793]
[2; 10; 1.0230722298800263]
[1; 20; 2.064212574149953]
[2; 10; 1.041425862138397]
[1; 20; 2.1020935638758207]
[1; 30; 3.1829584368826622]
[1; 30; 3.213787380643282]
[2; 20; 2.163791588587914]
[2; 30; 3.2787238587395775]
[1; 60; 6.625936062560946]
[1; 60; 6.696995233468383]
[2; 40; 4.513863482264769]
[1; 80; 9.130029868781483]
[1; 80; 9.236508819317287]
[1; 80; 9.34746483701535]
[2; 40; 4.731615317759005]
[1; 90; 10.782196962293]
[1; 100; 12.138385532447083]
[1; 110; 13.534521772957213]
[1; 110; 13.725839039680624]
[1; 110; 13.92696898936381]
[1; 110; 14.138807286687484]
[2; 60; 7.834020000643597]
[1; 120; 15.925980456095306]
[1; 120; 16.19942280742512]
[1; 130; 17.864205626476256]
[1; 130; 18.199734960887994]
[2; 80; 11.420560473622402]
[1; 160; 23.314600135532185]
[1; 170; 25.3133339352383]
[1; 170; 25.89874871690213]
[1; 170; 26.534466330698134]
[1; 170; 27.228382747927796]
[1; 170; 27.99027311931983]
[1; 190; 32.22446301907945]
[2; 100; 17.512047665526886]
[2; 100; 18.13227741831466]
[2; 100; 18.836899863006245]
[2; 110; 21.612505184200696]
[2; 120; 24.714662281054025]
[2; 160; 34.76083464059897]
[2; 160; 36.97165668559156]
[2; 160; 39.76870141387773]
[2; 170; 46.19918922190261]
[2; 180; 54.882442654894824]
[2; 180; 64.54608951133517]
[2; 190; 89.9006910374211]


Jobs: [[1; 10; 0.9895128247791081], [1; 10; 1.00580301730102], [2; 10; 1.0230722298800263], [1; 20; 2.064212574149953], [2; 10; 1.041425862138397], [1; 20; 2.1020935638758207], [1; 30; 3.213787380643282], [2; 20; 2.163791588587914], [2; 30; 3.2787238587395775], [1; 60; 6.625936062560946], [2; 40; 4.513863482264769], [1; 80; 9.130029868781483], [1; 80; 9.34746483701535], [2; 40; 4.731615317759005], [1; 90; 10.782196962293], [1; 110; 13.534521772957213], [1; 110; 13.92696898936381], [2; 60; 7.834020000643597], [1; 120; 15.925980456095306], [1; 130; 17.864205626476256], [2; 80; 11.420560473622402], [1; 160; 23.314600135532185], [1; 170; 25.89874871690213], [1; 170; 27.228382747927796], [1; 190; 32.22446301907945], [2; 100; 17.512047665526886], [2; 100; 18.13227741831466], [2; 100; 18.836899863006245], [2; 110; 21.612505184200696], [2; 120; 24.714662281054025], [2; 160; 34.76083464059897], [2; 160; 36.97165668559156], [2; 160; 39.76870141387773], [2; 170; 46.19918922190261], [2; 180; 54.882442654894824], [2; 180; 64.54608951133517], [2; 190; 89.9006910374211]];
Intervals[0.0=0.9895128247791081, 0.9895128247791081=1.995315842080128, 3.0261595888733677=4.049231818753394, 4.049231818753394=6.113444392903347, 6.113444392903347=7.154870255041743, 7.154870255041743=9.256963818917564, 9.256963818917564=12.470751199560846, 12.470751199560846=14.63454278814876, 14.63454278814876=17.91326664688834, 17.91326664688834=24.539202709449285, 24.61026188035672=29.12412536262149, 29.12412536262149=38.254155231402976, 38.254155231402976=47.60162006841833, 47.60162006841833=52.333235386177336, 52.333235386177336=63.115432348470335, 63.115432348470335=76.64995412142756, 76.64995412142756=90.57692311079137, 92.33626724499253=100.17028724563612, 100.17028724563612=116.09626770173142, 116.09626770173142=133.96047332820768, 134.56944501394923=145.99000548757164, 145.99000548757164=169.3046056231038, 169.3046056231038=195.20335434000594, 195.20335434000594=222.43173708793375, 222.43173708793375=254.6562001070132, 254.6562001070132=272.1682477725401, 272.1682477725401=290.3005251908548, 290.3005251908548=309.137425053861, 309.137425053861=330.7499302380617, 330.7499302380617=355.46459251911574, 355.46459251911574=390.22542715971474, 390.22542715971474=427.1970838453063, 427.1970838453063=466.96578525918403, 466.96578525918403=513.1649744810867, 513.1649744810867=568.0474171359815, 568.0474171359815=632.5935066473166, 632.5935066473166=722.4941976847377];

Jobs: [[1; 10; 0.9975415567054883], [1; 20; 2.0286180321678793], [2; 10; 1.0230722298800263], [2; 10; 1.041425862138397], [1; 30; 3.1829584368826622], [2; 20; 2.163791588587914], [2; 30; 3.2787238587395775], [1; 60; 6.696995233468383], [2; 40; 4.513863482264769], [1; 80; 9.236508819317287], [2; 40; 4.731615317759005], [1; 100; 12.138385532447083], [1; 110; 13.725839039680624], [1; 110; 14.138807286687484], [2; 60; 7.834020000643597], [1; 120; 16.19942280742512], [1; 130; 18.199734960887994], [2; 80; 11.420560473622402], [1; 170; 25.3133339352383], [1; 170; 26.534466330698134], [1; 170; 27.99027311931983], [2; 100; 17.512047665526886], [2; 100; 18.13227741831466], [2; 100; 18.836899863006245], [2; 110; 21.612505184200696], [2; 120; 24.714662281054025], [2; 160; 34.76083464059897], [2; 160; 36.97165668559156], [2; 160; 39.76870141387773], [2; 170; 46.19918922190261], [2; 180; 54.882442654894824], [2; 180; 64.54608951133517], [2; 190; 89.9006910374211]];
Intervals[0.0=0.9975415567054883, 0.9975415567054883=3.0261595888733677, 3.0261595888733677=4.049231818753394, 6.113444392903347=7.154870255041743, 7.154870255041743=10.337828691924406, 12.470751199560846=14.63454278814876, 14.63454278814876=17.91326664688834, 17.91326664688834=24.61026188035672, 24.61026188035672=29.12412536262149, 29.12412536262149=38.36063418193878, 47.60162006841833=52.333235386177336, 52.333235386177336=64.47162091862442, 64.47162091862442=78.19745995830505, 78.19745995830505=92.33626724499253, 92.33626724499253=100.17028724563612, 100.17028724563612=116.36971005306124, 116.36971005306124=134.56944501394923, 134.56944501394923=145.99000548757164, 145.99000548757164=171.30333942280993, 171.30333942280993=197.83780575350806, 197.83780575350806=225.8280788728279, 254.6562001070132=272.1682477725401, 272.1682477725401=290.3005251908548, 290.3005251908548=309.137425053861, 309.137425053861=330.7499302380617, 330.7499302380617=355.46459251911574, 355.46459251911574=390.22542715971474, 390.22542715971474=427.1970838453063, 427.1970838453063=466.96578525918403, 466.96578525918403=513.1649744810867, 513.1649744810867=568.0474171359815, 568.0474171359815=632.5935066473166, 632.5935066473166=722.4941976847377];
