1.123354085684345
56380.24826299748
63334.98223813591
[1; 20; 4.388385645022285]
[2; 10; 2.2119961147228047]
[1; 40; 8.92126188223829]
[2; 20; 4.498354154018256]
[2; 30; 6.805827132804492]
[2; 30; 6.865924777702847]
[1; 60; 13.855843570647949]
[2; 30; 6.991923441415982]
[1; 80; 18.821449321099436]
[1; 80; 19.003746832713134]
[2; 40; 9.596188860208951]
[1; 80; 19.38772879660491]
[1; 80; 19.590221217037733]
[1; 80; 19.80031453282471]
[1; 100; 25.023139181625748]
[1; 100; 25.306703341445722]
[1; 100; 25.60184270594352]
[1; 120; 31.091269977172214]
[2; 60; 15.738163431224164]
[1; 120; 31.87860880374278]
[2; 60; 16.1497402025774]
[1; 120; 32.74046465915966]
[1; 140; 38.73714551009853]
[1; 160; 44.919743616066256]
[1; 160; 45.60300226416914]
[2; 80; 23.162038296516464]
[1; 160; 47.08670251076043]
[1; 180; 53.882056446529994]
[1; 180; 54.84868560570515]
[1; 200; 62.08762817850456]
[1; 200; 63.311235571582166]
[1; 1040; 336.0428743057397]
[1; 1040; 343.38959306627396]
[1; 1040; 351.3310734009002]
[1; 1040; 359.9549399079739]
[1; 1080; 383.57477917610265]
[1; 1080; 394.3077681188755]
[1; 1120; 421.2146556979577]
[2; 580; 225.22587714994881]
[1; 1160; 466.40554711432804]
[1; 1160; 484.53012182955194]
[1; 1160; 505.38666351203733]
[1; 1160; 529.766858891548]
[2; 600; 289.0512329511446]
[1; 1240; 635.3660086147427]
[1; 1240; 683.4338341936995]
[1; 1320; 795.4497075413542]
[1; 1360; 919.5031011778694]
[2; 680; 540.7041542208375]
[1; 1400; 1468.895253580922]


Jobs: [[1; 20; 4.388385645022285], [2; 10; 2.2119961147228047], [1; 40; 8.92126188223829], [2; 20; 4.498354154018256], [2; 30; 6.805827132804492], [2; 30; 6.865924777702847], [1; 60; 13.855843570647949], [2; 30; 6.991923441415982], [1; 80; 18.821449321099436], [2; 40; 9.596188860208951], [1; 80; 19.38772879660491], [1; 80; 19.80031453282471], [1; 100; 25.306703341445722], [1; 120; 31.091269977172214], [2; 60; 15.738163431224164], [1; 120; 31.87860880374278], [2; 60; 16.1497402025774], [1; 120; 32.74046465915966], [1; 160; 44.919743616066256], [2; 80; 23.162038296516464], [1; 160; 47.08670251076043], [1; 180; 54.84868560570515], [1; 200; 63.311235571582166], [1; 1040; 343.38959306627396], [1; 1040; 359.9549399079739], [1; 1080; 394.3077681188755], [2; 580; 225.22587714994881], [1; 1160; 466.40554711432804], [1; 1160; 505.38666351203733], [2; 600; 289.0512329511446], [1; 1240; 635.3660086147427], [1; 1320; 795.4497075413542], [2; 680; 540.7041542208375], [1; 1400; 1468.895253580922]];
Intervals[0.0=4.388385645022285, 4.388385645022285=6.60038175974509, 6.60038175974509=15.521643641983381, 15.521643641983381=20.019997796001636, 20.019997796001636=26.825824928806128, 26.825824928806128=33.69174970650897, 33.69174970650897=47.54759327715692, 47.54759327715692=54.539516718572905, 54.539516718572905=73.36096603967235, 73.54326355128603=83.13945241149499, 83.13945241149499=102.5271812080999, 102.5271812080999=122.32749574092462, 122.32749574092462=147.63419908237034, 147.63419908237034=178.72546905954255, 178.72546905954255=194.4636324907667, 194.4636324907667=226.3422412945095, 226.3422412945095=242.4919814970869, 242.4919814970869=275.23244615624657, 275.23244615624657=320.1521897723128, 326.8321292713546=349.99416756787105, 349.99416756787105=397.0808700786315, 397.0808700786315=451.92955568433666, 451.92955568433666=515.2407912559188, 515.2407912559188=858.6303843221928, 858.6303843221928=1218.5853242301666, 1218.5853242301666=1612.893092349042, 1958.1272347736062=2183.353111923555, 2183.353111923555=2649.758659037883, 2649.758659037883=3155.14532254992, 3197.6500926446547=3486.701325595799, 3486.701325595799=4122.067334210542, 4122.067334210542=4917.517041751897, 5089.638260967367=5630.3424151882045, 5630.3424151882045=7099.237668769127];

Jobs: [[2; 10; 2.2119961147228047], [2; 20; 4.498354154018256], [2; 30; 6.805827132804492], [2; 30; 6.865924777702847], [2; 30; 6.991923441415982], [1; 80; 19.003746832713134], [2; 40; 9.596188860208951], [1; 80; 19.590221217037733], [1; 100; 25.023139181625748], [1; 100; 25.60184270594352], [2; 60; 15.738163431224164], [2; 60; 16.1497402025774], [1; 140; 38.73714551009853], [1; 160; 45.60300226416914], [2; 80; 23.162038296516464], [1; 180; 53.882056446529994], [1; 200; 62.08762817850456], [1; 1040; 336.0428743057397], [1; 1040; 351.3310734009002], [1; 1080; 383.57477917610265], [1; 1120; 421.2146556979577], [2; 580; 225.22587714994881], [1; 1160; 484.53012182955194], [1; 1160; 529.766858891548], [2; 600; 289.0512329511446], [1; 1240; 683.4338341936995], [1; 1360; 919.5031011778694], [2; 680; 540.7041542208375]];
Intervals[4.388385645022285=6.60038175974509, 15.521643641983381=20.019997796001636, 20.019997796001636=26.825824928806128, 26.825824928806128=33.69174970650897, 47.54759327715692=54.539516718572905, 54.539516718572905=73.54326355128603, 73.54326355128603=83.13945241149499, 83.13945241149499=102.72967362853272, 102.72967362853272=127.75281281015847, 127.75281281015847=153.35465551610199, 178.72546905954255=194.4636324907667, 226.3422412945095=242.4919814970869, 242.4919814970869=281.2291270071854, 281.2291270071854=326.8321292713546, 326.8321292713546=349.99416756787105, 349.99416756787105=403.87622401440103, 403.87622401440103=465.9638521929056, 465.9638521929056=802.0067264986453, 802.0067264986453=1153.3377998995456, 1153.3377998995456=1536.9125790756484, 1536.9125790756484=1958.1272347736062, 1958.1272347736062=2183.353111923555, 2183.353111923555=2667.8832337531067, 2667.8832337531067=3197.6500926446547, 3197.6500926446547=3486.701325595799, 3486.701325595799=4170.135159789498, 4170.135159789498=5089.638260967367, 5089.638260967367=5630.3424151882045];
