1.1814884792167923
793583.1211205453
937609.3149048287
[1; 20; 9.57809108592146]
[1; 20; 9.616673800706584]
[1; 20; 9.655806021766262]
[2; 10; 4.84775065172627]
[1; 40; 19.471547357366216]
[1; 40; 19.55327536207462]
[1; 40; 19.63621673623501]
[1; 40; 19.7204026925252]
[1; 40; 19.805865593414925]
[1; 40; 19.892639006579277]
[1; 40; 19.980757763625995]
[2; 20; 10.035129011187085]
[2; 20; 10.080588666470868]
[1; 40; 20.253554707921058]
[1; 40; 20.3474306969457]
[1; 40; 20.442847465977994]
[1; 60; 30.8097733225135]
[2; 30; 15.478860450920946]
[1; 80; 41.47758033617247]
[1; 80; 41.68165422810787]
[1; 80; 41.88928613648286]
[1; 80; 42.10058374688245]
[2; 50; 26.447287138161446]
[2; 60; 31.900972847334746]
[2; 60; 32.068214553392856]
[2; 60; 32.238565732205885]
[2; 70; 37.81414796529025]
[1; 140; 76.04100686420834]
[1; 140; 76.4617096158873]
[2; 70; 38.445336601884506]
[2; 70; 38.66408982870294]
[1; 140; 77.77452484391702]
[1; 160; 89.40573641083114]
[1; 160; 89.93713084839112]
[2; 80; 45.23987329389455]
[1; 160; 91.03399606668096]
[2; 90; 51.52517636196183]
[1; 180; 103.70155112767522]
[1; 180; 104.36738365088088]
[2; 90; 52.52421163490633]
[1; 200; 117.49475029973772]
[1; 200; 118.28731071391597]
[1; 200; 119.09890411770898]
[1; 200; 119.9303277448394]
[1; 200; 120.78242697782812]
[2; 520; 316.3058578662522]
[1; 1040; 637.271949103459]
[1; 1040; 642.054595209446]
[1; 1040; 646.9652718022684]
[1; 1040; 652.009968990501]
[1; 1040; 657.195081814789]
[2; 540; 344.00463562644654]
[1; 1080; 693.7072408719117]
[2; 540; 349.7869348350282]
[1; 1120; 731.7518972460389]
[2; 560; 369.10675105278006]
[1; 1120; 744.8793234767302]
[2; 560; 375.8803407593231]
[1; 1120; 758.8698063926232]
[2; 580; 396.7924664564092]
[1; 1160; 801.4620442889177]
[1; 1200; 837.5377103348699]
[1; 1200; 846.2852557512866]
[1; 1200; 855.3611550743525]
[2; 620; 446.80667885583983]
[1; 1240; 903.7398537977298]
[1; 1240; 914.279717584901]
[1; 1240; 925.2627457516871]
[1; 1240; 936.7218720981747]
[2; 640; 489.6483141475803]
[1; 1280; 992.225615966655]
[1; 1280; 1005.7724553452766]
[1; 1280; 1019.9895544293995]
[2; 640; 517.467925018877]
[1; 1280; 1050.6779004780662]
[1; 1280; 1067.2912115392658]
[1; 1280; 1084.8618572929483]
[1; 1320; 1137.9724916283692]
[2; 660; 579.193701368881]
[1; 1320; 1180.144482921361]
[1; 1320; 1203.4024741921933]
[2; 660; 614.1740493538566]
[2; 660; 627.6013955516993]
[1; 1360; 1323.1476413040155]
[2; 680; 677.8129886215523]
[1; 1360; 1391.0776463857283]
[2; 680; 715.0010269243846]
[1; 1360; 1473.0264139397555]
[1; 1360; 1520.9515404684337]
[1; 1360; 1574.8195641264506]
[1; 1360; 1636.017238617251]
[1; 1360; 1706.4394068028826]
[1; 1360; 1788.759201021512]
[1; 1400; 1942.3960525477291]
[1; 1400; 2065.934283360622]
[2; 700; 1111.1149867363247]
[2; 700; 1214.8509862874862]
[1; 1400; 2726.0166300312703]
[2; 700; 1603.0054868165907]
[2; 700; 2115.178420866846]


Jobs: [[1; 20; 9.57809108592146], [1; 20; 9.655806021766262], [2; 10; 4.84775065172627], [1; 40; 19.471547357366216], [1; 40; 19.63621673623501], [1; 40; 19.805865593414925], [1; 40; 19.980757763625995], [2; 20; 10.035129011187085], [2; 20; 10.080588666470868], [1; 40; 20.253554707921058], [1; 40; 20.442847465977994], [2; 30; 15.478860450920946], [1; 80; 41.47758033617247], [1; 80; 41.88928613648286], [2; 50; 26.447287138161446], [2; 60; 31.900972847334746], [2; 60; 32.068214553392856], [2; 60; 32.238565732205885], [2; 70; 37.81414796529025], [1; 140; 76.04100686420834], [2; 70; 38.445336601884506], [2; 70; 38.66408982870294], [1; 140; 77.77452484391702], [1; 160; 89.93713084839112], [2; 80; 45.23987329389455], [1; 160; 91.03399606668096], [2; 90; 51.52517636196183], [1; 180; 103.70155112767522], [2; 90; 52.52421163490633], [1; 200; 117.49475029973772], [1; 200; 119.09890411770898], [1; 200; 120.78242697782812], [2; 520; 316.3058578662522], [1; 1040; 637.271949103459], [1; 1040; 646.9652718022684], [1; 1040; 657.195081814789], [2; 540; 344.00463562644654], [1; 1080; 693.7072408719117], [2; 540; 349.7869348350282], [1; 1120; 731.7518972460389], [2; 560; 369.10675105278006], [1; 1120; 744.8793234767302], [2; 560; 375.8803407593231], [1; 1120; 758.8698063926232], [2; 580; 396.7924664564092], [1; 1160; 801.4620442889177], [1; 1200; 846.2852557512866], [2; 620; 446.80667885583983], [1; 1240; 903.7398537977298], [1; 1240; 925.2627457516871], [2; 640; 489.6483141475803], [1; 1280; 992.225615966655], [1; 1280; 1019.9895544293995], [2; 640; 517.467925018877], [1; 1280; 1050.6779004780662], [1; 1280; 1084.8618572929483], [2; 660; 579.193701368881], [1; 1320; 1180.144482921361], [2; 660; 614.1740493538566], [2; 660; 627.6013955516993], [1; 1360; 1323.1476413040155], [2; 680; 677.8129886215523], [1; 1360; 1391.0776463857283], [2; 680; 715.0010269243846], [1; 1360; 1473.0264139397555], [1; 1360; 1574.8195641264506], [1; 1360; 1706.4394068028826], [1; 1400; 1942.3960525477291], [2; 700; 1111.1149867363247], [2; 700; 1214.8509862874862], [1; 1400; 2726.0166300312703], [2; 700; 1603.0054868165907], [2; 700; 2115.178420866846]];
Intervals[0.0=9.57809108592146, 9.57809108592146=19.233897107687724, 19.233897107687724=24.081647759413993, 24.081647759413993=43.55319511678021, 43.55319511678021=63.189411853015216, 63.189411853015216=82.99527744643014, 82.99527744643014=102.97603521005612, 102.97603521005612=113.0111642212432, 113.0111642212432=123.09175288771408, 123.09175288771408=143.34530759563515, 143.34530759563515=163.78815506161314, 174.2489569071733=189.72781735809423, 189.72781735809423=231.2053976942667, 231.2053976942667=273.09468383074955, 273.51005533308455=299.957342471246, 299.957342471246=331.85831531858076, 331.85831531858076=363.9265298719736, 363.9265298719736=396.1650956041795, 396.1650956041795=433.97924356946976, 433.97924356946976=510.0202504336781, 510.44095318535705=548.8862897872416, 548.8862897872416=587.5503796159445, 587.5503796159445=665.3249044598615, 665.3249044598615=755.2620353082526, 755.2620353082526=800.5019086021472, 800.5019086021472=891.5359046688282, 891.5359046688282=943.06108103079, 943.06108103079=1046.7626321584653, 1047.428464681671=1099.9526763165773, 1099.9526763165773=1217.447426616315, 1217.447426616315=1336.546330734024, 1336.546330734024=1457.3287577118522, 1457.3287577118522=1773.6346155781043, 1773.6346155781043=2410.9065646815634, 2410.9065646815634=3057.871836483832, 3057.871836483832=3715.0669182986207, 3715.0669182986207=4059.0715539250673, 4059.0715539250673=4752.778794796979, 4752.778794796979=5102.565729632008, 5102.565729632008=5834.317626878046, 5834.317626878046=6203.424377930826, 6203.424377930826=6948.303701407556, 6948.303701407556=7324.184042166879, 7324.184042166879=8083.0538485595025, 8083.0538485595025=8479.846315015911, 8479.846315015911=9281.308359304829, 9281.308359304829=10127.593615056116, 10172.745180425132=10619.551859280971, 10619.551859280971=11523.291713078701, 11523.291713078701=12448.554458830387, 12470.553448964047=12960.201763111627, 12960.201763111627=13952.427379078283, 13952.427379078283=14972.416933507682, 14972.416933507682=15489.884858526559, 15489.884858526559=16540.562759004624, 16540.562759004624=17625.424616297572, 17695.148561694194=18274.342263063074, 18274.342263063074=19454.486745984435, 19477.744737255267=20091.918786609123, 20091.918786609123=20719.520182160824, 20719.520182160824=22042.66782346484, 22042.66782346484=22720.480812086393, 22720.480812086393=24111.558458472122, 24111.558458472122=24826.559485396505, 24826.559485396505=26299.58589933626, 26299.58589933626=27874.40546346271, 27874.40546346271=29580.84487026559, 29580.84487026559=31523.240922813322, 31838.221748864325=32949.33673560065, 32949.33673560065=34164.187721888135, 34164.187721888135=36890.204351919405, 36890.204351919405=38493.209838735995, 38493.209838735995=40608.38825960284];

Jobs: [[1; 20; 9.616673800706584], [2; 10; 4.84775065172627], [1; 40; 19.55327536207462], [1; 40; 19.7204026925252], [1; 40; 19.892639006579277], [2; 20; 10.035129011187085], [2; 20; 10.080588666470868], [1; 40; 20.3474306969457], [1; 60; 30.8097733225135], [2; 30; 15.478860450920946], [1; 80; 41.68165422810787], [1; 80; 42.10058374688245], [2; 50; 26.447287138161446], [2; 60; 31.900972847334746], [2; 60; 32.068214553392856], [2; 60; 32.238565732205885], [2; 70; 37.81414796529025], [1; 140; 76.4617096158873], [2; 70; 38.445336601884506], [2; 70; 38.66408982870294], [1; 160; 89.40573641083114], [2; 80; 45.23987329389455], [2; 90; 51.52517636196183], [1; 180; 104.36738365088088], [2; 90; 52.52421163490633], [1; 200; 118.28731071391597], [1; 200; 119.9303277448394], [2; 520; 316.3058578662522], [1; 1040; 642.054595209446], [1; 1040; 652.009968990501], [2; 540; 344.00463562644654], [2; 540; 349.7869348350282], [2; 560; 369.10675105278006], [2; 560; 375.8803407593231], [2; 580; 396.7924664564092], [1; 1200; 837.5377103348699], [1; 1200; 855.3611550743525], [2; 620; 446.80667885583983], [1; 1240; 914.279717584901], [1; 1240; 936.7218720981747], [2; 640; 489.6483141475803], [1; 1280; 1005.7724553452766], [2; 640; 517.467925018877], [1; 1280; 1067.2912115392658], [1; 1320; 1137.9724916283692], [2; 660; 579.193701368881], [1; 1320; 1203.4024741921933], [2; 660; 614.1740493538566], [2; 660; 627.6013955516993], [2; 680; 677.8129886215523], [2; 680; 715.0010269243846], [1; 1360; 1520.9515404684337], [1; 1360; 1636.017238617251], [1; 1360; 1788.759201021512], [1; 1400; 2065.934283360622], [2; 700; 1111.1149867363247], [2; 700; 1214.8509862874862], [2; 700; 1603.0054868165907], [2; 700; 2115.178420866846]];
Intervals[0.0=9.616673800706584, 19.233897107687724=24.081647759413993, 24.081647759413993=43.63492312148861, 43.63492312148861=63.35532581401381, 63.35532581401381=83.24796482059308, 102.97603521005612=113.0111642212432, 113.0111642212432=123.09175288771408, 123.09175288771408=143.4391835846598, 143.4391835846598=174.2489569071733, 174.2489569071733=189.72781735809423, 189.72781735809423=231.4094715862021, 231.4094715862021=273.51005533308455, 273.51005533308455=299.957342471246, 299.957342471246=331.85831531858076, 331.85831531858076=363.9265298719736, 363.9265298719736=396.1650956041795, 396.1650956041795=433.97924356946976, 433.97924356946976=510.44095318535705, 510.44095318535705=548.8862897872416, 548.8862897872416=587.5503796159445, 587.5503796159445=676.9561160267756, 755.2620353082526=800.5019086021472, 891.5359046688282=943.06108103079, 943.06108103079=1047.428464681671, 1047.428464681671=1099.9526763165773, 1099.9526763165773=1218.2399870304932, 1218.2399870304932=1338.1703147753326, 1457.3287577118522=1773.6346155781043, 1773.6346155781043=2415.68921078755, 2415.68921078755=3067.699179778051, 3715.0669182986207=4059.0715539250673, 4752.778794796979=5102.565729632008, 5834.317626878046=6203.424377930826, 6948.303701407556=7324.184042166879, 8083.0538485595025=8479.846315015911, 8479.846315015911=9317.38402535078, 9317.38402535078=10172.745180425132, 10172.745180425132=10619.551859280971, 10619.551859280971=11533.831576865872, 11533.831576865872=12470.553448964047, 12470.553448964047=12960.201763111627, 12960.201763111627=13965.974218456904, 14972.416933507682=15489.884858526559, 15489.884858526559=16557.176070065823, 16557.176070065823=17695.148561694194, 17695.148561694194=18274.342263063074, 18274.342263063074=19477.744737255267, 19477.744737255267=20091.918786609123, 20091.918786609123=20719.520182160824, 22042.66782346484=22720.480812086393, 24111.558458472122=24826.559485396505, 24826.559485396505=26347.51102586494, 26347.51102586494=27983.528264482193, 27983.528264482193=29772.287465503705, 29772.287465503705=31838.221748864325, 31838.221748864325=32949.33673560065, 32949.33673560065=34164.187721888135, 36890.204351919405=38493.209838735995, 38493.209838735995=40608.38825960284];
