1.1873364236870332
7009.053810796521
8322.104885141112
[2; 10; 0.9529887069494762]
[2; 10; 0.9607210886481905]
[1; 40; 3.8747104348750763]
[2; 20; 1.9537392815516297]
[1; 40; 3.9412375749124036]
[1; 40; 3.9760399716843504]
[1; 40; 4.011942284687683]
[2; 20; 2.024502742318707]
[1; 60; 6.1309431653215265]
[2; 30; 3.0951625927369686]
[1; 60; 6.251770254448814]
[2; 30; 3.1577021867120703]
[1; 60; 6.381364730668803]
[1; 80; 8.599734695255446]
[2; 40; 4.347251309522173]
[1; 80; 8.793029399090882]
[1; 80; 8.89557808249082]
[1; 80; 9.002438579077053]
[1; 80; 9.113931321628067]
[1; 80; 9.23041155774046]
[1; 100; 11.690343008543904]
[2; 50; 5.924975530931478]
[1; 120; 14.420947290051336]
[1; 120; 14.632262925798395]
[2; 60; 7.427414602344712]
[1; 120; 15.089713652364786]
[1; 120; 15.338133212315833]
[2; 60; 7.800741237498443]
[1; 120; 15.881368746629033]
[2; 60; 8.089828007140762]
[2; 60; 8.249260307079878]
[1; 120; 16.840522487289252]
[1; 140; 20.076813725613164]
[2; 70; 10.270562444401538]
[2; 70; 10.522666417487956]
[1; 160; 24.680800127075646]
[2; 80; 12.685702686707778]
[2; 80; 13.067376432511942]
[1; 160; 26.985050813518942]
[2; 90; 15.716693771308808]
[1; 180; 32.654892699650205]
[1; 180; 34.060518686649075]
[1; 180; 35.70362120648476]
[1; 180; 37.66249135985371]
[2; 90; 20.02893076183881]
[1; 200; 47.875988047364984]
[1; 200; 52.34578958355057]
[1; 200; 58.72962796570862]
[2; 100; 34.53534172557417]
[1; 200; 91.13931321628067]


Jobs: [[2; 10; 0.9529887069494762], [2; 10; 0.9607210886481905], [1; 40; 3.8747104348750763], [2; 20; 1.9537392815516297], [1; 40; 3.9412375749124036], [1; 40; 4.011942284687683], [2; 20; 2.024502742318707], [1; 60; 6.1309431653215265], [2; 30; 3.0951625927369686], [1; 60; 6.251770254448814], [2; 30; 3.1577021867120703], [1; 60; 6.381364730668803], [2; 40; 4.347251309522173], [1; 80; 8.793029399090882], [1; 80; 9.002438579077053], [1; 80; 9.23041155774046], [2; 50; 5.924975530931478], [1; 120; 14.420947290051336], [2; 60; 7.427414602344712], [1; 120; 15.089713652364786], [2; 60; 7.800741237498443], [1; 120; 15.881368746629033], [2; 60; 8.089828007140762], [2; 60; 8.249260307079878], [1; 120; 16.840522487289252], [2; 70; 10.270562444401538], [2; 70; 10.522666417487956], [1; 160; 24.680800127075646], [2; 80; 12.685702686707778], [2; 80; 13.067376432511942], [1; 160; 26.985050813518942], [2; 90; 15.716693771308808], [1; 180; 32.654892699650205], [1; 180; 35.70362120648476], [2; 90; 20.02893076183881], [1; 200; 47.875988047364984], [1; 200; 58.72962796570862], [2; 100; 34.53534172557417], [1; 200; 91.13931321628067]];
Intervals[4.9E-324=0.9529887069494762, 0.9529887069494762=1.9137097955976667, 1.9137097955976667=5.7884202304727435, 5.7884202304727435=7.742159512024373, 7.742159512024373=11.683397086936777, 11.683397086936777=15.69533937162446, 15.69533937162446=17.719842113943166, 17.719842113943166=23.85078527926469, 23.85078527926469=26.94594787200166, 26.94594787200166=33.197718126450475, 33.197718126450475=36.35542031316255, 36.35542031316255=42.73678504383135, 44.95515500841799=49.30240631794016, 49.30240631794016=58.095435717031044, 58.095435717031044=67.0978742961081, 67.0978742961081=76.32828585384857, 79.00225873060296=84.92723426153444, 84.92723426153444=99.34818155158577, 99.55949718733284=106.98691178967755, 106.98691178967755=122.07662544204234, 122.32504500199339=130.12578623949184, 130.12578623949184=146.00715498612087, 146.00715498612087=154.09698299326163, 154.09698299326163=162.3462433003415, 162.3462433003415=179.18676578763078, 182.42305702595468=192.69361947035623, 192.69361947035623=203.21628588784418, 203.21628588784418=227.89708601491984, 227.89708601491984=240.5827887016276, 240.5827887016276=253.65016513413954, 253.65016513413954=280.6352159476585, 280.6352159476585=296.3519097189673, 296.3519097189673=329.0068024186175, 329.0068024186175=364.71042362510224, 368.0749197654701=388.1038505273089, 388.1038505273089=435.97983857467386, 435.97983857467386=494.7094665403825, 494.7094665403825=529.2448082659566, 529.2448082659566=620.3841214822373];

Jobs: [[2; 10; 0.9529887069494762], [2; 10; 0.9607210886481905], [2; 20; 1.9537392815516297], [1; 40; 3.9760399716843504], [2; 20; 2.024502742318707], [2; 30; 3.0951625927369686], [2; 30; 3.1577021867120703], [1; 80; 8.599734695255446], [2; 40; 4.347251309522173], [1; 80; 8.89557808249082], [1; 80; 9.113931321628067], [1; 100; 11.690343008543904], [2; 50; 5.924975530931478], [1; 120; 14.632262925798395], [2; 60; 7.427414602344712], [1; 120; 15.338133212315833], [2; 60; 7.800741237498443], [2; 60; 8.089828007140762], [2; 60; 8.249260307079878], [1; 140; 20.076813725613164], [2; 70; 10.270562444401538], [2; 70; 10.522666417487956], [2; 80; 12.685702686707778], [2; 80; 13.067376432511942], [2; 90; 15.716693771308808], [1; 180; 34.060518686649075], [1; 180; 37.66249135985371], [2; 90; 20.02893076183881], [1; 200; 52.34578958355057], [2; 100; 34.53534172557417]];
Intervals[4.9E-324=0.9529887069494762, 0.9529887069494762=1.9137097955976667, 5.7884202304727435=7.742159512024373, 7.742159512024373=11.718199483708723, 15.69533937162446=17.719842113943166, 23.85078527926469=26.94594787200166, 33.197718126450475=36.35542031316255, 36.35542031316255=44.95515500841799, 44.95515500841799=49.30240631794016, 49.30240631794016=58.19798440043098, 58.19798440043098=67.31191572205906, 67.31191572205906=79.00225873060296, 79.00225873060296=84.92723426153444, 84.92723426153444=99.55949718733284, 99.55949718733284=106.98691178967755, 106.98691178967755=122.32504500199339, 122.32504500199339=130.12578623949184, 146.00715498612087=154.09698299326163, 154.09698299326163=162.3462433003415, 162.3462433003415=182.42305702595468, 182.42305702595468=192.69361947035623, 192.69361947035623=203.21628588784418, 227.89708601491984=240.5827887016276, 240.5827887016276=253.65016513413954, 280.6352159476585=296.3519097189673, 296.3519097189673=330.41242840561637, 330.41242840561637=368.0749197654701, 368.0749197654701=388.1038505273089, 388.1038505273089=440.4496401108595, 494.7094665403825=529.2448082659566];
