1.1893401236326873
37992.35798962544
45185.835748478436
[1; 20; 2.8400140818928827]
[1; 20; 2.8514543002333057]
[1; 20; 2.8630574534992617]
[1; 20; 2.874827560711903]
[1; 20; 2.886768782792595]
[1; 20; 2.8988854291146393]
[2; 10; 1.4555909822150916]
[1; 20; 2.923663016198066]
[1; 20; 2.936333382340386]
[1; 20; 2.9491980394578614]
[2; 10; 1.4811310757682452]
[1; 20; 2.9755310791807204]
[1; 20; 2.989010389411306]
[1; 20; 3.002705866069238]
[1; 20; 3.0166235208706986]
[1; 40; 6.061539210323794]
[1; 40; 6.090301244853811]
[1; 40; 6.119546683212762]
[1; 40; 6.14928962258039]
[1; 40; 6.179544749705621]
[1; 40; 6.210327373213035]
[1; 40; 6.241653458109388]
[2; 30; 4.705154747002513]
[1; 60; 9.459005066853264]
[2; 30; 4.754297077351097]
[1; 60; 9.559105236958153]
[1; 60; 9.610568096308157]
[1; 60; 9.663013896956132]
[1; 60; 9.716475268702844]
[1; 60; 9.770986397394118]
[2; 30; 4.913291561158585]
[1; 60; 9.883303041186716]
[1; 80; 13.254914164576245]
[1; 80; 13.333696443433885]
[2; 40; 6.707071172384328]
[1; 80; 13.496313014832984]
[1; 80; 13.580272833285827]
[2; 40; 6.833044818981128]
[2; 40; 6.87691748456352]
[1; 80; 13.843584335246607]
[1; 80; 13.935417502563487]
[1; 100; 17.536773513803]
[1; 100; 17.657096899479065]
[1; 100; 17.780360229712976]
[1; 100; 17.906688837321184]
[2; 50; 9.018107880736673]
[1; 100; 18.169082372203167]
[2; 50; 9.152719529098656]
[1; 100; 18.44544598560681]
[2; 50; 9.294636968371268]
[1; 120; 22.484526286584465]
[2; 60; 11.333480876668721]
[2; 60; 11.427342736401203]
[2; 60; 11.523982895295005]
[1; 120; 23.24709075998801]
[1; 120; 23.452370056413205]
[1; 120; 23.66413712526353]
[1; 120; 23.882751597674808]
[1; 120; 24.108602014723832]
[1; 120; 24.34210890788547]
[1; 120; 24.583728292332147]
[2; 70; 14.486474123521054]
[1; 140; 29.275552150736374]
[2; 70; 14.794757401783578]
[2; 70; 14.957793645529682]
[1; 140; 30.25459305345145]
[1; 140; 30.607437169354576]
[1; 140; 30.975117145272822]
[2; 70; 15.679367754728018]
[1; 160; 36.296588090455984]
[1; 160; 36.77578726911115]
[2; 80; 18.638943232116937]
[1; 160; 37.804828122550376]
[1; 160; 38.35879667457027]
[1; 160; 38.9422590331877]
[2; 80; 19.779006870086192]
[1; 160; 40.20925103945216]
[1; 160; 40.89962688034618]
[2; 80; 20.816677425599842]
[2; 90; 23.858618307077574]
[1; 180; 48.657635937035515]
[2; 90; 24.833135992590687]
[1; 180; 50.75209811053272]
[1; 180; 51.925828465861315]
[2; 90; 26.60020687064707]
[2; 90; 27.295842502402454]
[1; 180; 56.11924099475415]
[2; 90; 28.90384810743283]
[1; 180; 59.688477936911646]
[2; 100; 34.33471317385815]
[1; 200; 71.33792837602871]
[2; 100; 37.204330525094434]
[1; 200; 77.99818532003178]
[1; 200; 82.27753604349846]
[1; 200; 87.51046535527587]
[1; 200; 94.13096083032002]
[2; 100; 51.459611277856084]
[1; 200; 115.4707513117038]
[2; 100; 67.90136416642915]
[1; 200; 179.19277433974878]


Jobs: [[1; 20; 2.8400140818928827], [1; 20; 2.8630574534992617], [1; 20; 2.886768782792595], [2; 10; 1.4555909822150916], [1; 20; 2.923663016198066], [1; 20; 2.9491980394578614], [2; 10; 1.4811310757682452], [1; 20; 2.9755310791807204], [1; 20; 3.002705866069238], [1; 40; 6.061539210323794], [1; 40; 6.119546683212762], [1; 40; 6.179544749705621], [1; 40; 6.241653458109388], [2; 30; 4.705154747002513], [1; 60; 9.459005066853264], [2; 30; 4.754297077351097], [1; 60; 9.559105236958153], [1; 60; 9.663013896956132], [1; 60; 9.770986397394118], [2; 30; 4.913291561158585], [1; 60; 9.883303041186716], [1; 80; 13.333696443433885], [2; 40; 6.707071172384328], [1; 80; 13.496313014832984], [2; 40; 6.833044818981128], [2; 40; 6.87691748456352], [1; 80; 13.843584335246607], [1; 100; 17.536773513803], [1; 100; 17.780360229712976], [2; 50; 9.018107880736673], [1; 100; 18.169082372203167], [2; 50; 9.152719529098656], [1; 100; 18.44544598560681], [2; 50; 9.294636968371268], [1; 120; 22.484526286584465], [2; 60; 11.333480876668721], [2; 60; 11.427342736401203], [2; 60; 11.523982895295005], [1; 120; 23.24709075998801], [1; 120; 23.66413712526353], [1; 120; 24.108602014723832], [1; 120; 24.583728292332147], [2; 70; 14.486474123521054], [1; 140; 29.275552150736374], [2; 70; 14.794757401783578], [2; 70; 14.957793645529682], [1; 140; 30.25459305345145], [1; 140; 30.975117145272822], [2; 70; 15.679367754728018], [1; 160; 36.296588090455984], [2; 80; 18.638943232116937], [1; 160; 37.804828122550376], [1; 160; 38.9422590331877], [2; 80; 19.779006870086192], [1; 160; 40.20925103945216], [2; 80; 20.816677425599842], [2; 90; 23.858618307077574], [1; 180; 48.657635937035515], [2; 90; 24.833135992590687], [1; 180; 50.75209811053272], [2; 90; 26.60020687064707], [2; 90; 27.295842502402454], [1; 180; 56.11924099475415], [2; 90; 28.90384810743283], [1; 180; 59.688477936911646], [2; 100; 34.33471317385815], [1; 200; 71.33792837602871], [2; 100; 37.204330525094434], [1; 200; 77.99818532003178], [1; 200; 87.51046535527587], [2; 100; 51.459611277856084], [1; 200; 115.4707513117038], [2; 100; 67.90136416642915], [1; 200; 179.19277433974878]];
Intervals[0.0=2.8400140818928827, 2.8400140818928827=5.703071535392144, 5.703071535392144=8.58984031818474, 8.625167290059848=10.08075827227494, 10.08075827227494=13.004421288473006, 13.004421288473006=15.953619327930868, 15.953619327930868=17.434750403699113, 17.434750403699113=20.41028148287983, 20.41028148287983=23.41298734894907, 23.41298734894907=29.474526559272864, 29.474526559272864=35.59407324248563, 35.59407324248563=41.77361799219125, 41.77361799219125=48.01527145030064, 48.01527145030064=52.72042619730315, 52.72042619730315=62.17943126415641, 62.17943126415641=66.9337283415075, 66.9337283415075=76.49283357846565, 76.49283357846565=86.15584747542178, 86.15584747542178=95.9268338728159, 95.9268338728159=100.84012543397449, 100.84012543397449=110.72342847516121, 110.72342847516121=124.0571249185951, 124.0571249185951=130.76419609097942, 130.76419609097942=144.26050910581242, 144.34446892426524=151.17751374324638, 151.17751374324638=158.05443122780989, 158.05443122780989=171.8980155630565, 171.8980155630565=189.4347890768595, 189.4347890768595=207.21514930657247, 207.55363446717362=216.5717423479103, 216.5717423479103=234.74082472011347, 234.74082472011347=243.8935442492121, 243.8935442492121=262.33899023481894, 262.33899023481894=271.6336272031902, 271.6336272031902=294.11815348977467, 294.11815348977467=305.4516343664434, 305.4516343664434=316.8789771028446, 316.8789771028446=328.4029599981396, 328.4029599981396=351.6500507581276, 351.6500507581276=375.3141878833911, 375.3141878833911=399.42278989811496, 399.42278989811496=424.0065181904471, 424.0065181904471=438.49299231396816, 438.49299231396816=467.7685444647045, 467.7685444647045=482.5633018664881, 482.5633018664881=497.5210955120178, 497.5210955120178=527.7756885654692, 527.7756885654692=558.750805710742, 558.750805710742=574.43017346547, 574.43017346547=610.726761555926, 611.2059607345811=629.8449039666981, 629.8449039666981=667.6497320892485, 667.6497320892485=706.5919911224362, 706.5919911224362=726.3709979925223, 726.3709979925223=766.5802490319745, 767.2706248728686=788.0873022984684, 788.0873022984684=811.945920605546, 811.945920605546=860.6035565425815, 860.6035565425815=885.4366925351721, 885.4366925351721=936.1887906457049, 937.3625210010334=963.9627278716805, 963.9627278716805=991.258570374083, 991.258570374083=1047.3778113688372, 1047.3778113688372=1076.28165947627, 1076.28165947627=1135.9701374131816, 1135.9701374131816=1170.3048505870397, 1170.3048505870397=1241.6427789630684, 1241.6427789630684=1278.847109488163, 1278.847109488163=1356.8452948081947, 1356.8452948081947=1444.3557601634707, 1455.2556063619813=1506.7152176398374, 1506.7152176398374=1622.1859689515413, 1622.1859689515413=1690.0873331179705, 1690.0873331179705=1869.2801074577192];

Jobs: [[1; 20; 2.8514543002333057], [1; 20; 2.874827560711903], [1; 20; 2.8988854291146393], [2; 10; 1.4555909822150916], [1; 20; 2.936333382340386], [2; 10; 1.4811310757682452], [1; 20; 2.989010389411306], [1; 20; 3.0166235208706986], [1; 40; 6.090301244853811], [1; 40; 6.14928962258039], [1; 40; 6.210327373213035], [2; 30; 4.705154747002513], [2; 30; 4.754297077351097], [1; 60; 9.610568096308157], [1; 60; 9.716475268702844], [2; 30; 4.913291561158585], [1; 80; 13.254914164576245], [2; 40; 6.707071172384328], [1; 80; 13.580272833285827], [2; 40; 6.833044818981128], [2; 40; 6.87691748456352], [1; 80; 13.935417502563487], [1; 100; 17.657096899479065], [1; 100; 17.906688837321184], [2; 50; 9.018107880736673], [2; 50; 9.152719529098656], [2; 50; 9.294636968371268], [2; 60; 11.333480876668721], [2; 60; 11.427342736401203], [2; 60; 11.523982895295005], [1; 120; 23.452370056413205], [1; 120; 23.882751597674808], [1; 120; 24.34210890788547], [2; 70; 14.486474123521054], [2; 70; 14.794757401783578], [2; 70; 14.957793645529682], [1; 140; 30.607437169354576], [2; 70; 15.679367754728018], [1; 160; 36.77578726911115], [2; 80; 18.638943232116937], [1; 160; 38.35879667457027], [2; 80; 19.779006870086192], [1; 160; 40.89962688034618], [2; 80; 20.816677425599842], [2; 90; 23.858618307077574], [2; 90; 24.833135992590687], [1; 180; 51.925828465861315], [2; 90; 26.60020687064707], [2; 90; 27.295842502402454], [2; 90; 28.90384810743283], [2; 100; 34.33471317385815], [2; 100; 37.204330525094434], [1; 200; 82.27753604349846], [1; 200; 94.13096083032002], [2; 100; 51.459611277856084], [2; 100; 67.90136416642915]];
Intervals[0.0=2.8514543002333057, 2.8514543002333057=5.726281860945209, 5.726281860945209=8.625167290059848, 8.625167290059848=10.08075827227494, 10.08075827227494=13.017091654615326, 15.953619327930868=17.434750403699113, 17.434750403699113=20.423760793110418, 20.423760793110418=23.440384313981117, 23.440384313981117=29.53068555883493, 29.53068555883493=35.679975181415315, 35.679975181415315=41.89030255462835, 48.01527145030064=52.72042619730315, 62.17943126415641=66.9337283415075, 66.9337283415075=76.54429643781566, 76.54429643781566=86.26077170651851, 95.9268338728159=100.84012543397449, 100.84012543397449=114.09503959855074, 124.0571249185951=130.76419609097942, 130.76419609097942=144.34446892426524, 144.34446892426524=151.17751374324638, 151.17751374324638=158.05443122780989, 158.05443122780989=171.98984873037338, 171.98984873037338=189.64694562985244, 189.64694562985244=207.55363446717362, 207.55363446717362=216.5717423479103, 234.74082472011347=243.8935442492121, 262.33899023481894=271.6336272031902, 294.11815348977467=305.4516343664434, 305.4516343664434=316.8789771028446, 316.8789771028446=328.4029599981396, 328.4029599981396=351.8553300545528, 351.8553300545528=375.7380816522276, 375.7380816522276=400.08019056011307, 424.0065181904471=438.49299231396816, 467.7685444647045=482.5633018664881, 482.5633018664881=497.5210955120178, 497.5210955120178=528.1285326813723, 558.750805710742=574.43017346547, 574.43017346547=611.2059607345811, 611.2059607345811=629.8449039666981, 629.8449039666981=668.2037006412684, 706.5919911224362=726.3709979925223, 726.3709979925223=767.2706248728686, 767.2706248728686=788.0873022984684, 788.0873022984684=811.945920605546, 860.6035565425815=885.4366925351721, 885.4366925351721=937.3625210010334, 937.3625210010334=963.9627278716805, 963.9627278716805=991.258570374083, 1047.3778113688372=1076.28165947627, 1135.9701374131816=1170.3048505870397, 1241.6427789630684=1278.847109488163, 1278.847109488163=1361.1246455316614, 1361.1246455316614=1455.2556063619813, 1455.2556063619813=1506.7152176398374, 1622.1859689515413=1690.0873331179705];
