1.1690573445958377
1494033.5338563013
1746610.8758271832
[2; 10; 6.168167183547353]
[2; 10; 6.193013954480609]
[2; 10; 6.218214600370729]
[2; 20; 12.48755570009139]
[2; 20; 12.539425481047182]
[2; 30; 18.888085893726476]
[2; 30; 18.968205657309603]
[1; 60; 38.099055326326706]
[2; 30; 19.132083172807693]
[2; 40; 25.6212061492902]
[2; 50; 32.16837604550461]
[2; 50; 32.312468577611796]
[1; 100; 64.91769147482802]
[1; 100; 65.21514066785522]
[2; 60; 39.31044918090696]
[2; 60; 39.49479068848674]
[1; 160; 105.81918312570325]
[2; 80; 53.163661786382214]
[2; 80; 53.42205405805343]
[2; 80; 53.68489596923652]
[2; 90; 60.69636057808982]
[2; 100; 67.78058298521718]
[2; 100; 68.12684788903]
[2; 100; 68.47938420958508]
[1; 200; 137.67677843722367]
[1; 200; 138.4081381910669]
[2; 520; 361.7985251659997]
[2; 520; 363.7728947490919]
[2; 520; 365.78549642440197]
[1; 1040; 735.6752342980087]
[2; 520; 369.9306061252696]
[2; 520; 372.0658787531614]
[2; 520; 374.244920895036]
[1; 1080; 781.8977633870655]
[2; 540; 393.3075850956297]
[2; 540; 395.71685935096787]
[2; 540; 398.1785920948159]
[2; 540; 400.6947723574379]
[2; 540; 403.2674977256979]
[2; 560; 420.9322777702429]
[1; 1120; 847.4491705299912]
[2; 560; 426.5828179259307]
[1; 1120; 859.0193795731549]
[1; 1120; 865.0161518661573]
[2; 560; 435.58102509192776]
[2; 580; 454.40076535583444]
[2; 580; 457.74817982482904]
[1; 1160; 922.3670450857325]
[2; 580; 464.71082870350176]
[2; 580; 468.3344009616713]
[2; 580; 472.0588328323087]
[1; 1160; 951.7780693044319]
[1; 1160; 959.6605248897598]
[1; 1160; 967.7763001621713]
[2; 600; 504.89870192169445]
[1; 1200; 1018.7142400502546]
[1; 1200; 1027.912889401796]
[2; 600; 518.7044867024257]
[2; 600; 523.6096846720914]
[2; 600; 528.6811720450404]
[2; 600; 533.9288529194238]
[1; 1200; 1078.726976707161]
[2; 600; 544.9967948329311]
[1; 1200; 1101.6831139903907]
[1; 1200; 1113.8235142568967]
[2; 620; 581.9968152999405]
[2; 620; 588.7843517044175]
[2; 620; 595.857280256321]
[2; 620; 603.2368098983412]
[1; 1240; 1221.8929078226743]
[2; 620; 619.012364629639]
[1; 1240; 1254.927459731216]
[1; 1240; 1272.6664900094518]
[1; 1240; 1291.3153570374768]
[2; 620; 655.4785536406564]
[2; 640; 687.3217812661524]
[2; 640; 698.6370506198655]
[1; 1280; 1421.2647068259016]
[2; 640; 723.3809008805828]
[2; 640; 736.9675958209335]
[2; 640; 751.4915682315485]
[2; 660; 791.040340340717]
[2; 660; 808.3344160467625]
[2; 660; 827.028552381867]
[1; 1320; 1694.6580329095982]
[2; 660; 869.4879514785952]
[1; 1320; 1787.6350175587243]
[2; 660; 920.7097263463578]
[1; 1320; 1901.3302997946582]
[2; 680; 1014.1634975398239]
[2; 680; 1053.5740109831977]
[1; 1360; 2197.8499588973023]
[1; 1400; 2371.6367823262617]
[2; 700; 1250.878017477549]
[2; 700; 1330.4350455302085]
[2; 700; 1431.087455079324]
[1; 1400; 3129.3934957594747]
[1; 1400; 3511.039134693212]
[1; 1400; 4129.2594735758685]
[2; 700; 2724.2952705086377]


Jobs: [[2; 10; 6.168167183547353], [2; 10; 6.193013954480609], [2; 10; 6.218214600370729], [2; 20; 12.48755570009139], [2; 20; 12.539425481047182], [2; 30; 18.888085893726476], [2; 30; 18.968205657309603], [1; 60; 38.099055326326706], [2; 30; 19.132083172807693], [2; 40; 25.6212061492902], [2; 50; 32.16837604550461], [2; 50; 32.312468577611796], [1; 100; 64.91769147482802], [2; 60; 39.31044918090696], [2; 60; 39.49479068848674], [1; 160; 105.81918312570325], [2; 80; 53.163661786382214], [2; 80; 53.42205405805343], [2; 80; 53.68489596923652], [2; 90; 60.69636057808982], [2; 100; 67.78058298521718], [2; 100; 68.12684788903], [2; 100; 68.47938420958508], [1; 200; 137.67677843722367], [2; 520; 361.7985251659997], [2; 520; 363.7728947490919], [2; 520; 365.78549642440197], [1; 1040; 735.6752342980087], [2; 520; 369.9306061252696], [2; 520; 372.0658787531614], [2; 520; 374.244920895036], [1; 1080; 781.8977633870655], [2; 540; 393.3075850956297], [2; 540; 395.71685935096787], [2; 540; 398.1785920948159], [2; 540; 400.6947723574379], [2; 540; 403.2674977256979], [2; 560; 420.9322777702429], [1; 1120; 847.4491705299912], [2; 560; 426.5828179259307], [1; 1120; 859.0193795731549], [2; 560; 435.58102509192776], [2; 580; 454.40076535583444], [2; 580; 457.74817982482904], [1; 1160; 922.3670450857325], [2; 580; 464.71082870350176], [2; 580; 468.3344009616713], [2; 580; 472.0588328323087], [1; 1160; 951.7780693044319], [1; 1160; 967.7763001621713], [2; 600; 504.89870192169445], [1; 1200; 1018.7142400502546], [2; 600; 518.7044867024257], [2; 600; 523.6096846720914], [2; 600; 528.6811720450404], [2; 600; 533.9288529194238], [1; 1200; 1078.726976707161], [2; 600; 544.9967948329311], [1; 1200; 1101.6831139903907], [2; 620; 581.9968152999405], [2; 620; 588.7843517044175], [2; 620; 595.857280256321], [2; 620; 603.2368098983412], [1; 1240; 1221.8929078226743], [2; 620; 619.012364629639], [1; 1240; 1254.927459731216], [1; 1240; 1291.3153570374768], [2; 620; 655.4785536406564], [2; 640; 687.3217812661524], [2; 640; 698.6370506198655], [1; 1280; 1421.2647068259016], [2; 640; 723.3809008805828], [2; 640; 736.9675958209335], [2; 640; 751.4915682315485], [2; 660; 791.040340340717], [2; 660; 808.3344160467625], [2; 660; 827.028552381867], [1; 1320; 1694.6580329095982], [2; 660; 869.4879514785952], [1; 1320; 1787.6350175587243], [2; 660; 920.7097263463578], [1; 1320; 1901.3302997946582], [2; 680; 1014.1634975398239], [2; 680; 1053.5740109831977], [1; 1360; 2197.8499588973023], [2; 700; 1250.878017477549], [2; 700; 1330.4350455302085], [2; 700; 1431.087455079324], [1; 1400; 3129.3934957594747], [1; 1400; 4129.2594735758685], [2; 700; 2724.2952705086377]];
Intervals[4.9E-324=6.168167183547353, 6.168167183547353=12.361181138027963, 12.361181138027963=18.57939573839869, 18.57939573839869=31.06695143849008, 31.06695143849008=43.60637691953726, 43.60637691953726=62.49446281326374, 62.49446281326374=81.46266847057333, 81.46266847057333=119.56172379690004, 119.56172379690004=138.69380696970774, 138.69380696970774=164.31501311899794, 164.31501311899794=196.48338916450254, 196.48338916450254=228.79585774211432, 228.79585774211432=293.71354921694234, 294.01099840996955=333.3214475908765, 333.3214475908765=372.81623827936323, 372.81623827936323=478.6354214050665, 478.6354214050665=531.7990831914487, 531.7990831914487=585.2211372495021, 585.2211372495021=638.9060332187387, 638.9060332187387=699.6023937968286, 699.6023937968286=767.3829767820457, 767.3829767820457=835.5098246710758, 835.5098246710758=903.9892088806608, 903.9892088806608=1041.6659873178846, 1042.3973470717278=1404.1958722377276, 1404.1958722377276=1767.9687669868194, 1767.9687669868194=2133.7542634112215, 2133.7542634112215=2869.4294977092304, 2869.4294977092304=3239.3601038345, 3239.3601038345=3611.4259825876616, 3611.4259825876616=3985.6709034826977, 3985.6709034826977=4767.568666869764, 4767.568666869764=5160.876251965393, 5160.876251965393=5556.593111316361, 5556.593111316361=5954.7717034111765, 5954.7717034111765=6355.466475768614, 6355.466475768614=6758.7339734943125, 6758.7339734943125=7179.666251264555, 7179.666251264555=8027.115421794547, 8027.115421794547=8453.698239720477, 8453.698239720477=9312.717619293633, 9318.714391586635=9754.295416678562, 9754.295416678562=10208.696182034397, 10208.696182034397=10666.444361859225, 10666.444361859225=11588.811406944957, 11588.811406944957=12053.52223564846, 12053.52223564846=12521.856636610131, 12521.856636610131=12993.91546944244, 12993.91546944244=13945.693538746871, 13945.693538746871=14913.469838909043, 14913.469838909043=15418.368540830737, 15418.368540830737=16437.08278088099, 16446.281430232535=16964.985916934962, 16964.985916934962=17488.595601607052, 17488.595601607052=18017.27677365209, 18017.27677365209=18551.205626571515, 18551.205626571515=19629.932603278674, 19629.932603278674=20174.929398111606, 20174.929398111606=21276.612512101998, 21288.7529123685=21870.74972766844, 21870.74972766844=22459.534079372857, 22459.534079372857=23055.39135962918, 23055.39135962918=23658.62816952752, 23658.62816952752=24880.521077350197, 24880.521077350197=25499.533441979835, 25499.533441979835=26754.46090171105, 26754.46090171105=28045.776258748527, 28045.776258748527=28701.254812389183, 28701.254812389183=29388.576593655336, 29388.576593655336=30087.2136442752, 30087.2136442752=31508.478351101105, 31508.478351101105=32231.85925198169, 32231.85925198169=32968.82684780262, 32968.82684780262=33720.31841603417, 33720.31841603417=34511.35875637489, 34511.35875637489=35319.69317242165, 35319.69317242165=36146.721724803516, 36146.721724803516=37841.37975771311, 37841.37975771311=38710.867709191705, 38710.867709191705=40498.50272675043, 40498.50272675043=41419.212453096785, 41419.212453096785=43320.542752891444, 43320.542752891444=44334.70625043127, 44334.70625043127=45388.28026141447, 45388.28026141447=47586.13022031177, 47759.91704374073=49010.795061218276, 49010.795061218276=50341.23010674849, 50341.23010674849=51772.31756182781, 51772.31756182781=54901.71105758729, 54901.71105758729=59030.970531163155, 59030.970531163155=61755.26580167179];

Jobs: [[2; 10; 6.168167183547353], [2; 10; 6.193013954480609], [2; 10; 6.218214600370729], [2; 20; 12.48755570009139], [2; 20; 12.539425481047182], [2; 30; 18.888085893726476], [2; 30; 18.968205657309603], [2; 30; 19.132083172807693], [2; 40; 25.6212061492902], [2; 50; 32.16837604550461], [2; 50; 32.312468577611796], [1; 100; 65.21514066785522], [2; 60; 39.31044918090696], [2; 60; 39.49479068848674], [2; 80; 53.163661786382214], [2; 80; 53.42205405805343], [2; 80; 53.68489596923652], [2; 90; 60.69636057808982], [2; 100; 67.78058298521718], [2; 100; 68.12684788903], [2; 100; 68.47938420958508], [1; 200; 138.4081381910669], [2; 520; 361.7985251659997], [2; 520; 363.7728947490919], [2; 520; 365.78549642440197], [2; 520; 369.9306061252696], [2; 520; 372.0658787531614], [2; 520; 374.244920895036], [2; 540; 393.3075850956297], [2; 540; 395.71685935096787], [2; 540; 398.1785920948159], [2; 540; 400.6947723574379], [2; 540; 403.2674977256979], [2; 560; 420.9322777702429], [2; 560; 426.5828179259307], [1; 1120; 865.0161518661573], [2; 560; 435.58102509192776], [2; 580; 454.40076535583444], [2; 580; 457.74817982482904], [2; 580; 464.71082870350176], [2; 580; 468.3344009616713], [2; 580; 472.0588328323087], [1; 1160; 959.6605248897598], [2; 600; 504.89870192169445], [1; 1200; 1027.912889401796], [2; 600; 518.7044867024257], [2; 600; 523.6096846720914], [2; 600; 528.6811720450404], [2; 600; 533.9288529194238], [2; 600; 544.9967948329311], [1; 1200; 1113.8235142568967], [2; 620; 581.9968152999405], [2; 620; 588.7843517044175], [2; 620; 595.857280256321], [2; 620; 603.2368098983412], [2; 620; 619.012364629639], [1; 1240; 1272.6664900094518], [2; 620; 655.4785536406564], [2; 640; 687.3217812661524], [2; 640; 698.6370506198655], [2; 640; 723.3809008805828], [2; 640; 736.9675958209335], [2; 640; 751.4915682315485], [2; 660; 791.040340340717], [2; 660; 808.3344160467625], [2; 660; 827.028552381867], [2; 660; 869.4879514785952], [2; 660; 920.7097263463578], [2; 680; 1014.1634975398239], [2; 680; 1053.5740109831977], [1; 1400; 2371.6367823262617], [2; 700; 1250.878017477549], [2; 700; 1330.4350455302085], [2; 700; 1431.087455079324], [1; 1400; 3511.039134693212], [2; 700; 2724.2952705086377]];
Intervals[4.9E-324=6.168167183547353, 6.168167183547353=12.361181138027963, 12.361181138027963=18.57939573839869, 18.57939573839869=31.06695143849008, 31.06695143849008=43.60637691953726, 43.60637691953726=62.49446281326374, 62.49446281326374=81.46266847057333, 119.56172379690004=138.69380696970774, 138.69380696970774=164.31501311899794, 164.31501311899794=196.48338916450254, 196.48338916450254=228.79585774211432, 228.79585774211432=294.01099840996955, 294.01099840996955=333.3214475908765, 333.3214475908765=372.81623827936323, 478.6354214050665=531.7990831914487, 531.7990831914487=585.2211372495021, 585.2211372495021=638.9060332187387, 638.9060332187387=699.6023937968286, 699.6023937968286=767.3829767820457, 767.3829767820457=835.5098246710758, 835.5098246710758=903.9892088806608, 903.9892088806608=1042.3973470717278, 1042.3973470717278=1404.1958722377276, 1404.1958722377276=1767.9687669868194, 1767.9687669868194=2133.7542634112215, 2869.4294977092304=3239.3601038345, 3239.3601038345=3611.4259825876616, 3611.4259825876616=3985.6709034826977, 4767.568666869764=5160.876251965393, 5160.876251965393=5556.593111316361, 5556.593111316361=5954.7717034111765, 5954.7717034111765=6355.466475768614, 6355.466475768614=6758.7339734943125, 6758.7339734943125=7179.666251264555, 8027.115421794547=8453.698239720477, 8453.698239720477=9318.714391586635, 9318.714391586635=9754.295416678562, 9754.295416678562=10208.696182034397, 10208.696182034397=10666.444361859225, 11588.811406944957=12053.52223564846, 12053.52223564846=12521.856636610131, 12521.856636610131=12993.91546944244, 12993.91546944244=13953.5759943322, 14913.469838909043=15418.368540830737, 15418.368540830737=16446.281430232535, 16446.281430232535=16964.985916934962, 16964.985916934962=17488.595601607052, 17488.595601607052=18017.27677365209, 18017.27677365209=18551.205626571515, 19629.932603278674=20174.929398111606, 20174.929398111606=21288.7529123685, 21288.7529123685=21870.74972766844, 21870.74972766844=22459.534079372857, 22459.534079372857=23055.39135962918, 23055.39135962918=23658.62816952752, 24880.521077350197=25499.533441979835, 25499.533441979835=26772.199931989286, 28045.776258748527=28701.254812389183, 28701.254812389183=29388.576593655336, 29388.576593655336=30087.2136442752, 31508.478351101105=32231.85925198169, 32231.85925198169=32968.82684780262, 32968.82684780262=33720.31841603417, 33720.31841603417=34511.35875637489, 34511.35875637489=35319.69317242165, 35319.69317242165=36146.721724803516, 37841.37975771311=38710.867709191705, 40498.50272675043=41419.212453096785, 43320.542752891444=44334.70625043127, 44334.70625043127=45388.28026141447, 45388.28026141447=47759.91704374073, 47759.91704374073=49010.795061218276, 49010.795061218276=50341.23010674849, 50341.23010674849=51772.31756182781, 51772.31756182781=55283.35669652102, 59030.970531163155=61755.26580167179];
