1.0857939562358463
630527.2832339726
684622.7133772551
[2; 10; 4.368109851005202]
[2; 10; 4.385705584332393]
[2; 20; 8.807103842448969]
[2; 20; 8.843310086348053]
[2; 20; 8.880042699849001]
[2; 20; 8.917314939094515]
[1; 40; 17.91028107638205]
[2; 20; 8.99353373175002]
[2; 30; 13.548763918122255]
[2; 30; 13.608123731698104]
[2; 30; 13.668403865901446]
[2; 40; 18.306172074018146]
[1; 80; 36.778199967353174]
[2; 40; 18.47335780040382]
[2; 40; 18.558982509701927]
[2; 50; 23.30751571416707]
[1; 100; 46.83621999068414]
[1; 100; 47.061126071620805]
[2; 50; 23.64492904131538]
[1; 120; 57.027034762994596]
[2; 60; 28.655553875442674]
[2; 60; 28.80009799679222]
[2; 60; 28.94722660978799]
[2; 60; 29.097019959627268]
[2; 60; 29.249561867441262]
[2; 60; 29.404939939257115]
[2; 60; 29.563245790147704]
[2; 60; 29.724575284895543]
[2; 70; 34.870533596071425]
[2; 70; 35.06616339924826]
[2; 70; 35.265689195449816]
[2; 70; 35.469245915537165]
[2; 80; 40.773685951531604]
[1; 160; 82.03205914536497]
[2; 80; 41.263490693621144]
[2; 80; 41.516257407462554]
[1; 160; 83.54905550732623]
[1; 160; 84.07702081887716]
[2; 80; 42.30842544111697]
[2; 80; 42.58450512168466]
[2; 90; 48.22536917424553]
[2; 90; 48.55067322799373]
[2; 90; 48.88378931545683]
[2; 90; 49.225044658834015]
[2; 90; 49.57478624285494]
[2; 100; 55.48153598593216]
[2; 100; 55.890249417952724]
[1; 200; 112.61939746973822]
[2; 100; 56.7403766267328]
[1; 200; 114.36561688032074]
[2; 520; 299.7152861833714]
[2; 520; 302.147122968854]
[2; 520; 304.64945135174804]
[1; 1040; 614.4516966757568]
[1; 1040; 619.7603072667645]
[2; 520; 312.61649516406004]
[1; 1040; 630.878635411829]
[2; 540; 330.5977772055409]
[2; 540; 333.72411905739943]
[2; 540; 336.9564459325374]
[2; 540; 340.30107023602926]
[2; 540; 343.76485055895796]
[2; 540; 347.35525443656945]
[2; 540; 351.0804301940102]
[2; 540; 354.9492894822806]
[2; 560; 372.2668469780337]
[2; 560; 376.60840815090904]
[2; 560; 381.13251677435755]
[1; 1120; 771.7054777566443]
[1; 1120; 781.5682288665863]
[1; 1120; 791.8867428933719]
[1; 1120; 802.6983590615208]
[2; 580; 421.5589680105218]
[2; 580; 427.7362322039408]
[2; 580; 434.2423797514027]
[2; 600; 456.31925895983136]
[1; 1200; 927.6631409336621]
[2; 620; 487.5218745166845]
[2; 620; 496.26788182825044]
[2; 620; 505.5888914248357]
[2; 620; 515.5529104018003]
[2; 620; 526.2399329038938]
[2; 640; 555.0914315793627]
[2; 640; 567.9288843642416]
[1; 1280; 1163.7388373561919]
[1; 1280; 1194.1723676388406]
[2; 640; 613.7935372658106]
[2; 640; 632.2606954756668]
[2; 660; 673.2323691469187]
[2; 660; 697.0764537371349]
[2; 660; 724.164927161498]
[2; 660; 755.3365206453205]
[2; 660; 791.7744666382782]
[1; 1360; 1721.0490345074681]
[2; 680; 915.2546925406983]
[2; 680; 984.4971485815665]
[1; 1360; 2152.8236883287705]
[2; 700; 1243.2059779788603]
[1; 1400; 2924.216942756418]
[2; 700; 1929.263694391611]


Jobs: [[2; 10; 4.368109851005202], [2; 10; 4.385705584332393], [2; 20; 8.807103842448969], [2; 20; 8.843310086348053], [2; 20; 8.880042699849001], [2; 20; 8.917314939094515], [1; 40; 17.91028107638205], [2; 20; 8.99353373175002], [2; 30; 13.548763918122255], [2; 30; 13.608123731698104], [2; 30; 13.668403865901446], [2; 40; 18.306172074018146], [1; 80; 36.778199967353174], [2; 40; 18.47335780040382], [2; 40; 18.558982509701927], [2; 50; 23.30751571416707], [1; 100; 46.83621999068414], [2; 50; 23.64492904131538], [1; 120; 57.027034762994596], [2; 60; 28.655553875442674], [2; 60; 28.80009799679222], [2; 60; 28.94722660978799], [2; 60; 29.097019959627268], [2; 60; 29.249561867441262], [2; 60; 29.404939939257115], [2; 60; 29.563245790147704], [2; 60; 29.724575284895543], [2; 70; 34.870533596071425], [2; 70; 35.06616339924826], [2; 70; 35.265689195449816], [2; 70; 35.469245915537165], [2; 80; 40.773685951531604], [1; 160; 82.03205914536497], [2; 80; 41.263490693621144], [2; 80; 41.516257407462554], [1; 160; 83.54905550732623], [2; 80; 42.30842544111697], [2; 80; 42.58450512168466], [2; 90; 48.22536917424553], [2; 90; 48.55067322799373], [2; 90; 48.88378931545683], [2; 90; 49.225044658834015], [2; 90; 49.57478624285494], [2; 100; 55.48153598593216], [2; 100; 55.890249417952724], [1; 200; 112.61939746973822], [2; 100; 56.7403766267328], [1; 200; 114.36561688032074], [2; 520; 299.7152861833714], [2; 520; 302.147122968854], [2; 520; 304.64945135174804], [1; 1040; 614.4516966757568], [2; 520; 312.61649516406004], [1; 1040; 630.878635411829], [2; 540; 330.5977772055409], [2; 540; 333.72411905739943], [2; 540; 336.9564459325374], [2; 540; 340.30107023602926], [2; 540; 343.76485055895796], [2; 540; 347.35525443656945], [2; 540; 351.0804301940102], [2; 540; 354.9492894822806], [2; 560; 372.2668469780337], [2; 560; 376.60840815090904], [2; 560; 381.13251677435755], [1; 1120; 771.7054777566443], [1; 1120; 791.8867428933719], [2; 580; 421.5589680105218], [2; 580; 427.7362322039408], [2; 580; 434.2423797514027], [2; 600; 456.31925895983136], [1; 1200; 927.6631409336621], [2; 620; 487.5218745166845], [2; 620; 496.26788182825044], [2; 620; 505.5888914248357], [2; 620; 515.5529104018003], [2; 620; 526.2399329038938], [2; 640; 555.0914315793627], [2; 640; 567.9288843642416], [1; 1280; 1163.7388373561919], [2; 640; 613.7935372658106], [2; 640; 632.2606954756668], [2; 660; 673.2323691469187], [2; 660; 697.0764537371349], [2; 660; 724.164927161498], [2; 660; 755.3365206453205], [2; 660; 791.7744666382782], [1; 1360; 1721.0490345074681], [2; 680; 915.2546925406983], [2; 680; 984.4971485815665], [1; 1360; 2152.8236883287705], [2; 700; 1243.2059779788603], [1; 1400; 2924.216942756418], [2; 700; 1929.263694391611]];
Intervals[4.9E-324=4.368109851005202, 4.368109851005202=8.753815435337595, 8.753815435337595=17.560919277786564, 17.560919277786564=26.404229364134615, 26.404229364134615=35.284272063983614, 35.284272063983614=44.20158700307813, 44.20158700307813=62.11186807946018, 62.11186807946018=71.1054018112102, 71.1054018112102=84.65416572933245, 84.65416572933245=98.26228946103055, 98.26228946103055=111.93069332693199, 111.93069332693199=130.23686540095014, 130.23686540095014=167.0150653683033, 167.0150653683033=185.48842316870713, 185.48842316870713=204.04740567840906, 204.04740567840906=227.35492139257613, 227.35492139257613=274.1911413832603, 274.41604746419694=298.0609765055123, 298.0609765055123=355.08801126850693, 355.08801126850693=383.7435651439496, 383.7435651439496=412.5436631407418, 412.5436631407418=441.4908897505298, 441.4908897505298=470.5879097101571, 470.5879097101571=499.83747157759836, 499.83747157759836=529.2424115168554, 529.2424115168554=558.8056573070031, 558.8056573070031=588.5302325918987, 588.5302325918987=623.40076618797, 623.40076618797=658.4669295872183, 658.4669295872183=693.732618782668, 693.732618782668=729.2018646982052, 729.2018646982052=769.9755506497368, 769.9755506497368=852.0076097951018, 852.0076097951018=893.2711004887229, 893.2711004887229=934.7873578961855, 934.7873578961855=1018.3364134035118, 1018.8643787150627=1061.1728041561796, 1061.1728041561796=1103.7573092778644, 1103.7573092778644=1151.98267845211, 1151.98267845211=1200.5333516801036, 1200.5333516801036=1249.4171409955604, 1249.4171409955604=1298.6421856543946, 1298.6421856543946=1348.2169718972496, 1348.2169718972496=1403.6985078831817, 1403.6985078831817=1459.5887573011344, 1459.5887573011344=1572.2081547708726, 1572.2081547708726=1628.9485313976054, 1628.9485313976054=1743.314148277926, 1743.314148277926=2043.0294344612976, 2043.0294344612976=2345.1765574301517, 2345.1765574301517=2649.8260087819, 2649.8260087819=3264.277705457657, 3269.5863160486642=3582.202811212724, 3582.202811212724=4213.081446624553, 4213.081446624553=4543.679223830094, 4543.679223830094=4877.403342887494, 4877.403342887494=5214.359788820031, 5214.359788820031=5554.66085905606, 5554.66085905606=5898.425709615018, 5898.425709615018=6245.780964051587, 6245.780964051587=6596.861394245598, 6596.861394245598=6951.810683727878, 6951.810683727878=7324.077530705912, 7324.077530705912=7700.685938856821, 7700.685938856821=8081.818455631179, 8081.818455631179=8853.523933387823, 8853.523933387823=9645.410676281195, 9666.085043559286=10087.644011569808, 10087.644011569808=10515.380243773749, 10515.380243773749=10949.62262352515, 10949.62262352515=11405.941882484982, 11405.941882484982=12333.605023418644, 12333.605023418644=12821.126897935328, 12821.126897935328=13317.39477976358, 13317.39477976358=13822.983671188415, 13822.983671188415=14338.536581590215, 14338.536581590215=14864.77651449411, 14864.77651449411=15419.867946073473, 15419.867946073473=15987.796830437714, 15987.796830437714=17151.535667793905, 17181.969198076553=17795.762735342363, 17795.762735342363=18428.02343081803, 18428.02343081803=19101.255799964947, 19101.255799964947=19798.332253702083, 19798.332253702083=20522.497180863582, 20522.497180863582=21277.833701508902, 21277.833701508902=22069.60816814718, 22069.60816814718=23790.65720265465, 23790.65720265465=24705.911895195346, 24705.911895195346=25690.409043776912, 25690.409043776912=27843.232732105684, 27843.232732105684=29086.438710084545, 29086.438710084545=32010.655652840964, 32010.655652840964=33939.91934723257];

Jobs: [[2; 10; 4.368109851005202], [2; 10; 4.385705584332393], [2; 20; 8.807103842448969], [2; 20; 8.843310086348053], [2; 20; 8.880042699849001], [2; 20; 8.917314939094515], [2; 20; 8.99353373175002], [2; 30; 13.548763918122255], [2; 30; 13.608123731698104], [2; 30; 13.668403865901446], [2; 40; 18.306172074018146], [2; 40; 18.47335780040382], [2; 40; 18.558982509701927], [2; 50; 23.30751571416707], [1; 100; 47.061126071620805], [2; 50; 23.64492904131538], [2; 60; 28.655553875442674], [2; 60; 28.80009799679222], [2; 60; 28.94722660978799], [2; 60; 29.097019959627268], [2; 60; 29.249561867441262], [2; 60; 29.404939939257115], [2; 60; 29.563245790147704], [2; 60; 29.724575284895543], [2; 70; 34.870533596071425], [2; 70; 35.06616339924826], [2; 70; 35.265689195449816], [2; 70; 35.469245915537165], [2; 80; 40.773685951531604], [2; 80; 41.263490693621144], [2; 80; 41.516257407462554], [1; 160; 84.07702081887716], [2; 80; 42.30842544111697], [2; 80; 42.58450512168466], [2; 90; 48.22536917424553], [2; 90; 48.55067322799373], [2; 90; 48.88378931545683], [2; 90; 49.225044658834015], [2; 90; 49.57478624285494], [2; 100; 55.48153598593216], [2; 100; 55.890249417952724], [2; 100; 56.7403766267328], [2; 520; 299.7152861833714], [2; 520; 302.147122968854], [2; 520; 304.64945135174804], [1; 1040; 619.7603072667645], [2; 520; 312.61649516406004], [2; 540; 330.5977772055409], [2; 540; 333.72411905739943], [2; 540; 336.9564459325374], [2; 540; 340.30107023602926], [2; 540; 343.76485055895796], [2; 540; 347.35525443656945], [2; 540; 351.0804301940102], [2; 540; 354.9492894822806], [2; 560; 372.2668469780337], [2; 560; 376.60840815090904], [2; 560; 381.13251677435755], [1; 1120; 781.5682288665863], [1; 1120; 802.6983590615208], [2; 580; 421.5589680105218], [2; 580; 427.7362322039408], [2; 580; 434.2423797514027], [2; 600; 456.31925895983136], [2; 620; 487.5218745166845], [2; 620; 496.26788182825044], [2; 620; 505.5888914248357], [2; 620; 515.5529104018003], [2; 620; 526.2399329038938], [2; 640; 555.0914315793627], [2; 640; 567.9288843642416], [1; 1280; 1194.1723676388406], [2; 640; 613.7935372658106], [2; 640; 632.2606954756668], [2; 660; 673.2323691469187], [2; 660; 697.0764537371349], [2; 660; 724.164927161498], [2; 660; 755.3365206453205], [2; 660; 791.7744666382782], [2; 680; 915.2546925406983], [2; 680; 984.4971485815665], [2; 700; 1243.2059779788603], [2; 700; 1929.263694391611]];
Intervals[4.9E-324=4.368109851005202, 4.368109851005202=8.753815435337595, 8.753815435337595=17.560919277786564, 17.560919277786564=26.404229364134615, 26.404229364134615=35.284272063983614, 35.284272063983614=44.20158700307813, 62.11186807946018=71.1054018112102, 71.1054018112102=84.65416572933245, 84.65416572933245=98.26228946103055, 98.26228946103055=111.93069332693199, 111.93069332693199=130.23686540095014, 167.0150653683033=185.48842316870713, 185.48842316870713=204.04740567840906, 204.04740567840906=227.35492139257613, 227.35492139257613=274.41604746419694, 274.41604746419694=298.0609765055123, 355.08801126850693=383.7435651439496, 383.7435651439496=412.5436631407418, 412.5436631407418=441.4908897505298, 441.4908897505298=470.5879097101571, 470.5879097101571=499.83747157759836, 499.83747157759836=529.2424115168554, 529.2424115168554=558.8056573070031, 558.8056573070031=588.5302325918987, 588.5302325918987=623.40076618797, 623.40076618797=658.4669295872183, 658.4669295872183=693.732618782668, 693.732618782668=729.2018646982052, 729.2018646982052=769.9755506497368, 852.0076097951018=893.2711004887229, 893.2711004887229=934.7873578961855, 934.7873578961855=1018.8643787150627, 1018.8643787150627=1061.1728041561796, 1061.1728041561796=1103.7573092778644, 1103.7573092778644=1151.98267845211, 1151.98267845211=1200.5333516801036, 1200.5333516801036=1249.4171409955604, 1249.4171409955604=1298.6421856543946, 1298.6421856543946=1348.2169718972496, 1348.2169718972496=1403.6985078831817, 1403.6985078831817=1459.5887573011344, 1572.2081547708726=1628.9485313976054, 1743.314148277926=2043.0294344612976, 2043.0294344612976=2345.1765574301517, 2345.1765574301517=2649.8260087819, 2649.8260087819=3269.5863160486642, 3269.5863160486642=3582.202811212724, 4213.081446624553=4543.679223830094, 4543.679223830094=4877.403342887494, 4877.403342887494=5214.359788820031, 5214.359788820031=5554.66085905606, 5554.66085905606=5898.425709615018, 5898.425709615018=6245.780964051587, 6245.780964051587=6596.861394245598, 6596.861394245598=6951.810683727878, 6951.810683727878=7324.077530705912, 7324.077530705912=7700.685938856821, 7700.685938856821=8081.818455631179, 8081.818455631179=8863.386684497766, 8863.386684497766=9666.085043559286, 9666.085043559286=10087.644011569808, 10087.644011569808=10515.380243773749, 10515.380243773749=10949.62262352515, 10949.62262352515=11405.941882484982, 12333.605023418644=12821.126897935328, 12821.126897935328=13317.39477976358, 13317.39477976358=13822.983671188415, 13822.983671188415=14338.536581590215, 14338.536581590215=14864.77651449411, 14864.77651449411=15419.867946073473, 15419.867946073473=15987.796830437714, 15987.796830437714=17181.969198076553, 17181.969198076553=17795.762735342363, 17795.762735342363=18428.02343081803, 18428.02343081803=19101.255799964947, 19101.255799964947=19798.332253702083, 19798.332253702083=20522.497180863582, 20522.497180863582=21277.833701508902, 21277.833701508902=22069.60816814718, 23790.65720265465=24705.911895195346, 24705.911895195346=25690.409043776912, 27843.232732105684=29086.438710084545, 32010.655652840964=33939.91934723257];
