0.999999999999999
6724.845255902442
6724.845255902435
[2; 10; 0.9373394910248483]
[2; 10; 0.9449448977553047]
[2; 10; 0.952770762237118]
[2; 10; 0.9608282713165175]
[2; 10; 0.969129433417372]
[2; 10; 0.9776871583512495]
[2; 10; 0.9865153468575124]
[2; 20; 1.9912579826237455]
[2; 20; 2.01008857858705]
[2; 20; 2.0295575440077283]
[2; 20; 2.049702899791729]
[2; 30; 3.1058489349524487]
[2; 30; 3.138287539542758]
[2; 30; 3.171943782000198]
[2; 30; 3.2068981773678966]
[2; 40; 4.324318662648819]
[2; 40; 4.374751018248844]
[2; 40; 4.427303877873713]
[2; 40; 4.482134826967672]
[2; 40; 4.539418572533523]
[2; 40; 4.599349430114653]
[2; 50; 5.827680336606997]
[2; 50; 5.910057526731671]
[2; 50; 5.996659851699918]
[2; 60; 7.305447559056349]
[2; 60; 7.420961240922754]
[2; 60; 7.543131347549985]
[2; 60; 7.672643723742452]
[2; 80; 10.413718434218826]
[2; 80; 10.609311123199419]
[2; 80; 10.81839676403731]
[2; 80; 11.042653959217791]
[2; 80; 11.284073370880309]
[2; 80; 11.545037152482248]
[2; 80; 11.828424722669084]
[2; 80; 12.137755914890175]
[2; 80; 12.477388255432519]
[2; 80; 12.852794461215176]
[2; 90; 14.929832227636814]
[2; 90; 15.458606836327418]
[2; 90; 16.059330126030503]
[2; 90; 16.750602088445618]
[2; 100; 19.509624991929417]
[2; 100; 20.580015636035014]
[2; 100; 21.888924145420976]
[2; 100; 23.54490349223412]
[2; 100; 25.74310451306343]
[2; 100; 28.88260856819079]
[2; 100; 33.96823005284059]
[2; 100; 44.821348269676726]


Jobs: [[2; 10; 0.9373394910248483], [2; 10; 0.9449448977553047], [2; 10; 0.952770762237118], [2; 10; 0.9608282713165175], [2; 10; 0.969129433417372], [2; 10; 0.9776871583512495], [2; 10; 0.9865153468575124], [2; 20; 1.9912579826237455], [2; 20; 2.01008857858705], [2; 20; 2.0295575440077283], [2; 20; 2.049702899791729], [2; 30; 3.1058489349524487], [2; 30; 3.138287539542758], [2; 30; 3.171943782000198], [2; 30; 3.2068981773678966], [2; 40; 4.324318662648819], [2; 40; 4.374751018248844], [2; 40; 4.427303877873713], [2; 40; 4.482134826967672], [2; 40; 4.539418572533523], [2; 40; 4.599349430114653], [2; 50; 5.827680336606997], [2; 50; 5.910057526731671], [2; 50; 5.996659851699918], [2; 60; 7.305447559056349], [2; 60; 7.420961240922754], [2; 60; 7.543131347549985], [2; 60; 7.672643723742452], [2; 80; 10.413718434218826], [2; 80; 10.609311123199419], [2; 80; 10.81839676403731], [2; 80; 11.042653959217791], [2; 80; 11.284073370880309], [2; 80; 11.545037152482248], [2; 80; 11.828424722669084], [2; 80; 12.137755914890175], [2; 80; 12.477388255432519], [2; 80; 12.852794461215176], [2; 90; 14.929832227636814], [2; 90; 15.458606836327418], [2; 90; 16.059330126030503], [2; 90; 16.750602088445618], [2; 100; 19.509624991929417], [2; 100; 20.580015636035014], [2; 100; 21.888924145420976], [2; 100; 23.54490349223412], [2; 100; 25.74310451306343], [2; 100; 28.88260856819079], [2; 100; 33.96823005284059], [2; 100; 44.821348269676726]];
Intervals[4.9E-324=0.9373394910248483, 0.9373394910248483=1.8822843887801528, 1.8822843887801528=2.835055151017271, 2.835055151017271=3.7958834223337883, 3.7958834223337883=4.76501285575116, 4.76501285575116=5.74270001410241, 5.74270001410241=6.729215360959922, 6.729215360959922=8.720473343583668, 8.720473343583668=10.730561922170718, 10.730561922170718=12.760119466178447, 12.760119466178447=14.809822365970176, 14.809822365970176=17.915671300922625, 17.915671300922625=21.053958840465384, 21.053958840465384=24.225902622465583, 24.225902622465583=27.43280079983348, 27.43280079983348=31.7571194624823, 31.7571194624823=36.131870480731145, 36.131870480731145=40.55917435860486, 40.55917435860486=45.04130918557253, 45.04130918557253=49.58072775810605, 49.58072775810605=54.18007718822071, 54.18007718822071=60.0077575248277, 60.0077575248277=65.91781505155937, 65.91781505155937=71.91447490325929, 71.91447490325929=79.21992246231564, 79.21992246231564=86.64088370323839, 86.64088370323839=94.18401505078837, 94.18401505078837=101.85665877453083, 101.85665877453083=112.27037720874965, 112.27037720874965=122.87968833194907, 122.87968833194907=133.6980850959864, 133.6980850959864=144.7407390552042, 144.7407390552042=156.0248124260845, 156.0248124260845=167.56984957856676, 167.56984957856676=179.39827430123586, 179.39827430123586=191.53603021612602, 191.53603021612602=204.01341847155854, 204.01341847155854=216.86621293277372, 216.86621293277372=231.79604516041053, 231.79604516041053=247.25465199673795, 247.25465199673795=263.31398212276844, 263.31398212276844=280.0645842112141, 280.0645842112141=299.5742092031435, 299.5742092031435=320.1542248391785, 320.1542248391785=342.04314898459944, 342.04314898459944=365.5880524768336, 365.5880524768336=391.331156989897, 391.331156989897=420.2137655580878, 420.2137655580878=454.18199561092837, 454.18199561092837=499.0033438806051];

Jobs: [[2; 10; 0.9373394910248483], [2; 10; 0.9449448977553047], [2; 10; 0.952770762237118], [2; 10; 0.9608282713165175], [2; 10; 0.969129433417372], [2; 10; 0.9776871583512495], [2; 10; 0.9865153468575124], [2; 20; 1.9912579826237455], [2; 20; 2.01008857858705], [2; 20; 2.0295575440077283], [2; 20; 2.049702899791729], [2; 30; 3.1058489349524487], [2; 30; 3.138287539542758], [2; 30; 3.171943782000198], [2; 30; 3.2068981773678966], [2; 40; 4.324318662648819], [2; 40; 4.374751018248844], [2; 40; 4.427303877873713], [2; 40; 4.482134826967672], [2; 40; 4.539418572533523], [2; 40; 4.599349430114653], [2; 50; 5.827680336606997], [2; 50; 5.910057526731671], [2; 50; 5.996659851699918], [2; 60; 7.305447559056349], [2; 60; 7.420961240922754], [2; 60; 7.543131347549985], [2; 60; 7.672643723742452], [2; 80; 10.413718434218826], [2; 80; 10.609311123199419], [2; 80; 10.81839676403731], [2; 80; 11.042653959217791], [2; 80; 11.284073370880309], [2; 80; 11.545037152482248], [2; 80; 11.828424722669084], [2; 80; 12.137755914890175], [2; 80; 12.477388255432519], [2; 80; 12.852794461215176], [2; 90; 14.929832227636814], [2; 90; 15.458606836327418], [2; 90; 16.059330126030503], [2; 90; 16.750602088445618], [2; 100; 19.509624991929417], [2; 100; 20.580015636035014], [2; 100; 21.888924145420976], [2; 100; 23.54490349223412], [2; 100; 25.74310451306343], [2; 100; 28.88260856819079], [2; 100; 33.96823005284059], [2; 100; 44.821348269676726]];
Intervals[4.9E-324=0.9373394910248483, 0.9373394910248483=1.8822843887801528, 1.8822843887801528=2.835055151017271, 2.835055151017271=3.7958834223337883, 3.7958834223337883=4.76501285575116, 4.76501285575116=5.74270001410241, 5.74270001410241=6.729215360959922, 6.729215360959922=8.720473343583668, 8.720473343583668=10.730561922170718, 10.730561922170718=12.760119466178447, 12.760119466178447=14.809822365970176, 14.809822365970176=17.915671300922625, 17.915671300922625=21.053958840465384, 21.053958840465384=24.225902622465583, 24.225902622465583=27.43280079983348, 27.43280079983348=31.7571194624823, 31.7571194624823=36.131870480731145, 36.131870480731145=40.55917435860486, 40.55917435860486=45.04130918557253, 45.04130918557253=49.58072775810605, 49.58072775810605=54.18007718822071, 54.18007718822071=60.0077575248277, 60.0077575248277=65.91781505155937, 65.91781505155937=71.91447490325929, 71.91447490325929=79.21992246231564, 79.21992246231564=86.64088370323839, 86.64088370323839=94.18401505078837, 94.18401505078837=101.85665877453083, 101.85665877453083=112.27037720874965, 112.27037720874965=122.87968833194907, 122.87968833194907=133.6980850959864, 133.6980850959864=144.7407390552042, 144.7407390552042=156.0248124260845, 156.0248124260845=167.56984957856676, 167.56984957856676=179.39827430123586, 179.39827430123586=191.53603021612602, 191.53603021612602=204.01341847155854, 204.01341847155854=216.86621293277372, 216.86621293277372=231.79604516041053, 231.79604516041053=247.25465199673795, 247.25465199673795=263.31398212276844, 263.31398212276844=280.0645842112141, 280.0645842112141=299.5742092031435, 299.5742092031435=320.1542248391785, 320.1542248391785=342.04314898459944, 342.04314898459944=365.5880524768336, 365.5880524768336=391.331156989897, 391.331156989897=420.2137655580878, 420.2137655580878=454.18199561092837, 454.18199561092837=499.0033438806051];
