1.1025432494987617
1314588.23978522
1449390.3896456538
[2; 10; 6.406289779709466]
[2; 10; 6.4277875575380845]
[1; 40; 25.798307338163887]
[2; 20; 12.943329197694046]
[2; 20; 12.98811616079013]
[1; 40; 26.0670590477023]
[1; 60; 39.23875434356308]
[1; 60; 39.37889394148085]
[1; 60; 39.521057246453886]
[1; 60; 39.665295960160805]
[2; 40; 26.541109128097656]
[2; 50; 33.300180043642655]
[1; 100; 66.85168458224639]
[1; 100; 67.10684615712093]
[1; 100; 67.365948519314]
[1; 120; 81.15491931291909]
[1; 120; 81.47569307935022]
[2; 70; 47.717599603971685]
[2; 70; 47.910790373154306]
[1; 140; 96.214296531376]
[2; 80; 55.207731743211156]
[1; 160; 110.87939945413594]
[1; 180; 125.27013641592124]
[1; 180; 125.81010057418399]
[2; 90; 63.17974831441423]
[2; 90; 63.45930836381353]
[2; 90; 63.743883059853744]
[1; 200; 142.2969599219614]
[2; 100; 71.47635777186933]
[2; 100; 71.81036429466532]
[2; 100; 72.15070285905324]
[2; 520; 376.9874501674393]
[1; 1040; 757.6528848827959]
[1; 1040; 761.4037028700753]
[2; 520; 382.61495819148877]
[2; 520; 384.56710911682086]
[1; 1040; 773.1194407660655]
[2; 520; 388.5942827018515]
[2; 520; 390.672366507022]
[2; 520; 392.7956275872679]
[1; 1080; 820.3136120665819]
[2; 540; 412.4611061026931]
[1; 1080; 829.6361557440299]
[1; 1080; 834.4597301506749]
[1; 1080; 839.3974766085252]
[1; 1080; 844.4542098869281]
[2; 560; 440.551502306863]
[1; 1120; 886.6100413614469]
[1; 1120; 892.2573913362907]
[1; 1120; 898.05143285061]
[1; 1120; 903.9989666604228]
[2; 560; 455.0536265381407]
[2; 560; 458.1920265848596]
[1; 1160; 955.7961630027743]
[1; 1160; 962.6726308188796]
[2; 580; 484.87568013168436]
[2; 580; 488.5214988314076]
[1; 1160; 984.5590083931697]
[1; 1160; 992.311760732658]
[2; 580; 500.1573102682556]
[2; 580; 504.29102921660314]
[1; 1160; 1017.1297715588942]
[1; 1160; 1025.9748222325902]
[1; 1160; 1035.1357964467827]
[2; 600; 540.3274063595711]
[2; 600; 545.4251357809882]
[2; 600; 550.7208566408145]
[2; 600; 556.2284305731965]
[1; 1200; 1123.9262971201363]
[1; 1240; 1173.7466525698228]
[2; 620; 593.3230001499535]
[1; 1240; 1200.1317684314336]
[1; 1240; 1214.2522611199754]
[1; 1240; 1229.061675064001]
[1; 1240; 1244.6210695476886]
[2; 640; 650.8384726735317]
[1; 1280; 1319.5103524302992]
[2; 640; 669.1815237111075]
[1; 1280; 1358.3415607258137]
[1; 1280; 1379.5690763093194]
[1; 1280; 1402.1889831352246]
[1; 1320; 1470.9434510816793]
[2; 660; 748.8468604182771]
[2; 660; 763.251279887689]
[2; 660; 778.8321201496326]
[2; 660; 795.7685332289767]
[1; 1320; 1628.5627568073417]
[2; 660; 834.6467966769601]
[1; 1360; 1766.3837978674578]
[1; 1360; 1818.365820637102]
[1; 1360; 1877.0628792691791]
[1; 1360; 1944.1569313948457]
[2; 680; 1011.0023456171623]
[2; 700; 1088.1078400480883]
[1; 1400; 2290.960132924298]
[1; 1400; 2434.5084169077386]
[1; 1400; 2622.494693280318]
[2; 700; 1443.2144479706399]
[1; 1400; 3304.136267301472]
[1; 1400; 4162.950834894197]


Jobs: [[2; 10; 6.406289779709466], [2; 10; 6.4277875575380845], [1; 40; 25.798307338163887], [2; 20; 12.943329197694046], [2; 20; 12.98811616079013], [1; 40; 26.0670590477023], [1; 60; 39.37889394148085], [1; 60; 39.665295960160805], [2; 40; 26.541109128097656], [2; 50; 33.300180043642655], [1; 100; 66.85168458224639], [1; 100; 67.365948519314], [1; 120; 81.47569307935022], [2; 70; 47.717599603971685], [2; 70; 47.910790373154306], [1; 140; 96.214296531376], [2; 80; 55.207731743211156], [1; 160; 110.87939945413594], [1; 180; 125.81010057418399], [2; 90; 63.17974831441423], [2; 90; 63.45930836381353], [2; 90; 63.743883059853744], [1; 200; 142.2969599219614], [2; 100; 71.47635777186933], [2; 100; 71.81036429466532], [2; 100; 72.15070285905324], [2; 520; 376.9874501674393], [1; 1040; 757.6528848827959], [2; 520; 382.61495819148877], [2; 520; 384.56710911682086], [1; 1040; 773.1194407660655], [2; 520; 388.5942827018515], [2; 520; 390.672366507022], [2; 520; 392.7956275872679], [1; 1080; 820.3136120665819], [2; 540; 412.4611061026931], [1; 1080; 829.6361557440299], [1; 1080; 839.3974766085252], [2; 560; 440.551502306863], [1; 1120; 886.6100413614469], [1; 1120; 898.05143285061], [2; 560; 455.0536265381407], [2; 560; 458.1920265848596], [1; 1160; 955.7961630027743], [2; 580; 484.87568013168436], [2; 580; 488.5214988314076], [1; 1160; 984.5590083931697], [2; 580; 500.1573102682556], [2; 580; 504.29102921660314], [1; 1160; 1017.1297715588942], [1; 1160; 1035.1357964467827], [2; 600; 540.3274063595711], [2; 600; 545.4251357809882], [2; 600; 550.7208566408145], [2; 600; 556.2284305731965], [1; 1200; 1123.9262971201363], [2; 620; 593.3230001499535], [1; 1240; 1200.1317684314336], [1; 1240; 1229.061675064001], [2; 640; 650.8384726735317], [1; 1280; 1319.5103524302992], [2; 640; 669.1815237111075], [1; 1280; 1358.3415607258137], [1; 1280; 1402.1889831352246], [2; 660; 748.8468604182771], [2; 660; 763.251279887689], [2; 660; 778.8321201496326], [2; 660; 795.7685332289767], [1; 1320; 1628.5627568073417], [2; 660; 834.6467966769601], [1; 1360; 1766.3837978674578], [1; 1360; 1877.0628792691791], [2; 680; 1011.0023456171623], [2; 700; 1088.1078400480883], [1; 1400; 2290.960132924298], [1; 1400; 2622.494693280318], [2; 700; 1443.2144479706399], [1; 1400; 3304.136267301472]];
Intervals[4.9E-324=6.406289779709466, 6.406289779709466=12.83407733724755, 12.83407733724755=38.63238467541144, 38.63238467541144=51.575713873105485, 51.575713873105485=64.56383003389561, 64.56383003389561=90.63088908159791, 90.63088908159791=130.00978302307877, 130.00978302307877=169.6750789832396, 169.6750789832396=196.21618811133723, 196.21618811133723=229.5163681549799, 229.5163681549799=296.36805273722626, 296.36805273722626=363.7340012565403, 363.7340012565403=445.2096943358905, 445.2096943358905=492.9272939398622, 492.9272939398622=540.8380843130165, 540.8380843130165=637.0523808443925, 637.0523808443925=692.2601125876037, 692.2601125876037=803.1395120417396, 803.1395120417396=928.9496126159236, 928.9496126159236=992.1293609303378, 992.1293609303378=1055.5886692941513, 1055.5886692941513=1119.332552354005, 1119.332552354005=1261.6295122759664, 1261.6295122759664=1333.1058700478357, 1333.1058700478357=1404.916234342501, 1404.916234342501=1477.066937201554, 1477.066937201554=1854.0543873689935, 1854.0543873689935=2611.7072722517896, 2615.458090239069=2998.0730484305577, 2998.0730484305577=3382.6401575473787, 3382.6401575473787=4155.759598313444, 4155.759598313444=4544.353881015296, 4544.353881015296=4935.026247522318, 4935.026247522318=5327.821875109586, 5327.821875109586=6148.135487176168, 6148.135487176168=6560.596593278861, 6560.596593278861=7390.232749022891, 7390.232749022891=8229.630225631416, 8239.510533316465=8680.062035623328, 8680.062035623328=9566.672076984776, 9566.672076984776=10464.723509835387, 10476.318393620042=10931.372020158184, 10931.372020158184=11389.564046743044, 11389.564046743044=12345.360209745819, 12352.236677561923=12837.112357693608, 12837.112357693608=13325.633856525015, 13325.633856525015=14310.192864918185, 14317.945617257674=14818.10292752593, 14818.10292752593=15322.393956742533, 15322.393956742533=16339.523728301427, 16339.523728301427=17374.65952474821, 17374.65952474821=17914.986931107782, 17914.986931107782=18460.41206688877, 18460.41206688877=19011.132923529585, 19011.132923529585=19567.36135410278, 19567.36135410278=20691.287651222916, 20741.108006672603=21334.431006822557, 21334.431006822557=22534.56277525399, 22534.56277525399=23763.62445031799, 23793.30433749022=24444.14281016375, 24444.14281016375=25763.653162594048, 25763.653162594048=26432.834686305156, 26432.834686305156=27791.17624703097, 27791.17624703097=29193.365230166193, 29283.347213696154=30032.19407411443, 30032.19407411443=30795.44535400212, 30795.44535400212=31574.277474151753, 31574.277474151753=32370.04600738073, 32370.04600738073=33998.60876418807, 33998.60876418807=34833.25556086504, 34833.25556086504=36599.63935873249, 36599.63935873249=38476.70223800167, 38595.77831289699=39606.78065851415, 39606.78065851415=40694.88849856224, 40694.88849856224=42985.848631486544, 42985.848631486544=45608.343324766865, 45608.343324766865=47051.557772737506, 47051.557772737506=50355.69404003898];

Jobs: [[2; 10; 6.406289779709466], [2; 10; 6.4277875575380845], [2; 20; 12.943329197694046], [2; 20; 12.98811616079013], [1; 60; 39.23875434356308], [1; 60; 39.521057246453886], [2; 40; 26.541109128097656], [2; 50; 33.300180043642655], [1; 100; 67.10684615712093], [1; 120; 81.15491931291909], [2; 70; 47.717599603971685], [2; 70; 47.910790373154306], [2; 80; 55.207731743211156], [1; 180; 125.27013641592124], [2; 90; 63.17974831441423], [2; 90; 63.45930836381353], [2; 90; 63.743883059853744], [2; 100; 71.47635777186933], [2; 100; 71.81036429466532], [2; 100; 72.15070285905324], [2; 520; 376.9874501674393], [1; 1040; 761.4037028700753], [2; 520; 382.61495819148877], [2; 520; 384.56710911682086], [2; 520; 388.5942827018515], [2; 520; 390.672366507022], [2; 520; 392.7956275872679], [2; 540; 412.4611061026931], [1; 1080; 834.4597301506749], [1; 1080; 844.4542098869281], [2; 560; 440.551502306863], [1; 1120; 892.2573913362907], [1; 1120; 903.9989666604228], [2; 560; 455.0536265381407], [2; 560; 458.1920265848596], [1; 1160; 962.6726308188796], [2; 580; 484.87568013168436], [2; 580; 488.5214988314076], [1; 1160; 992.311760732658], [2; 580; 500.1573102682556], [2; 580; 504.29102921660314], [1; 1160; 1025.9748222325902], [2; 600; 540.3274063595711], [2; 600; 545.4251357809882], [2; 600; 550.7208566408145], [2; 600; 556.2284305731965], [1; 1240; 1173.7466525698228], [2; 620; 593.3230001499535], [1; 1240; 1214.2522611199754], [1; 1240; 1244.6210695476886], [2; 640; 650.8384726735317], [2; 640; 669.1815237111075], [1; 1280; 1379.5690763093194], [1; 1320; 1470.9434510816793], [2; 660; 748.8468604182771], [2; 660; 763.251279887689], [2; 660; 778.8321201496326], [2; 660; 795.7685332289767], [2; 660; 834.6467966769601], [1; 1360; 1818.365820637102], [1; 1360; 1944.1569313948457], [2; 680; 1011.0023456171623], [2; 700; 1088.1078400480883], [1; 1400; 2434.5084169077386], [2; 700; 1443.2144479706399], [1; 1400; 4162.950834894197]];
Intervals[4.9E-324=6.406289779709466, 6.406289779709466=12.83407733724755, 38.63238467541144=51.575713873105485, 51.575713873105485=64.56383003389561, 64.56383003389561=103.80258437745869, 103.80258437745869=143.32364162391258, 169.6750789832396=196.21618811133723, 196.21618811133723=229.5163681549799, 229.5163681549799=296.6232143121008, 296.6232143121008=377.7781336250199, 445.2096943358905=492.9272939398622, 492.9272939398622=540.8380843130165, 637.0523808443925=692.2601125876037, 692.2601125876037=817.5302490035249, 928.9496126159236=992.1293609303378, 992.1293609303378=1055.5886692941513, 1055.5886692941513=1119.332552354005, 1261.6295122759664=1333.1058700478357, 1333.1058700478357=1404.916234342501, 1404.916234342501=1477.066937201554, 1477.066937201554=1854.0543873689935, 1854.0543873689935=2615.458090239069, 2615.458090239069=2998.0730484305577, 2998.0730484305577=3382.6401575473787, 4155.759598313444=4544.353881015296, 4544.353881015296=4935.026247522318, 4935.026247522318=5327.821875109586, 6148.135487176168=6560.596593278861, 6560.596593278861=7395.056323429536, 7395.056323429536=8239.510533316465, 8239.510533316465=8680.062035623328, 8680.062035623328=9572.319426959619, 9572.319426959619=10476.318393620042, 10476.318393620042=10931.372020158184, 10931.372020158184=11389.564046743044, 11389.564046743044=12352.236677561923, 12352.236677561923=12837.112357693608, 12837.112357693608=13325.633856525015, 13325.633856525015=14317.945617257674, 14317.945617257674=14818.10292752593, 14818.10292752593=15322.393956742533, 15322.393956742533=16348.368778975124, 17374.65952474821=17914.986931107782, 17914.986931107782=18460.41206688877, 18460.41206688877=19011.132923529585, 19011.132923529585=19567.36135410278, 19567.36135410278=20741.108006672603, 20741.108006672603=21334.431006822557, 21334.431006822557=22548.68326794253, 22548.68326794253=23793.30433749022, 23793.30433749022=24444.14281016375, 25763.653162594048=26432.834686305156, 26432.834686305156=27812.403762614475, 27812.403762614475=29283.347213696154, 29283.347213696154=30032.19407411443, 30032.19407411443=30795.44535400212, 30795.44535400212=31574.277474151753, 31574.277474151753=32370.04600738073, 33998.60876418807=34833.25556086504, 34833.25556086504=36651.62138150214, 36651.62138150214=38595.77831289699, 38595.77831289699=39606.78065851415, 39606.78065851415=40694.88849856224, 40694.88849856224=43129.39691546998, 45608.343324766865=47051.557772737506, 47051.557772737506=51214.5086076317];
