1.2209358307646503
64473.42919624902
78717.91983796815
[2; 10; 2.344968006876922]
[2; 10; 2.3528370860101706]
[2; 10; 2.360812865942353]
[1; 20; 4.7377958092374906]
[2; 20; 4.754189696994198]
[1; 40; 9.54162574628425]
[1; 40; 9.575342018484344]
[1; 40; 9.609539958832965]
[1; 40; 9.644231739710518]
[2; 20; 4.839714988878726]
[2; 20; 4.857573877593203]
[1; 40; 9.751398642366722]
[2; 20; 4.894098360886337]
[2; 20; 4.912778306697102]
[1; 40; 9.863493501717514]
[2; 20; 4.951011582196019]
[2; 20; 4.970581001355215]
[1; 40; 9.980927074039336]
[1; 40; 10.021336126351114]
[1; 60; 15.093611452529933]
[2; 30; 7.57812063154585]
[2; 30; 7.60996184850618]
[2; 30; 7.642345054981396]
[2; 30; 7.675286604602332]
[2; 30; 7.708803565161055]
[2; 30; 7.742913759693032]
[2; 30; 7.77763581050704]
[1; 80; 20.834637830446685]
[2; 40; 10.465325671279487]
[1; 80; 21.028459545057157]
[1; 80; 21.12812197962561]
[1; 80; 21.22970105066973]
[2; 40; 10.666631103432746]
[2; 40; 10.719437068545146]
[2; 40; 10.773304491054084]
[1; 80; 21.656542563536885]
[2; 50; 13.605471644873921]
[2; 50; 13.677080709343933]
[2; 50; 13.750221569076817]
[2; 50; 13.8249525017082]
[1; 100; 27.80267000967977]
[2; 50; 13.979434031225017]
[2; 50; 14.059318245458032]
[2; 50; 14.141060304545187]
[2; 50; 14.22473716504079]
[2; 50; 14.310430419790166]
[2; 60; 17.277872001277093]
[2; 60; 17.385861504814386]
[1; 120; 34.99320492377692]
[2; 60; 17.61021994716577]
[1; 120; 35.45369463833111]
[2; 60; 17.846626947980482]
[2; 60; 17.969711023308957]
[1; 120; 36.19252490709386]
[1; 120; 36.452911736776606]
[1; 120; 36.72095747879482]
[2; 60; 18.498532635410072]
[2; 60; 18.640834632472778]
[1; 120; 37.57523780288983]
[2; 70; 22.095661583907997]
[2; 70; 22.27827863876357]
[1; 140; 44.93417322487825]
[2; 70; 22.662462389585805]
[2; 70; 22.864816510839315]
[1; 140; 46.14919437537577]
[2; 70; 23.292294923517236]
[1; 140; 47.036895705374036]
[1; 140; 47.50729586822106]
[1; 160; 54.85382438119832]
[1; 160; 55.43741950591486]
[1; 160; 56.046670701562306]
[2; 80; 28.341809607397806]
[2; 80; 28.6752732535309]
[2; 80; 29.025006175731026]
[2; 80; 29.392450324500977]
[1; 160; 59.558474895171166]
[2; 80; 30.187222905059862]
[2; 80; 30.61852721808315]
[2; 80; 31.075587546027254]
[2; 90; 35.50637479699986]
[2; 90; 36.08854998737338]
[1; 180; 73.4217773325172]
[2; 90; 37.37850520450244]
[1; 180; 76.19499645545636]
[2; 90; 38.875212002873454]
[2; 90; 39.72058885880134]
[2; 90; 40.644652931562405]
[1; 180; 83.3223754616134]
[2; 90; 42.78770727294778]
[2; 90; 44.04688524797704]
[1; 180; 90.93744757855016]
[2; 90; 47.09396552075769]
[2; 100; 54.42188657949568]
[1; 200; 113.79789732032631]
[2; 100; 59.89903674436318]
[2; 100; 63.65222468218163]
[2; 100; 68.5672804764979]
[2; 100; 75.46805726264965]
[2; 100; 86.38936000638546]
[2; 100; 108.84377315899135]


Jobs: [[2; 10; 2.344968006876922], [2; 10; 2.3528370860101706], [2; 10; 2.360812865942353], [1; 20; 4.7377958092374906], [2; 20; 4.754189696994198], [1; 40; 9.54162574628425], [1; 40; 9.609539958832965], [2; 20; 4.839714988878726], [2; 20; 4.857573877593203], [1; 40; 9.751398642366722], [2; 20; 4.894098360886337], [2; 20; 4.912778306697102], [1; 40; 9.863493501717514], [2; 20; 4.951011582196019], [2; 20; 4.970581001355215], [1; 40; 9.980927074039336], [1; 60; 15.093611452529933], [2; 30; 7.57812063154585], [2; 30; 7.60996184850618], [2; 30; 7.642345054981396], [2; 30; 7.675286604602332], [2; 30; 7.708803565161055], [2; 30; 7.742913759693032], [2; 30; 7.77763581050704], [1; 80; 20.834637830446685], [2; 40; 10.465325671279487], [1; 80; 21.028459545057157], [1; 80; 21.22970105066973], [2; 40; 10.666631103432746], [2; 40; 10.719437068545146], [2; 40; 10.773304491054084], [1; 80; 21.656542563536885], [2; 50; 13.605471644873921], [2; 50; 13.677080709343933], [2; 50; 13.750221569076817], [2; 50; 13.8249525017082], [1; 100; 27.80267000967977], [2; 50; 13.979434031225017], [2; 50; 14.059318245458032], [2; 50; 14.141060304545187], [2; 50; 14.22473716504079], [2; 50; 14.310430419790166], [2; 60; 17.277872001277093], [2; 60; 17.385861504814386], [1; 120; 34.99320492377692], [2; 60; 17.61021994716577], [1; 120; 35.45369463833111], [2; 60; 17.846626947980482], [2; 60; 17.969711023308957], [1; 120; 36.19252490709386], [1; 120; 36.72095747879482], [2; 60; 18.498532635410072], [2; 60; 18.640834632472778], [1; 120; 37.57523780288983], [2; 70; 22.095661583907997], [2; 70; 22.27827863876357], [1; 140; 44.93417322487825], [2; 70; 22.662462389585805], [2; 70; 22.864816510839315], [1; 140; 46.14919437537577], [2; 70; 23.292294923517236], [1; 140; 47.036895705374036], [1; 160; 54.85382438119832], [1; 160; 56.046670701562306], [2; 80; 28.341809607397806], [2; 80; 28.6752732535309], [2; 80; 29.025006175731026], [2; 80; 29.392450324500977], [1; 160; 59.558474895171166], [2; 80; 30.187222905059862], [2; 80; 30.61852721808315], [2; 80; 31.075587546027254], [2; 90; 35.50637479699986], [2; 90; 36.08854998737338], [1; 180; 73.4217773325172], [2; 90; 37.37850520450244], [1; 180; 76.19499645545636], [2; 90; 38.875212002873454], [2; 90; 39.72058885880134], [2; 90; 40.644652931562405], [1; 180; 83.3223754616134], [2; 90; 42.78770727294778], [2; 90; 44.04688524797704], [1; 180; 90.93744757855016], [2; 90; 47.09396552075769], [2; 100; 54.42188657949568], [1; 200; 113.79789732032631], [2; 100; 59.89903674436318], [2; 100; 63.65222468218163], [2; 100; 68.5672804764979], [2; 100; 75.46805726264965], [2; 100; 86.38936000638546], [2; 100; 108.84377315899135]];
Intervals[4.9E-324=2.344968006876922, 2.344968006876922=4.6978050928870925, 4.6978050928870925=7.058617958829446, 7.058617958829446=11.796413768066937, 11.796413768066937=16.550603465061137, 16.550603465061137=26.092229211345387, 26.092229211345387=35.70176917017835, 35.770177223256=40.609892212134724, 40.609892212134724=45.46746608972793, 45.46746608972793=55.21886473209465, 55.21886473209465=60.11296309298099, 60.11296309298099=65.0257413996781, 65.0257413996781=74.88923490139561, 74.88923490139561=79.84024648359163, 79.84024648359163=84.81082748494684, 84.81082748494684=94.79175455898618, 94.79175455898618=109.88536601151611, 109.88536601151611=117.46348664306196, 117.46348664306196=125.07344849156813, 125.07344849156813=132.71579354654952, 132.71579354654952=140.39108015115184, 140.39108015115184=148.0998837163129, 148.0998837163129=155.84279747600593, 155.84279747600593=163.62043328651296, 163.62043328651296=184.45507111695966, 184.45507111695966=194.92039678823915, 194.92039678823915=215.9488563332963, 215.9488563332963=237.17855738396602, 237.17855738396602=247.84518848739876, 247.84518848739876=258.5646255559439, 258.5646255559439=269.337930046998, 269.337930046998=290.9944726105349, 290.9944726105349=304.59994425540884, 304.59994425540884=318.2770249647528, 318.2770249647528=332.0272465338296, 332.0272465338296=345.8521990355378, 345.8521990355378=373.6548690452176, 373.6548690452176=387.6343030764426, 387.6343030764426=401.69362132190065, 401.69362132190065=415.83468162644584, 415.83468162644584=430.0594187914866, 430.0594187914866=444.3698492112768, 444.3698492112768=461.6477212125539, 461.6477212125539=479.0335827173683, 479.0335827173683=514.0267876411452, 514.0267876411452=531.637007588311, 531.637007588311=567.0907022266421, 567.0907022266421=584.9373291746225, 584.9373291746225=602.9070401979315, 602.9070401979315=639.0995651050254, 639.0995651050254=675.8205225838202, 675.8205225838202=694.3190552192302, 694.3190552192302=712.959889851703, 712.959889851703=750.5351276545928, 750.5351276545928=772.6307892385007, 772.6307892385007=794.9090678772643, 794.9090678772643=839.8432411021425, 839.8432411021425=862.5057034917284, 862.5057034917284=885.3705200025677, 885.3705200025677=931.5197143779435, 931.5197143779435=954.8120093014608, 954.8120093014608=1001.8489050068348, 1001.8489050068348=1056.702729388033, 1056.702729388033=1112.7494000895954, 1112.7494000895954=1141.0912096969932, 1141.0912096969932=1169.766482950524, 1169.766482950524=1198.791489126255, 1198.791489126255=1228.183939450756, 1228.183939450756=1287.7424143459273, 1287.7424143459273=1317.929637250987, 1317.929637250987=1348.5481644690701, 1348.5481644690701=1379.6237520150974, 1379.6237520150974=1415.1301268120972, 1415.1301268120972=1451.2186767994706, 1451.2186767994706=1524.6404541319878, 1524.6404541319878=1562.0189593364903, 1562.0189593364903=1638.2139557919468, 1638.2139557919468=1677.0891677948202, 1677.0891677948202=1716.8097566536217, 1716.8097566536217=1757.454409585184, 1757.454409585184=1840.7767850467974, 1840.7767850467974=1883.564492319745, 1883.564492319745=1927.6113775677222, 1927.6113775677222=2018.5488251462723, 2018.5488251462723=2065.64279066703, 2065.64279066703=2120.0646772465257, 2120.0646772465257=2233.862574566852, 2233.862574566852=2293.761611311215, 2293.761611311215=2357.4138359933963, 2357.4138359933963=2425.981116469894, 2425.981116469894=2501.449173732544, 2501.449173732544=2587.838533738929, 2587.838533738929=2696.6823068979206];

Jobs: [[2; 10; 2.344968006876922], [2; 10; 2.3528370860101706], [2; 10; 2.360812865942353], [2; 20; 4.754189696994198], [1; 40; 9.575342018484344], [1; 40; 9.644231739710518], [2; 20; 4.839714988878726], [2; 20; 4.857573877593203], [2; 20; 4.894098360886337], [2; 20; 4.912778306697102], [2; 20; 4.951011582196019], [2; 20; 4.970581001355215], [1; 40; 10.021336126351114], [2; 30; 7.57812063154585], [2; 30; 7.60996184850618], [2; 30; 7.642345054981396], [2; 30; 7.675286604602332], [2; 30; 7.708803565161055], [2; 30; 7.742913759693032], [2; 30; 7.77763581050704], [2; 40; 10.465325671279487], [1; 80; 21.12812197962561], [2; 40; 10.666631103432746], [2; 40; 10.719437068545146], [2; 40; 10.773304491054084], [2; 50; 13.605471644873921], [2; 50; 13.677080709343933], [2; 50; 13.750221569076817], [2; 50; 13.8249525017082], [2; 50; 13.979434031225017], [2; 50; 14.059318245458032], [2; 50; 14.141060304545187], [2; 50; 14.22473716504079], [2; 50; 14.310430419790166], [2; 60; 17.277872001277093], [2; 60; 17.385861504814386], [2; 60; 17.61021994716577], [2; 60; 17.846626947980482], [2; 60; 17.969711023308957], [1; 120; 36.452911736776606], [2; 60; 18.498532635410072], [2; 60; 18.640834632472778], [2; 70; 22.095661583907997], [2; 70; 22.27827863876357], [2; 70; 22.662462389585805], [2; 70; 22.864816510839315], [2; 70; 23.292294923517236], [1; 140; 47.50729586822106], [1; 160; 55.43741950591486], [2; 80; 28.341809607397806], [2; 80; 28.6752732535309], [2; 80; 29.025006175731026], [2; 80; 29.392450324500977], [2; 80; 30.187222905059862], [2; 80; 30.61852721808315], [2; 80; 31.075587546027254], [2; 90; 35.50637479699986], [2; 90; 36.08854998737338], [2; 90; 37.37850520450244], [2; 90; 38.875212002873454], [2; 90; 39.72058885880134], [2; 90; 40.644652931562405], [2; 90; 42.78770727294778], [2; 90; 44.04688524797704], [2; 90; 47.09396552075769], [2; 100; 54.42188657949568], [2; 100; 59.89903674436318], [2; 100; 63.65222468218163], [2; 100; 68.5672804764979], [2; 100; 75.46805726264965], [2; 100; 86.38936000638546], [2; 100; 108.84377315899135]];
Intervals[4.9E-324=2.344968006876922, 2.344968006876922=4.6978050928870925, 4.6978050928870925=7.058617958829446, 11.796413768066937=16.550603465061137, 16.550603465061137=26.12594548354548, 26.12594548354548=35.770177223256, 35.770177223256=40.609892212134724, 40.609892212134724=45.46746608972793, 55.21886473209465=60.11296309298099, 60.11296309298099=65.0257413996781, 74.88923490139561=79.84024648359163, 79.84024648359163=84.81082748494684, 84.81082748494684=94.83216361129796, 109.88536601151611=117.46348664306196, 117.46348664306196=125.07344849156813, 125.07344849156813=132.71579354654952, 132.71579354654952=140.39108015115184, 140.39108015115184=148.0998837163129, 148.0998837163129=155.84279747600593, 155.84279747600593=163.62043328651296, 184.45507111695966=194.92039678823915, 194.92039678823915=216.04851876786475, 237.17855738396602=247.84518848739876, 247.84518848739876=258.5646255559439, 258.5646255559439=269.337930046998, 290.9944726105349=304.59994425540884, 304.59994425540884=318.2770249647528, 318.2770249647528=332.0272465338296, 332.0272465338296=345.8521990355378, 373.6548690452176=387.6343030764426, 387.6343030764426=401.69362132190065, 401.69362132190065=415.83468162644584, 415.83468162644584=430.0594187914866, 430.0594187914866=444.3698492112768, 444.3698492112768=461.6477212125539, 461.6477212125539=479.0335827173683, 514.0267876411452=531.637007588311, 567.0907022266421=584.9373291746225, 584.9373291746225=602.9070401979315, 602.9070401979315=639.3599519347081, 675.8205225838202=694.3190552192302, 694.3190552192302=712.959889851703, 750.5351276545928=772.6307892385007, 772.6307892385007=794.9090678772643, 839.8432411021425=862.5057034917284, 862.5057034917284=885.3705200025677, 931.5197143779435=954.8120093014608, 954.8120093014608=1002.3193051696818, 1002.3193051696818=1057.7567246755966, 1112.7494000895954=1141.0912096969932, 1141.0912096969932=1169.766482950524, 1169.766482950524=1198.791489126255, 1198.791489126255=1228.183939450756, 1287.7424143459273=1317.929637250987, 1317.929637250987=1348.5481644690701, 1348.5481644690701=1379.6237520150974, 1379.6237520150974=1415.1301268120972, 1415.1301268120972=1451.2186767994706, 1524.6404541319878=1562.0189593364903, 1638.2139557919468=1677.0891677948202, 1677.0891677948202=1716.8097566536217, 1716.8097566536217=1757.454409585184, 1840.7767850467974=1883.564492319745, 1883.564492319745=1927.6113775677222, 2018.5488251462723=2065.64279066703, 2065.64279066703=2120.0646772465257, 2233.862574566852=2293.761611311215, 2293.761611311215=2357.4138359933963, 2357.4138359933963=2425.981116469894, 2425.981116469894=2501.449173732544, 2501.449173732544=2587.838533738929, 2587.838533738929=2696.6823068979206];
