1.1265551203365964
59737.46211730183
67297.54382415983
[1; 20; 5.7605716419965525]
[1; 20; 5.799495604087326]
[1; 20; 5.839493389432496]
[1; 20; 5.880617937252953]
[1; 20; 5.9229259957591625]
[2; 20; 5.9664784862958955]
[2; 20; 6.011340911301263]
[2; 20; 6.057583812484973]
[2; 30; 9.15792493011074]
[2; 30; 9.231782352959154]
[1; 60; 18.61616306989695]
[1; 80; 25.031912914786915]
[1; 80; 25.249592648860087]
[2; 50; 15.921904606086768]
[1; 100; 32.135970570512]
[2; 50; 16.219579004855404]
[1; 100; 32.75412098900446]
[1; 100; 33.0816839290345]
[2; 60; 20.053653756538225]
[1; 140; 47.28968186072608]
[1; 140; 47.809390308056685]
[2; 70; 24.176362674097998]
[1; 140; 48.92163313208262]
[1; 160; 56.59233967810633]
[2; 80; 28.654387231911272]
[1; 160; 58.06292376943144]
[2; 80; 29.429202568271844]
[1; 160; 59.69935311221217]
[2; 90; 34.08216728509211]
[2; 90; 34.614787178410666]
[1; 180; 70.3646871601162]
[1; 200; 79.53123319892417]
[2; 100; 40.48878578059022]
[2; 520; 214.59155382522104]
[1; 1040; 437.94435524954224]
[1; 1040; 447.4678537216499]
[1; 1040; 457.8777942391369]
[1; 1120; 505.4317190345345]
[2; 560; 259.54930258170174]
[1; 1120; 534.3748976349897]
[1; 1120; 551.6245810276313]
[2; 580; 295.87350623996906]
[1; 1160; 615.4416939994063]
[1; 1200; 665.6421591246024]
[1; 1240; 724.0971802896294]
[2; 640; 397.14481215780177]
[2; 660; 441.1803826438409]
[1; 1320; 971.1636847529709]
[1; 1360; 1145.3929291141876]
[1; 1400; 1485.5489165502909]


Jobs: [[1; 20; 5.7605716419965525], [1; 20; 5.839493389432496], [1; 20; 5.9229259957591625], [2; 20; 5.9664784862958955], [2; 20; 6.011340911301263], [2; 20; 6.057583812484973], [2; 30; 9.15792493011074], [2; 30; 9.231782352959154], [1; 60; 18.61616306989695], [1; 80; 25.249592648860087], [2; 50; 15.921904606086768], [1; 100; 32.135970570512], [2; 50; 16.219579004855404], [1; 100; 32.75412098900446], [2; 60; 20.053653756538225], [1; 140; 47.28968186072608], [2; 70; 24.176362674097998], [1; 140; 48.92163313208262], [2; 80; 28.654387231911272], [1; 160; 58.06292376943144], [2; 80; 29.429202568271844], [1; 160; 59.69935311221217], [2; 90; 34.08216728509211], [2; 90; 34.614787178410666], [1; 180; 70.3646871601162], [2; 100; 40.48878578059022], [2; 520; 214.59155382522104], [1; 1040; 437.94435524954224], [1; 1040; 457.8777942391369], [2; 560; 259.54930258170174], [1; 1120; 534.3748976349897], [2; 580; 295.87350623996906], [1; 1160; 615.4416939994063], [1; 1240; 724.0971802896294], [2; 640; 397.14481215780177], [2; 660; 441.1803826438409], [1; 1320; 971.1636847529709], [1; 1400; 1485.5489165502909]];
Intervals[0.0=5.7605716419965525, 5.7605716419965525=11.600065031429049, 11.600065031429049=17.522991027188212, 17.522991027188212=23.489469513484106, 23.489469513484106=29.50081042478537, 29.50081042478537=35.55839423727034, 35.55839423727034=44.71631916738108, 44.71631916738108=53.94810152034023, 53.94810152034023=72.56426459023717, 72.56426459023717=97.81385723909726, 97.81385723909726=113.73576184518403, 113.73576184518403=145.87173241569604, 145.87173241569604=162.09131142055145, 162.09131142055145=194.8454324095559, 195.17299534958596=215.22664910612417, 215.22664910612417=262.51633096685026, 263.03603941418083=287.21240208827885, 287.21240208827885=336.13403522036145, 343.8047417663852=372.4591289982965, 372.4591289982965=430.5220527677279, 430.5220527677279=459.95125533599975, 459.95125533599975=519.6506084482119, 519.6506084482119=553.7327757333039, 553.7327757333039=588.3475629117146, 588.3475629117146=658.7122500718308, 667.8787961106387=708.367581891229, 708.367581891229=922.95913571645, 922.95913571645=1360.9034909659922, 1360.9034909659922=1818.781285205129, 1875.8587084726344=2135.408011054336, 2135.408011054336=2669.7829086893257, 2687.0325920819673=2982.9060983219365, 2982.9060983219365=3598.3477923213427, 3598.3477923213427=4322.444972610972, 4322.444972610972=4719.589784768774, 4719.589784768774=5160.770167412615, 5160.770167412615=6131.933852165585, 6131.933852165585=7617.482768715876];

Jobs: [[1; 20; 5.799495604087326], [1; 20; 5.880617937252953], [2; 20; 5.9664784862958955], [2; 20; 6.011340911301263], [2; 20; 6.057583812484973], [2; 30; 9.15792493011074], [2; 30; 9.231782352959154], [1; 80; 25.031912914786915], [2; 50; 15.921904606086768], [2; 50; 16.219579004855404], [1; 100; 33.0816839290345], [2; 60; 20.053653756538225], [1; 140; 47.809390308056685], [2; 70; 24.176362674097998], [1; 160; 56.59233967810633], [2; 80; 28.654387231911272], [2; 80; 29.429202568271844], [2; 90; 34.08216728509211], [2; 90; 34.614787178410666], [1; 200; 79.53123319892417], [2; 100; 40.48878578059022], [2; 520; 214.59155382522104], [1; 1040; 447.4678537216499], [1; 1120; 505.4317190345345], [2; 560; 259.54930258170174], [1; 1120; 551.6245810276313], [2; 580; 295.87350623996906], [1; 1200; 665.6421591246024], [2; 640; 397.14481215780177], [2; 660; 441.1803826438409], [1; 1360; 1145.3929291141876]];
Intervals[0.0=5.799495604087326, 5.799495604087326=11.68011354134028, 17.522991027188212=23.489469513484106, 23.489469513484106=29.50081042478537, 29.50081042478537=35.55839423727034, 35.55839423727034=44.71631916738108, 44.71631916738108=53.94810152034023, 53.94810152034023=78.98001443512715, 97.81385723909726=113.73576184518403, 145.87173241569604=162.09131142055145, 162.09131142055145=195.17299534958596, 195.17299534958596=215.22664910612417, 215.22664910612417=263.03603941418083, 263.03603941418083=287.21240208827885, 287.21240208827885=343.8047417663852, 343.8047417663852=372.4591289982965, 430.5220527677279=459.95125533599975, 519.6506084482119=553.7327757333039, 553.7327757333039=588.3475629117146, 588.3475629117146=667.8787961106387, 667.8787961106387=708.367581891229, 708.367581891229=922.95913571645, 922.95913571645=1370.4269894380998, 1370.4269894380998=1875.8587084726344, 1875.8587084726344=2135.408011054336, 2135.408011054336=2687.0325920819673, 2687.0325920819673=2982.9060983219365, 2982.9060983219365=3648.5482574465386, 4322.444972610972=4719.589784768774, 4719.589784768774=5160.770167412615, 5160.770167412615=6306.163096526802];
