1.107449357293493
81764.64227042746
90550.20053171724
[1; 10; 2.5382351005576504]
[1; 20; 5.093505463691594]
[1; 20; 5.11077171595501]
[1; 20; 5.128274495436522]
[2; 10; 2.5730097656410313]
[1; 20; 5.164012752962567]
[1; 30; 7.773390449214712]
[1; 30; 7.801152793617203]
[1; 30; 7.829316044352187]
[1; 40; 10.477187258369037]
[1; 40; 10.515848816274392]
[1; 40; 10.55508742166158]
[1; 40; 10.594918317651372]
[1; 40; 10.635357329181037]
[2; 20; 5.338210446104333]
[2; 20; 5.359063042371386]
[2; 20; 5.380245329917198]
[1; 50; 13.504416350850928]
[1; 50; 13.559090697503647]
[2; 30; 8.168796817406049]
[1; 60; 16.405385256293908]
[2; 30; 8.23715812801568]
[1; 60; 16.5444205739606]
[1; 60; 16.6157336130037]
[2; 40; 11.1255282147496]
[2; 40; 11.1747568568428]
[2; 40; 11.224868544439959]
[2; 40; 11.275891375396]
[2; 40; 11.327854742456134]
[2; 40; 11.380789411921832]
[1; 90; 25.728137118635555]
[1; 90; 25.851831987054382]
[2; 50; 14.432189155690901]
[1; 100; 29.007273602249356]
[2; 50; 14.57652062202745]
[2; 50; 14.650891912566937]
[2; 50; 14.7268046247905]
[2; 50; 14.804315550493046]
[2; 50; 14.88348451864721]
[2; 50; 14.964374610002873]
[1; 110; 33.10351525944895]
[1; 110; 33.289493966586654]
[1; 110; 33.47972377573312]
[1; 110; 33.67437770640873]
[1; 120; 36.953060745523594]
[2; 60; 18.587837457437416]
[2; 60; 18.701876122818064]
[1; 120; 37.637531766351394]
[1; 120; 37.87726773161014]
[1; 130; 41.30016681646035]
[1; 130; 41.57368582606997]
[1; 130; 41.85459762990387]
[1; 140; 45.385048314426946]
[2; 70; 22.85233593070722]
[2; 70; 23.016746877970963]
[1; 140; 46.37198748397666]
[1; 150; 50.05785228872151]
[1; 150; 50.44292782361662]
[2; 80; 27.114737379045053]
[2; 80; 27.333414059549757]
[1; 160; 55.11864057610585]
[2; 80; 27.79288498592904]
[1; 170; 59.57347055308999]
[1; 170; 60.10540468613159]
[2; 90; 32.11245594038689]
[1; 180; 64.83084306070113]
[2; 90; 32.73015404397508]
[2; 90; 33.05747729865437]
[2; 90; 33.398300060032895]
[1; 180; 67.5072555869811]
[2; 90; 34.12457648255117]
[1; 180; 69.02477792134694]
[1; 180; 69.83690863699367]
[1; 190; 74.61581009893852]
[1; 190; 75.56041430196912]
[1; 190; 76.55474430658863]
[1; 200; 81.68796817406049]
[2; 100; 41.427548416653885]
[2; 100; 42.04596120739234]
[2; 100; 42.703035482787755]
[1; 200; 86.80641937928178]
[2; 110; 48.566856777437344]
[2; 120; 53.94554560415348]
[2; 130; 59.565147844664224]
[2; 130; 60.78109739915871]
[2; 140; 66.87997902306586]
[2; 140; 68.43588208437042]
[2; 140; 70.14748374997892]
[2; 140; 72.04427343794889]
[2; 150; 79.46188738238529]
[2; 150; 82.02692628146953]
[2; 150; 84.95891056842102]
[2; 160; 94.25154959865918]
[2; 160; 98.54149532139627]
[2; 170; 110.22083162075114]
[2; 180; 124.01694129623814]
[2; 200; 148.43688915570175]
[2; 200; 163.37593634812097]
[2; 200; 187.01876122818064]
[2; 200; 235.62887399664797]


Jobs: [[1; 10; 2.5382351005576504], [1; 20; 5.11077171595501], [2; 10; 2.5730097656410313], [1; 20; 5.164012752962567], [1; 30; 7.801152793617203], [1; 40; 10.477187258369037], [1; 40; 10.55508742166158], [1; 40; 10.635357329181037], [2; 20; 5.338210446104333], [2; 20; 5.359063042371386], [2; 20; 5.380245329917198], [1; 50; 13.504416350850928], [2; 30; 8.168796817406049], [1; 60; 16.405385256293908], [2; 30; 8.23715812801568], [1; 60; 16.5444205739606], [2; 40; 11.1255282147496], [2; 40; 11.1747568568428], [2; 40; 11.224868544439959], [2; 40; 11.275891375396], [2; 40; 11.327854742456134], [2; 40; 11.380789411921832], [1; 90; 25.728137118635555], [2; 50; 14.432189155690901], [1; 100; 29.007273602249356], [2; 50; 14.57652062202745], [2; 50; 14.650891912566937], [2; 50; 14.7268046247905], [2; 50; 14.804315550493046], [2; 50; 14.88348451864721], [2; 50; 14.964374610002873], [1; 110; 33.10351525944895], [1; 110; 33.47972377573312], [1; 120; 36.953060745523594], [2; 60; 18.587837457437416], [2; 60; 18.701876122818064], [1; 120; 37.637531766351394], [1; 130; 41.30016681646035], [1; 130; 41.85459762990387], [2; 70; 22.85233593070722], [2; 70; 23.016746877970963], [1; 140; 46.37198748397666], [1; 150; 50.44292782361662], [2; 80; 27.114737379045053], [2; 80; 27.333414059549757], [1; 160; 55.11864057610585], [2; 80; 27.79288498592904], [1; 170; 59.57347055308999], [2; 90; 32.11245594038689], [1; 180; 64.83084306070113], [2; 90; 32.73015404397508], [2; 90; 33.05747729865437], [2; 90; 33.398300060032895], [1; 180; 67.5072555869811], [2; 90; 34.12457648255117], [1; 180; 69.02477792134694], [1; 190; 74.61581009893852], [1; 190; 76.55474430658863], [2; 100; 41.427548416653885], [2; 100; 42.04596120739234], [2; 100; 42.703035482787755], [1; 200; 86.80641937928178], [2; 110; 48.566856777437344], [2; 120; 53.94554560415348], [2; 130; 59.565147844664224], [2; 130; 60.78109739915871], [2; 140; 66.87997902306586], [2; 140; 68.43588208437042], [2; 140; 70.14748374997892], [2; 140; 72.04427343794889], [2; 150; 79.46188738238529], [2; 150; 82.02692628146953], [2; 150; 84.95891056842102], [2; 160; 94.25154959865918], [2; 160; 98.54149532139627], [2; 170; 110.22083162075114], [2; 180; 124.01694129623814], [2; 200; 148.43688915570175], [2; 200; 163.37593634812097], [2; 200; 187.01876122818064], [2; 200; 235.62887399664797]];
Intervals[0.0=2.5382351005576504, 2.5382351005576504=7.64900681651266, 10.221779959128117=12.79478972476915, 12.79478972476915=17.958802477731716, 17.958802477731716=25.759955271348918, 25.759955271348918=36.23714252971796, 36.23714252971796=46.79222995137954, 46.79222995137954=57.42758728056057, 57.42758728056057=62.76579772666491, 62.76579772666491=68.12486076903629, 68.12486076903629=73.50510609895349, 73.50510609895349=87.00952244980442, 87.06419679645714=95.23299361386319, 95.23299361386319=111.6383788701571, 111.6383788701571=119.87553699817278, 119.87553699817278=136.41995757213337, 136.49127061117647=147.61679882592608, 147.61679882592608=158.7915556827689, 158.7915556827689=170.01642422720886, 170.01642422720886=181.29231560260484, 181.29231560260484=192.62017034506098, 192.62017034506098=204.0009597569828, 204.0009597569828=229.72909687561835, 229.85279174403718=244.28498089972808, 244.28498089972808=273.2922545019774, 273.2922545019774=287.86877512400486, 287.86877512400486=302.5196670365718, 302.5196670365718=317.24647166136225, 317.24647166136225=332.0507872118553, 332.0507872118553=346.93427173050253, 346.93427173050253=361.8986463405054, 361.8986463405054=395.0021615999544, 395.0021615999544=428.4818853756875, 428.4818853756875=465.4349461212111, 465.4349461212111=484.0227835786485, 484.0227835786485=502.7246597014666, 502.7246597014666=540.362191467818, 540.362191467818=581.6623582842783, 581.6623582842783=623.5169559141822, 627.5606615735737=650.412997504281, 650.412997504281=673.4297443822519, 673.4297443822519=719.8017318662286, 719.8017318662286=770.2446596898452, 770.2446596898452=797.3593970688903, 797.3593970688903=824.6928111284401, 824.6928111284401=879.8114517045459, 879.8114517045459=907.604336690475, 907.604336690475=967.177807243565, 967.7097413766065=999.8221973169934, 999.8221973169934=1064.6530403776947, 1064.6530403776947=1097.3831944216697, 1097.3831944216697=1130.4406717203242, 1130.4406717203242=1163.838971780357, 1163.838971780357=1231.346227367338, 1231.346227367338=1265.4708038498893, 1265.4708038498893=1334.4955817712362, 1334.4955817712362=1409.1113918701747, 1409.1113918701747=1485.6661361767633, 1492.5560949629125=1533.9836433795665, 1533.9836433795665=1576.0296045869588, 1576.0296045869588=1618.7326400697466, 1618.7326400697466=1705.5390594490284, 1705.5390594490284=1754.1059162264658, 1754.1059162264658=1808.0514618306192, 1808.0514618306192=1867.6166096752834, 1867.6166096752834=1928.397707074442, 1928.397707074442=1995.2776860975077, 1995.2776860975077=2063.713568181878, 2063.713568181878=2133.861051931857, 2133.861051931857=2205.905325369806, 2205.905325369806=2285.3672127521913, 2285.3672127521913=2367.394139033661, 2367.394139033661=2452.3530496020817, 2452.3530496020817=2546.6045992007407, 2546.6045992007407=2645.146094522137, 2645.146094522137=2755.366926142888, 2755.366926142888=2879.3838674391263, 2879.3838674391263=3027.8207565948283, 3027.8207565948283=3191.196692942949, 3191.196692942949=3378.2154541711297, 3378.2154541711297=3613.844328167778];

Jobs: [[1; 20; 5.093505463691594], [1; 20; 5.128274495436522], [2; 10; 2.5730097656410313], [1; 30; 7.773390449214712], [1; 30; 7.829316044352187], [1; 40; 10.515848816274392], [1; 40; 10.594918317651372], [2; 20; 5.338210446104333], [2; 20; 5.359063042371386], [2; 20; 5.380245329917198], [1; 50; 13.559090697503647], [2; 30; 8.168796817406049], [2; 30; 8.23715812801568], [1; 60; 16.6157336130037], [2; 40; 11.1255282147496], [2; 40; 11.1747568568428], [2; 40; 11.224868544439959], [2; 40; 11.275891375396], [2; 40; 11.327854742456134], [2; 40; 11.380789411921832], [1; 90; 25.851831987054382], [2; 50; 14.432189155690901], [2; 50; 14.57652062202745], [2; 50; 14.650891912566937], [2; 50; 14.7268046247905], [2; 50; 14.804315550493046], [2; 50; 14.88348451864721], [2; 50; 14.964374610002873], [1; 110; 33.289493966586654], [1; 110; 33.67437770640873], [2; 60; 18.587837457437416], [2; 60; 18.701876122818064], [1; 120; 37.87726773161014], [1; 130; 41.57368582606997], [1; 140; 45.385048314426946], [2; 70; 22.85233593070722], [2; 70; 23.016746877970963], [1; 150; 50.05785228872151], [2; 80; 27.114737379045053], [2; 80; 27.333414059549757], [2; 80; 27.79288498592904], [1; 170; 60.10540468613159], [2; 90; 32.11245594038689], [2; 90; 32.73015404397508], [2; 90; 33.05747729865437], [2; 90; 33.398300060032895], [2; 90; 34.12457648255117], [1; 180; 69.83690863699367], [1; 190; 75.56041430196912], [1; 200; 81.68796817406049], [2; 100; 41.427548416653885], [2; 100; 42.04596120739234], [2; 100; 42.703035482787755], [2; 110; 48.566856777437344], [2; 120; 53.94554560415348], [2; 130; 59.565147844664224], [2; 130; 60.78109739915871], [2; 140; 66.87997902306586], [2; 140; 68.43588208437042], [2; 140; 70.14748374997892], [2; 140; 72.04427343794889], [2; 150; 79.46188738238529], [2; 150; 82.02692628146953], [2; 150; 84.95891056842102], [2; 160; 94.25154959865918], [2; 160; 98.54149532139627], [2; 170; 110.22083162075114], [2; 180; 124.01694129623814], [2; 200; 148.43688915570175], [2; 200; 163.37593634812097], [2; 200; 187.01876122818064], [2; 200; 235.62887399664797]];
Intervals[0.0=5.093505463691594, 5.093505463691594=10.221779959128117, 10.221779959128117=12.79478972476915, 12.79478972476915=20.568180173983862, 20.568180173983862=28.397496218336048, 28.397496218336048=38.913345034610444, 38.913345034610444=49.508263352261814, 57.42758728056057=62.76579772666491, 62.76579772666491=68.12486076903629, 68.12486076903629=73.50510609895349, 73.50510609895349=87.06419679645714, 87.06419679645714=95.23299361386319, 111.6383788701571=119.87553699817278, 119.87553699817278=136.49127061117647, 136.49127061117647=147.61679882592608, 147.61679882592608=158.7915556827689, 158.7915556827689=170.01642422720886, 170.01642422720886=181.29231560260484, 181.29231560260484=192.62017034506098, 192.62017034506098=204.0009597569828, 204.0009597569828=229.85279174403718, 229.85279174403718=244.28498089972808, 273.2922545019774=287.86877512400486, 287.86877512400486=302.5196670365718, 302.5196670365718=317.24647166136225, 317.24647166136225=332.0507872118553, 332.0507872118553=346.93427173050253, 346.93427173050253=361.8986463405054, 361.8986463405054=395.18814030709206, 395.18814030709206=428.8625180135008, 465.4349461212111=484.0227835786485, 484.0227835786485=502.7246597014666, 502.7246597014666=540.6019274330768, 540.6019274330768=582.1756132591468, 582.1756132591468=627.5606615735737, 627.5606615735737=650.412997504281, 650.412997504281=673.4297443822519, 673.4297443822519=723.4875966709734, 770.2446596898452=797.3593970688903, 797.3593970688903=824.6928111284401, 879.8114517045459=907.604336690475, 907.604336690475=967.7097413766065, 967.7097413766065=999.8221973169934, 1064.6530403776947=1097.3831944216697, 1097.3831944216697=1130.4406717203242, 1130.4406717203242=1163.838971780357, 1231.346227367338=1265.4708038498893, 1265.4708038498893=1335.307712486883, 1335.307712486883=1410.8681267888521, 1410.8681267888521=1492.5560949629125, 1492.5560949629125=1533.9836433795665, 1533.9836433795665=1576.0296045869588, 1576.0296045869588=1618.7326400697466, 1705.5390594490284=1754.1059162264658, 1754.1059162264658=1808.0514618306192, 1808.0514618306192=1867.6166096752834, 1867.6166096752834=1928.397707074442, 1928.397707074442=1995.2776860975077, 1995.2776860975077=2063.713568181878, 2063.713568181878=2133.861051931857, 2133.861051931857=2205.905325369806, 2205.905325369806=2285.3672127521913, 2285.3672127521913=2367.394139033661, 2367.394139033661=2452.3530496020817, 2452.3530496020817=2546.6045992007407, 2546.6045992007407=2645.146094522137, 2645.146094522137=2755.366926142888, 2755.366926142888=2879.3838674391263, 2879.3838674391263=3027.8207565948283, 3027.8207565948283=3191.196692942949, 3191.196692942949=3378.2154541711297, 3378.2154541711297=3613.844328167778];
