1.217832170686209
10348.671892375547
12602.94555441107
[2; 10; 1.6056400894029779]
[2; 10; 1.6164893380288807]
[2; 10; 1.6276378926565744]
[1; 20; 3.2782010179958587]
[2; 20; 3.301786008883614]
[1; 40; 6.652129438207457]
[2; 20; 3.3510736635533758]
[2; 20; 3.376852166314999]
[1; 40; 6.806885296511951]
[2; 20; 3.430890951745131]
[1; 60; 10.377740124947012]
[2; 30; 5.232845634287062]
[2; 30; 5.278350923874605]
[1; 60; 10.650963101844805]
[1; 80; 14.331578424256453]
[2; 40; 7.233394989781544]
[2; 40; 7.303626517853493]
[1; 80; 14.753335256986718]
[2; 40; 7.4527211097738855]
[1; 100; 18.83002831999152]
[2; 50; 9.518484139030463]
[1; 100; 19.25331598416727]
[2; 50; 9.739923182930113]
[2; 50; 9.858714441400561]
[2; 50; 9.983521544419041]
[2; 50; 10.114898735969488]
[1; 120; 24.608342910774596]
[2; 60; 12.479969084522539]
[2; 60; 12.666264745377688]
[1; 120; 25.728414207885944]
[1; 120; 26.150266467518783]
[2; 60; 13.300610875443333]
[1; 120; 27.084986002409853]
[2; 70; 16.103487383224515]
[2; 70; 16.432220359099997]
[1; 140; 33.579107883593885]
[1; 140; 34.36029587909163]
[2; 70; 17.60982852424953]
[2; 70; 18.085998721184442]
[1; 160; 42.55598286998047]
[1; 160; 43.92969491038261]
[2; 90; 25.59370800040812]
[1; 180; 53.23705798356303]
[1; 180; 55.66019150402178]
[2; 90; 29.297482067818333]
[1; 180; 62.26644074968207]
[1; 180; 67.07448998796498]
[1; 200; 82.02780970258198]
[2; 100; 46.94920102599999]
[2; 100; 59.15228664840337]


Jobs: [[2; 10; 1.6056400894029779], [2; 10; 1.6164893380288807], [2; 10; 1.6276378926565744], [1; 20; 3.2782010179958587], [2; 20; 3.301786008883614], [1; 40; 6.652129438207457], [2; 20; 3.3510736635533758], [2; 20; 3.376852166314999], [1; 40; 6.806885296511951], [2; 20; 3.430890951745131], [1; 60; 10.377740124947012], [2; 30; 5.232845634287062], [2; 30; 5.278350923874605], [1; 60; 10.650963101844805], [2; 40; 7.233394989781544], [2; 40; 7.303626517853493], [1; 80; 14.753335256986718], [2; 40; 7.4527211097738855], [1; 100; 18.83002831999152], [2; 50; 9.518484139030463], [1; 100; 19.25331598416727], [2; 50; 9.739923182930113], [2; 50; 9.858714441400561], [2; 50; 9.983521544419041], [2; 50; 10.114898735969488], [1; 120; 24.608342910774596], [2; 60; 12.479969084522539], [2; 60; 12.666264745377688], [1; 120; 25.728414207885944], [2; 60; 13.300610875443333], [1; 120; 27.084986002409853], [2; 70; 16.103487383224515], [2; 70; 16.432220359099997], [1; 140; 33.579107883593885], [2; 70; 17.60982852424953], [2; 70; 18.085998721184442], [1; 160; 42.55598286998047], [2; 90; 25.59370800040812], [1; 180; 53.23705798356303], [2; 90; 29.297482067818333], [1; 180; 62.26644074968207], [1; 200; 82.02780970258198], [2; 100; 46.94920102599999], [2; 100; 59.15228664840337]];
Intervals[4.9E-324=1.6056400894029779, 1.6056400894029779=3.2221294274318586, 3.2221294274318586=4.849767320088433, 4.849767320088433=8.127968338084292, 8.127968338084292=11.429754346967906, 11.429754346967906=18.081883785175364, 18.081883785175364=21.43295744872874, 21.43295744872874=24.80980961504374, 24.80980961504374=31.61669491155569, 31.61669491155569=35.047585863300824, 35.047585863300824=45.425325988247835, 45.425325988247835=50.658171622534894, 50.658171622534894=55.9365225464095, 55.9365225464095=66.5874856482543, 70.26810097066596=77.5014959604475, 77.5014959604475=84.80512247830099, 84.80512247830099=99.5584577352877, 99.5584577352877=107.0111788450616, 107.0111788450616=125.8412071650531, 125.8412071650531=135.35969130408358, 135.35969130408358=154.61300728825086, 154.61300728825086=164.35293047118097, 164.35293047118097=174.21164491258153, 174.21164491258153=184.19516645700057, 184.19516645700057=194.31006519297006, 194.31006519297006=218.91840810374464, 218.91840810374464=231.39837718826718, 231.39837718826718=244.06464193364485, 244.06464193364485=269.79305614153077, 270.21490840116365=283.515519276607, 283.515519276607=310.60050527901683, 310.60050527901683=326.7039926622413, 326.7039926622413=343.1362130213413, 343.1362130213413=376.7153209049352, 377.4965089004329=395.1063374246824, 395.1063374246824=413.1923361458669, 413.1923361458669=455.74831901584736, 457.1220310562495=482.71573905665764, 482.71573905665764=535.9527970402206, 538.3759305606794=567.6734126284978, 567.6734126284978=629.9398533781798, 629.9398533781798=711.9676630807618, 711.9676630807618=758.9168641067618, 758.9168641067618=818.0691507551651];

Jobs: [[2; 10; 1.6056400894029779], [2; 10; 1.6164893380288807], [2; 10; 1.6276378926565744], [2; 20; 3.301786008883614], [2; 20; 3.3510736635533758], [2; 20; 3.376852166314999], [2; 20; 3.430890951745131], [2; 30; 5.232845634287062], [2; 30; 5.278350923874605], [1; 80; 14.331578424256453], [2; 40; 7.233394989781544], [2; 40; 7.303626517853493], [2; 40; 7.4527211097738855], [2; 50; 9.518484139030463], [2; 50; 9.739923182930113], [2; 50; 9.858714441400561], [2; 50; 9.983521544419041], [2; 50; 10.114898735969488], [2; 60; 12.479969084522539], [2; 60; 12.666264745377688], [1; 120; 26.150266467518783], [2; 60; 13.300610875443333], [2; 70; 16.103487383224515], [2; 70; 16.432220359099997], [1; 140; 34.36029587909163], [2; 70; 17.60982852424953], [2; 70; 18.085998721184442], [1; 160; 43.92969491038261], [2; 90; 25.59370800040812], [1; 180; 55.66019150402178], [2; 90; 29.297482067818333], [1; 180; 67.07448998796498], [2; 100; 46.94920102599999], [2; 100; 59.15228664840337]];
Intervals[4.9E-324=1.6056400894029779, 1.6056400894029779=3.2221294274318586, 3.2221294274318586=4.849767320088433, 8.127968338084292=11.429754346967906, 18.081883785175364=21.43295744872874, 21.43295744872874=24.80980961504374, 31.61669491155569=35.047585863300824, 45.425325988247835=50.658171622534894, 50.658171622534894=55.9365225464095, 55.9365225464095=70.26810097066596, 70.26810097066596=77.5014959604475, 77.5014959604475=84.80512247830099, 99.5584577352877=107.0111788450616, 125.8412071650531=135.35969130408358, 154.61300728825086=164.35293047118097, 164.35293047118097=174.21164491258153, 174.21164491258153=184.19516645700057, 184.19516645700057=194.31006519297006, 218.91840810374464=231.39837718826718, 231.39837718826718=244.06464193364485, 244.06464193364485=270.21490840116365, 270.21490840116365=283.515519276607, 310.60050527901683=326.7039926622413, 326.7039926622413=343.1362130213413, 343.1362130213413=377.4965089004329, 377.4965089004329=395.1063374246824, 395.1063374246824=413.1923361458669, 413.1923361458669=457.1220310562495, 457.1220310562495=482.71573905665764, 482.71573905665764=538.3759305606794, 538.3759305606794=567.6734126284978, 567.6734126284978=634.7479026164627, 711.9676630807618=758.9168641067618, 758.9168641067618=818.0691507551651];
