1.0944021159569488
22605.696012465673
24739.721548721995
[1; 10; 2.083335870388745]
[1; 20; 4.194825782244546]
[1; 20; 4.22375652944269]
[1; 30; 6.380253410658588]
[1; 30; 6.4261560925642724]
[1; 60; 12.946817874583168]
[1; 60; 13.044166025136416]
[1; 60; 13.144509707091018]
[1; 60; 13.248014045088384]
[2; 30; 6.677428741039214]
[2; 40; 8.976822140306563]
[2; 40; 9.052900531543127]
[1; 90; 20.546157053720005]
[2; 50; 11.51645255097348]
[1; 110; 25.568650758316274]
[2; 60; 14.078115649664754]
[1; 120; 28.429609865230123]
[1; 130; 31.106751893752488]
[1; 140; 33.844959794314754]
[2; 70; 17.102519791868524]
[1; 150; 37.051017041948526]
[1; 160; 39.97022653180923]
[1; 160; 40.440507634557996]
[1; 170; 43.49209148963729]
[1; 170; 44.0426827432232]
[1; 170; 44.62225819076523]
[2; 90; 23.947198924840926]
[1; 180; 48.57869598559148]
[2; 100; 27.39103225565485]
[2; 100; 27.8190862745163]
[2; 100; 28.27521793933646]
[2; 110; 31.639099270078496]
[2; 120; 35.143070517614376]
[2; 120; 35.819063909502376]
[2; 130; 39.5961217578669]
[2; 130; 40.457175452342675]
[2; 140; 44.58286598256221]
[2; 150; 48.962032131201696]
[2; 160; 53.638364464759015]
[2; 160; 55.21686098759839]
[2; 170; 60.561721862629746]
[2; 180; 66.4162414546234]
[2; 180; 69.0756747188357]
[2; 180; 72.21971740637855]
[2; 180; 76.02761752996841]
[2; 180; 80.79139926275904]
[2; 190; 91.8648908702829]
[2; 190; 101.11039546043943]
[2; 200; 121.8342207934366]
[2; 200; 153.50149937519046]


Jobs: [[1; 10; 2.083335870388745], [1; 20; 4.22375652944269], [1; 30; 6.4261560925642724], [1; 60; 13.044166025136416], [1; 60; 13.248014045088384], [2; 30; 6.677428741039214], [2; 40; 8.976822140306563], [2; 40; 9.052900531543127], [1; 90; 20.546157053720005], [2; 50; 11.51645255097348], [1; 110; 25.568650758316274], [2; 60; 14.078115649664754], [1; 120; 28.429609865230123], [1; 140; 33.844959794314754], [2; 70; 17.102519791868524], [1; 150; 37.051017041948526], [1; 160; 40.440507634557996], [1; 170; 44.0426827432232], [2; 90; 23.947198924840926], [1; 180; 48.57869598559148], [2; 100; 27.39103225565485], [2; 100; 27.8190862745163], [2; 100; 28.27521793933646], [2; 110; 31.639099270078496], [2; 120; 35.143070517614376], [2; 120; 35.819063909502376], [2; 130; 39.5961217578669], [2; 130; 40.457175452342675], [2; 140; 44.58286598256221], [2; 150; 48.962032131201696], [2; 160; 53.638364464759015], [2; 160; 55.21686098759839], [2; 170; 60.561721862629746], [2; 180; 66.4162414546234], [2; 180; 69.0756747188357], [2; 180; 72.21971740637855], [2; 180; 76.02761752996841], [2; 180; 80.79139926275904], [2; 190; 91.8648908702829], [2; 190; 101.11039546043943], [2; 200; 121.8342207934366], [2; 200; 153.50149937519046]];
Intervals[0.0=2.083335870388745, 2.083335870388745=6.307092399831435, 6.307092399831435=12.733248492395708, 12.733248492395708=25.777414517532122, 25.777414517532122=39.025428562620505, 39.025428562620505=45.70285730365972, 45.70285730365972=54.67967944396628, 54.67967944396628=63.73257997550941, 63.73257997550941=84.27873702922942, 84.27873702922942=95.7951895802029, 95.7951895802029=121.36384033851917, 121.36384033851917=135.44195598818393, 135.44195598818393=163.87156585341407, 163.87156585341407=197.71652564772882, 197.71652564772882=214.81904543959735, 214.81904543959735=251.87006248154586, 251.87006248154586=292.31057011610386, 292.31057011610386=336.3532528593271, 342.9036216518091=366.85082057665, 366.85082057665=415.4295165622415, 415.4295165622415=442.82054881789634, 442.82054881789634=470.6396350924126, 470.6396350924126=498.9148530317491, 498.9148530317491=530.5539523018276, 530.5539523018276=565.697022819442, 565.697022819442=601.5160867289444, 601.5160867289444=641.1122084868113, 641.1122084868113=681.5693839391539, 681.5693839391539=726.1522499217161, 726.1522499217161=775.1142820529178, 775.1142820529178=828.7526465176768, 828.7526465176768=883.9695075052751, 883.9695075052751=944.5312293679049, 944.5312293679049=1010.9474708225283, 1010.9474708225283=1080.023145541364, 1080.023145541364=1152.2428629477427, 1152.2428629477427=1228.270480477711, 1228.270480477711=1309.0618797404702, 1309.0618797404702=1400.926770610753, 1400.926770610753=1502.0371660711924, 1502.0371660711924=1623.871386864629, 1623.871386864629=1777.3728862398193];

Jobs: [[1; 20; 4.194825782244546], [1; 30; 6.380253410658588], [1; 60; 12.946817874583168], [1; 60; 13.144509707091018], [2; 30; 6.677428741039214], [2; 40; 8.976822140306563], [2; 40; 9.052900531543127], [2; 50; 11.51645255097348], [2; 60; 14.078115649664754], [1; 130; 31.106751893752488], [2; 70; 17.102519791868524], [1; 160; 39.97022653180923], [1; 170; 43.49209148963729], [1; 170; 44.62225819076523], [2; 90; 23.947198924840926], [2; 100; 27.39103225565485], [2; 100; 27.8190862745163], [2; 100; 28.27521793933646], [2; 110; 31.639099270078496], [2; 120; 35.143070517614376], [2; 120; 35.819063909502376], [2; 130; 39.5961217578669], [2; 130; 40.457175452342675], [2; 140; 44.58286598256221], [2; 150; 48.962032131201696], [2; 160; 53.638364464759015], [2; 160; 55.21686098759839], [2; 170; 60.561721862629746], [2; 180; 66.4162414546234], [2; 180; 69.0756747188357], [2; 180; 72.21971740637855], [2; 180; 76.02761752996841], [2; 180; 80.79139926275904], [2; 190; 91.8648908702829], [2; 190; 101.11039546043943], [2; 200; 121.8342207934366], [2; 200; 153.50149937519046]];
Intervals[0.0=4.194825782244546, 4.194825782244546=10.575079192903134, 10.575079192903134=23.5218970674863, 23.5218970674863=36.66640677457732, 39.025428562620505=45.70285730365972, 45.70285730365972=54.67967944396628, 54.67967944396628=63.73257997550941, 84.27873702922942=95.7951895802029, 121.36384033851917=135.44195598818393, 135.44195598818393=166.54870788193642, 197.71652564772882=214.81904543959735, 214.81904543959735=254.78927197140658, 254.78927197140658=298.28136346104384, 298.28136346104384=342.9036216518091, 342.9036216518091=366.85082057665, 415.4295165622415=442.82054881789634, 442.82054881789634=470.6396350924126, 470.6396350924126=498.9148530317491, 498.9148530317491=530.5539523018276, 530.5539523018276=565.697022819442, 565.697022819442=601.5160867289444, 601.5160867289444=641.1122084868113, 641.1122084868113=681.5693839391539, 681.5693839391539=726.1522499217161, 726.1522499217161=775.1142820529178, 775.1142820529178=828.7526465176768, 828.7526465176768=883.9695075052751, 883.9695075052751=944.5312293679049, 944.5312293679049=1010.9474708225283, 1010.9474708225283=1080.023145541364, 1080.023145541364=1152.2428629477427, 1152.2428629477427=1228.270480477711, 1228.270480477711=1309.0618797404702, 1309.0618797404702=1400.926770610753, 1400.926770610753=1502.0371660711924, 1502.0371660711924=1623.871386864629, 1623.871386864629=1777.3728862398193];
