1.0000000000000004
12167.917736342544
12167.91773634255
[2; 10; 1.6946970966157877]
[2; 10; 1.706148100030642]
[2; 10; 1.7179150104881653]
[2; 10; 1.7300134021274387]
[2; 10; 1.7424599696505663]
[2; 20; 3.5105452709001352]
[2; 20; 3.5369413392519173]
[2; 20; 3.564149649553554]
[2; 20; 3.5922149755505797]
[2; 30; 5.431778553395901]
[2; 30; 5.476671321068051]
[2; 40; 7.364114670523527]
[2; 40; 7.428153664611628]
[2; 40; 7.494479974678854]
[2; 40; 7.563240512554628]
[2; 40; 7.634596052229855]
[2; 40; 7.708722979864477]
[2; 40; 7.7858153238785075]
[2; 50; 9.832608900009795]
[2; 50; 9.937218973820018]
[2; 50; 10.046427926819073]
[2; 60; 12.192721985682413]
[2; 60; 12.336178934478355]
[2; 60; 12.486634969173943]
[2; 60; 12.64471042071633]
[2; 70; 14.946291816553693]
[2; 70; 15.151060985510876]
[2; 70; 15.36753396053351]
[2; 70; 15.596933959483994]
[2; 70; 15.840675422053206]
[2; 70; 16.10040478846147]
[2; 70; 16.37805253682138]
[2; 80; 19.058171854370528]
[2; 80; 19.424764700279177]
[2; 80; 19.821297485609623]
[2; 80; 20.252329634001697]
[2; 80; 20.72348201975865]
[2; 80; 21.24178243851408]
[2; 80; 21.816160758726983]
[2; 80; 22.45817761071323]
[2; 90; 26.081021449042478]
[2; 90; 27.01326587831487]
[2; 90; 28.094928680641374]
[2; 90; 29.373695126788324]
[2; 90; 30.922470188786967]
[2; 90; 32.86002792640831]
[2; 100; 39.33043560003918]
[2; 100; 43.28874567288822]
[2; 100; 49.553243714024056]
[2; 100; 62.433174845869715]


Jobs: [[2; 10; 1.6946970966157877], [2; 10; 1.706148100030642], [2; 10; 1.7179150104881653], [2; 10; 1.7300134021274387], [2; 10; 1.7424599696505663], [2; 20; 3.5105452709001352], [2; 20; 3.5369413392519173], [2; 20; 3.564149649553554], [2; 20; 3.5922149755505797], [2; 30; 5.431778553395901], [2; 30; 5.476671321068051], [2; 40; 7.364114670523527], [2; 40; 7.428153664611628], [2; 40; 7.494479974678854], [2; 40; 7.563240512554628], [2; 40; 7.634596052229855], [2; 40; 7.708722979864477], [2; 40; 7.7858153238785075], [2; 50; 9.832608900009795], [2; 50; 9.937218973820018], [2; 50; 10.046427926819073], [2; 60; 12.192721985682413], [2; 60; 12.336178934478355], [2; 60; 12.486634969173943], [2; 60; 12.64471042071633], [2; 70; 14.946291816553693], [2; 70; 15.151060985510876], [2; 70; 15.36753396053351], [2; 70; 15.596933959483994], [2; 70; 15.840675422053206], [2; 70; 16.10040478846147], [2; 70; 16.37805253682138], [2; 80; 19.058171854370528], [2; 80; 19.424764700279177], [2; 80; 19.821297485609623], [2; 80; 20.252329634001697], [2; 80; 20.72348201975865], [2; 80; 21.24178243851408], [2; 80; 21.816160758726983], [2; 80; 22.45817761071323], [2; 90; 26.081021449042478], [2; 90; 27.01326587831487], [2; 90; 28.094928680641374], [2; 90; 29.373695126788324], [2; 90; 30.922470188786967], [2; 90; 32.86002792640831], [2; 100; 39.33043560003918], [2; 100; 43.28874567288822], [2; 100; 49.553243714024056], [2; 100; 62.433174845869715]];
Intervals[4.9E-324=1.6946970966157877, 1.6946970966157877=3.4008451966464297, 3.4008451966464297=5.118760207134595, 5.118760207134595=6.848773609262033, 6.848773609262033=8.5912335789126, 8.5912335789126=12.101778849812735, 12.101778849812735=15.638720189064653, 15.638720189064653=19.202869838618206, 19.202869838618206=22.795084814168785, 22.795084814168785=28.226863367564686, 28.226863367564686=33.703534688632736, 33.703534688632736=41.06764935915626, 41.06764935915626=48.49580302376789, 48.49580302376789=55.990282998446745, 55.990282998446745=63.55352351100137, 63.55352351100137=71.18811956323123, 71.18811956323123=78.8968425430957, 78.8968425430957=86.68265786697421, 86.68265786697421=96.51526676698401, 96.51526676698401=106.45248574080404, 106.45248574080404=116.49891366762311, 116.49891366762311=128.69163565330553, 128.69163565330553=141.0278145877839, 141.0278145877839=153.51444955695783, 153.51444955695783=166.15915997767416, 166.15915997767416=181.10545179422786, 181.10545179422786=196.25651277973873, 196.25651277973873=211.62404674027223, 211.62404674027223=227.22098069975624, 227.22098069975624=243.06165612180945, 243.06165612180945=259.1620609102709, 259.1620609102709=275.54011344709227, 275.54011344709227=294.5982853014628, 294.5982853014628=314.023050001742, 314.023050001742=333.8443474873516, 333.8443474873516=354.0966771213533, 354.0966771213533=374.82015914111196, 374.82015914111196=396.061941579626, 396.061941579626=417.878102338353, 417.878102338353=440.33627994906624, 440.33627994906624=466.4173013981087, 466.4173013981087=493.4305672764236, 493.4305672764236=521.525495957065, 521.525495957065=550.8991910838533, 550.8991910838533=581.8216612726403, 581.8216612726403=614.6816891990486, 614.6816891990486=654.0121247990878, 654.0121247990878=697.300870471976, 697.300870471976=746.8541141860001, 746.8541141860001=809.2872890318698];

Jobs: [[2; 10; 1.6946970966157877], [2; 10; 1.706148100030642], [2; 10; 1.7179150104881653], [2; 10; 1.7300134021274387], [2; 10; 1.7424599696505663], [2; 20; 3.5105452709001352], [2; 20; 3.5369413392519173], [2; 20; 3.564149649553554], [2; 20; 3.5922149755505797], [2; 30; 5.431778553395901], [2; 30; 5.476671321068051], [2; 40; 7.364114670523527], [2; 40; 7.428153664611628], [2; 40; 7.494479974678854], [2; 40; 7.563240512554628], [2; 40; 7.634596052229855], [2; 40; 7.708722979864477], [2; 40; 7.7858153238785075], [2; 50; 9.832608900009795], [2; 50; 9.937218973820018], [2; 50; 10.046427926819073], [2; 60; 12.192721985682413], [2; 60; 12.336178934478355], [2; 60; 12.486634969173943], [2; 60; 12.64471042071633], [2; 70; 14.946291816553693], [2; 70; 15.151060985510876], [2; 70; 15.36753396053351], [2; 70; 15.596933959483994], [2; 70; 15.840675422053206], [2; 70; 16.10040478846147], [2; 70; 16.37805253682138], [2; 80; 19.058171854370528], [2; 80; 19.424764700279177], [2; 80; 19.821297485609623], [2; 80; 20.252329634001697], [2; 80; 20.72348201975865], [2; 80; 21.24178243851408], [2; 80; 21.816160758726983], [2; 80; 22.45817761071323], [2; 90; 26.081021449042478], [2; 90; 27.01326587831487], [2; 90; 28.094928680641374], [2; 90; 29.373695126788324], [2; 90; 30.922470188786967], [2; 90; 32.86002792640831], [2; 100; 39.33043560003918], [2; 100; 43.28874567288822], [2; 100; 49.553243714024056], [2; 100; 62.433174845869715]];
Intervals[4.9E-324=1.6946970966157877, 1.6946970966157877=3.4008451966464297, 3.4008451966464297=5.118760207134595, 5.118760207134595=6.848773609262033, 6.848773609262033=8.5912335789126, 8.5912335789126=12.101778849812735, 12.101778849812735=15.638720189064653, 15.638720189064653=19.202869838618206, 19.202869838618206=22.795084814168785, 22.795084814168785=28.226863367564686, 28.226863367564686=33.703534688632736, 33.703534688632736=41.06764935915626, 41.06764935915626=48.49580302376789, 48.49580302376789=55.990282998446745, 55.990282998446745=63.55352351100137, 63.55352351100137=71.18811956323123, 71.18811956323123=78.8968425430957, 78.8968425430957=86.68265786697421, 86.68265786697421=96.51526676698401, 96.51526676698401=106.45248574080404, 106.45248574080404=116.49891366762311, 116.49891366762311=128.69163565330553, 128.69163565330553=141.0278145877839, 141.0278145877839=153.51444955695783, 153.51444955695783=166.15915997767416, 166.15915997767416=181.10545179422786, 181.10545179422786=196.25651277973873, 196.25651277973873=211.62404674027223, 211.62404674027223=227.22098069975624, 227.22098069975624=243.06165612180945, 243.06165612180945=259.1620609102709, 259.1620609102709=275.54011344709227, 275.54011344709227=294.5982853014628, 294.5982853014628=314.023050001742, 314.023050001742=333.8443474873516, 333.8443474873516=354.0966771213533, 354.0966771213533=374.82015914111196, 374.82015914111196=396.061941579626, 396.061941579626=417.878102338353, 417.878102338353=440.33627994906624, 440.33627994906624=466.4173013981087, 466.4173013981087=493.4305672764236, 493.4305672764236=521.525495957065, 521.525495957065=550.8991910838533, 550.8991910838533=581.8216612726403, 581.8216612726403=614.6816891990486, 614.6816891990486=654.0121247990878, 654.0121247990878=697.300870471976, 697.300870471976=746.8541141860001, 746.8541141860001=809.2872890318698];
