1.1423617668472648
11868.374543538052
13557.977313161227
[1; 20; 3.361350037941367]
[2; 10; 1.6920312757436053]
[2; 10; 1.7037008257156425]
[2; 10; 1.7156991141640356]
[2; 20; 3.456085395314815]
[1; 40; 6.962997401187102]
[2; 30; 5.261514548218794]
[2; 30; 5.301989327626583]
[2; 30; 5.343738994038944]
[2; 30; 5.3868355244742]
[2; 40; 7.24180912708087]
[2; 40; 7.303183317124896]
[2; 40; 7.366692446761579]
[2; 40; 7.432469966917302]
[1; 80; 15.001323147719345]
[2; 40; 7.571426711320998]
[1; 80; 15.289880612052237]
[1; 80; 15.442789561972567]
[1; 80; 15.60200480197254]
[2; 50; 9.854997521794427]
[2; 50; 9.96330287000089]
[2; 50; 10.076531914126132]
[2; 60; 12.234108269927985]
[1; 120; 24.766638835464107]
[2; 60; 12.540086938636133]
[2; 60; 12.705107006601775]
[2; 60; 12.879171198254484]
[2; 60; 13.063184219374138]
[2; 60; 13.258185867257946]
[1; 120; 26.930756974934877]
[1; 140; 31.934377154855017]
[1; 140; 32.485078086217676]
[1; 140; 33.075844917651935]
[1; 140; 33.712074258632214]
[2; 70; 17.200132486745332]
[2; 80; 20.0847600198274]
[1; 160; 41.10402809593391]
[2; 80; 21.06602600199923]
[2; 80; 21.635651863840803]
[2; 80; 22.272356610102666]
[1; 160; 45.982621705924316]
[1; 160; 47.62623229120918]
[2; 80; 24.766638835464107]
[2; 80; 25.893915116768714]
[2; 90; 30.666614862881556]
[2; 100; 36.20904563540435]
[2; 100; 39.00501200493135]
[2; 100; 42.93057066084828]
[2; 100; 49.14323567641523]
[2; 100; 61.91659708866027]


Jobs: [[1; 20; 3.361350037941367], [2; 10; 1.6920312757436053], [2; 10; 1.7037008257156425], [2; 10; 1.7156991141640356], [2; 20; 3.456085395314815], [1; 40; 6.962997401187102], [2; 30; 5.261514548218794], [2; 30; 5.301989327626583], [2; 30; 5.343738994038944], [2; 30; 5.3868355244742], [2; 40; 7.24180912708087], [2; 40; 7.303183317124896], [2; 40; 7.366692446761579], [2; 40; 7.432469966917302], [1; 80; 15.001323147719345], [2; 40; 7.571426711320998], [1; 80; 15.289880612052237], [1; 80; 15.60200480197254], [2; 50; 9.854997521794427], [2; 50; 9.96330287000089], [2; 50; 10.076531914126132], [2; 60; 12.234108269927985], [1; 120; 24.766638835464107], [2; 60; 12.540086938636133], [2; 60; 12.705107006601775], [2; 60; 12.879171198254484], [2; 60; 13.063184219374138], [2; 60; 13.258185867257946], [1; 120; 26.930756974934877], [1; 140; 32.485078086217676], [1; 140; 33.712074258632214], [2; 70; 17.200132486745332], [2; 80; 20.0847600198274], [1; 160; 41.10402809593391], [2; 80; 21.06602600199923], [2; 80; 21.635651863840803], [2; 80; 22.272356610102666], [1; 160; 45.982621705924316], [2; 80; 24.766638835464107], [2; 80; 25.893915116768714], [2; 90; 30.666614862881556], [2; 100; 36.20904563540435], [2; 100; 39.00501200493135], [2; 100; 42.93057066084828], [2; 100; 49.14323567641523], [2; 100; 61.91659708866027]];
Intervals[0.0=3.361350037941367, 3.361350037941367=5.053381313684973, 5.053381313684973=6.757082139400616, 6.757082139400616=8.472781253564651, 8.472781253564651=11.928866648879467, 11.928866648879467=18.89186405006657, 18.89186405006657=24.153378598285364, 24.153378598285364=29.455367925911947, 29.455367925911947=34.79910691995089, 34.79910691995089=40.18594244442509, 40.18594244442509=47.42775157150596, 47.42775157150596=54.730934888630856, 54.730934888630856=62.09762733539243, 62.09762733539243=69.53009730230973, 69.53009730230973=84.53142045002907, 84.53142045002907=92.10284716135007, 92.10284716135007=107.3927277734023, 107.3927277734023=122.99473257537484, 122.99473257537484=132.84973009716927, 132.84973009716927=142.81303296717016, 142.81303296717016=152.88956488129628, 152.88956488129628=165.12367315122427, 165.12367315122427=189.89031198668837, 189.89031198668837=202.4303989253245, 202.4303989253245=215.13550593192628, 215.13550593192628=228.01467713018076, 228.01467713018076=241.0778613495549, 241.0778613495549=254.33604721681283, 254.33604721681283=281.2668041917477, 281.2668041917477=313.7518822779654, 313.7518822779654=347.4639565365976, 347.4639565365976=364.66408902334297, 364.66408902334297=384.74884904317037, 384.74884904317037=425.8528771391043, 425.8528771391043=446.9189031411035, 446.9189031411035=468.5545550049443, 468.5545550049443=490.826911615047, 490.826911615047=536.8095333209712, 538.4531439062562=563.2197827417203, 563.2197827417203=589.1136978584891, 589.1136978584891=619.7803127213707, 619.7803127213707=655.989358356775, 655.989358356775=694.9943703617064, 694.9943703617064=737.9249410225547, 737.9249410225547=787.0681766989699, 787.0681766989699=848.9847737876302];

Jobs: [[2; 10; 1.6920312757436053], [2; 10; 1.7037008257156425], [2; 10; 1.7156991141640356], [2; 20; 3.456085395314815], [2; 30; 5.261514548218794], [2; 30; 5.301989327626583], [2; 30; 5.343738994038944], [2; 30; 5.3868355244742], [2; 40; 7.24180912708087], [2; 40; 7.303183317124896], [2; 40; 7.366692446761579], [2; 40; 7.432469966917302], [2; 40; 7.571426711320998], [1; 80; 15.442789561972567], [2; 50; 9.854997521794427], [2; 50; 9.96330287000089], [2; 50; 10.076531914126132], [2; 60; 12.234108269927985], [2; 60; 12.540086938636133], [2; 60; 12.705107006601775], [2; 60; 12.879171198254484], [2; 60; 13.063184219374138], [2; 60; 13.258185867257946], [1; 140; 31.934377154855017], [1; 140; 33.075844917651935], [2; 70; 17.200132486745332], [2; 80; 20.0847600198274], [2; 80; 21.06602600199923], [2; 80; 21.635651863840803], [2; 80; 22.272356610102666], [1; 160; 47.62623229120918], [2; 80; 24.766638835464107], [2; 80; 25.893915116768714], [2; 90; 30.666614862881556], [2; 100; 36.20904563540435], [2; 100; 39.00501200493135], [2; 100; 42.93057066084828], [2; 100; 49.14323567641523], [2; 100; 61.91659708866027]];
Intervals[3.361350037941367=5.053381313684973, 5.053381313684973=6.757082139400616, 6.757082139400616=8.472781253564651, 8.472781253564651=11.928866648879467, 18.89186405006657=24.153378598285364, 24.153378598285364=29.455367925911947, 29.455367925911947=34.79910691995089, 34.79910691995089=40.18594244442509, 40.18594244442509=47.42775157150596, 47.42775157150596=54.730934888630856, 54.730934888630856=62.09762733539243, 62.09762733539243=69.53009730230973, 84.53142045002907=92.10284716135007, 92.10284716135007=107.54563672332264, 122.99473257537484=132.84973009716927, 132.84973009716927=142.81303296717016, 142.81303296717016=152.88956488129628, 152.88956488129628=165.12367315122427, 189.89031198668837=202.4303989253245, 202.4303989253245=215.13550593192628, 215.13550593192628=228.01467713018076, 228.01467713018076=241.0778613495549, 241.0778613495549=254.33604721681283, 254.33604721681283=286.27042437166784, 286.27042437166784=319.34626928931976, 347.4639565365976=364.66408902334297, 364.66408902334297=384.74884904317037, 425.8528771391043=446.9189031411035, 446.9189031411035=468.5545550049443, 468.5545550049443=490.826911615047, 490.826911615047=538.4531439062562, 538.4531439062562=563.2197827417203, 563.2197827417203=589.1136978584891, 589.1136978584891=619.7803127213707, 619.7803127213707=655.989358356775, 655.989358356775=694.9943703617064, 694.9943703617064=737.9249410225547, 737.9249410225547=787.0681766989699, 787.0681766989699=848.9847737876302];
