1.0000000000000004
54202.1170933913
54202.11709339133
[2; 10; 2.213173264622025]
[2; 10; 2.220600076204881]
[2; 10; 2.228127591658674]
[2; 10; 2.235758225163929]
[2; 10; 2.2434944744389624]
[2; 10; 2.2513389245371744]
[2; 10; 2.259294251859032]
[2; 10; 2.2673632283933336]
[2; 10; 2.2755487262034486]
[2; 10; 2.28385372217555]
[2; 10; 2.2922813030471927]
[2; 20; 4.601669341472228]
[2; 20; 4.619034295981599]
[2; 20; 4.6366643687722435]
[2; 20; 4.654566725378788]
[2; 20; 4.672748811248636]
[2; 20; 4.691218366125418]
[2; 20; 4.709983439353035]
[2; 20; 4.729052406171103]
[2; 20; 4.748433985079004]
[2; 20; 4.768137256352805]
[2; 20; 4.788171681807075]
[2; 20; 4.808547125902262]
[2; 20; 4.82927387830783]
[2; 20; 4.850362678041961]
[2; 30; 7.307737108980543]
[2; 30; 7.340507668889697]
[2; 30; 7.373874071394859]
[2; 30; 7.40785553789454]
[2; 30; 7.4424721880249844]
[2; 30; 7.477745095005036]
[2; 30; 7.5136963452386265]
[2; 30; 7.5503491025694816]
[2; 30; 7.587727677625705]
[2; 30; 7.625857602740224]
[2; 30; 7.6647657129876805]
[2; 30; 7.7044802339399485]
[2; 40; 10.326707835749632]
[2; 40; 10.381931922334209]
[2; 40; 10.438356573469749]
[2; 40; 10.496028222147325]
[2; 40; 10.554995910126584]
[2; 40; 10.615311481746282]
[2; 40; 10.677029795765511]
[2; 50; 13.425261196578843]
[2; 50; 13.506138214863775]
[2; 50; 13.589000031360525]
[2; 50; 13.67393348652482]
[2; 50; 13.76103095252302]
[2; 50; 13.850390800245146]
[2; 50; 13.942117915809229]
[2; 50; 14.036324272911655]
[2; 60; 16.95975548201091]
[2; 60; 17.079194314942104]
[2; 60; 17.202070441231143]
[2; 60; 17.32856079593764]
[2; 60; 17.458855619080683]
[2; 60; 17.59315978633495]
[2; 60; 17.73169430740455]
[2; 70; 20.853814354068398]
[2; 70; 21.026167743234097]
[2; 70; 21.204364101675132]
[2; 70; 21.388759131913375]
[2; 70; 21.579740300880708]
[2; 70; 21.777730629138496]
[2; 70; 21.983193052204957]
[2; 70; 22.19663545955836]
[2; 70; 22.418616540117622]
[2; 70; 22.649752592226474]
[2; 70; 22.890725493167725]
[2; 80; 26.448333794748155]
[2; 80; 26.748908774085752]
[2; 80; 27.063630691050427]
[2; 80; 27.39370749845315]
[2; 80; 27.74050010454184]
[2; 80; 28.105548547591173]
[2; 80; 28.490603910474018]
[2; 80; 28.897667534242004]
[2; 90; 32.995169552332726]
[2; 90; 33.510802362300126]
[2; 90; 34.06025743498443]
[2; 90; 34.64761867897996]
[2; 90; 35.277713021046736]
[2; 90; 35.95629632443784]
[2; 90; 36.69030008467341]
[2; 90; 37.4881640429803]
[2; 90; 38.36029274351479]
[2; 90; 39.31969501836359]
[2; 90; 40.38290053990133]
[2; 90; 41.571308663834394]
[2; 90; 42.913235307175235]
[2; 90; 44.447133227367246]
[2; 90; 46.22688140363969]
[2; 90; 48.33094030768384]
[2; 100; 56.53251827336969]
[2; 100; 60.07476498066886]
[2; 100; 64.71357883493279]
[2; 100; 71.22650977618505]
[2; 100; 81.53400018816315]
[2; 100; 102.7264031191993]


Jobs: [[2; 10; 2.213173264622025], [2; 10; 2.220600076204881], [2; 10; 2.228127591658674], [2; 10; 2.235758225163929], [2; 10; 2.2434944744389624], [2; 10; 2.2513389245371744], [2; 10; 2.259294251859032], [2; 10; 2.2673632283933336], [2; 10; 2.2755487262034486], [2; 10; 2.28385372217555], [2; 10; 2.2922813030471927], [2; 20; 4.601669341472228], [2; 20; 4.619034295981599], [2; 20; 4.6366643687722435], [2; 20; 4.654566725378788], [2; 20; 4.672748811248636], [2; 20; 4.691218366125418], [2; 20; 4.709983439353035], [2; 20; 4.729052406171103], [2; 20; 4.748433985079004], [2; 20; 4.768137256352805], [2; 20; 4.788171681807075], [2; 20; 4.808547125902262], [2; 20; 4.82927387830783], [2; 20; 4.850362678041961], [2; 30; 7.307737108980543], [2; 30; 7.340507668889697], [2; 30; 7.373874071394859], [2; 30; 7.40785553789454], [2; 30; 7.4424721880249844], [2; 30; 7.477745095005036], [2; 30; 7.5136963452386265], [2; 30; 7.5503491025694816], [2; 30; 7.587727677625705], [2; 30; 7.625857602740224], [2; 30; 7.6647657129876805], [2; 30; 7.7044802339399485], [2; 40; 10.326707835749632], [2; 40; 10.381931922334209], [2; 40; 10.438356573469749], [2; 40; 10.496028222147325], [2; 40; 10.554995910126584], [2; 40; 10.615311481746282], [2; 40; 10.677029795765511], [2; 50; 13.425261196578843], [2; 50; 13.506138214863775], [2; 50; 13.589000031360525], [2; 50; 13.67393348652482], [2; 50; 13.76103095252302], [2; 50; 13.850390800245146], [2; 50; 13.942117915809229], [2; 50; 14.036324272911655], [2; 60; 16.95975548201091], [2; 60; 17.079194314942104], [2; 60; 17.202070441231143], [2; 60; 17.32856079593764], [2; 60; 17.458855619080683], [2; 60; 17.59315978633495], [2; 60; 17.73169430740455], [2; 70; 20.853814354068398], [2; 70; 21.026167743234097], [2; 70; 21.204364101675132], [2; 70; 21.388759131913375], [2; 70; 21.579740300880708], [2; 70; 21.777730629138496], [2; 70; 21.983193052204957], [2; 70; 22.19663545955836], [2; 70; 22.418616540117622], [2; 70; 22.649752592226474], [2; 70; 22.890725493167725], [2; 80; 26.448333794748155], [2; 80; 26.748908774085752], [2; 80; 27.063630691050427], [2; 80; 27.39370749845315], [2; 80; 27.74050010454184], [2; 80; 28.105548547591173], [2; 80; 28.490603910474018], [2; 80; 28.897667534242004], [2; 90; 32.995169552332726], [2; 90; 33.510802362300126], [2; 90; 34.06025743498443], [2; 90; 34.64761867897996], [2; 90; 35.277713021046736], [2; 90; 35.95629632443784], [2; 90; 36.69030008467341], [2; 90; 37.4881640429803], [2; 90; 38.36029274351479], [2; 90; 39.31969501836359], [2; 90; 40.38290053990133], [2; 90; 41.571308663834394], [2; 90; 42.913235307175235], [2; 90; 44.447133227367246], [2; 90; 46.22688140363969], [2; 90; 48.33094030768384], [2; 100; 56.53251827336969], [2; 100; 60.07476498066886], [2; 100; 64.71357883493279], [2; 100; 71.22650977618505], [2; 100; 81.53400018816315], [2; 100; 102.7264031191993]];
Intervals[4.9E-324=2.213173264622025, 2.213173264622025=4.433773340826907, 4.433773340826907=6.6619009324855805, 6.6619009324855805=8.89765915764951, 8.89765915764951=11.141153632088473, 11.141153632088473=13.392492556625648, 13.392492556625648=15.65178680848468, 15.65178680848468=17.919150036878012, 17.919150036878012=20.194698763081462, 20.194698763081462=22.478552485257012, 22.478552485257012=24.770833788304206, 24.770833788304206=29.372503129776433, 29.372503129776433=33.99153742575803, 33.99153742575803=38.62820179453028, 38.62820179453028=43.28276851990906, 43.28276851990906=47.9555173311577, 47.9555173311577=52.64673569728312, 52.64673569728312=57.35671913663616, 57.35671913663616=62.085771542807265, 62.085771542807265=66.83420552788627, 66.83420552788627=71.60234278423907, 71.60234278423907=76.39051446604614, 76.39051446604614=81.19906159194841, 81.19906159194841=86.02833547025624, 86.02833547025624=90.8786981482982, 90.8786981482982=98.18643525727875, 98.18643525727875=105.52694292616845, 105.52694292616845=112.90081699756331, 112.90081699756331=120.30867253545784, 120.30867253545784=127.75114472348282, 127.75114472348282=135.22888981848786, 135.22888981848786=142.7425861637265, 142.7425861637265=150.29293526629596, 150.29293526629596=157.88066294392166, 157.88066294392166=165.50652054666187, 165.50652054666187=173.17128625964955, 173.17128625964955=180.8757664935895, 180.8757664935895=191.20247432933914, 191.20247432933914=201.58440625167336, 201.58440625167336=212.0227628251431, 212.0227628251431=222.51879104729042, 222.51879104729042=233.073786957417, 233.073786957417=243.6890984391633, 243.6890984391633=254.36612823492882, 254.36612823492882=267.79138943150764, 267.79138943150764=281.2975276463714, 281.2975276463714=294.8865276777319, 294.8865276777319=308.56046116425676, 308.56046116425676=322.3214921167798, 322.3214921167798=336.1718829170249, 336.1718829170249=350.1140008328341, 350.1140008328341=364.15032510574576, 364.15032510574576=381.11008058775667, 381.11008058775667=398.1892749026988, 398.1892749026988=415.39134534392997, 415.39134534392997=432.7199061398676, 432.7199061398676=450.17876175894827, 450.17876175894827=467.77192154528325, 467.77192154528325=485.5036158526878, 485.5036158526878=506.3574302067562, 506.3574302067562=527.3835979499903, 527.3835979499903=548.5879620516654, 548.5879620516654=569.9767211835788, 569.9767211835788=591.5564614844595, 591.5564614844595=613.3341921135981, 613.3341921135981=635.317385165803, 635.317385165803=657.5140206253614, 657.5140206253614=679.9326371654789, 679.9326371654789=702.5823897577054, 702.5823897577054=725.4731152508731, 725.4731152508731=751.9214490456212, 751.9214490456212=778.670357819707, 778.670357819707=805.7339885107574, 805.7339885107574=833.1276960092106, 833.1276960092106=860.8681961137524, 860.8681961137524=888.9737446613436, 888.9737446613436=917.4643485718176, 917.4643485718176=946.3620161060596, 946.3620161060596=979.3571856583924, 979.3571856583924=1012.8679880206926, 1012.8679880206926=1046.928245455677, 1046.928245455677=1081.575864134657, 1081.575864134657=1116.8535771557038, 1116.8535771557038=1152.8098734801415, 1152.8098734801415=1189.500173564815, 1189.500173564815=1226.9883376077953, 1226.9883376077953=1265.34863035131, 1265.34863035131=1304.6683253696735, 1304.6683253696735=1345.051225909575, 1345.051225909575=1386.6225345734092, 1386.6225345734092=1429.5357698805844, 1429.5357698805844=1473.9829031079516, 1473.9829031079516=1520.2097845115914, 1520.2097845115914=1568.5407248192753, 1568.5407248192753=1625.073243092645, 1625.073243092645=1685.1480080733138, 1685.1480080733138=1749.8615869082466, 1749.8615869082466=1821.0880966844318, 1821.0880966844318=1902.622096872595, 1902.622096872595=2005.3484999917944];

Jobs: [[2; 10; 2.213173264622025], [2; 10; 2.220600076204881], [2; 10; 2.228127591658674], [2; 10; 2.235758225163929], [2; 10; 2.2434944744389624], [2; 10; 2.2513389245371744], [2; 10; 2.259294251859032], [2; 10; 2.2673632283933336], [2; 10; 2.2755487262034486], [2; 10; 2.28385372217555], [2; 10; 2.2922813030471927], [2; 20; 4.601669341472228], [2; 20; 4.619034295981599], [2; 20; 4.6366643687722435], [2; 20; 4.654566725378788], [2; 20; 4.672748811248636], [2; 20; 4.691218366125418], [2; 20; 4.709983439353035], [2; 20; 4.729052406171103], [2; 20; 4.748433985079004], [2; 20; 4.768137256352805], [2; 20; 4.788171681807075], [2; 20; 4.808547125902262], [2; 20; 4.82927387830783], [2; 20; 4.850362678041961], [2; 30; 7.307737108980543], [2; 30; 7.340507668889697], [2; 30; 7.373874071394859], [2; 30; 7.40785553789454], [2; 30; 7.4424721880249844], [2; 30; 7.477745095005036], [2; 30; 7.5136963452386265], [2; 30; 7.5503491025694816], [2; 30; 7.587727677625705], [2; 30; 7.625857602740224], [2; 30; 7.6647657129876805], [2; 30; 7.7044802339399485], [2; 40; 10.326707835749632], [2; 40; 10.381931922334209], [2; 40; 10.438356573469749], [2; 40; 10.496028222147325], [2; 40; 10.554995910126584], [2; 40; 10.615311481746282], [2; 40; 10.677029795765511], [2; 50; 13.425261196578843], [2; 50; 13.506138214863775], [2; 50; 13.589000031360525], [2; 50; 13.67393348652482], [2; 50; 13.76103095252302], [2; 50; 13.850390800245146], [2; 50; 13.942117915809229], [2; 50; 14.036324272911655], [2; 60; 16.95975548201091], [2; 60; 17.079194314942104], [2; 60; 17.202070441231143], [2; 60; 17.32856079593764], [2; 60; 17.458855619080683], [2; 60; 17.59315978633495], [2; 60; 17.73169430740455], [2; 70; 20.853814354068398], [2; 70; 21.026167743234097], [2; 70; 21.204364101675132], [2; 70; 21.388759131913375], [2; 70; 21.579740300880708], [2; 70; 21.777730629138496], [2; 70; 21.983193052204957], [2; 70; 22.19663545955836], [2; 70; 22.418616540117622], [2; 70; 22.649752592226474], [2; 70; 22.890725493167725], [2; 80; 26.448333794748155], [2; 80; 26.748908774085752], [2; 80; 27.063630691050427], [2; 80; 27.39370749845315], [2; 80; 27.74050010454184], [2; 80; 28.105548547591173], [2; 80; 28.490603910474018], [2; 80; 28.897667534242004], [2; 90; 32.995169552332726], [2; 90; 33.510802362300126], [2; 90; 34.06025743498443], [2; 90; 34.64761867897996], [2; 90; 35.277713021046736], [2; 90; 35.95629632443784], [2; 90; 36.69030008467341], [2; 90; 37.4881640429803], [2; 90; 38.36029274351479], [2; 90; 39.31969501836359], [2; 90; 40.38290053990133], [2; 90; 41.571308663834394], [2; 90; 42.913235307175235], [2; 90; 44.447133227367246], [2; 90; 46.22688140363969], [2; 90; 48.33094030768384], [2; 100; 56.53251827336969], [2; 100; 60.07476498066886], [2; 100; 64.71357883493279], [2; 100; 71.22650977618505], [2; 100; 81.53400018816315], [2; 100; 102.7264031191993]];
Intervals[4.9E-324=2.213173264622025, 2.213173264622025=4.433773340826907, 4.433773340826907=6.6619009324855805, 6.6619009324855805=8.89765915764951, 8.89765915764951=11.141153632088473, 11.141153632088473=13.392492556625648, 13.392492556625648=15.65178680848468, 15.65178680848468=17.919150036878012, 17.919150036878012=20.194698763081462, 20.194698763081462=22.478552485257012, 22.478552485257012=24.770833788304206, 24.770833788304206=29.372503129776433, 29.372503129776433=33.99153742575803, 33.99153742575803=38.62820179453028, 38.62820179453028=43.28276851990906, 43.28276851990906=47.9555173311577, 47.9555173311577=52.64673569728312, 52.64673569728312=57.35671913663616, 57.35671913663616=62.085771542807265, 62.085771542807265=66.83420552788627, 66.83420552788627=71.60234278423907, 71.60234278423907=76.39051446604614, 76.39051446604614=81.19906159194841, 81.19906159194841=86.02833547025624, 86.02833547025624=90.8786981482982, 90.8786981482982=98.18643525727875, 98.18643525727875=105.52694292616845, 105.52694292616845=112.90081699756331, 112.90081699756331=120.30867253545784, 120.30867253545784=127.75114472348282, 127.75114472348282=135.22888981848786, 135.22888981848786=142.7425861637265, 142.7425861637265=150.29293526629596, 150.29293526629596=157.88066294392166, 157.88066294392166=165.50652054666187, 165.50652054666187=173.17128625964955, 173.17128625964955=180.8757664935895, 180.8757664935895=191.20247432933914, 191.20247432933914=201.58440625167336, 201.58440625167336=212.0227628251431, 212.0227628251431=222.51879104729042, 222.51879104729042=233.073786957417, 233.073786957417=243.6890984391633, 243.6890984391633=254.36612823492882, 254.36612823492882=267.79138943150764, 267.79138943150764=281.2975276463714, 281.2975276463714=294.8865276777319, 294.8865276777319=308.56046116425676, 308.56046116425676=322.3214921167798, 322.3214921167798=336.1718829170249, 336.1718829170249=350.1140008328341, 350.1140008328341=364.15032510574576, 364.15032510574576=381.11008058775667, 381.11008058775667=398.1892749026988, 398.1892749026988=415.39134534392997, 415.39134534392997=432.7199061398676, 432.7199061398676=450.17876175894827, 450.17876175894827=467.77192154528325, 467.77192154528325=485.5036158526878, 485.5036158526878=506.3574302067562, 506.3574302067562=527.3835979499903, 527.3835979499903=548.5879620516654, 548.5879620516654=569.9767211835788, 569.9767211835788=591.5564614844595, 591.5564614844595=613.3341921135981, 613.3341921135981=635.317385165803, 635.317385165803=657.5140206253614, 657.5140206253614=679.9326371654789, 679.9326371654789=702.5823897577054, 702.5823897577054=725.4731152508731, 725.4731152508731=751.9214490456212, 751.9214490456212=778.670357819707, 778.670357819707=805.7339885107574, 805.7339885107574=833.1276960092106, 833.1276960092106=860.8681961137524, 860.8681961137524=888.9737446613436, 888.9737446613436=917.4643485718176, 917.4643485718176=946.3620161060596, 946.3620161060596=979.3571856583924, 979.3571856583924=1012.8679880206926, 1012.8679880206926=1046.928245455677, 1046.928245455677=1081.575864134657, 1081.575864134657=1116.8535771557038, 1116.8535771557038=1152.8098734801415, 1152.8098734801415=1189.500173564815, 1189.500173564815=1226.9883376077953, 1226.9883376077953=1265.34863035131, 1265.34863035131=1304.6683253696735, 1304.6683253696735=1345.051225909575, 1345.051225909575=1386.6225345734092, 1386.6225345734092=1429.5357698805844, 1429.5357698805844=1473.9829031079516, 1473.9829031079516=1520.2097845115914, 1520.2097845115914=1568.5407248192753, 1568.5407248192753=1625.073243092645, 1625.073243092645=1685.1480080733138, 1685.1480080733138=1749.8615869082466, 1749.8615869082466=1821.0880966844318, 1821.0880966844318=1902.622096872595, 1902.622096872595=2005.3484999917944];
