1.1040366835307018
667422.4514785885
736858.8698443517
[1; 20; 10.221318740620099]
[2; 20; 10.255618725003774]
[2; 20; 10.290383800114736]
[1; 40; 20.6512502312072]
[1; 40; 20.722708413863785]
[2; 20; 10.397583012909449]
[2; 30; 15.65148584133509]
[1; 60; 31.414768959077865]
[1; 60; 31.528180660961205]
[1; 60; 31.643248033670833]
[1; 60; 31.76001384457013]
[1; 60; 31.878522456866857]
[2; 40; 21.332546605268544]
[1; 80; 42.82793865629959]
[1; 80; 42.99329913304924]
[1; 80; 43.16124341289014]
[1; 80; 43.331842986281615]
[1; 80; 43.505172203398566]
[1; 80; 43.681308424649245]
[1; 80; 43.86033218106351]
[2; 40; 22.021163672664944]
[2; 40; 22.11369065716576]
[1; 80; 44.4155852041107]
[1; 100; 55.75879257285024]
[1; 100; 56.00228383874587]
[1; 120; 67.50010173858163]
[1; 120; 67.80279682666571]
[1; 120; 68.11099559328268]
[1; 140; 79.8290215130739]
[1; 140; 80.20205974172694]
[2; 70; 40.29108498436664]
[1; 140; 80.96959020305587]
[2; 70; 40.68228503221778]
[1; 140; 81.76737153066657]
[1; 160; 93.91802256566768]
[1; 160; 94.39720444481725]
[1; 160; 94.88631786251857]
[1; 160; 95.38572873415119]
[1; 160; 95.8958225439433]
[1; 160; 96.41700572765862]
[1; 160; 96.94970717752113]
[1; 160; 97.49437988242693]
[1; 180; 110.30794055789971]
[2; 90; 55.47464010224584]
[2; 90; 55.80290005029142]
[1; 180; 112.27814041510419]
[1; 180; 112.96698059426319]
[1; 200; 126.30338061460237]
[1; 200; 127.10788243621639]
[1; 200; 127.93328142397897]
[1; 200; 128.78054638992216]
[2; 100; 64.82535580630874]
[2; 520; 339.41669503898754]
[2; 520; 341.8070322095806]
[1; 1040; 688.532320313647]
[2; 540; 360.13598988953856]
[2; 540; 362.8438809638569]
[1; 1120; 758.3542761501802]
[2; 560; 382.1629077640901]
[1; 1120; 770.4899995963217]
[1; 1160; 804.602901976755]
[1; 1160; 811.421895759846]
[1; 1160; 818.4780925072312]
[1; 1160; 825.7863193153938]
[1; 1160; 833.3627638023264]
[1; 1160; 841.2251410013121]
[1; 1160; 849.3928861871515]
[1; 1160; 857.8873785636516]
[1; 1200; 896.6195191650228]
[1; 1200; 906.1587406507311]
[1; 1200; 916.1173264057721]
[1; 1200; 926.5286418630018]
[1; 1240; 968.6776448776876]
[1; 1240; 980.4919512460251]
[1; 1240; 992.9045594715016]
[1; 1240; 1005.9705915244821]
[1; 1240; 1019.7527232097266]
[2; 620; 517.1612938611503]
[1; 1240; 1049.7625145932818]
[2; 640; 550.2801051211543]
[1; 1280; 1118.6053881456714]
[1; 1280; 1137.89547876156]
[2; 640; 579.294503896894]
[1; 1280; 1180.8750090352025]
[1; 1280; 1204.9811263388071]
[1; 1320; 1269.6590540832492]
[1; 1320; 1299.1965395597304]
[2; 660; 665.8449147659104]
[1; 1320; 1367.6987553150097]
[1; 1360; 1450.6131691582611]
[2; 680; 748.7195648706081]
[2; 680; 775.4819232698609]
[1; 1360; 1613.0674036628152]
[1; 1360; 1686.4876459643629]
[1; 1360; 1775.4104048193194]
[2; 680; 943.3275402486092]
[2; 680; 1016.1687883870259]
[1; 1400; 2302.667439505834]
[1; 1400; 2635.896213866141]
[2; 700; 1660.5105625940746]


Jobs: [[1; 20; 10.221318740620099], [2; 20; 10.255618725003774], [2; 20; 10.290383800114736], [1; 40; 20.6512502312072], [2; 20; 10.397583012909449], [2; 30; 15.65148584133509], [1; 60; 31.414768959077865], [1; 60; 31.643248033670833], [1; 60; 31.878522456866857], [2; 40; 21.332546605268544], [1; 80; 42.82793865629959], [1; 80; 43.16124341289014], [1; 80; 43.505172203398566], [1; 80; 43.86033218106351], [2; 40; 22.021163672664944], [2; 40; 22.11369065716576], [1; 80; 44.4155852041107], [1; 100; 56.00228383874587], [1; 120; 67.80279682666571], [1; 140; 79.8290215130739], [2; 70; 40.29108498436664], [1; 140; 80.96959020305587], [2; 70; 40.68228503221778], [1; 140; 81.76737153066657], [1; 160; 94.39720444481725], [1; 160; 95.38572873415119], [1; 160; 96.41700572765862], [1; 160; 97.49437988242693], [2; 90; 55.47464010224584], [2; 90; 55.80290005029142], [1; 180; 112.27814041510419], [1; 200; 126.30338061460237], [1; 200; 127.93328142397897], [2; 100; 64.82535580630874], [2; 520; 339.41669503898754], [2; 520; 341.8070322095806], [1; 1040; 688.532320313647], [2; 540; 360.13598988953856], [2; 540; 362.8438809638569], [1; 1120; 758.3542761501802], [2; 560; 382.1629077640901], [1; 1120; 770.4899995963217], [1; 1160; 811.421895759846], [1; 1160; 825.7863193153938], [1; 1160; 841.2251410013121], [1; 1160; 857.8873785636516], [1; 1200; 906.1587406507311], [1; 1200; 926.5286418630018], [1; 1240; 980.4919512460251], [1; 1240; 1005.9705915244821], [2; 620; 517.1612938611503], [1; 1240; 1049.7625145932818], [2; 640; 550.2801051211543], [1; 1280; 1118.6053881456714], [2; 640; 579.294503896894], [1; 1280; 1180.8750090352025], [1; 1320; 1269.6590540832492], [2; 660; 665.8449147659104], [1; 1320; 1367.6987553150097], [2; 680; 748.7195648706081], [2; 680; 775.4819232698609], [1; 1360; 1613.0674036628152], [1; 1360; 1775.4104048193194], [2; 680; 943.3275402486092], [2; 680; 1016.1687883870259], [1; 1400; 2302.667439505834], [2; 700; 1660.5105625940746]];
Intervals[0.0=10.221318740620099, 10.221318740620099=20.476937465623873, 20.476937465623873=30.76732126573861, 30.76732126573861=51.41857149694581, 51.490029679602394=61.887612692511844, 61.887612692511844=77.53909853384694, 77.53909853384694=108.9538674929248, 108.9538674929248=140.59711552659564, 140.59711552659564=172.4756379834625, 172.4756379834625=193.80818458873102, 193.80818458873102=236.6361232450306, 236.6361232450306=279.79736665792075, 279.79736665792075=323.3025388613193, 323.3025388613193=367.1628710423828, 367.1628710423828=389.18403471504774, 389.18403471504774=411.2977253722135, 411.2977253722135=455.7133105763242, 455.7133105763242=511.7155944150701, 511.7155944150701=579.5183912417358, 579.5183912417358=659.3474127548097, 682.869675018655=723.1607600030217, 723.1607600030217=804.1303502060775, 804.1303502060775=844.8126352382953, 844.8126352382953=926.5800067689619, 926.5800067689619=1020.9772112137791, 1020.9772112137791=1116.3629399479303, 1116.3629399479303=1212.7799456755888, 1212.7799456755888=1310.2743255580158, 1336.7704459458455=1392.2450860480913, 1392.2450860480913=1448.0479860983826, 1448.0479860983826=1560.3261265134868, 1560.3261265134868=1686.6295071280892, 1686.6295071280892=1814.5627885520682, 1816.9033955187845=1881.7287513250933, 1881.7287513250933=2221.1454463640807, 2221.1454463640807=2562.952478573661, 2562.952478573661=3251.484798887308, 3251.484798887308=3611.6207887768464, 3611.6207887768464=3974.4646697407034, 3974.4646697407034=4732.818945890884, 4732.818945890884=5114.981853654974, 5114.981853654974=5885.471853251295, 5885.471853251295=6696.893749011141, 6696.893749011141=7522.680068326535, 7522.680068326535=8363.905209327846, 8363.905209327846=9221.792587891498, 9221.792587891498=10127.951328542229, 10127.951328542229=11054.479970405231, 11054.479970405231=12034.971921651257, 12034.971921651257=13040.942513175738, 13214.890271258148=13732.051565119298, 13732.051565119298=14781.81407971258, 14781.81407971258=15332.094184833733, 15332.094184833733=16450.699572979403, 16469.989663595294=17049.284167492187, 17049.284167492187=18230.15917652739, 18230.15917652739=19499.81823061064, 19553.461833390724=20219.306748156636, 20219.306748156636=21587.005503471646, 21669.919917314895=22418.639482185503, 22418.639482185503=23194.121405455364, 23194.121405455364=24807.18880911818, 24807.18880911818=26582.599213937498, 26582.599213937498=27525.926754186108, 27525.926754186108=28542.095542573134, 28542.095542573134=30844.762982078966, 31177.991756439274=32838.50231903335];

Jobs: [[2; 20; 10.255618725003774], [2; 20; 10.290383800114736], [1; 40; 20.722708413863785], [2; 20; 10.397583012909449], [2; 30; 15.65148584133509], [1; 60; 31.528180660961205], [1; 60; 31.76001384457013], [2; 40; 21.332546605268544], [1; 80; 42.99329913304924], [1; 80; 43.331842986281615], [1; 80; 43.681308424649245], [2; 40; 22.021163672664944], [2; 40; 22.11369065716576], [1; 100; 55.75879257285024], [1; 120; 67.50010173858163], [1; 120; 68.11099559328268], [1; 140; 80.20205974172694], [2; 70; 40.29108498436664], [2; 70; 40.68228503221778], [1; 160; 93.91802256566768], [1; 160; 94.88631786251857], [1; 160; 95.8958225439433], [1; 160; 96.94970717752113], [1; 180; 110.30794055789971], [2; 90; 55.47464010224584], [2; 90; 55.80290005029142], [1; 180; 112.96698059426319], [1; 200; 127.10788243621639], [1; 200; 128.78054638992216], [2; 100; 64.82535580630874], [2; 520; 339.41669503898754], [2; 520; 341.8070322095806], [2; 540; 360.13598988953856], [2; 540; 362.8438809638569], [2; 560; 382.1629077640901], [1; 1160; 804.602901976755], [1; 1160; 818.4780925072312], [1; 1160; 833.3627638023264], [1; 1160; 849.3928861871515], [1; 1200; 896.6195191650228], [1; 1200; 916.1173264057721], [1; 1240; 968.6776448776876], [1; 1240; 992.9045594715016], [1; 1240; 1019.7527232097266], [2; 620; 517.1612938611503], [2; 640; 550.2801051211543], [1; 1280; 1137.89547876156], [2; 640; 579.294503896894], [1; 1280; 1204.9811263388071], [1; 1320; 1299.1965395597304], [2; 660; 665.8449147659104], [1; 1360; 1450.6131691582611], [2; 680; 748.7195648706081], [2; 680; 775.4819232698609], [1; 1360; 1686.4876459643629], [2; 680; 943.3275402486092], [2; 680; 1016.1687883870259], [1; 1400; 2635.896213866141], [2; 700; 1660.5105625940746]];
Intervals[10.221318740620099=20.476937465623873, 20.476937465623873=30.76732126573861, 30.76732126573861=51.490029679602394, 51.490029679602394=61.887612692511844, 61.887612692511844=77.53909853384694, 77.53909853384694=109.06727919480815, 109.06727919480815=140.82729303937828, 172.4756379834625=193.80818458873102, 193.80818458873102=236.80148372178027, 236.80148372178027=280.1333267080619, 280.1333267080619=323.81463513271115, 367.1628710423828=389.18403471504774, 389.18403471504774=411.2977253722135, 411.2977253722135=467.0565179450638, 467.0565179450638=534.5566196836454, 534.5566196836454=602.6676152769281, 602.6676152769281=682.869675018655, 682.869675018655=723.1607600030217, 804.1303502060775=844.8126352382953, 844.8126352382953=938.730657803963, 938.730657803963=1033.6169756664815, 1033.6169756664815=1129.5127982104248, 1129.5127982104248=1226.4625053879458, 1226.4625053879458=1336.7704459458455, 1336.7704459458455=1392.2450860480913, 1392.2450860480913=1448.0479860983826, 1448.0479860983826=1561.0149666926459, 1561.0149666926459=1688.1228491288623, 1688.1228491288623=1816.9033955187845, 1816.9033955187845=1881.7287513250933, 1881.7287513250933=2221.1454463640807, 2221.1454463640807=2562.952478573661, 3251.484798887308=3611.6207887768464, 3611.6207887768464=3974.4646697407034, 4732.818945890884=5114.981853654974, 5114.981853654974=5919.5847556317285, 5919.5847556317285=6738.062848138959, 6738.062848138959=7571.425611941286, 7571.425611941286=8420.818498128438, 8420.818498128438=9317.43801729346, 9317.43801729346=10233.555343699232, 10233.555343699232=11202.23298857692, 11202.23298857692=12195.13754804842, 12195.13754804842=13214.890271258148, 13214.890271258148=13732.051565119298, 14781.81407971258=15332.094184833733, 15332.094184833733=16469.989663595294, 16469.989663595294=17049.284167492187, 17049.284167492187=18254.265293830995, 18254.265293830995=19553.461833390724, 19553.461833390724=20219.306748156636, 20219.306748156636=21669.919917314895, 21669.919917314895=22418.639482185503, 22418.639482185503=23194.121405455364, 23194.121405455364=24880.609051419728, 26582.599213937498=27525.926754186108, 27525.926754186108=28542.095542573134, 28542.095542573134=31177.991756439274, 31177.991756439274=32838.50231903335];
