1.0000000000000002
12603.263481470782
12603.263481470785
[2; 10; 1.7146717879328064]
[2; 10; 1.7262577595723296]
[2; 20; 3.4763267234394424]
[2; 20; 3.50080870415995]
[2; 20; 3.5259952442574414]
[2; 20; 3.5519226110045587]
[2; 30; 5.3679446982880155]
[2; 30; 5.409238203332104]
[2; 30; 5.451832383851742]
[2; 30; 5.495800672819573]
[2; 30; 5.541222572912147]
[2; 30; 5.5881843253276315]
[2; 30; 5.6367796716773135]
[2; 40; 7.5828142996592485]
[2; 40; 7.652385289456846]
[2; 40; 7.724581867263087]
[2; 40; 7.799582498228372]
[2; 40; 7.877583497705176]
[2; 50; 9.948501780224717]
[2; 50; 10.054344849557964]
[2; 50; 10.164841003160342]
[2; 50; 10.28036044942132]
[2; 60; 12.481580355617144]
[2; 60; 12.633809753148975]
[2; 60; 12.793748374431644]
[2; 60; 12.962106475664525]
[2; 70; 15.32964025310699]
[2; 70; 15.548664705242077]
[2; 70; 15.780768546770867]
[2; 70; 16.02738288879783]
[2; 70; 16.290173577450833]
[2; 70; 16.57109384458677]
[2; 80; 19.282802616185105]
[2; 80; 19.65371633981914]
[2; 80; 20.05492289251478]
[2; 80; 20.49103543794597]
[2; 80; 20.9677411013285]
[2; 90; 24.178669326007114]
[2; 90; 24.8324611399782]
[2; 90; 25.56324318290855]
[2; 90; 26.388427624292024]
[2; 90; 27.331660031736984]
[2; 90; 28.426071944585196]
[2; 90; 29.7199106800984]
[2; 90; 31.286940510954974]
[2; 90; 33.247335437472884]
[2; 90; 35.814606408808984]
[2; 90; 39.41907493656083]
[2; 100; 50.137307231286954]
[2; 100; 63.16904876574488]


Jobs: [[2; 10; 1.7146717879328064], [2; 10; 1.7262577595723296], [2; 20; 3.4763267234394424], [2; 20; 3.50080870415995], [2; 20; 3.5259952442574414], [2; 20; 3.5519226110045587], [2; 30; 5.3679446982880155], [2; 30; 5.409238203332104], [2; 30; 5.451832383851742], [2; 30; 5.495800672819573], [2; 30; 5.541222572912147], [2; 30; 5.5881843253276315], [2; 30; 5.6367796716773135], [2; 40; 7.5828142996592485], [2; 40; 7.652385289456846], [2; 40; 7.724581867263087], [2; 40; 7.799582498228372], [2; 40; 7.877583497705176], [2; 50; 9.948501780224717], [2; 50; 10.054344849557964], [2; 50; 10.164841003160342], [2; 50; 10.28036044942132], [2; 60; 12.481580355617144], [2; 60; 12.633809753148975], [2; 60; 12.793748374431644], [2; 60; 12.962106475664525], [2; 70; 15.32964025310699], [2; 70; 15.548664705242077], [2; 70; 15.780768546770867], [2; 70; 16.02738288879783], [2; 70; 16.290173577450833], [2; 70; 16.57109384458677], [2; 80; 19.282802616185105], [2; 80; 19.65371633981914], [2; 80; 20.05492289251478], [2; 80; 20.49103543794597], [2; 80; 20.9677411013285], [2; 90; 24.178669326007114], [2; 90; 24.8324611399782], [2; 90; 25.56324318290855], [2; 90; 26.388427624292024], [2; 90; 27.331660031736984], [2; 90; 28.426071944585196], [2; 90; 29.7199106800984], [2; 90; 31.286940510954974], [2; 90; 33.247335437472884], [2; 90; 35.814606408808984], [2; 90; 39.41907493656083], [2; 100; 50.137307231286954], [2; 100; 63.16904876574488]];
Intervals[4.9E-324=1.7146717879328064, 1.7146717879328064=3.440929547505136, 3.440929547505136=6.917256270944579, 6.917256270944579=10.418064975104528, 10.418064975104528=13.944060219361969, 13.944060219361969=17.49598283036653, 17.49598283036653=22.863927528654543, 22.863927528654543=28.273165731986648, 28.273165731986648=33.72499811583839, 33.72499811583839=39.22079878865796, 39.22079878865796=44.762021361570106, 44.762021361570106=50.35020568689774, 50.35020568689774=55.986985358575055, 55.986985358575055=63.5697996582343, 63.5697996582343=71.22218494769115, 71.22218494769115=78.94676681495423, 78.94676681495423=86.7463493131826, 86.7463493131826=94.62393281088778, 94.62393281088778=104.5724345911125, 104.5724345911125=114.62677944067046, 114.62677944067046=124.79162044383081, 124.79162044383081=135.07198089325212, 135.07198089325212=147.55356124886927, 147.55356124886927=160.18737100201824, 160.18737100201824=172.9811193764499, 172.9811193764499=185.9432258521144, 185.9432258521144=201.2728661052214, 201.2728661052214=216.82153081046349, 216.82153081046349=232.60229935723436, 232.60229935723436=248.6296822460322, 248.6296822460322=264.91985582348303, 264.91985582348303=281.4909496680698, 281.4909496680698=300.7737522842549, 300.7737522842549=320.42746862407404, 320.42746862407404=340.4823915165888, 340.4823915165888=360.9734269545348, 360.9734269545348=381.9411680558633, 381.9411680558633=406.1198373818704, 406.1198373818704=430.9522985218486, 430.9522985218486=456.51554170475714, 456.51554170475714=482.9039693290492, 482.9039693290492=510.23562936078616, 510.23562936078616=538.6617013053714, 538.6617013053714=568.3816119854698, 568.3816119854698=599.6685524964248, 599.6685524964248=632.9158879338977, 632.9158879338977=668.7304943427067, 668.7304943427067=708.1495692792676, 708.1495692792676=758.2868765105545, 758.2868765105545=821.4559252762994];

Jobs: [[2; 10; 1.7146717879328064], [2; 10; 1.7262577595723296], [2; 20; 3.4763267234394424], [2; 20; 3.50080870415995], [2; 20; 3.5259952442574414], [2; 20; 3.5519226110045587], [2; 30; 5.3679446982880155], [2; 30; 5.409238203332104], [2; 30; 5.451832383851742], [2; 30; 5.495800672819573], [2; 30; 5.541222572912147], [2; 30; 5.5881843253276315], [2; 30; 5.6367796716773135], [2; 40; 7.5828142996592485], [2; 40; 7.652385289456846], [2; 40; 7.724581867263087], [2; 40; 7.799582498228372], [2; 40; 7.877583497705176], [2; 50; 9.948501780224717], [2; 50; 10.054344849557964], [2; 50; 10.164841003160342], [2; 50; 10.28036044942132], [2; 60; 12.481580355617144], [2; 60; 12.633809753148975], [2; 60; 12.793748374431644], [2; 60; 12.962106475664525], [2; 70; 15.32964025310699], [2; 70; 15.548664705242077], [2; 70; 15.780768546770867], [2; 70; 16.02738288879783], [2; 70; 16.290173577450833], [2; 70; 16.57109384458677], [2; 80; 19.282802616185105], [2; 80; 19.65371633981914], [2; 80; 20.05492289251478], [2; 80; 20.49103543794597], [2; 80; 20.9677411013285], [2; 90; 24.178669326007114], [2; 90; 24.8324611399782], [2; 90; 25.56324318290855], [2; 90; 26.388427624292024], [2; 90; 27.331660031736984], [2; 90; 28.426071944585196], [2; 90; 29.7199106800984], [2; 90; 31.286940510954974], [2; 90; 33.247335437472884], [2; 90; 35.814606408808984], [2; 90; 39.41907493656083], [2; 100; 50.137307231286954], [2; 100; 63.16904876574488]];
Intervals[4.9E-324=1.7146717879328064, 1.7146717879328064=3.440929547505136, 3.440929547505136=6.917256270944579, 6.917256270944579=10.418064975104528, 10.418064975104528=13.944060219361969, 13.944060219361969=17.49598283036653, 17.49598283036653=22.863927528654543, 22.863927528654543=28.273165731986648, 28.273165731986648=33.72499811583839, 33.72499811583839=39.22079878865796, 39.22079878865796=44.762021361570106, 44.762021361570106=50.35020568689774, 50.35020568689774=55.986985358575055, 55.986985358575055=63.5697996582343, 63.5697996582343=71.22218494769115, 71.22218494769115=78.94676681495423, 78.94676681495423=86.7463493131826, 86.7463493131826=94.62393281088778, 94.62393281088778=104.5724345911125, 104.5724345911125=114.62677944067046, 114.62677944067046=124.79162044383081, 124.79162044383081=135.07198089325212, 135.07198089325212=147.55356124886927, 147.55356124886927=160.18737100201824, 160.18737100201824=172.9811193764499, 172.9811193764499=185.9432258521144, 185.9432258521144=201.2728661052214, 201.2728661052214=216.82153081046349, 216.82153081046349=232.60229935723436, 232.60229935723436=248.6296822460322, 248.6296822460322=264.91985582348303, 264.91985582348303=281.4909496680698, 281.4909496680698=300.7737522842549, 300.7737522842549=320.42746862407404, 320.42746862407404=340.4823915165888, 340.4823915165888=360.9734269545348, 360.9734269545348=381.9411680558633, 381.9411680558633=406.1198373818704, 406.1198373818704=430.9522985218486, 430.9522985218486=456.51554170475714, 456.51554170475714=482.9039693290492, 482.9039693290492=510.23562936078616, 510.23562936078616=538.6617013053714, 538.6617013053714=568.3816119854698, 568.3816119854698=599.6685524964248, 599.6685524964248=632.9158879338977, 632.9158879338977=668.7304943427067, 668.7304943427067=708.1495692792676, 708.1495692792676=758.2868765105545, 758.2868765105545=821.4559252762994];
