1.2247476623563807
284922.0326761141
348957.59347389906
[2; 10; 4.848365383464514]
[1; 20; 9.762251205564796]
[1; 20; 9.829579203525622]
[1; 80; 39.59521549215692]
[1; 80; 39.880082951917565]
[2; 60; 30.12999704048477]
[1; 120; 60.71309375634602]
[2; 70; 35.68841261315452]
[1; 160; 82.21585212933566]
[2; 90; 46.619387903926224]
[1; 180; 94.00937914877117]
[1; 180; 94.80610678968918]
[2; 520; 276.26603073327857]
[2; 520; 278.73282224605424]
[1; 1040; 562.5802938996793]
[1; 1040; 567.8879686212783]
[1; 1040; 573.4017888766757]
[2; 520; 289.568093589339]
[1; 1040; 585.1070842542542]
[2; 540; 307.03781851594556]
[2; 540; 310.4121306629939]
[1; 1120; 651.1344896823026]
[2; 560; 329.3977991363823]
[1; 1120; 666.8304828117685]
[1; 1120; 675.2722711665116]
[2; 560; 342.0792258356799]
[1; 1160; 718.300637507587]
[1; 1160; 728.5634617487818]
[1; 1160; 739.4391466693264]
[1; 1160; 750.9947498127583]
[1; 1200; 789.6293045138998]
[2; 600; 401.62313941357115]
[1; 1200; 817.8539475464424]
[2; 600; 416.79287529986516]
[2; 620; 439.4778978602113]
[1; 1240; 898.069489223388]
[2; 620; 459.48113744821825]
[1; 1240; 941.9457933729717]
[1; 1280; 998.6229995572035]
[2; 660; 530.0681589338718]
[1; 1320; 1094.3576406080022]
[2; 660; 566.7372723393592]
[1; 1360; 1214.5840936928644]
[1; 1360; 1269.8670026723926]
[2; 680; 668.4113858397421]
[2; 680; 710.2930869018267]
[1; 1360; 1530.280066511127]
[1; 1360; 1684.2911500177902]
[1; 1400; 1984.7388935622446]
[1; 1400; 2500.6143105441324]


Jobs: [[2; 10; 4.848365383464514], [1; 20; 9.762251205564796], [1; 80; 39.59521549215692], [2; 60; 30.12999704048477], [1; 120; 60.71309375634602], [2; 70; 35.68841261315452], [1; 160; 82.21585212933566], [2; 90; 46.619387903926224], [1; 180; 94.00937914877117], [2; 520; 276.26603073327857], [2; 520; 278.73282224605424], [1; 1040; 562.5802938996793], [1; 1040; 573.4017888766757], [2; 520; 289.568093589339], [1; 1040; 585.1070842542542], [2; 540; 307.03781851594556], [2; 540; 310.4121306629939], [1; 1120; 651.1344896823026], [2; 560; 329.3977991363823], [1; 1120; 666.8304828117685], [2; 560; 342.0792258356799], [1; 1160; 718.300637507587], [1; 1160; 739.4391466693264], [1; 1200; 789.6293045138998], [2; 600; 401.62313941357115], [1; 1200; 817.8539475464424], [2; 600; 416.79287529986516], [2; 620; 439.4778978602113], [1; 1240; 898.069489223388], [2; 620; 459.48113744821825], [1; 1240; 941.9457933729717], [2; 660; 530.0681589338718], [1; 1320; 1094.3576406080022], [2; 660; 566.7372723393592], [1; 1360; 1214.5840936928644], [2; 680; 668.4113858397421], [2; 680; 710.2930869018267], [1; 1360; 1530.280066511127], [1; 1400; 1984.7388935622446]];
Intervals[4.9E-324=4.848365383464514, 4.848365383464514=14.61061658902931, 14.61061658902931=54.20583208118623, 54.5580275389077=84.68802457939248, 84.68802457939248=145.4011183357385, 145.4011183357385=181.089530948893, 181.089530948893=263.30538307822866, 263.30538307822866=309.9247709821549, 309.9247709821549=403.93415013092607, 404.73087777184406=680.9969085051226, 680.9969085051226=959.7297307511769, 959.7297307511769=1522.3100246508561, 1522.3100246508561=2095.711813527532, 2095.711813527532=2385.279907116871, 2385.279907116871=2970.386991371125, 2970.386991371125=3277.4248098870708, 3277.4248098870708=3587.836940550065, 3587.836940550065=4238.971430232367, 4238.971430232367=4568.36922936875, 4568.36922936875=5235.199712180519, 5243.641500535262=5585.7207263709415, 5585.7207263709415=6304.021363878528, 6304.021363878528=7043.460510547855, 7043.460510547855=7833.089815061755, 7833.089815061755=8234.712954475326, 8234.712954475326=9052.566902021768, 9052.566902021768=9469.359777321633, 9469.359777321633=9908.837675181845, 9908.837675181845=10806.907164405233, 10806.907164405233=11266.38830185345, 11266.38830185345=12208.334095226423, 12265.011301410654=12795.079460344525, 12795.079460344525=13889.437100952528, 13889.437100952528=14456.174373291888, 14456.174373291888=15670.758466984753, 15726.04137596428=16394.452761804023, 16394.452761804023=17104.74584870585, 17104.74584870585=18635.02591521698, 18635.02591521698=20619.764808779222];

Jobs: [[2; 10; 4.848365383464514], [1; 20; 9.829579203525622], [1; 80; 39.880082951917565], [2; 60; 30.12999704048477], [2; 70; 35.68841261315452], [2; 90; 46.619387903926224], [1; 180; 94.80610678968918], [2; 520; 276.26603073327857], [2; 520; 278.73282224605424], [1; 1040; 567.8879686212783], [2; 520; 289.568093589339], [2; 540; 307.03781851594556], [2; 540; 310.4121306629939], [2; 560; 329.3977991363823], [1; 1120; 675.2722711665116], [2; 560; 342.0792258356799], [1; 1160; 728.5634617487818], [1; 1160; 750.9947498127583], [2; 600; 401.62313941357115], [2; 600; 416.79287529986516], [2; 620; 439.4778978602113], [2; 620; 459.48113744821825], [1; 1280; 998.6229995572035], [2; 660; 530.0681589338718], [2; 660; 566.7372723393592], [1; 1360; 1269.8670026723926], [2; 680; 668.4113858397421], [2; 680; 710.2930869018267], [1; 1360; 1684.2911500177902], [1; 1400; 2500.6143105441324]];
Intervals[4.9E-324=4.848365383464514, 4.848365383464514=14.677944586990137, 14.677944586990137=54.5580275389077, 54.5580275389077=84.68802457939248, 145.4011183357385=181.089530948893, 263.30538307822866=309.9247709821549, 309.9247709821549=404.73087777184406, 404.73087777184406=680.9969085051226, 680.9969085051226=959.7297307511769, 959.7297307511769=1527.6176993724553, 2095.711813527532=2385.279907116871, 2970.386991371125=3277.4248098870708, 3277.4248098870708=3587.836940550065, 4238.971430232367=4568.36922936875, 4568.36922936875=5243.641500535262, 5243.641500535262=5585.7207263709415, 5585.7207263709415=6314.284188119724, 6314.284188119724=7065.278937932482, 7833.089815061755=8234.712954475326, 9052.566902021768=9469.359777321633, 9469.359777321633=9908.837675181845, 10806.907164405233=11266.38830185345, 11266.38830185345=12265.011301410654, 12265.011301410654=12795.079460344525, 13889.437100952528=14456.174373291888, 14456.174373291888=15726.04137596428, 15726.04137596428=16394.452761804023, 16394.452761804023=17104.74584870585, 17104.74584870585=18789.03699872364, 18789.03699872364=21289.651309267774];
