1.141356837369095
158765.77290089763
181208.4004406285
[1; 40; 15.958752855135161]
[1; 40; 16.066585537333]
[1; 60; 24.266089615591447]
[2; 40; 16.29132213405962]
[1; 80; 32.817059840545724]
[1; 100; 41.32296302163327]
[2; 50; 20.81683682918539]
[1; 100; 41.95394527252585]
[2; 50; 21.142152450062596]
[2; 50; 21.312661042931246]
[1; 120; 51.57313614112284]
[2; 60; 26.005108728230457]
[1; 120; 52.4625029187646]
[2; 70; 30.87638336400543]
[1; 140; 62.31933752009804]
[1; 180; 80.88080209928695]
[1; 180; 81.66610171739745]
[1; 180; 82.48281691449655]
[2; 100; 46.296230656738395]
[1; 200; 93.57756143398126]
[2; 100; 47.30298431536828]
[2; 100; 47.84056424927026]
[1; 1040; 503.3958389786659]
[1; 1040; 509.5354177102379]
[1; 1080; 535.8315301263606]
[1; 1080; 542.8827536108768]
[1; 1080; 550.3204278957429]
[1; 1080; 558.1832105983038]
[1; 1080; 566.5155317276584]
[1; 1080; 575.3687668974792]
[2; 560; 303.23103922204206]
[1; 1160; 638.9532469893866]
[1; 1200; 673.0066727749276]
[1; 1200; 685.9522707773659]
[1; 1200; 699.9551464225565]
[1; 1200; 715.1763079413541]
[1; 1240; 756.2080551046173]
[1; 1240; 775.1210423744815]
[2; 620; 398.0401672237594]
[1; 1240; 819.5077832962214]
[1; 1280; 873.2506726796539]
[1; 1280; 904.4642919987648]
[2; 640; 470.3403855786811]
[1; 1280; 983.4967192014137]
[2; 640; 517.6765784659508]
[1; 1280; 1100.226904343954]
[1; 1320; 1222.2204893378937]
[1; 1320; 1345.2277126340384]
[1; 1360; 1586.5649985577948]
[1; 1400; 2057.7391869067296]


Jobs: [[1; 40; 15.958752855135161], [1; 60; 24.266089615591447], [2; 40; 16.29132213405962], [1; 80; 32.817059840545724], [2; 50; 20.81683682918539], [1; 100; 41.95394527252585], [2; 50; 21.142152450062596], [2; 50; 21.312661042931246], [1; 120; 51.57313614112284], [2; 60; 26.005108728230457], [1; 120; 52.4625029187646], [2; 70; 30.87638336400543], [1; 140; 62.31933752009804], [1; 180; 81.66610171739745], [2; 100; 46.296230656738395], [1; 200; 93.57756143398126], [2; 100; 47.30298431536828], [2; 100; 47.84056424927026], [1; 1040; 503.3958389786659], [1; 1080; 535.8315301263606], [1; 1080; 550.3204278957429], [1; 1080; 566.5155317276584], [2; 560; 303.23103922204206], [1; 1160; 638.9532469893866], [1; 1200; 685.9522707773659], [1; 1200; 715.1763079413541], [1; 1240; 775.1210423744815], [2; 620; 398.0401672237594], [1; 1240; 819.5077832962214], [1; 1280; 904.4642919987648], [2; 640; 470.3403855786811], [1; 1280; 983.4967192014137], [2; 640; 517.6765784659508], [1; 1280; 1100.226904343954], [1; 1320; 1345.2277126340384], [1; 1400; 2057.7391869067296]];
Intervals[0.0=15.958752855135161, 15.958752855135161=40.22484247072661, 40.22484247072661=56.516164604786226, 56.516164604786226=89.33322444533195, 97.8391276264195=118.65596445560489, 118.65596445560489=160.60990972813073, 160.60990972813073=181.75206217819334, 181.75206217819334=203.06472322112458, 203.06472322112458=254.6378593622474, 254.6378593622474=280.6429680904779, 280.6429680904779=333.1054710092425, 333.1054710092425=363.9818543732479, 363.9818543732479=426.30119189334596, 426.30119189334596=507.9672936107434, 527.3454733870315=573.6417040437699, 573.6417040437699=667.2192654777512, 667.2192654777512=714.5222497931194, 714.5222497931194=762.3628140423897, 762.3628140423897=1265.7586530210556, 1265.7586530210556=1801.5901831474162, 1801.5901831474162=2351.910611043159, 2351.910611043159=2918.4261427708175, 2948.3329628592874=3251.5640020813294, 3251.5640020813294=3890.517249070716, 3890.517249070716=4576.469519848082, 4576.469519848082=5291.645827789436, 5291.645827789436=6066.766870163918, 6066.766870163918=6464.807037387677, 6464.807037387677=7284.314820683899, 7284.314820683899=8188.779112682663, 8188.779112682663=8659.119498261345, 8659.119498261345=9642.616217462759, 9642.616217462759=10160.29279592871, 10160.29279592871=11260.519700272664, 11260.519700272664=12605.747412906701, 12605.747412906701=14663.48659981343];

Jobs: [[1; 40; 16.066585537333], [2; 40; 16.29132213405962], [1; 100; 41.32296302163327], [2; 50; 20.81683682918539], [2; 50; 21.142152450062596], [2; 50; 21.312661042931246], [2; 60; 26.005108728230457], [2; 70; 30.87638336400543], [1; 180; 80.88080209928695], [1; 180; 82.48281691449655], [2; 100; 46.296230656738395], [2; 100; 47.30298431536828], [2; 100; 47.84056424927026], [1; 1040; 509.5354177102379], [1; 1080; 542.8827536108768], [1; 1080; 558.1832105983038], [1; 1080; 575.3687668974792], [2; 560; 303.23103922204206], [1; 1200; 673.0066727749276], [1; 1200; 699.9551464225565], [1; 1240; 756.2080551046173], [2; 620; 398.0401672237594], [1; 1280; 873.2506726796539], [2; 640; 470.3403855786811], [2; 640; 517.6765784659508], [1; 1320; 1222.2204893378937], [1; 1360; 1586.5649985577948]];
Intervals[0.0=16.066585537333, 40.22484247072661=56.516164604786226, 56.516164604786226=97.8391276264195, 97.8391276264195=118.65596445560489, 160.60990972813073=181.75206217819334, 181.75206217819334=203.06472322112458, 254.6378593622474=280.6429680904779, 333.1054710092425=363.9818543732479, 363.9818543732479=444.86265647253487, 444.86265647253487=527.3454733870315, 527.3454733870315=573.6417040437699, 667.2192654777512=714.5222497931194, 714.5222497931194=762.3628140423897, 762.3628140423897=1271.8982317526275, 1271.8982317526275=1814.7809853635042, 1814.7809853635042=2372.964195961808, 2372.964195961808=2948.3329628592874, 2948.3329628592874=3251.5640020813294, 3251.5640020813294=3924.570674856257, 3924.570674856257=4624.525821278814, 4624.525821278814=5380.733876383431, 6066.766870163918=6464.807037387677, 6464.807037387677=7338.057710067331, 8188.779112682663=8659.119498261345, 9642.616217462759=10160.29279592871, 10160.29279592871=11382.513285266603, 11382.513285266603=12969.078283824398];
