1.1294741844470209
1265830.877046346
1429723.2974997787
[2; 10; 6.326087970526277]
[1; 20; 12.694633225499913]
[1; 20; 12.737666209605948]
[2; 10; 6.390644347328231]
[1; 20; 12.825514959502602]
[1; 20; 12.870359782269032]
[2; 20; 12.915838463289518]
[1; 40; 25.92393369870631]
[2; 20; 13.008761359351162]
[1; 40; 26.112478022842694]
[1; 60; 39.31325235508586]
[1; 60; 39.45994495428536]
[2; 30; 19.804425908954688]
[2; 30; 19.880016053556023]
[1; 60; 39.91354726733438]
[2; 40; 26.71297409620514]
[1; 80; 53.637120143191915]
[2; 40; 26.92583545387972]
[1; 100; 67.58712030568608]
[2; 50; 33.93205989791385]
[1; 100; 68.14571687947605]
[1; 120; 82.11845614066941]
[2; 60; 41.23395029454343]
[2; 70; 48.313632541576524]
[2; 70; 48.524611779195304]
[1; 140; 97.47865049433106]
[2; 80; 55.95187447696996]
[2; 80; 56.206204674407]
[2; 90; 63.52337598883096]
[2; 90; 63.82021850559729]
[2; 100; 71.24743168305015]
[2; 100; 71.58997267801519]
[1; 1040; 748.167654868237]
[2; 520; 375.9357577529839]
[1; 1040; 755.6498277754655]
[1; 1040; 759.5052507769382]
[1; 1040; 763.4405813956195]
[1; 1040; 767.4587637298408]
[1; 1040; 771.5628993258522]
[2; 520; 387.8781291513521]
[1; 1080; 810.0439180552817]
[1; 1080; 814.5948220732978]
[2; 540; 409.6248753365004]
[2; 540; 412.00646882337816]
[1; 1080; 828.8888673256557]
[2; 560; 432.38341180836466]
[2; 560; 435.0361371363252]
[1; 1120; 875.5103671658793]
[1; 1120; 881.0870166728005]
[2; 560; 443.4042606271066]
[2; 560; 446.3407982629566]
[2; 560; 449.3567059524808]
[2; 560; 452.4558156501298]
[2; 560; 455.64222919432876]
[2; 580; 475.3103558214616]
[2; 580; 478.8054104260181]
[2; 580; 482.4055862863247]
[1; 1160; 972.2330886430458]
[2; 600; 506.8390254311085]
[1; 1200; 1021.8532268989334]
[1; 1200; 1030.298677879539]
[2; 600; 519.5152194641419]
[2; 600; 524.0329698735848]
[2; 620; 546.3358193682286]
[1; 1240; 1102.696709168958]
[1; 1240; 1113.1001227124302]
[1; 1280; 1160.1626796541223]
[1; 1280; 1171.7650761399937]
[1; 1280; 1183.8459801160875]
[1; 1280; 1196.4410316043814]
[2; 640; 604.7948940427657]
[1; 1280; 1223.336303400344]
[1; 1280; 1237.7298156647257]
[2; 640; 626.4127847348673]
[1; 1280; 1268.685804680156]
[1; 1280; 1285.3809535048686]
[1; 1320; 1343.7095719573886]
[2; 660; 681.454008399031]
[2; 660; 691.6264634730207]
[2; 660; 702.4348727537421]
[2; 660; 713.9522455666087]
[2; 660; 726.2641865409208]
[1; 1320; 1478.943750082212]
[2; 660; 753.6959622836899]
[1; 1320; 1538.1634848748638]
[1; 1320; 1571.6122493639286]
[2; 660; 804.0872033073459]
[1; 1320; 1648.3953244886986]
[1; 1360; 1744.270034492354]
[2; 680; 897.800641205946]
[1; 1360; 1853.5634991217485]
[2; 680; 959.9087927201124]
[2; 680; 998.3453756711946]
[2; 680; 1043.7859810767516]
[1; 1360; 2197.6425331577734]
[2; 680; 1167.671834930144]
[1; 1400; 2589.663081503941]
[1; 1400; 2850.2930314247637]
[1; 1400; 3262.771028522438]
[1; 1400; 4110.833899822565]


Jobs: [[2; 10; 6.326087970526277], [1; 20; 12.694633225499913], [2; 10; 6.390644347328231], [1; 20; 12.825514959502602], [2; 20; 12.915838463289518], [1; 40; 25.92393369870631], [2; 20; 13.008761359351162], [1; 40; 26.112478022842694], [1; 60; 39.45994495428536], [2; 30; 19.804425908954688], [2; 30; 19.880016053556023], [1; 60; 39.91354726733438], [2; 40; 26.71297409620514], [1; 80; 53.637120143191915], [2; 40; 26.92583545387972], [1; 100; 67.58712030568608], [2; 50; 33.93205989791385], [1; 100; 68.14571687947605], [2; 60; 41.23395029454343], [2; 70; 48.313632541576524], [2; 70; 48.524611779195304], [1; 140; 97.47865049433106], [2; 80; 55.95187447696996], [2; 80; 56.206204674407], [2; 90; 63.52337598883096], [2; 90; 63.82021850559729], [2; 100; 71.24743168305015], [2; 100; 71.58997267801519], [1; 1040; 748.167654868237], [2; 520; 375.9357577529839], [1; 1040; 755.6498277754655], [1; 1040; 763.4405813956195], [1; 1040; 771.5628993258522], [2; 520; 387.8781291513521], [1; 1080; 810.0439180552817], [2; 540; 409.6248753365004], [2; 540; 412.00646882337816], [1; 1080; 828.8888673256557], [2; 560; 432.38341180836466], [2; 560; 435.0361371363252], [1; 1120; 875.5103671658793], [2; 560; 443.4042606271066], [2; 560; 446.3407982629566], [2; 560; 449.3567059524808], [2; 560; 452.4558156501298], [2; 560; 455.64222919432876], [2; 580; 475.3103558214616], [2; 580; 478.8054104260181], [2; 580; 482.4055862863247], [1; 1160; 972.2330886430458], [2; 600; 506.8390254311085], [1; 1200; 1021.8532268989334], [2; 600; 519.5152194641419], [2; 600; 524.0329698735848], [2; 620; 546.3358193682286], [1; 1240; 1102.696709168958], [1; 1280; 1160.1626796541223], [1; 1280; 1183.8459801160875], [2; 640; 604.7948940427657], [1; 1280; 1223.336303400344], [2; 640; 626.4127847348673], [1; 1280; 1268.685804680156], [1; 1320; 1343.7095719573886], [2; 660; 681.454008399031], [2; 660; 691.6264634730207], [2; 660; 702.4348727537421], [2; 660; 713.9522455666087], [2; 660; 726.2641865409208], [1; 1320; 1478.943750082212], [2; 660; 753.6959622836899], [1; 1320; 1538.1634848748638], [2; 660; 804.0872033073459], [1; 1320; 1648.3953244886986], [2; 680; 897.800641205946], [1; 1360; 1853.5634991217485], [2; 680; 959.9087927201124], [2; 680; 998.3453756711946], [2; 680; 1043.7859810767516], [1; 1360; 2197.6425331577734], [2; 680; 1167.671834930144], [1; 1400; 2589.663081503941], [1; 1400; 3262.771028522438]];
Intervals[4.9E-324=6.326087970526277, 6.326087970526277=19.02072119602619, 19.063754180132225=25.454398527460455, 25.454398527460455=38.27991348696305, 38.32475830972949=51.24059677301901, 51.24059677301901=77.16453047172531, 77.16453047172531=90.17329183107648, 90.17329183107648=116.28576985391918, 116.28576985391918=155.74571480820453, 155.74571480820453=175.55014071715922, 175.55014071715922=195.43015677071526, 195.43015677071526=235.34370403804962, 235.34370403804962=262.05667813425475, 262.05667813425475=315.69379827744666, 315.69379827744666=342.61963373132636, 342.61963373132636=410.20675403701244, 410.20675403701244=444.1388139349263, 444.1388139349263=512.2845308144024, 526.2572700755957=567.4912203701391, 567.4912203701391=615.8048529117157, 615.8048529117157=664.329464690911, 664.329464690911=761.8081151852421, 761.8081151852421=817.759989662212, 817.759989662212=873.966194336619, 873.966194336619=937.4895703254499, 937.4895703254499=1001.3097888310472, 1001.3097888310472=1072.5572205140973, 1072.5572205140973=1144.1471931921124, 1144.1471931921124=1892.3148480603495, 1892.3148480603495=2268.2506058133336, 2268.2506058133336=3023.900433588799, 3023.900433588799=3787.3410149844185, 3787.3410149844185=4558.903914310271, 4558.903914310271=4946.782043461623, 4946.782043461623=5756.8259615169045, 5761.376865534921=6171.001740871422, 6171.001740871422=6583.0082096948, 6583.0082096948=7411.897077020456, 7411.897077020456=7844.280488828821, 7844.280488828821=8279.316625965146, 8279.316625965146=9154.826993131026, 9160.403642637946=9603.807903265053, 9603.807903265053=10050.148701528009, 10050.148701528009=10499.50540748049, 10499.50540748049=10951.96122313062, 10951.96122313062=11407.60345232495, 11407.60345232495=11882.913808146412, 11882.913808146412=12361.719218572429, 12361.719218572429=12844.124804858753, 12844.124804858753=13816.3578935018, 13816.3578935018=14323.196918932908, 14323.196918932908=15345.050145831841, 15353.495596812447=15873.010816276588, 15873.010816276588=16397.043786150174, 16397.043786150174=16943.379605518403, 16943.379605518403=18046.07631468736, 18046.07631468736=19206.238994341482, 19206.238994341482=20390.084974457568, 20424.685835975208=21029.480730017975, 21029.480730017975=22252.81703341832, 22267.2105456827=22893.62333041757, 22893.62333041757=24162.309135097727, 24162.309135097727=25506.018707055115, 25506.018707055115=26187.472715454147, 26187.472715454147=26879.09917892717, 26879.09917892717=27581.534051680912, 27581.534051680912=28295.48629724752, 28295.48629724752=29021.75048378844, 29021.75048378844=30500.694233870654, 30500.694233870654=31254.390196154345, 31254.390196154345=32792.55368102921, 32826.00244551827=33630.08964882562, 33630.08964882562=35278.48497331432, 35374.35968331797=36272.16032452392, 36272.16032452392=38125.72382364566, 38125.72382364566=39085.63261636577, 39085.63261636577=40083.97799203697, 40083.97799203697=41127.763973113724, 41127.763973113724=43325.406506271494, 43325.406506271494=44493.07834120164, 44493.07834120164=47082.74142270558, 47082.74142270558=50345.512451228016];

Jobs: [[2; 10; 6.326087970526277], [1; 20; 12.737666209605948], [2; 10; 6.390644347328231], [1; 20; 12.870359782269032], [2; 20; 12.915838463289518], [2; 20; 13.008761359351162], [1; 60; 39.31325235508586], [2; 30; 19.804425908954688], [2; 30; 19.880016053556023], [2; 40; 26.71297409620514], [2; 40; 26.92583545387972], [2; 50; 33.93205989791385], [1; 120; 82.11845614066941], [2; 60; 41.23395029454343], [2; 70; 48.313632541576524], [2; 70; 48.524611779195304], [2; 80; 55.95187447696996], [2; 80; 56.206204674407], [2; 90; 63.52337598883096], [2; 90; 63.82021850559729], [2; 100; 71.24743168305015], [2; 100; 71.58997267801519], [2; 520; 375.9357577529839], [1; 1040; 759.5052507769382], [1; 1040; 767.4587637298408], [2; 520; 387.8781291513521], [1; 1080; 814.5948220732978], [2; 540; 409.6248753365004], [2; 540; 412.00646882337816], [2; 560; 432.38341180836466], [2; 560; 435.0361371363252], [1; 1120; 881.0870166728005], [2; 560; 443.4042606271066], [2; 560; 446.3407982629566], [2; 560; 449.3567059524808], [2; 560; 452.4558156501298], [2; 560; 455.64222919432876], [2; 580; 475.3103558214616], [2; 580; 478.8054104260181], [2; 580; 482.4055862863247], [2; 600; 506.8390254311085], [1; 1200; 1030.298677879539], [2; 600; 519.5152194641419], [2; 600; 524.0329698735848], [2; 620; 546.3358193682286], [1; 1240; 1113.1001227124302], [1; 1280; 1171.7650761399937], [1; 1280; 1196.4410316043814], [2; 640; 604.7948940427657], [1; 1280; 1237.7298156647257], [2; 640; 626.4127847348673], [1; 1280; 1285.3809535048686], [2; 660; 681.454008399031], [2; 660; 691.6264634730207], [2; 660; 702.4348727537421], [2; 660; 713.9522455666087], [2; 660; 726.2641865409208], [2; 660; 753.6959622836899], [1; 1320; 1571.6122493639286], [2; 660; 804.0872033073459], [1; 1360; 1744.270034492354], [2; 680; 897.800641205946], [2; 680; 959.9087927201124], [2; 680; 998.3453756711946], [2; 680; 1043.7859810767516], [2; 680; 1167.671834930144], [1; 1400; 2850.2930314247637], [1; 1400; 4110.833899822565]];
Intervals[4.9E-324=6.326087970526277, 6.326087970526277=19.063754180132225, 19.063754180132225=25.454398527460455, 25.454398527460455=38.32475830972949, 38.32475830972949=51.24059677301901, 77.16453047172531=90.17329183107648, 90.17329183107648=129.48654418616235, 155.74571480820453=175.55014071715922, 175.55014071715922=195.43015677071526, 235.34370403804962=262.05667813425475, 315.69379827744666=342.61963373132636, 410.20675403701244=444.1388139349263, 444.1388139349263=526.2572700755957, 526.2572700755957=567.4912203701391, 567.4912203701391=615.8048529117157, 615.8048529117157=664.329464690911, 761.8081151852421=817.759989662212, 817.759989662212=873.966194336619, 873.966194336619=937.4895703254499, 937.4895703254499=1001.3097888310472, 1001.3097888310472=1072.5572205140973, 1072.5572205140973=1144.1471931921124, 1892.3148480603495=2268.2506058133336, 2268.2506058133336=3027.755856590272, 3027.755856590272=3795.2146203201128, 4558.903914310271=4946.782043461623, 4946.782043461623=5761.376865534921, 5761.376865534921=6171.001740871422, 6171.001740871422=6583.0082096948, 7411.897077020456=7844.280488828821, 7844.280488828821=8279.316625965146, 8279.316625965146=9160.403642637946, 9160.403642637946=9603.807903265053, 9603.807903265053=10050.148701528009, 10050.148701528009=10499.50540748049, 10499.50540748049=10951.96122313062, 10951.96122313062=11407.60345232495, 11407.60345232495=11882.913808146412, 11882.913808146412=12361.719218572429, 12361.719218572429=12844.124804858753, 13816.3578935018=14323.196918932908, 14323.196918932908=15353.495596812447, 15353.495596812447=15873.010816276588, 15873.010816276588=16397.043786150174, 16397.043786150174=16943.379605518403, 16943.379605518403=18056.479728230832, 18056.479728230832=19228.244804370825, 19228.244804370825=20424.685835975208, 20424.685835975208=21029.480730017975, 21029.480730017975=22267.2105456827, 22267.2105456827=22893.62333041757, 22893.62333041757=24179.004283922437, 25506.018707055115=26187.472715454147, 26187.472715454147=26879.09917892717, 26879.09917892717=27581.534051680912, 27581.534051680912=28295.48629724752, 28295.48629724752=29021.75048378844, 30500.694233870654=31254.390196154345, 31254.390196154345=32826.00244551827, 32826.00244551827=33630.08964882562, 33630.08964882562=35374.35968331797, 35374.35968331797=36272.16032452392, 38125.72382364566=39085.63261636577, 39085.63261636577=40083.97799203697, 40083.97799203697=41127.763973113724, 43325.406506271494=44493.07834120164, 44493.07834120164=47343.3713726264, 47343.3713726264=51454.20527244897];
