1.1451099165700829
9913.039159769085
11351.519445199141
[2; 10; 1.5827862581511778]
[2; 10; 1.5934810843140759]
[2; 10; 1.6044709563155415]
[1; 40; 6.463081679369812]
[2; 20; 3.2547901342946597]
[2; 20; 3.2787232742029437]
[2; 20; 3.303376254573212]
[2; 20; 3.3287878397697304]
[2; 20; 3.3549998468637017]
[2; 30; 5.0730861985919]
[2; 30; 5.115014432199986]
[1; 60; 10.316728157996607]
[1; 60; 10.406443340754823]
[2; 30; 5.249681465023571]
[2; 30; 5.2978463707183066]
[1; 60; 10.695658010628181]
[1; 60; 10.799505845135016]
[2; 40; 7.271672045551176]
[2; 40; 7.34664302183026]
[1; 80; 14.849609330101874]
[2; 40; 7.506402458742405]
[2; 50; 9.489637237107544]
[2; 50; 9.601290271172816]
[2; 50; 9.718390717740155]
[1; 100; 19.682842765016193]
[2; 50; 9.970928620645045]
[2; 60; 12.129040390841448]
[2; 60; 12.302335809564006]
[2; 60; 12.485979836579029]
[2; 60; 12.681104788372961]
[2; 60; 12.88902870728967]
[2; 60; 13.111297019555328]
[2; 60; 13.349736323154303]
[2; 60; 13.606524742748329]
[2; 70; 16.19833283121764]
[2; 70; 16.55058031681633]
[1; 140; 33.871229612644164]
[1; 140; 34.71835908998088]
[1; 140; 35.65714437470799]
[2; 70; 18.35324029544701]
[1; 140; 37.89137002236497]
[2; 80; 22.42615173878439]
[1; 160; 46.64827544515275]
[1; 160; 48.77151448547767]
[1; 180; 57.76095442735948]
[2; 100; 34.10009621466658]
[2; 100; 36.733215109151296]
[1; 200; 80.86026927227633]
[2; 100; 46.28095094633612]
[1; 200; 116.62068861288185]


Jobs: [[2; 10; 1.5827862581511778], [2; 10; 1.5934810843140759], [2; 10; 1.6044709563155415], [1; 40; 6.463081679369812], [2; 20; 3.2547901342946597], [2; 20; 3.2787232742029437], [2; 20; 3.303376254573212], [2; 20; 3.3287878397697304], [2; 20; 3.3549998468637017], [2; 30; 5.0730861985919], [2; 30; 5.115014432199986], [1; 60; 10.316728157996607], [2; 30; 5.249681465023571], [2; 30; 5.2978463707183066], [1; 60; 10.695658010628181], [2; 40; 7.271672045551176], [2; 40; 7.34664302183026], [1; 80; 14.849609330101874], [2; 40; 7.506402458742405], [2; 50; 9.489637237107544], [2; 50; 9.601290271172816], [2; 50; 9.718390717740155], [1; 100; 19.682842765016193], [2; 50; 9.970928620645045], [2; 60; 12.129040390841448], [2; 60; 12.302335809564006], [2; 60; 12.485979836579029], [2; 60; 12.681104788372961], [2; 60; 12.88902870728967], [2; 60; 13.111297019555328], [2; 60; 13.349736323154303], [2; 60; 13.606524742748329], [2; 70; 16.19833283121764], [2; 70; 16.55058031681633], [1; 140; 33.871229612644164], [1; 140; 35.65714437470799], [2; 70; 18.35324029544701], [1; 140; 37.89137002236497], [2; 80; 22.42615173878439], [1; 160; 46.64827544515275], [1; 180; 57.76095442735948], [2; 100; 34.10009621466658], [2; 100; 36.733215109151296], [1; 200; 80.86026927227633], [2; 100; 46.28095094633612], [1; 200; 116.62068861288185]];
Intervals[4.9E-324=1.5827862581511778, 1.5827862581511778=3.1762673424652537, 3.1762673424652537=4.780738298780795, 4.780738298780795=11.243819978150608, 11.243819978150608=14.498610112445267, 14.498610112445267=17.77733338664821, 17.77733338664821=21.08070964122142, 21.08070964122142=24.409497480991153, 24.409497480991153=27.764497327854855, 27.764497327854855=32.83758352644676, 32.83758352644676=37.95259795864674, 37.95259795864674=48.26932611664335, 48.35904129940157=53.60872276442514, 53.60872276442514=58.90656913514344, 58.90656913514344=69.60222714577162, 69.70607498027846=76.97774702582963, 76.97774702582963=84.32439004765989, 84.32439004765989=99.17399937776176, 99.17399937776176=106.68040183650416, 106.68040183650416=116.1700390736117, 116.1700390736117=125.77132934478452, 125.77132934478452=135.48972006252467, 135.48972006252467=155.17256282754087, 155.17256282754087=165.14349144818593, 165.14349144818593=177.27253183902738, 177.27253183902738=189.57486764859138, 189.57486764859138=202.0608474851704, 202.0608474851704=214.74195227354335, 214.74195227354335=227.63098098083302, 227.63098098083302=240.74227800038835, 240.74227800038835=254.09201432354266, 254.09201432354266=267.698539066291, 267.698539066291=283.8968718975086, 283.8968718975086=300.4474522143249, 300.4474522143249=334.3186818269691, 334.3186818269691=369.9758262016771, 369.9758262016771=388.3290664971241, 388.3290664971241=426.22043651948906, 426.22043651948906=448.6465882582734, 448.6465882582734=495.2948637034262, 495.2948637034262=553.0558181307856, 553.0558181307856=587.1559143454522, 587.1559143454522=623.8891294546034, 623.8891294546034=704.7493987268798, 704.7493987268798=751.0303496732159, 751.0303496732159=867.6510382860978];

Jobs: [[2; 10; 1.5827862581511778], [2; 10; 1.5934810843140759], [2; 10; 1.6044709563155415], [2; 20; 3.2547901342946597], [2; 20; 3.2787232742029437], [2; 20; 3.303376254573212], [2; 20; 3.3287878397697304], [2; 20; 3.3549998468637017], [2; 30; 5.0730861985919], [2; 30; 5.115014432199986], [1; 60; 10.406443340754823], [2; 30; 5.249681465023571], [2; 30; 5.2978463707183066], [1; 60; 10.799505845135016], [2; 40; 7.271672045551176], [2; 40; 7.34664302183026], [2; 40; 7.506402458742405], [2; 50; 9.489637237107544], [2; 50; 9.601290271172816], [2; 50; 9.718390717740155], [2; 50; 9.970928620645045], [2; 60; 12.129040390841448], [2; 60; 12.302335809564006], [2; 60; 12.485979836579029], [2; 60; 12.681104788372961], [2; 60; 12.88902870728967], [2; 60; 13.111297019555328], [2; 60; 13.349736323154303], [2; 60; 13.606524742748329], [2; 70; 16.19833283121764], [2; 70; 16.55058031681633], [1; 140; 34.71835908998088], [2; 70; 18.35324029544701], [2; 80; 22.42615173878439], [1; 160; 48.77151448547767], [2; 100; 34.10009621466658], [2; 100; 36.733215109151296], [2; 100; 46.28095094633612]];
Intervals[4.9E-324=1.5827862581511778, 1.5827862581511778=3.1762673424652537, 3.1762673424652537=4.780738298780795, 11.243819978150608=14.498610112445267, 14.498610112445267=17.77733338664821, 17.77733338664821=21.08070964122142, 21.08070964122142=24.409497480991153, 24.409497480991153=27.764497327854855, 27.764497327854855=32.83758352644676, 32.83758352644676=37.95259795864674, 37.95259795864674=48.35904129940157, 48.35904129940157=53.60872276442514, 53.60872276442514=58.90656913514344, 58.90656913514344=69.70607498027846, 69.70607498027846=76.97774702582963, 76.97774702582963=84.32439004765989, 99.17399937776176=106.68040183650416, 106.68040183650416=116.1700390736117, 116.1700390736117=125.77132934478452, 125.77132934478452=135.48972006252467, 155.17256282754087=165.14349144818593, 165.14349144818593=177.27253183902738, 177.27253183902738=189.57486764859138, 189.57486764859138=202.0608474851704, 202.0608474851704=214.74195227354335, 214.74195227354335=227.63098098083302, 227.63098098083302=240.74227800038835, 240.74227800038835=254.09201432354266, 254.09201432354266=267.698539066291, 267.698539066291=283.8968718975086, 283.8968718975086=300.4474522143249, 300.4474522143249=335.1658113043058, 369.9758262016771=388.3290664971241, 426.22043651948906=448.6465882582734, 448.6465882582734=497.4181027437511, 553.0558181307856=587.1559143454522, 587.1559143454522=623.8891294546034, 704.7493987268798=751.0303496732159];
