1.1002150493855878
87094.75312350625
95822.958109004
[2; 10; 2.5922327672605086]
[2; 10; 2.600931600130531]
[1; 20; 5.219496769694872]
[1; 20; 5.237371898157221]
[2; 10; 2.627747218337103]
[2; 10; 2.636935220429292]
[2; 10; 2.646253090154022]
[1; 20; 5.311408148540562]
[1; 20; 5.33058307350365]
[1; 30; 8.025056893045962]
[1; 30; 8.054669917430576]
[1; 30; 8.084724934380327]
[1; 30; 8.115233619444034]
[1; 30; 8.146208093815948]
[1; 30; 8.177660946704938]
[2; 20; 5.473070172734527]
[2; 20; 5.494703086033111]
[1; 40; 11.033364264709256]
[1; 40; 11.07803424280249]
[1; 50; 13.904295662316095]
[1; 50; 13.961990496058464]
[1; 60; 16.824786012814418]
[2; 30; 8.448190854688225]
[1; 60; 16.969211841029676]
[1; 70; 19.883866499909086]
[1; 80; 22.82497069251999]
[1; 80; 22.92732619030941]
[2; 40; 11.515771370804028]
[2; 40; 11.568840191245787]
[1; 90; 26.151527198913076]
[1; 90; 26.275469937692502]
[1; 100; 29.33532917149695]
[2; 50; 14.739215301397572]
[2; 50; 14.812182903018225]
[2; 50; 14.886617232882232]
[1; 110; 32.91765548802356]
[1; 110; 33.08821633326421]
[1; 110; 33.26236804798989]
[1; 110; 33.44024505606512]
[1; 120; 36.67853354995041]
[1; 120; 36.8811814941946]
[1; 120; 37.08838349066667]
[2; 60; 18.650160855588688]
[1; 120; 37.51718891967591]
[1; 130; 40.88412172769501]
[1; 130; 41.13041755852596]
[1; 130; 41.382757721046936]
[1; 130; 41.641406671621965]
[1; 140; 45.13023384412861]
[1; 140; 45.42329552227532]
[2; 70; 22.862060407891263]
[1; 140; 46.033076949978025]
[2; 70; 23.175278239299313]
[1; 140; 46.67697960288171]
[2; 70; 23.50639837882196]
[1; 150; 50.74124089462891]
[2; 80; 27.265476431872255]
[2; 80; 27.475219108418102]
[1; 160; 55.38313664812348]
[1; 160; 55.82979413585227]
[2; 80; 28.145609159065955]
[1; 170; 60.31630311765598]
[1; 170; 60.84081903729918]
[1; 170; 61.384069380575816]
[2; 90; 32.795606879595894]
[2; 90; 33.105017670378714]
[1; 180; 66.85289142178827]
[1; 190; 71.27265717105716]
[1; 190; 72.00747863394034]
[1; 190; 72.77357313961899]
[2; 100; 38.72281409127419]
[2; 100; 39.162883743135936]
[2; 100; 39.62366582399022]
[2; 100; 40.10692888880509]
[2; 110; 44.67613197684659]
[2; 110; 45.26404323865344]
[2; 110; 45.88417568564311]
[2; 110; 46.53975248165964]
[2; 120; 51.52852153789264]
[2; 120; 52.33378475413124]
[2; 130; 57.62452384263434]
[2; 130; 58.61824539842314]
[2; 130; 59.684264541315535]
[2; 130; 60.832319274023156]
[2; 140; 66.84907016476812]
[2; 150; 73.18153287714324]
[2; 150; 74.88403596846805]
[2; 150; 76.75690787115064]
[2; 160; 84.08791098678729]
[2; 170; 91.97264768703239]
[2; 170; 94.94153537319755]
[2; 170; 98.3351416255892]
[2; 180; 108.28870799977375]
[2; 180; 113.21756786130925]
[2; 180; 119.18714523068218]
[2; 180; 126.65524121579679]
[2; 190; 144.01495726788067]
[2; 200; 166.8515479477931]
[2; 200; 190.9973433279089]
[2; 200; 240.64157333283055]


Jobs: [[2; 10; 2.5922327672605086], [2; 10; 2.600931600130531], [1; 20; 5.219496769694872], [2; 10; 2.627747218337103], [2; 10; 2.636935220429292], [2; 10; 2.646253090154022], [1; 20; 5.311408148540562], [1; 30; 8.025056893045962], [1; 30; 8.084724934380327], [1; 30; 8.146208093815948], [2; 20; 5.473070172734527], [2; 20; 5.494703086033111], [1; 40; 11.033364264709256], [1; 50; 13.904295662316095], [1; 60; 16.824786012814418], [2; 30; 8.448190854688225], [1; 60; 16.969211841029676], [1; 80; 22.82497069251999], [2; 40; 11.515771370804028], [2; 40; 11.568840191245787], [1; 90; 26.151527198913076], [1; 100; 29.33532917149695], [2; 50; 14.739215301397572], [2; 50; 14.812182903018225], [2; 50; 14.886617232882232], [1; 110; 32.91765548802356], [1; 110; 33.26236804798989], [1; 120; 36.67853354995041], [1; 120; 37.08838349066667], [2; 60; 18.650160855588688], [1; 120; 37.51718891967591], [1; 130; 41.13041755852596], [1; 130; 41.641406671621965], [1; 140; 45.42329552227532], [2; 70; 22.862060407891263], [1; 140; 46.033076949978025], [2; 70; 23.175278239299313], [1; 140; 46.67697960288171], [2; 70; 23.50639837882196], [1; 150; 50.74124089462891], [2; 80; 27.265476431872255], [2; 80; 27.475219108418102], [1; 160; 55.38313664812348], [2; 80; 28.145609159065955], [1; 170; 60.31630311765598], [1; 170; 61.384069380575816], [2; 90; 32.795606879595894], [2; 90; 33.105017670378714], [1; 180; 66.85289142178827], [1; 190; 72.00747863394034], [2; 100; 38.72281409127419], [2; 100; 39.162883743135936], [2; 100; 39.62366582399022], [2; 100; 40.10692888880509], [2; 110; 44.67613197684659], [2; 110; 45.26404323865344], [2; 110; 45.88417568564311], [2; 110; 46.53975248165964], [2; 120; 51.52852153789264], [2; 120; 52.33378475413124], [2; 130; 57.62452384263434], [2; 130; 58.61824539842314], [2; 130; 59.684264541315535], [2; 130; 60.832319274023156], [2; 140; 66.84907016476812], [2; 150; 73.18153287714324], [2; 150; 74.88403596846805], [2; 150; 76.75690787115064], [2; 160; 84.08791098678729], [2; 170; 91.97264768703239], [2; 170; 94.94153537319755], [2; 170; 98.3351416255892], [2; 180; 108.28870799977375], [2; 180; 113.21756786130925], [2; 180; 119.18714523068218], [2; 180; 126.65524121579679], [2; 190; 144.01495726788067], [2; 200; 166.8515479477931], [2; 200; 190.9973433279089], [2; 200; 240.64157333283055]];
Intervals[4.9E-324=2.5922327672605086, 2.5922327672605086=5.19316436739104, 5.19316436739104=10.412661137085912, 10.43053626554826=13.058283483885363, 13.058283483885363=15.695218704314655, 15.695218704314655=18.341471794468678, 18.341471794468678=23.65287994300924, 23.65287994300924=31.677936836055203, 31.677936836055203=39.76266177043553, 39.76266177043553=47.90886986425148, 48.019619351551874=53.492689524286405, 53.492689524286405=58.98739261031952, 58.98739261031952=70.02075687502878, 70.02075687502878=83.92505253734487, 83.92505253734487=100.74983855015928, 100.74983855015928=109.1980294048475, 109.1980294048475=126.16724124587718, 126.16724124587718=148.99221193839716, 152.00922209506598=163.52499346587, 163.52499346587=175.0938336571158, 175.0938336571158=201.24536085602887, 201.24536085602887=230.5806900275258, 230.5806900275258=245.31990532892337, 245.31990532892337=260.13208823194157, 260.13208823194157=275.0187054648238, 275.0187054648238=307.9363609528474, 307.9363609528474=341.19872900083726, 341.19872900083726=377.8772625507877, 377.8772625507877=414.96564604145436, 414.96564604145436=433.61580689704306, 433.61580689704306=471.13299581671896, 471.13299581671896=512.2634133752449, 512.2634133752449=553.9048200468669, 553.9048200468669=599.3281155691423, 599.3281155691423=622.1901759770335, 622.1901759770335=668.2232529270116, 668.2232529270116=691.3985311663109, 691.3985311663109=738.0755107691926, 738.0755107691926=761.5819091480146, 761.5819091480146=812.3231500426435, 812.3231500426435=839.5886264745158, 839.5886264745158=867.0638455829338, 867.0638455829338=922.4469822310573, 922.8936397187861=951.0392488778521, 951.0392488778521=1011.355551995508, 1011.355551995508=1072.7396213760837, 1072.7396213760837=1105.5352282556796, 1105.5352282556796=1138.6402459260582, 1138.6402459260582=1205.4931373478464, 1205.4931373478464=1277.5006159817867, 1282.6864762367343=1321.4092903280084, 1321.4092903280084=1360.5721740711444, 1360.5721740711444=1400.1958398951347, 1400.1958398951347=1440.3027687839397, 1440.3027687839397=1484.9789007607862, 1484.9789007607862=1530.2429439994396, 1530.2429439994396=1576.1271196850828, 1576.1271196850828=1622.6668721667425, 1622.6668721667425=1674.195393704635, 1674.195393704635=1726.5291784587664, 1726.5291784587664=1784.1537023014007, 1784.1537023014007=1842.7719476998238, 1842.7719476998238=1902.4562122411394, 1902.4562122411394=1963.2885315151625, 1963.2885315151625=2030.1376016799306, 2030.1376016799306=2103.319134557074, 2103.319134557074=2178.203170525542, 2178.203170525542=2254.960078396693, 2254.960078396693=2339.0479893834804, 2339.0479893834804=2431.0206370705127, 2431.0206370705127=2525.96217244371, 2525.96217244371=2624.2973140692993, 2624.2973140692993=2732.586022069073, 2732.586022069073=2845.8035899303823, 2845.8035899303823=2964.9907351610645, 2964.9907351610645=3091.645976376861, 3091.645976376861=3235.660933644742, 3235.660933644742=3402.512481592535, 3402.512481592535=3593.509824920444, 3593.509824920444=3834.1513982532742];

Jobs: [[2; 10; 2.5922327672605086], [2; 10; 2.600931600130531], [1; 20; 5.237371898157221], [2; 10; 2.627747218337103], [2; 10; 2.636935220429292], [2; 10; 2.646253090154022], [1; 20; 5.33058307350365], [1; 30; 8.054669917430576], [1; 30; 8.115233619444034], [1; 30; 8.177660946704938], [2; 20; 5.473070172734527], [2; 20; 5.494703086033111], [1; 40; 11.07803424280249], [1; 50; 13.961990496058464], [2; 30; 8.448190854688225], [1; 70; 19.883866499909086], [1; 80; 22.92732619030941], [2; 40; 11.515771370804028], [2; 40; 11.568840191245787], [1; 90; 26.275469937692502], [2; 50; 14.739215301397572], [2; 50; 14.812182903018225], [2; 50; 14.886617232882232], [1; 110; 33.08821633326421], [1; 110; 33.44024505606512], [1; 120; 36.8811814941946], [2; 60; 18.650160855588688], [1; 130; 40.88412172769501], [1; 130; 41.382757721046936], [1; 140; 45.13023384412861], [2; 70; 22.862060407891263], [2; 70; 23.175278239299313], [2; 70; 23.50639837882196], [2; 80; 27.265476431872255], [2; 80; 27.475219108418102], [1; 160; 55.82979413585227], [2; 80; 28.145609159065955], [1; 170; 60.84081903729918], [2; 90; 32.795606879595894], [2; 90; 33.105017670378714], [1; 190; 71.27265717105716], [1; 190; 72.77357313961899], [2; 100; 38.72281409127419], [2; 100; 39.162883743135936], [2; 100; 39.62366582399022], [2; 100; 40.10692888880509], [2; 110; 44.67613197684659], [2; 110; 45.26404323865344], [2; 110; 45.88417568564311], [2; 110; 46.53975248165964], [2; 120; 51.52852153789264], [2; 120; 52.33378475413124], [2; 130; 57.62452384263434], [2; 130; 58.61824539842314], [2; 130; 59.684264541315535], [2; 130; 60.832319274023156], [2; 140; 66.84907016476812], [2; 150; 73.18153287714324], [2; 150; 74.88403596846805], [2; 150; 76.75690787115064], [2; 160; 84.08791098678729], [2; 170; 91.97264768703239], [2; 170; 94.94153537319755], [2; 170; 98.3351416255892], [2; 180; 108.28870799977375], [2; 180; 113.21756786130925], [2; 180; 119.18714523068218], [2; 180; 126.65524121579679], [2; 190; 144.01495726788067], [2; 200; 166.8515479477931], [2; 200; 190.9973433279089], [2; 200; 240.64157333283055]];
Intervals[4.9E-324=2.5922327672605086, 2.5922327672605086=5.19316436739104, 5.19316436739104=10.43053626554826, 10.43053626554826=13.058283483885363, 13.058283483885363=15.695218704314655, 15.695218704314655=18.341471794468678, 18.341471794468678=23.672054867972328, 23.672054867972328=31.726724785402904, 31.726724785402904=39.841958404846935, 39.841958404846935=48.019619351551874, 48.019619351551874=53.492689524286405, 53.492689524286405=58.98739261031952, 58.98739261031952=70.065426853122, 70.065426853122=84.02741734918047, 100.74983855015928=109.1980294048475, 109.1980294048475=129.08189590475658, 129.08189590475658=152.00922209506598, 152.00922209506598=163.52499346587, 163.52499346587=175.0938336571158, 175.0938336571158=201.3693035948083, 230.5806900275258=245.31990532892337, 245.31990532892337=260.13208823194157, 260.13208823194157=275.0187054648238, 275.0187054648238=308.106921798088, 308.106921798088=341.54716685415315, 341.54716685415315=378.42834834834775, 414.96564604145436=433.61580689704306, 433.61580689704306=474.49992862473806, 474.49992862473806=515.882686345785, 515.882686345785=561.0129201899136, 599.3281155691423=622.1901759770335, 668.2232529270116=691.3985311663109, 738.0755107691926=761.5819091480146, 812.3231500426435=839.5886264745158, 839.5886264745158=867.0638455829338, 867.0638455829338=922.8936397187861, 922.8936397187861=951.0392488778521, 951.0392488778521=1011.8800679151512, 1072.7396213760837=1105.5352282556796, 1105.5352282556796=1138.6402459260582, 1138.6402459260582=1209.9129030971153, 1209.9129030971153=1282.6864762367343, 1282.6864762367343=1321.4092903280084, 1321.4092903280084=1360.5721740711444, 1360.5721740711444=1400.1958398951347, 1400.1958398951347=1440.3027687839397, 1440.3027687839397=1484.9789007607862, 1484.9789007607862=1530.2429439994396, 1530.2429439994396=1576.1271196850828, 1576.1271196850828=1622.6668721667425, 1622.6668721667425=1674.195393704635, 1674.195393704635=1726.5291784587664, 1726.5291784587664=1784.1537023014007, 1784.1537023014007=1842.7719476998238, 1842.7719476998238=1902.4562122411394, 1902.4562122411394=1963.2885315151625, 1963.2885315151625=2030.1376016799306, 2030.1376016799306=2103.319134557074, 2103.319134557074=2178.203170525542, 2178.203170525542=2254.960078396693, 2254.960078396693=2339.0479893834804, 2339.0479893834804=2431.0206370705127, 2431.0206370705127=2525.96217244371, 2525.96217244371=2624.2973140692993, 2624.2973140692993=2732.586022069073, 2732.586022069073=2845.8035899303823, 2845.8035899303823=2964.9907351610645, 2964.9907351610645=3091.645976376861, 3091.645976376861=3235.660933644742, 3235.660933644742=3402.512481592535, 3402.512481592535=3593.509824920444, 3593.509824920444=3834.1513982532742];
