1.12179116729702
11450.743712788202
12845.34315598769
[1; 10; 1.6607256571313411]
[1; 10; 1.6719471168299052]
[1; 10; 1.683478150984032]
[1; 20; 3.3906680430756486]
[1; 20; 3.41506217707181]
[1; 20; 3.4401738302067244]
[1; 30; 5.199061155171002]
[1; 30; 5.239055504983146]
[1; 30; 5.280309609081241]
[1; 30; 5.322894590127133]
[1; 30; 5.3668874495246355]
[1; 50; 9.020619525325419]
[1; 50; 9.09906363249903]
[1; 60; 11.016371485199961]
[1; 70; 12.970352219190138]
[1; 70; 13.092721259397415]
[1; 80; 15.108392009337724]
[1; 80; 15.259485952825518]
[1; 80; 15.416811331670155]
[1; 90; 17.528436307561666]
[1; 100; 19.690079901484424]
[2; 50; 9.956924982999318]
[1; 100; 20.148152048688374]
[1; 100; 20.393885438240385]
[1; 110; 22.717269624048303]
[1; 110; 23.016215348722998]
[1; 110; 23.331545154091692]
[2; 60; 12.908126170777757]
[2; 60; 13.100813178181404]
[1; 120; 26.6110929057745]
[1; 130; 29.301369370315026]
[1; 160; 36.68512577573899]
[2; 80; 18.676136897723815]
[2; 80; 19.0353811226281]
[1; 160; 38.847930238058076]
[1; 160; 39.69271382718752]
[1; 170; 43.1546375004625]
[1; 180; 46.83594468350593]
[1; 180; 48.10238978107555]
[2; 100; 27.50998382321817]
[1; 200; 56.79601855446889]
[1; 200; 58.82614502040141]
[1; 200; 61.18165631472115]
[2; 130; 41.57815708449411]
[2; 160; 53.871300831489]
[2; 170; 60.824724427945874]
[2; 180; 69.3756509925157]
[2; 180; 76.35778414066372]
[2; 190; 92.26383431538794]
[2; 190; 116.2451469979702]


Jobs: [[1; 10; 1.6607256571313411], [1; 10; 1.683478150984032], [1; 20; 3.41506217707181], [1; 30; 5.199061155171002], [1; 30; 5.280309609081241], [1; 30; 5.3668874495246355], [1; 50; 9.09906363249903], [1; 70; 12.970352219190138], [1; 80; 15.108392009337724], [1; 80; 15.416811331670155], [1; 100; 19.690079901484424], [2; 50; 9.956924982999318], [1; 100; 20.148152048688374], [1; 110; 22.717269624048303], [1; 110; 23.331545154091692], [2; 60; 12.908126170777757], [2; 60; 13.100813178181404], [1; 120; 26.6110929057745], [1; 160; 36.68512577573899], [2; 80; 18.676136897723815], [2; 80; 19.0353811226281], [1; 160; 38.847930238058076], [1; 170; 43.1546375004625], [1; 180; 48.10238978107555], [2; 100; 27.50998382321817], [1; 200; 56.79601855446889], [1; 200; 61.18165631472115], [2; 130; 41.57815708449411], [2; 160; 53.871300831489], [2; 170; 60.824724427945874], [2; 180; 69.3756509925157], [2; 180; 76.35778414066372], [2; 190; 92.26383431538794], [2; 190; 116.2451469979702]];
Intervals[0.0=1.6607256571313411, 1.6607256571313411=3.344203808115373, 3.344203808115373=6.759265985187183, 6.759265985187183=11.958327140358184, 11.958327140358184=17.238636749439426, 17.238636749439426=22.605524198964062, 22.605524198964062=31.704587831463094, 31.704587831463094=44.674940050653234, 44.674940050653234=59.783332059990954, 59.783332059990954=75.20014339166111, 75.20014339166111=94.89022329314554, 94.89022329314554=104.84714827614485, 104.84714827614485=124.99530032483322, 124.99530032483322=147.71256994888154, 147.71256994888154=171.04411510297322, 171.04411510297322=183.95224127375099, 183.95224127375099=197.05305445193238, 197.05305445193238=223.6641473577069, 223.6641473577069=260.3492731334459, 260.3492731334459=279.0254100311697, 279.0254100311697=298.0607911537978, 298.0607911537978=336.9087213918559, 336.9087213918559=380.06335889231843, 380.06335889231843=428.165748673394, 428.165748673394=455.67573249661217, 455.67573249661217=512.471751051081, 512.471751051081=573.6534073658022, 573.6534073658022=615.2315644502963, 615.2315644502963=669.1028652817853, 669.1028652817853=729.9275897097311, 729.9275897097311=799.3032407022469, 799.3032407022469=875.6610248429106, 875.6610248429106=967.9248591582985, 967.9248591582985=1084.1700061562688];

Jobs: [[1; 10; 1.6719471168299052], [1; 20; 3.3906680430756486], [1; 20; 3.4401738302067244], [1; 30; 5.239055504983146], [1; 30; 5.322894590127133], [1; 50; 9.020619525325419], [1; 60; 11.016371485199961], [1; 70; 13.092721259397415], [1; 80; 15.259485952825518], [1; 90; 17.528436307561666], [2; 50; 9.956924982999318], [1; 100; 20.393885438240385], [1; 110; 23.016215348722998], [2; 60; 12.908126170777757], [2; 60; 13.100813178181404], [1; 130; 29.301369370315026], [2; 80; 18.676136897723815], [2; 80; 19.0353811226281], [1; 160; 39.69271382718752], [1; 180; 46.83594468350593], [2; 100; 27.50998382321817], [1; 200; 58.82614502040141], [2; 130; 41.57815708449411], [2; 160; 53.871300831489], [2; 170; 60.824724427945874], [2; 180; 69.3756509925157], [2; 180; 76.35778414066372], [2; 190; 92.26383431538794], [2; 190; 116.2451469979702]];
Intervals[0.0=1.6719471168299052, 1.6719471168299052=5.062615159905554, 5.062615159905554=8.502788990112279, 8.502788990112279=13.741844495095425, 13.741844495095425=19.064739085222556, 19.064739085222556=28.085358610547974, 28.085358610547974=39.10173009574794, 39.10173009574794=52.194451355145354, 52.194451355145354=67.45393730797088, 67.45393730797088=84.98237361553254, 94.89022329314554=104.84714827614485, 104.84714827614485=125.24103371438524, 125.24103371438524=148.25724906310825, 171.04411510297322=183.95224127375099, 183.95224127375099=197.05305445193238, 197.05305445193238=226.3544238222474, 260.3492731334459=279.0254100311697, 279.0254100311697=298.0607911537978, 298.0607911537978=337.7535049809853, 337.7535049809853=384.58944966449127, 428.165748673394=455.67573249661217, 455.67573249661217=514.5018775170136, 573.6534073658022=615.2315644502963, 615.2315644502963=669.1028652817853, 669.1028652817853=729.9275897097311, 729.9275897097311=799.3032407022469, 799.3032407022469=875.6610248429106, 875.6610248429106=967.9248591582985, 967.9248591582985=1084.1700061562688];
