1.0882784486287307
17057.891875207773
18563.736106827746
[1; 10; 1.8966845921078246]
[2; 10; 1.9095004172983558]
[1; 30; 5.768009405545766]
[1; 30; 5.8086305284425706]
[2; 20; 3.900280449409615]
[1; 40; 7.857920024185693]
[1; 50; 9.896255435181807]
[1; 50; 9.972383468665573]
[1; 60; 12.06109128753133]
[1; 70; 14.184756078984424]
[1; 80; 16.345132325144284]
[2; 40; 8.241828500201754]
[2; 40; 8.313500171572135]
[1; 90; 18.8723965037733]
[1; 100; 21.161719364502293]
[1; 100; 21.361370017314833]
[2; 50; 10.784387465121199]
[2; 50; 10.892238494482788]
[1; 110; 24.20998256493599]
[1; 110; 24.467554902940776]
[1; 110; 24.736450663458555]
[2; 60; 13.645947687217342]
[1; 130; 29.914089784741538]
[1; 130; 30.27893171468152]
[1; 140; 33.0208846410202]
[1; 140; 33.455419796510874]
[2; 70; 16.95688508742369]
[2; 70; 17.199159035466135]
[1; 150; 37.40550161376633]
[1; 150; 37.990056994660954]
[1; 160; 41.187152559532834]
[2; 80; 20.948707728936743]
[1; 160; 42.65935308688704]
[1; 180; 48.914916399103]
[1; 180; 49.91345452006481]
[1; 190; 53.83213844736102]
[2; 100; 28.99183954480081]
[2; 120; 35.66032083889]
[2; 120; 36.62457679250327]
[2; 130; 40.84424834971939]
[2; 150; 48.649275464050234]
[2; 160; 53.74741692906681]
[2; 160; 55.89956624248896]
[2; 160; 58.443886268270624]
[2; 170; 65.37077326285201]
[2; 180; 73.55309546314928]
[2; 180; 79.23267021251779]
[2; 190; 92.05166190315717]
[2; 190; 105.37284843124796]
[2; 190; 132.76146982591126]


Jobs: [[1; 10; 1.8966845921078246], [2; 10; 1.9095004172983558], [1; 30; 5.768009405545766], [2; 20; 3.900280449409615], [1; 40; 7.857920024185693], [1; 50; 9.972383468665573], [1; 70; 14.184756078984424], [2; 40; 8.241828500201754], [2; 40; 8.313500171572135], [1; 90; 18.8723965037733], [1; 100; 21.361370017314833], [2; 50; 10.784387465121199], [2; 50; 10.892238494482788], [1; 110; 24.20998256493599], [1; 110; 24.736450663458555], [2; 60; 13.645947687217342], [1; 130; 29.914089784741538], [1; 140; 33.0208846410202], [2; 70; 16.95688508742369], [2; 70; 17.199159035466135], [1; 150; 37.40550161376633], [1; 160; 41.187152559532834], [2; 80; 20.948707728936743], [1; 160; 42.65935308688704], [1; 180; 49.91345452006481], [2; 100; 28.99183954480081], [2; 120; 35.66032083889], [2; 120; 36.62457679250327], [2; 130; 40.84424834971939], [2; 150; 48.649275464050234], [2; 160; 53.74741692906681], [2; 160; 55.89956624248896], [2; 160; 58.443886268270624], [2; 170; 65.37077326285201], [2; 180; 73.55309546314928], [2; 180; 79.23267021251779], [2; 190; 92.05166190315717], [2; 190; 105.37284843124796], [2; 190; 132.76146982591126]];
Intervals[0.0=1.8966845921078246, 1.8966845921078246=3.8061850094061804, 3.8061850094061804=9.574194414951947, 9.61481553784875=13.515095987258366, 13.515095987258366=21.373016011444058, 21.373016011444058=31.34539948010963, 31.34539948010963=45.530155559094055, 51.81757503511579=60.05940353531754, 60.05940353531754=68.37290370688967, 68.37290370688967=87.24530021066298, 87.24530021066298=108.60667022797782, 108.60667022797782=119.39105769309901, 119.39105769309901=130.2832961875818, 130.2832961875818=154.4932787525178, 154.4932787525178=179.22972941597635, 179.22972941597635=192.87567710319368, 192.87567710319368=222.78976688793523, 222.78976688793523=255.81065152895542, 256.61002861438607=273.56691370180977, 273.56691370180977=290.7660727372759, 290.7660727372759=328.17157435104224, 328.17157435104224=369.35872691057506, 369.35872691057506=390.3074346395118, 390.3074346395118=432.9667877263989, 432.9667877263989=482.8802422464637, 493.05448948597586=522.0463290307766, 522.0463290307766=557.7066498696666, 557.7066498696666=594.3312266621699, 594.3312266621699=635.1754750118893, 635.1754750118893=683.8247504759395, 683.8247504759395=737.5721674050063, 737.5721674050063=793.4717336474953, 793.4717336474953=851.9156199157659, 851.9156199157659=917.2863931786179, 917.2863931786179=990.8394886417672, 990.8394886417672=1070.072158854285, 1070.072158854285=1162.123820757442, 1162.123820757442=1267.49666918869, 1267.49666918869=1400.2581390146013];

Jobs: [[2; 10; 1.9095004172983558], [1; 30; 5.8086305284425706], [2; 20; 3.900280449409615], [1; 50; 9.896255435181807], [1; 60; 12.06109128753133], [1; 80; 16.345132325144284], [2; 40; 8.241828500201754], [2; 40; 8.313500171572135], [1; 100; 21.161719364502293], [2; 50; 10.784387465121199], [2; 50; 10.892238494482788], [1; 110; 24.467554902940776], [2; 60; 13.645947687217342], [1; 130; 30.27893171468152], [1; 140; 33.455419796510874], [2; 70; 16.95688508742369], [2; 70; 17.199159035466135], [1; 150; 37.990056994660954], [2; 80; 20.948707728936743], [1; 180; 48.914916399103], [1; 190; 53.83213844736102], [2; 100; 28.99183954480081], [2; 120; 35.66032083889], [2; 120; 36.62457679250327], [2; 130; 40.84424834971939], [2; 150; 48.649275464050234], [2; 160; 53.74741692906681], [2; 160; 55.89956624248896], [2; 160; 58.443886268270624], [2; 170; 65.37077326285201], [2; 180; 73.55309546314928], [2; 180; 79.23267021251779], [2; 190; 92.05166190315717], [2; 190; 105.37284843124796], [2; 190; 132.76146982591126]];
Intervals[1.8966845921078246=3.8061850094061804, 3.8061850094061804=9.61481553784875, 9.61481553784875=13.515095987258366, 13.515095987258366=23.411351422440173, 23.411351422440173=35.4724427099715, 35.4724427099715=51.81757503511579, 51.81757503511579=60.05940353531754, 60.05940353531754=68.37290370688967, 68.37290370688967=89.53462307139196, 108.60667022797782=119.39105769309901, 119.39105769309901=130.2832961875818, 130.2832961875818=154.7508510905226, 179.22972941597635=192.87567710319368, 192.87567710319368=223.15460881787521, 223.15460881787521=256.61002861438607, 256.61002861438607=273.56691370180977, 273.56691370180977=290.7660727372759, 290.7660727372759=328.7561297319369, 369.35872691057506=390.3074346395118, 390.3074346395118=439.2223510386148, 439.2223510386148=493.05448948597586, 493.05448948597586=522.0463290307766, 522.0463290307766=557.7066498696666, 557.7066498696666=594.3312266621699, 594.3312266621699=635.1754750118893, 635.1754750118893=683.8247504759395, 683.8247504759395=737.5721674050063, 737.5721674050063=793.4717336474953, 793.4717336474953=851.9156199157659, 851.9156199157659=917.2863931786179, 917.2863931786179=990.8394886417672, 990.8394886417672=1070.072158854285, 1070.072158854285=1162.123820757442, 1162.123820757442=1267.49666918869, 1267.49666918869=1400.2581390146013];
