1.1400265389200923
244766.35466228903
279040.1401497372
[2; 10; 3.6581421023392178]
[1; 20; 7.340835677960421]
[1; 20; 7.365720057008105]
[1; 20; 7.39094532259332]
[2; 10; 3.70825986582311]
[1; 40; 14.884903659616658]
[2; 20; 7.468750464695325]
[1; 40; 14.990849599835496]
[1; 40; 15.04496865982315]
[2; 20; 7.549938895634869]
[2; 20; 7.577798701191204]
[1; 60; 22.81822299433666]
[1; 60; 22.904330312111597]
[1; 60; 22.991752267600166]
[2; 30; 11.54026219621125]
[2; 30; 11.585341803098826]
[1; 60; 23.262268287866615]
[2; 30; 11.6776591757901]
[2; 30; 11.724937663751499]
[2; 30; 11.772991223958122]
[1; 60; 23.643684739037333]
[1; 80; 31.65737215868323]
[1; 80; 31.79208600344168]
[1; 80; 31.929122550614167]
[1; 80; 32.068552802060665]
[1; 80; 32.21045090144678]
[1; 80; 32.35489431740786]
[1; 80; 32.50196404003508]
[1; 80; 32.651744791849765]
[1; 100; 41.00540656819079]
[2; 50; 20.599873945605307]
[1; 100; 41.39782664719644]
[1; 100; 41.59977046078774]
[1; 100; 41.80571327500293]
[2; 50; 21.007897882012344]
[2; 60; 25.33809946781089]
[1; 120; 50.93877460195947]
[1; 120; 51.20687835386943]
[2; 60; 25.740358567359912]
[1; 120; 51.760509135501984]
[2; 60; 26.023242301367134]
[1; 140; 61.062034505492285]
[2; 70; 30.705483995643068]
[1; 140; 61.768016525681816]
[1; 140; 62.13351625417447]
[1; 140; 62.50782357353421]
[1; 160; 71.87579056810796]
[1; 160; 72.3250259218151]
[2; 80; 36.392853648620125]
[1; 160; 73.25835500385963]
[1; 160; 73.74352381190185]
[1; 160; 74.241805979659]
[1; 160; 74.753834614894]
[1; 160; 75.28028741505405]
[1; 180; 85.2996271928393]
[1; 180; 85.92685285947144]
[1; 180; 86.57294368192382]
[1; 180; 87.23891557387556]
[1; 180; 87.92586445255537]
[1; 180; 88.63497462759436]
[1; 180; 89.3675282993739]
[1; 180; 90.12491634555977]
[2; 90; 45.45432530435413]
[1; 200; 101.91153104406543]
[1; 200; 102.84655144761703]
[1; 200; 103.81685923699632]
[1; 200; 104.82485294868286]
[1; 200; 105.87317102235713]
[2; 100; 53.48236198071589]
[2; 100; 54.05136598476432]
[1; 200; 109.29076920669051]
[2; 100; 55.266408047601196]
[1; 200; 111.83332147517093]
[2; 100; 56.59863844662163]
[1; 1040; 596.0775909093192]
[1; 1040; 603.9216166362532]
[1; 1040; 612.1955436458222]
[1; 1080; 644.8247750906602]
[2; 560; 339.3446749660153]
[1; 1120; 689.2955841580845]
[1; 1120; 700.5975205068432]
[1; 1160; 738.1319895697883]
[1; 1160; 751.5555034521027]
[1; 1160; 766.012024936645]
[2; 580; 390.824611214087]
[1; 1160; 798.6468959597283]
[1; 1280; 901.7673971598608]
[1; 1280; 924.3208666551088]
[1; 1280; 949.3145256507162]
[2; 660; 503.89526686645513]
[2; 660; 520.1610642588212]
[1; 1320; 1077.5075781310422]
[1; 1320; 1120.6530412431082]
[1; 1320; 1171.6605922215756]
[2; 680; 635.4075942265989]
[1; 1360; 1350.4426498572057]
[1; 1360; 1454.7202458754723]
[1; 1360; 1601.1268064583041]
[2; 700; 943.3697512064168]
[2; 700; 1188.571407379054]


Jobs: [[2; 10; 3.6581421023392178], [1; 20; 7.340835677960421], [1; 20; 7.39094532259332], [2; 10; 3.70825986582311], [1; 40; 14.884903659616658], [2; 20; 7.468750464695325], [1; 40; 14.990849599835496], [2; 20; 7.549938895634869], [2; 20; 7.577798701191204], [1; 60; 22.81822299433666], [1; 60; 22.991752267600166], [2; 30; 11.54026219621125], [2; 30; 11.585341803098826], [1; 60; 23.262268287866615], [2; 30; 11.6776591757901], [2; 30; 11.724937663751499], [2; 30; 11.772991223958122], [1; 60; 23.643684739037333], [1; 80; 31.79208600344168], [1; 80; 32.068552802060665], [1; 80; 32.35489431740786], [1; 80; 32.651744791849765], [2; 50; 20.599873945605307], [1; 100; 41.39782664719644], [1; 100; 41.80571327500293], [2; 50; 21.007897882012344], [2; 60; 25.33809946781089], [1; 120; 50.93877460195947], [2; 60; 25.740358567359912], [1; 120; 51.760509135501984], [2; 60; 26.023242301367134], [1; 140; 61.062034505492285], [2; 70; 30.705483995643068], [1; 140; 61.768016525681816], [1; 140; 62.50782357353421], [1; 160; 72.3250259218151], [2; 80; 36.392853648620125], [1; 160; 73.25835500385963], [1; 160; 74.241805979659], [1; 160; 75.28028741505405], [1; 180; 85.92685285947144], [1; 180; 87.23891557387556], [1; 180; 88.63497462759436], [1; 180; 90.12491634555977], [2; 90; 45.45432530435413], [1; 200; 101.91153104406543], [1; 200; 103.81685923699632], [1; 200; 105.87317102235713], [2; 100; 53.48236198071589], [2; 100; 54.05136598476432], [1; 200; 109.29076920669051], [2; 100; 55.266408047601196], [1; 200; 111.83332147517093], [2; 100; 56.59863844662163], [1; 1040; 596.0775909093192], [1; 1040; 612.1955436458222], [2; 560; 339.3446749660153], [1; 1120; 689.2955841580845], [1; 1160; 738.1319895697883], [1; 1160; 766.012024936645], [2; 580; 390.824611214087], [1; 1160; 798.6468959597283], [1; 1280; 924.3208666551088], [2; 660; 503.89526686645513], [2; 660; 520.1610642588212], [1; 1320; 1077.5075781310422], [1; 1320; 1171.6605922215756], [2; 680; 635.4075942265989], [1; 1360; 1350.4426498572057], [1; 1360; 1601.1268064583041], [2; 700; 943.3697512064168], [2; 700; 1188.571407379054]];
Intervals[4.9E-324=3.6581421023392178, 3.6581421023392178=10.99897778029964, 10.99897778029964=18.38992310289296, 18.38992310289296=22.09818296871607, 22.09818296871607=36.98308662833273, 36.98308662833273=44.451837093028054, 44.451837093028054=59.442686692863546, 59.4968057528512=67.04674464848607, 67.04674464848607=74.62454334967727, 74.62454334967727=97.44276634401393, 97.44276634401393=120.4345186116141, 120.4345186116141=131.97478080782534, 131.97478080782534=143.56012261092417, 143.56012261092417=166.8223908987908, 166.8223908987908=178.50005007458088, 178.50005007458088=190.22498773833237, 190.22498773833237=201.9979789622905, 201.9979789622905=225.64166370132781, 225.64166370132781=257.43374970476947, 257.43374970476947=289.5023025068301, 289.5023025068301=321.857196824238, 321.857196824238=354.5089416160877, 371.30229518126055=391.90216912686583, 391.90216912686583=433.29999577406227, 433.29999577406227=475.1057090490652, 475.1057090490652=496.1136069310775, 496.1136069310775=521.4517063988884, 521.4517063988884=572.3904810008479, 572.6585847527579=598.3989433201177, 598.3989433201177=650.1594524556197, 650.1594524556197=676.1826947569868, 676.1826947569868=737.2447292624792, 737.2447292624792=767.9502132581222, 767.9502132581222=829.718229783804, 829.718229783804=892.2260533573382, 892.2260533573382=964.5510792791533, 964.5510792791533=1000.9439329277734, 1000.9439329277734=1074.202287931633, 1074.202287931633=1148.444093911292, 1148.444093911292=1223.724381326346, 1223.724381326346=1309.6512341858174, 1309.6512341858174=1396.890149759693, 1396.890149759693=1485.5251243872874, 1485.5251243872874=1575.6500407328472, 1575.6500407328472=1621.1043660372013, 1621.1043660372013=1723.0158970812668, 1723.0158970812668=1826.8327563182631, 1826.8327563182631=1932.7059273406203, 1932.7059273406203=1986.1882893213362, 1986.1882893213362=2040.2396553061005, 2040.2396553061005=2149.530424512791, 2149.530424512791=2204.796832560392, 2204.796832560392=2316.630154035563, 2316.630154035563=2373.2287924821844, 2373.2287924821844=2969.3063833915035, 2969.3063833915035=3581.501927037326, 3621.975184209098=3961.3198591751134, 3961.3198591751134=4650.615443333198, 4650.615443333198=5388.747432902986, 5388.747432902986=6154.759457839631, 6154.759457839631=6545.584069053718, 6545.584069053718=7344.230965013447, 7344.230965013447=8268.551831668556, 8396.665991864294=8900.56125873075, 8900.56125873075=9420.722322989572, 9420.722322989572=10498.229901120614, 10498.229901120614=11669.890493342189, 11669.890493342189=12305.298087568788, 12305.298087568788=13655.740737425993, 13655.740737425993=15256.867543884297, 15256.867543884297=16200.237295090714, 16200.237295090714=17388.808702469767];

Jobs: [[2; 10; 3.6581421023392178], [1; 20; 7.365720057008105], [2; 10; 3.70825986582311], [2; 20; 7.468750464695325], [1; 40; 15.04496865982315], [2; 20; 7.549938895634869], [2; 20; 7.577798701191204], [1; 60; 22.904330312111597], [2; 30; 11.54026219621125], [2; 30; 11.585341803098826], [2; 30; 11.6776591757901], [2; 30; 11.724937663751499], [2; 30; 11.772991223958122], [1; 80; 31.65737215868323], [1; 80; 31.929122550614167], [1; 80; 32.21045090144678], [1; 80; 32.50196404003508], [1; 100; 41.00540656819079], [2; 50; 20.599873945605307], [1; 100; 41.59977046078774], [2; 50; 21.007897882012344], [2; 60; 25.33809946781089], [1; 120; 51.20687835386943], [2; 60; 25.740358567359912], [2; 60; 26.023242301367134], [2; 70; 30.705483995643068], [1; 140; 62.13351625417447], [1; 160; 71.87579056810796], [2; 80; 36.392853648620125], [1; 160; 73.74352381190185], [1; 160; 74.753834614894], [1; 180; 85.2996271928393], [1; 180; 86.57294368192382], [1; 180; 87.92586445255537], [1; 180; 89.3675282993739], [2; 90; 45.45432530435413], [1; 200; 102.84655144761703], [1; 200; 104.82485294868286], [2; 100; 53.48236198071589], [2; 100; 54.05136598476432], [2; 100; 55.266408047601196], [2; 100; 56.59863844662163], [1; 1040; 603.9216166362532], [1; 1080; 644.8247750906602], [2; 560; 339.3446749660153], [1; 1120; 700.5975205068432], [1; 1160; 751.5555034521027], [2; 580; 390.824611214087], [1; 1280; 901.7673971598608], [1; 1280; 949.3145256507162], [2; 660; 503.89526686645513], [2; 660; 520.1610642588212], [1; 1320; 1120.6530412431082], [2; 680; 635.4075942265989], [1; 1360; 1454.7202458754723], [2; 700; 943.3697512064168], [2; 700; 1188.571407379054]];
Intervals[4.9E-324=3.6581421023392178, 3.6581421023392178=11.023862159347324, 18.38992310289296=22.09818296871607, 36.98308662833273=44.451837093028054, 44.451837093028054=59.4968057528512, 59.4968057528512=67.04674464848607, 67.04674464848607=74.62454334967727, 74.62454334967727=97.52887366178886, 120.4345186116141=131.97478080782534, 131.97478080782534=143.56012261092417, 166.8223908987908=178.50005007458088, 178.50005007458088=190.22498773833237, 190.22498773833237=201.9979789622905, 201.9979789622905=233.6553511209737, 233.6553511209737=265.5844736715879, 265.5844736715879=297.7949245730347, 297.7949245730347=330.29688861306977, 330.29688861306977=371.30229518126055, 371.30229518126055=391.90216912686583, 391.90216912686583=433.50193958765357, 475.1057090490652=496.1136069310775, 496.1136069310775=521.4517063988884, 521.4517063988884=572.6585847527579, 572.6585847527579=598.3989433201177, 650.1594524556197=676.1826947569868, 737.2447292624792=767.9502132581222, 767.9502132581222=830.0837295122966, 830.0837295122966=901.9595200804046, 964.5510792791533=1000.9439329277734, 1000.9439329277734=1074.6874567396753, 1074.6874567396753=1149.4412913545693, 1149.4412913545693=1234.7409185474087, 1234.7409185474087=1321.3138622293325, 1321.3138622293325=1409.2397266818878, 1409.2397266818878=1498.6072549812616, 1575.6500407328472=1621.1043660372013, 1621.1043660372013=1723.9509174848183, 1723.9509174848183=1828.7757704335013, 1932.7059273406203=1986.1882893213362, 1986.1882893213362=2040.2396553061005, 2149.530424512791=2204.796832560392, 2316.630154035563=2373.2287924821844, 2373.2287924821844=2977.150409118438, 2977.150409118438=3621.975184209098, 3621.975184209098=3961.3198591751134, 3961.3198591751134=4661.917379681957, 4661.917379681957=5413.47288313406, 6154.759457839631=6545.584069053718, 6545.584069053718=7447.3514662135785, 7447.3514662135785=8396.665991864294, 8396.665991864294=8900.56125873075, 8900.56125873075=9420.722322989572, 9420.722322989572=10541.37536423268, 11669.890493342189=12305.298087568788, 12305.298087568788=13760.01833344426, 15256.867543884297=16200.237295090714, 16200.237295090714=17388.808702469767];
