1.0875017171329127
22033.03428218296
23960.9626155223
[1; 10; 2.0655930666345723]
[2; 10; 2.0795501999222648]
[1; 30; 6.281677135963688]
[1; 40; 8.43455434190666]
[2; 20; 4.247618337679244]
[2; 20; 4.278851947146572]
[1; 50; 10.77756243584972]
[1; 60; 13.032564024451654]
[1; 60; 13.135186864087238]
[2; 30; 6.62056018258031]
[2; 30; 6.675278037370293]
[1; 80; 17.951602366831633]
[2; 50; 11.317319432893154]
[2; 50; 11.418372274787366]
[2; 50; 11.523133835553809]
[2; 50; 11.631849065780976]
[1; 120; 28.187488085532475]
[2; 70; 16.60713930567783]
[1; 140; 33.55671799507652]
[1; 150; 36.33614052022964]
[2; 80; 19.59225106270295]
[1; 160; 39.62981868137876]
[1; 180; 45.1081064457603]
[2; 90; 22.829129762564865]
[2; 90; 23.118136769212057]
[1; 190; 49.44719951822621]
[1; 190; 50.12464259754526]
[1; 190; 50.840805677834716]
[2; 100; 27.15775555896666]
[2; 100; 27.58216404061023]
[2; 100; 28.034411043945894]
[2; 110; 31.369643760150062]
[2; 110; 31.940125536374197]
[2; 110; 32.55450878407136]
[2; 110; 33.219069217229496]
[2; 110; 33.941448101996386]
[2; 120; 37.88843522127466]
[2; 150; 48.545045249798214]
[2; 150; 49.85770446876671]
[2; 150; 51.324941844962396]
[2; 160; 56.51383135307638]
[2; 160; 58.53387127209109]
[2; 170; 64.68253432726712]
[2; 170; 67.62661920072155]
[2; 180; 75.38012563156424]
[2; 190; 84.55352180669038]
[2; 190; 91.08252027235056]
[2; 190; 100.24928519509052]
[2; 200; 120.79661533537998]
[2; 200; 152.19419841709907]


Jobs: [[1; 10; 2.0655930666345723], [2; 10; 2.0795501999222648], [1; 30; 6.281677135963688], [2; 20; 4.247618337679244], [2; 20; 4.278851947146572], [1; 50; 10.77756243584972], [1; 60; 13.135186864087238], [2; 30; 6.62056018258031], [2; 30; 6.675278037370293], [1; 80; 17.951602366831633], [2; 50; 11.317319432893154], [2; 50; 11.418372274787366], [2; 50; 11.523133835553809], [2; 50; 11.631849065780976], [1; 120; 28.187488085532475], [2; 70; 16.60713930567783], [1; 140; 33.55671799507652], [2; 80; 19.59225106270295], [1; 160; 39.62981868137876], [2; 90; 22.829129762564865], [2; 90; 23.118136769212057], [1; 190; 49.44719951822621], [1; 190; 50.840805677834716], [2; 100; 27.15775555896666], [2; 100; 27.58216404061023], [2; 100; 28.034411043945894], [2; 110; 31.369643760150062], [2; 110; 31.940125536374197], [2; 110; 32.55450878407136], [2; 110; 33.219069217229496], [2; 110; 33.941448101996386], [2; 120; 37.88843522127466], [2; 150; 48.545045249798214], [2; 150; 49.85770446876671], [2; 150; 51.324941844962396], [2; 160; 56.51383135307638], [2; 160; 58.53387127209109], [2; 170; 64.68253432726712], [2; 170; 67.62661920072155], [2; 180; 75.38012563156424], [2; 190; 84.55352180669038], [2; 190; 91.08252027235056], [2; 190; 100.24928519509052], [2; 200; 120.79661533537998], [2; 200; 152.19419841709907]];
Intervals[0.0=2.0655930666345723, 2.0655930666345723=4.145143266556837, 4.145143266556837=10.426820402520525, 12.579697608463498=16.82731594614274, 16.82731594614274=21.10616789328931, 21.10616789328931=31.88373032913903, 31.88373032913903=45.01891719322627, 45.01891719322627=51.639477375806585, 51.639477375806585=58.314755413176876, 58.314755413176876=76.2663577800085, 76.2663577800085=87.58367721290166, 87.58367721290166=99.00204948768902, 99.00204948768902=110.52518332324283, 110.52518332324283=122.15703238902381, 122.15703238902381=150.34452047455628, 150.34452047455628=166.9516597802341, 166.9516597802341=200.50837777531063, 203.28780030046374=222.8800513631667, 222.8800513631667=262.50987004454544, 267.988157808927=290.8172875714919, 290.8172875714919=313.93542434070395, 313.93542434070395=363.3826238589302, 363.3826238589302=414.2234295367649, 414.2234295367649=441.38118509573155, 441.38118509573155=468.9633491363418, 468.9633491363418=496.9977601802877, 496.9977601802877=528.3674039404377, 528.3674039404377=560.307529476812, 560.307529476812=592.8620382608833, 592.8620382608833=626.0811074781128, 626.0811074781128=660.0225555801092, 660.0225555801092=697.9109908013838, 697.9109908013838=746.4560360511821, 746.4560360511821=796.3137405199489, 796.3137405199489=847.6386823649112, 847.6386823649112=904.1525137179876, 904.1525137179876=962.6863849900787, 962.6863849900787=1027.368919317346, 1027.368919317346=1094.9955385180674, 1094.9955385180674=1170.3756641496316, 1170.3756641496316=1254.929185956322, 1254.929185956322=1346.0117062286727, 1346.0117062286727=1446.2609914237632, 1446.2609914237632=1567.0576067591433, 1567.0576067591433=1719.2518051762422];

Jobs: [[2; 10; 2.0795501999222648], [1; 40; 8.43455434190666], [2; 20; 4.247618337679244], [2; 20; 4.278851947146572], [1; 60; 13.032564024451654], [2; 30; 6.62056018258031], [2; 30; 6.675278037370293], [2; 50; 11.317319432893154], [2; 50; 11.418372274787366], [2; 50; 11.523133835553809], [2; 50; 11.631849065780976], [2; 70; 16.60713930567783], [1; 150; 36.33614052022964], [2; 80; 19.59225106270295], [1; 180; 45.1081064457603], [2; 90; 22.829129762564865], [2; 90; 23.118136769212057], [1; 190; 50.12464259754526], [2; 100; 27.15775555896666], [2; 100; 27.58216404061023], [2; 100; 28.034411043945894], [2; 110; 31.369643760150062], [2; 110; 31.940125536374197], [2; 110; 32.55450878407136], [2; 110; 33.219069217229496], [2; 110; 33.941448101996386], [2; 120; 37.88843522127466], [2; 150; 48.545045249798214], [2; 150; 49.85770446876671], [2; 150; 51.324941844962396], [2; 160; 56.51383135307638], [2; 160; 58.53387127209109], [2; 170; 64.68253432726712], [2; 170; 67.62661920072155], [2; 180; 75.38012563156424], [2; 190; 84.55352180669038], [2; 190; 91.08252027235056], [2; 190; 100.24928519509052], [2; 200; 120.79661533537998], [2; 200; 152.19419841709907]];
Intervals[2.0655930666345723=4.145143266556837, 4.145143266556837=12.579697608463498, 12.579697608463498=16.82731594614274, 16.82731594614274=21.10616789328931, 21.10616789328931=34.13873191774096, 45.01891719322627=51.639477375806585, 51.639477375806585=58.314755413176876, 76.2663577800085=87.58367721290166, 87.58367721290166=99.00204948768902, 99.00204948768902=110.52518332324283, 110.52518332324283=122.15703238902381, 150.34452047455628=166.9516597802341, 166.9516597802341=203.28780030046374, 203.28780030046374=222.8800513631667, 222.8800513631667=267.988157808927, 267.988157808927=290.8172875714919, 290.8172875714919=313.93542434070395, 313.93542434070395=364.0600669382492, 414.2234295367649=441.38118509573155, 441.38118509573155=468.9633491363418, 468.9633491363418=496.9977601802877, 496.9977601802877=528.3674039404377, 528.3674039404377=560.307529476812, 560.307529476812=592.8620382608833, 592.8620382608833=626.0811074781128, 626.0811074781128=660.0225555801092, 660.0225555801092=697.9109908013838, 697.9109908013838=746.4560360511821, 746.4560360511821=796.3137405199489, 796.3137405199489=847.6386823649112, 847.6386823649112=904.1525137179876, 904.1525137179876=962.6863849900787, 962.6863849900787=1027.368919317346, 1027.368919317346=1094.9955385180674, 1094.9955385180674=1170.3756641496316, 1170.3756641496316=1254.929185956322, 1254.929185956322=1346.0117062286727, 1346.0117062286727=1446.2609914237632, 1446.2609914237632=1567.0576067591433, 1567.0576067591433=1719.2518051762422];
