1.1865925071960097
150802.24158867597
178940.80993748538
[2; 10; 3.921834501515035]
[1; 20; 7.896668374255786]
[2; 10; 3.9755649385705594]
[1; 40; 16.014251188830617]
[2; 30; 12.097099192765743]
[2; 30; 12.186051646078864]
[1; 80; 32.74047876004071]
[2; 40; 16.496169247112206]
[2; 50; 20.782582114683386]
[2; 60; 25.14022898586114]
[1; 120; 50.69601779176734]
[2; 60; 25.56283277316539]
[2; 60; 25.785129433399153]
[2; 70; 30.351260316684883]
[2; 80; 35.00540320110993]
[1; 160; 70.67132471651063]
[2; 90; 40.13859206002635]
[2; 90; 40.54000460986282]
[2; 90; 40.957972266396425]
[1; 180; 82.78745616220395]
[2; 90; 41.848640639270855]
[1; 200; 94.05385352997035]
[1; 1040; 494.83444906921414]
[2; 520; 250.43480515795744]
[2; 520; 253.6052025472464]
[2; 520; 256.94249581846344]
[2; 520; 260.46269346911146]
[2; 520; 264.1840918709518]
[2; 520; 268.1277194271734]
[2; 520; 272.3178918455664]
[1; 1120; 596.1478129757984]
[2; 560; 303.21412190909894]
[1; 1120; 617.4566209439007]
[2; 580; 325.9049454305649]
[2; 580; 332.55789581419]
[2; 580; 339.7896698391551]
[2; 580; 347.69457344745433]
[1; 1200; 737.3596916587585]
[1; 1240; 782.5411797411947]
[2; 620; 402.78509579864124]
[2; 640; 429.1995305240001]
[1; 1280; 889.0818218562059]
[2; 640; 462.3411787531522]
[2; 640; 483.3850615400461]
[1; 1280; 1017.7446242740631]
[1; 1320; 1115.3123914188816]
[1; 1320; 1201.4338531476287]
[1; 1360; 1362.420242761506]
[2; 680; 779.7909281160318]
[2; 680; 982.4750048504484]


Jobs: [[2; 10; 3.921834501515035], [1; 20; 7.896668374255786], [2; 10; 3.9755649385705594], [1; 40; 16.014251188830617], [2; 30; 12.097099192765743], [2; 30; 12.186051646078864], [1; 80; 32.74047876004071], [2; 40; 16.496169247112206], [2; 50; 20.782582114683386], [2; 60; 25.14022898586114], [1; 120; 50.69601779176734], [2; 60; 25.56283277316539], [2; 60; 25.785129433399153], [2; 70; 30.351260316684883], [2; 80; 35.00540320110993], [1; 160; 70.67132471651063], [2; 90; 40.13859206002635], [2; 90; 40.54000460986282], [2; 90; 40.957972266396425], [1; 180; 82.78745616220395], [2; 90; 41.848640639270855], [1; 200; 94.05385352997035], [2; 520; 250.43480515795744], [2; 520; 253.6052025472464], [2; 520; 256.94249581846344], [2; 520; 260.46269346911146], [2; 520; 264.1840918709518], [2; 520; 268.1277194271734], [2; 520; 272.3178918455664], [1; 1120; 596.1478129757984], [2; 560; 303.21412190909894], [1; 1120; 617.4566209439007], [2; 580; 325.9049454305649], [2; 580; 332.55789581419], [2; 580; 339.7896698391551], [2; 580; 347.69457344745433], [1; 1200; 737.3596916587585], [2; 620; 402.78509579864124], [2; 640; 429.1995305240001], [1; 1280; 889.0818218562059], [2; 640; 462.3411787531522], [2; 640; 483.3850615400461], [1; 1280; 1017.7446242740631], [1; 1320; 1201.4338531476287], [2; 680; 779.7909281160318], [2; 680; 982.4750048504484]];
Intervals[4.9E-324=3.921834501515035, 3.921834501515035=11.818502875770822, 11.818502875770822=15.794067814341382, 15.794067814341382=31.808319003172, 31.808319003172=43.90541819593774, 43.90541819593774=56.09146984201661, 56.09146984201661=88.83194860205731, 88.83194860205731=105.32811784916952, 105.32811784916952=126.11069996385291, 126.11069996385291=151.25092894971405, 151.25092894971405=201.94694674148138, 201.94694674148138=227.50977951464677, 227.50977951464677=253.29490894804593, 253.29490894804593=283.6461692647308, 283.6461692647308=318.65157246584073, 318.65157246584073=389.32289718235137, 389.32289718235137=429.4614892423777, 429.4614892423777=470.0014938522405, 470.0014938522405=510.95946611863695, 510.95946611863695=593.7469222808409, 593.7469222808409=635.5955629201117, 635.5955629201117=729.6494164500821, 1130.4300119893257=1380.8648171472832, 1380.8648171472832=1634.4700196945296, 1634.4700196945296=1891.412515512993, 1891.412515512993=2151.8752089821046, 2151.8752089821046=2416.0593008530564, 2416.0593008530564=2684.1870202802297, 2684.1870202802297=2956.504912125796, 2956.504912125796=3552.6527251015946, 3552.6527251015946=3855.8668470106936, 3855.8668470106936=4473.323467954594, 4473.323467954594=4799.228413385159, 4799.228413385159=5131.786309199349, 5131.786309199349=5471.575979038504, 5471.575979038504=5819.2705524859575, 5819.2705524859575=6556.630244144716, 6601.811732227152=7004.596828025793, 7004.596828025793=7433.796358549793, 7433.796358549793=8322.878180405998, 8322.878180405998=8785.21935915915, 8785.21935915915=9268.604420699196, 9268.604420699196=10286.349044973258, 10286.349044973258=11487.782898120888, 11746.337054879583=12526.127982995615, 12526.127982995615=13508.602987846063];

Jobs: [[2; 10; 3.921834501515035], [2; 10; 3.9755649385705594], [2; 30; 12.097099192765743], [2; 30; 12.186051646078864], [2; 40; 16.496169247112206], [2; 50; 20.782582114683386], [2; 60; 25.14022898586114], [2; 60; 25.56283277316539], [2; 60; 25.785129433399153], [2; 70; 30.351260316684883], [2; 80; 35.00540320110993], [2; 90; 40.13859206002635], [2; 90; 40.54000460986282], [2; 90; 40.957972266396425], [2; 90; 41.848640639270855], [1; 1040; 494.83444906921414], [2; 520; 250.43480515795744], [2; 520; 253.6052025472464], [2; 520; 256.94249581846344], [2; 520; 260.46269346911146], [2; 520; 264.1840918709518], [2; 520; 268.1277194271734], [2; 520; 272.3178918455664], [2; 560; 303.21412190909894], [2; 580; 325.9049454305649], [2; 580; 332.55789581419], [2; 580; 339.7896698391551], [2; 580; 347.69457344745433], [1; 1240; 782.5411797411947], [2; 620; 402.78509579864124], [2; 640; 429.1995305240001], [2; 640; 462.3411787531522], [2; 640; 483.3850615400461], [1; 1320; 1115.3123914188816], [1; 1360; 1362.420242761506], [2; 680; 779.7909281160318], [2; 680; 982.4750048504484]];
Intervals[4.9E-324=3.921834501515035, 11.818502875770822=15.794067814341382, 31.808319003172=43.90541819593774, 43.90541819593774=56.09146984201661, 88.83194860205731=105.32811784916952, 105.32811784916952=126.11069996385291, 126.11069996385291=151.25092894971405, 201.94694674148138=227.50977951464677, 227.50977951464677=253.29490894804593, 253.29490894804593=283.6461692647308, 283.6461692647308=318.65157246584073, 389.32289718235137=429.4614892423777, 429.4614892423777=470.0014938522405, 470.0014938522405=510.95946611863695, 593.7469222808409=635.5955629201117, 635.5955629201117=1130.4300119893257, 1130.4300119893257=1380.8648171472832, 1380.8648171472832=1634.4700196945296, 1634.4700196945296=1891.412515512993, 1891.412515512993=2151.8752089821046, 2151.8752089821046=2416.0593008530564, 2416.0593008530564=2684.1870202802297, 2684.1870202802297=2956.504912125796, 3552.6527251015946=3855.8668470106936, 4473.323467954594=4799.228413385159, 4799.228413385159=5131.786309199349, 5131.786309199349=5471.575979038504, 5471.575979038504=5819.2705524859575, 5819.2705524859575=6601.811732227152, 6601.811732227152=7004.596828025793, 7004.596828025793=7433.796358549793, 8322.878180405998=8785.21935915915, 8785.21935915915=9268.604420699196, 9268.604420699196=10383.916812118077, 10383.916812118077=11746.337054879583, 11746.337054879583=12526.127982995615, 12526.127982995615=13508.602987846063];
