1.0000000000000004
1376721.9982313393
1376721.9982313397
[2; 10; 6.5056707880558795]
[2; 10; 6.527502061700528]
[2; 20; 13.099258713113663]
[2; 20; 13.144119538321556]
[2; 20; 13.189601283219016]
[2; 30; 19.853578718170564]
[2; 30; 19.92373328952005]
[2; 40; 26.659853445120614]
[2; 40; 26.75609923814587]
[2; 50; 33.56718762615199]
[2; 60; 40.42926349136338]
[2; 60; 40.580120349801405]
[2; 60; 40.73325433044367]
[2; 70; 47.70351398620601]
[2; 70; 47.88769926485548]
[2; 80; 54.94258570208207]
[2; 80; 55.15975232983962]
[2; 90; 62.302942898989876]
[2; 90; 62.55518428499611]
[2; 90; 62.811560856068944]
[2; 100; 70.08021413857325]
[2; 100; 70.37467227819748]
[2; 100; 70.67414257625919]
[2; 100; 70.97877626629068]
[2; 100; 71.28873118617567]
[2; 100; 71.60417215806497]
[2; 100; 71.92527139555227]
[2; 100; 72.2522089404646]
[2; 100; 72.58517313186067]
[2; 100; 72.92436111009674]
[2; 520; 381.0038926674147]
[2; 520; 382.83567031043805]
[2; 520; 384.70319093899997]
[2; 520; 386.60769322115135]
[2; 520; 388.5504780728912]
[2; 520; 390.53291278713635]
[2; 520; 392.5564355050133]
[2; 520; 394.6225600637153]
[2; 520; 396.73288125918305]
[2; 540; 414.230968280546]
[2; 540; 416.5195836105459]
[2; 540; 418.85963037145035]
[2; 540; 421.25316593028754]
[2; 540; 423.70236727696374]
[2; 540; 426.2095402268517]
[2; 540; 428.7771295104719]
[2; 540; 431.4077298536848]
[2; 560; 450.18202772773776]
[2; 560; 453.04950648881686]
[2; 560; 455.9914688352501]
[2; 560; 459.0113678952352]
[2; 560; 462.1128901387804]
[2; 560; 465.29997630054595]
[2; 560; 468.57684466054064]
[2; 560; 471.9480170050263]
[2; 560; 475.4183476421401]
[2; 580; 496.09995076259213]
[2; 580; 499.9162542028495]
[2; 580; 503.8527647383071]
[2; 580; 507.9162689690816]
[2; 580; 512.1141144511068]
[2; 600; 534.2630394906026]
[2; 600; 538.9090382505591]
[2; 600; 543.7209807039475]
[2; 600; 548.7095252345703]
[2; 600; 553.8863359194952]
[2; 600; 559.2642094912762]
[2; 600; 564.8572226200987]
[2; 600; 570.68090349746]
[2; 620; 595.9775137230972]
[2; 620; 602.5272416153929]
[2; 620; 609.3747282890088]
[2; 620; 616.5445004938005]
[2; 620; 624.0640769566877]
[2; 620; 631.9644609272169]
[2; 620; 640.2807364685586]
[2; 640; 669.9899824647354]
[2; 640; 679.5625612351728]
[2; 640; 689.7067815918347]
[2; 660; 722.3753532162151]
[2; 660; 734.2196772618039]
[2; 660; 746.8811253975286]
[2; 660; 760.4637492329429]
[2; 660; 775.0916249899627]
[2; 660; 790.914171398422]
[2; 660; 808.113319675123]
[2; 680; 851.9713357596133]
[2; 680; 873.2793910213119]
[2; 680; 896.8928872588932]
[2; 680; 923.2870981567232]
[2; 700; 981.1229979400255]
[2; 700; 1016.1924238460493]
[2; 700; 1056.8827109750357]
[2; 700; 1104.9876968844303]
[2; 700; 1163.2499407513649]
[2; 700; 1236.1375176406025]
[2; 700; 1331.5887748274067]
[2; 700; 1465.6030866416086]
[2; 700; 1677.696727208774]
[2; 700; 2113.7654219500714]


Jobs: [[2; 10; 6.5056707880558795], [2; 10; 6.527502061700528], [2; 20; 13.099258713113663], [2; 20; 13.144119538321556], [2; 20; 13.189601283219016], [2; 30; 19.853578718170564], [2; 30; 19.92373328952005], [2; 40; 26.659853445120614], [2; 40; 26.75609923814587], [2; 50; 33.56718762615199], [2; 60; 40.42926349136338], [2; 60; 40.580120349801405], [2; 60; 40.73325433044367], [2; 70; 47.70351398620601], [2; 70; 47.88769926485548], [2; 80; 54.94258570208207], [2; 80; 55.15975232983962], [2; 90; 62.302942898989876], [2; 90; 62.55518428499611], [2; 90; 62.811560856068944], [2; 100; 70.08021413857325], [2; 100; 70.37467227819748], [2; 100; 70.67414257625919], [2; 100; 70.97877626629068], [2; 100; 71.28873118617567], [2; 100; 71.60417215806497], [2; 100; 71.92527139555227], [2; 100; 72.2522089404646], [2; 100; 72.58517313186067], [2; 100; 72.92436111009674], [2; 520; 381.0038926674147], [2; 520; 382.83567031043805], [2; 520; 384.70319093899997], [2; 520; 386.60769322115135], [2; 520; 388.5504780728912], [2; 520; 390.53291278713635], [2; 520; 392.5564355050133], [2; 520; 394.6225600637153], [2; 520; 396.73288125918305], [2; 540; 414.230968280546], [2; 540; 416.5195836105459], [2; 540; 418.85963037145035], [2; 540; 421.25316593028754], [2; 540; 423.70236727696374], [2; 540; 426.2095402268517], [2; 540; 428.7771295104719], [2; 540; 431.4077298536848], [2; 560; 450.18202772773776], [2; 560; 453.04950648881686], [2; 560; 455.9914688352501], [2; 560; 459.0113678952352], [2; 560; 462.1128901387804], [2; 560; 465.29997630054595], [2; 560; 468.57684466054064], [2; 560; 471.9480170050263], [2; 560; 475.4183476421401], [2; 580; 496.09995076259213], [2; 580; 499.9162542028495], [2; 580; 503.8527647383071], [2; 580; 507.9162689690816], [2; 580; 512.1141144511068], [2; 600; 534.2630394906026], [2; 600; 538.9090382505591], [2; 600; 543.7209807039475], [2; 600; 548.7095252345703], [2; 600; 553.8863359194952], [2; 600; 559.2642094912762], [2; 600; 564.8572226200987], [2; 600; 570.68090349746], [2; 620; 595.9775137230972], [2; 620; 602.5272416153929], [2; 620; 609.3747282890088], [2; 620; 616.5445004938005], [2; 620; 624.0640769566877], [2; 620; 631.9644609272169], [2; 620; 640.2807364685586], [2; 640; 669.9899824647354], [2; 640; 679.5625612351728], [2; 640; 689.7067815918347], [2; 660; 722.3753532162151], [2; 660; 734.2196772618039], [2; 660; 746.8811253975286], [2; 660; 760.4637492329429], [2; 660; 775.0916249899627], [2; 660; 790.914171398422], [2; 660; 808.113319675123], [2; 680; 851.9713357596133], [2; 680; 873.2793910213119], [2; 680; 896.8928872588932], [2; 680; 923.2870981567232], [2; 700; 981.1229979400255], [2; 700; 1016.1924238460493], [2; 700; 1056.8827109750357], [2; 700; 1104.9876968844303], [2; 700; 1163.2499407513649], [2; 700; 1236.1375176406025], [2; 700; 1331.5887748274067], [2; 700; 1465.6030866416086], [2; 700; 1677.696727208774], [2; 700; 2113.7654219500714]];
Intervals[4.9E-324=6.5056707880558795, 6.5056707880558795=13.033172849756408, 13.033172849756408=26.13243156287007, 26.13243156287007=39.27655110119163, 39.27655110119163=52.46615238441065, 52.46615238441065=72.31973110258122, 72.31973110258122=92.24346439210126, 92.24346439210126=118.90331783722188, 118.90331783722188=145.65941707536774, 145.65941707536774=179.22660470151973, 179.22660470151973=219.6558681928831, 219.6558681928831=260.2359885426845, 260.2359885426845=300.96924287312817, 300.96924287312817=348.6727568593342, 348.6727568593342=396.56045612418967, 396.56045612418967=451.5030418262717, 451.5030418262717=506.6627941561113, 506.6627941561113=568.9657370551012, 568.9657370551012=631.5209213400973, 631.5209213400973=694.3324821961662, 694.3324821961662=764.4126963347395, 764.4126963347395=834.787368612937, 834.787368612937=905.4615111891962, 905.4615111891962=976.4402874554869, 976.4402874554869=1047.7290186416626, 1047.7290186416626=1119.3331907997276, 1119.3331907997276=1191.25846219528, 1191.25846219528=1263.5106711357446, 1263.5106711357446=1336.0958442676053, 1336.0958442676053=1409.020205377702, 1409.020205377702=1790.0240980451167, 1790.0240980451167=2172.859768355555, 2172.859768355555=2557.5629592945547, 2557.5629592945547=2944.170652515706, 2944.170652515706=3332.721130588597, 3332.721130588597=3723.2540433757335, 3723.2540433757335=4115.810478880747, 4115.810478880747=4510.433038944462, 4510.433038944462=4907.165920203645, 4907.165920203645=5321.396888484192, 5321.396888484192=5737.916472094737, 5737.916472094737=6156.776102466188, 6156.776102466188=6578.029268396475, 6578.029268396475=7001.731635673439, 7001.731635673439=7427.941175900291, 7427.941175900291=7856.718305410763, 7856.718305410763=8288.126035264448, 8288.126035264448=8738.308062992186, 8738.308062992186=9191.357569481002, 9191.357569481002=9647.349038316253, 9647.349038316253=10106.360406211488, 10106.360406211488=10568.473296350268, 10568.473296350268=11033.773272650815, 11033.773272650815=11502.350117311355, 11502.350117311355=11974.298134316381, 11974.298134316381=12449.716481958521, 12449.716481958521=12945.816432721114, 12945.816432721114=13445.732686923964, 13445.732686923964=13949.585451662271, 13949.585451662271=14457.501720631353, 14457.501720631353=14969.61583508246, 14969.61583508246=15503.878874573064, 15503.878874573064=16042.787912823622, 16042.787912823622=16586.50889352757, 16586.50889352757=17135.218418762142, 17135.218418762142=17689.104754681637, 17689.104754681637=18248.368964172914, 18248.368964172914=18813.226186793014, 18813.226186793014=19383.907090290475, 19383.907090290475=19979.884604013572, 19979.884604013572=20582.411845628965, 20582.411845628965=21191.786573917972, 21191.786573917972=21808.331074411773, 21808.331074411773=22432.395151368462, 22432.395151368462=23064.35961229568, 23064.35961229568=23704.64034876424, 23704.64034876424=24374.630331228975, 24374.630331228975=25054.192892464147, 25054.192892464147=25743.89967405598, 25743.89967405598=26466.275027272197, 26466.275027272197=27200.494704534, 27200.494704534=27947.37582993153, 27947.37582993153=28707.839579164473, 28707.839579164473=29482.931204154436, 29482.931204154436=30273.845375552857, 30273.845375552857=31081.95869522798, 31081.95869522798=31933.93003098759, 31933.93003098759=32807.209422008906, 32807.209422008906=33704.1023092678, 33704.1023092678=34627.389407424525, 34627.389407424525=35608.51240536455, 35608.51240536455=36624.7048292106, 36624.7048292106=37681.58754018563, 37681.58754018563=38786.575237070065, 38786.575237070065=39949.82517782143, 39949.82517782143=41185.96269546203, 41185.96269546203=42517.551470289436, 42517.551470289436=43983.15455693105, 43983.15455693105=45660.85128413982, 45660.85128413982=47774.61670608989];

Jobs: [[2; 10; 6.5056707880558795], [2; 10; 6.527502061700528], [2; 20; 13.099258713113663], [2; 20; 13.144119538321556], [2; 20; 13.189601283219016], [2; 30; 19.853578718170564], [2; 30; 19.92373328952005], [2; 40; 26.659853445120614], [2; 40; 26.75609923814587], [2; 50; 33.56718762615199], [2; 60; 40.42926349136338], [2; 60; 40.580120349801405], [2; 60; 40.73325433044367], [2; 70; 47.70351398620601], [2; 70; 47.88769926485548], [2; 80; 54.94258570208207], [2; 80; 55.15975232983962], [2; 90; 62.302942898989876], [2; 90; 62.55518428499611], [2; 90; 62.811560856068944], [2; 100; 70.08021413857325], [2; 100; 70.37467227819748], [2; 100; 70.67414257625919], [2; 100; 70.97877626629068], [2; 100; 71.28873118617567], [2; 100; 71.60417215806497], [2; 100; 71.92527139555227], [2; 100; 72.2522089404646], [2; 100; 72.58517313186067], [2; 100; 72.92436111009674], [2; 520; 381.0038926674147], [2; 520; 382.83567031043805], [2; 520; 384.70319093899997], [2; 520; 386.60769322115135], [2; 520; 388.5504780728912], [2; 520; 390.53291278713635], [2; 520; 392.5564355050133], [2; 520; 394.6225600637153], [2; 520; 396.73288125918305], [2; 540; 414.230968280546], [2; 540; 416.5195836105459], [2; 540; 418.85963037145035], [2; 540; 421.25316593028754], [2; 540; 423.70236727696374], [2; 540; 426.2095402268517], [2; 540; 428.7771295104719], [2; 540; 431.4077298536848], [2; 560; 450.18202772773776], [2; 560; 453.04950648881686], [2; 560; 455.9914688352501], [2; 560; 459.0113678952352], [2; 560; 462.1128901387804], [2; 560; 465.29997630054595], [2; 560; 468.57684466054064], [2; 560; 471.9480170050263], [2; 560; 475.4183476421401], [2; 580; 496.09995076259213], [2; 580; 499.9162542028495], [2; 580; 503.8527647383071], [2; 580; 507.9162689690816], [2; 580; 512.1141144511068], [2; 600; 534.2630394906026], [2; 600; 538.9090382505591], [2; 600; 543.7209807039475], [2; 600; 548.7095252345703], [2; 600; 553.8863359194952], [2; 600; 559.2642094912762], [2; 600; 564.8572226200987], [2; 600; 570.68090349746], [2; 620; 595.9775137230972], [2; 620; 602.5272416153929], [2; 620; 609.3747282890088], [2; 620; 616.5445004938005], [2; 620; 624.0640769566877], [2; 620; 631.9644609272169], [2; 620; 640.2807364685586], [2; 640; 669.9899824647354], [2; 640; 679.5625612351728], [2; 640; 689.7067815918347], [2; 660; 722.3753532162151], [2; 660; 734.2196772618039], [2; 660; 746.8811253975286], [2; 660; 760.4637492329429], [2; 660; 775.0916249899627], [2; 660; 790.914171398422], [2; 660; 808.113319675123], [2; 680; 851.9713357596133], [2; 680; 873.2793910213119], [2; 680; 896.8928872588932], [2; 680; 923.2870981567232], [2; 700; 981.1229979400255], [2; 700; 1016.1924238460493], [2; 700; 1056.8827109750357], [2; 700; 1104.9876968844303], [2; 700; 1163.2499407513649], [2; 700; 1236.1375176406025], [2; 700; 1331.5887748274067], [2; 700; 1465.6030866416086], [2; 700; 1677.696727208774], [2; 700; 2113.7654219500714]];
Intervals[4.9E-324=6.5056707880558795, 6.5056707880558795=13.033172849756408, 13.033172849756408=26.13243156287007, 26.13243156287007=39.27655110119163, 39.27655110119163=52.46615238441065, 52.46615238441065=72.31973110258122, 72.31973110258122=92.24346439210126, 92.24346439210126=118.90331783722188, 118.90331783722188=145.65941707536774, 145.65941707536774=179.22660470151973, 179.22660470151973=219.6558681928831, 219.6558681928831=260.2359885426845, 260.2359885426845=300.96924287312817, 300.96924287312817=348.6727568593342, 348.6727568593342=396.56045612418967, 396.56045612418967=451.5030418262717, 451.5030418262717=506.6627941561113, 506.6627941561113=568.9657370551012, 568.9657370551012=631.5209213400973, 631.5209213400973=694.3324821961662, 694.3324821961662=764.4126963347395, 764.4126963347395=834.787368612937, 834.787368612937=905.4615111891962, 905.4615111891962=976.4402874554869, 976.4402874554869=1047.7290186416626, 1047.7290186416626=1119.3331907997276, 1119.3331907997276=1191.25846219528, 1191.25846219528=1263.5106711357446, 1263.5106711357446=1336.0958442676053, 1336.0958442676053=1409.020205377702, 1409.020205377702=1790.0240980451167, 1790.0240980451167=2172.859768355555, 2172.859768355555=2557.5629592945547, 2557.5629592945547=2944.170652515706, 2944.170652515706=3332.721130588597, 3332.721130588597=3723.2540433757335, 3723.2540433757335=4115.810478880747, 4115.810478880747=4510.433038944462, 4510.433038944462=4907.165920203645, 4907.165920203645=5321.396888484192, 5321.396888484192=5737.916472094737, 5737.916472094737=6156.776102466188, 6156.776102466188=6578.029268396475, 6578.029268396475=7001.731635673439, 7001.731635673439=7427.941175900291, 7427.941175900291=7856.718305410763, 7856.718305410763=8288.126035264448, 8288.126035264448=8738.308062992186, 8738.308062992186=9191.357569481002, 9191.357569481002=9647.349038316253, 9647.349038316253=10106.360406211488, 10106.360406211488=10568.473296350268, 10568.473296350268=11033.773272650815, 11033.773272650815=11502.350117311355, 11502.350117311355=11974.298134316381, 11974.298134316381=12449.716481958521, 12449.716481958521=12945.816432721114, 12945.816432721114=13445.732686923964, 13445.732686923964=13949.585451662271, 13949.585451662271=14457.501720631353, 14457.501720631353=14969.61583508246, 14969.61583508246=15503.878874573064, 15503.878874573064=16042.787912823622, 16042.787912823622=16586.50889352757, 16586.50889352757=17135.218418762142, 17135.218418762142=17689.104754681637, 17689.104754681637=18248.368964172914, 18248.368964172914=18813.226186793014, 18813.226186793014=19383.907090290475, 19383.907090290475=19979.884604013572, 19979.884604013572=20582.411845628965, 20582.411845628965=21191.786573917972, 21191.786573917972=21808.331074411773, 21808.331074411773=22432.395151368462, 22432.395151368462=23064.35961229568, 23064.35961229568=23704.64034876424, 23704.64034876424=24374.630331228975, 24374.630331228975=25054.192892464147, 25054.192892464147=25743.89967405598, 25743.89967405598=26466.275027272197, 26466.275027272197=27200.494704534, 27200.494704534=27947.37582993153, 27947.37582993153=28707.839579164473, 28707.839579164473=29482.931204154436, 29482.931204154436=30273.845375552857, 30273.845375552857=31081.95869522798, 31081.95869522798=31933.93003098759, 31933.93003098759=32807.209422008906, 32807.209422008906=33704.1023092678, 33704.1023092678=34627.389407424525, 34627.389407424525=35608.51240536455, 35608.51240536455=36624.7048292106, 36624.7048292106=37681.58754018563, 37681.58754018563=38786.575237070065, 38786.575237070065=39949.82517782143, 39949.82517782143=41185.96269546203, 41185.96269546203=42517.551470289436, 42517.551470289436=43983.15455693105, 43983.15455693105=45660.85128413982, 45660.85128413982=47774.61670608989];
