1.2373455180451773
341097.62314485677
422055.61521415145
[2; 10; 4.086042657482056]
[1; 20; 8.199508625575826]
[1; 20; 8.227303782638963]
[1; 20; 8.255479700452977]
[2; 10; 4.142022800889234]
[1; 20; 8.31301103185857]
[2; 10; 4.171192936616565]
[1; 20; 8.372180361399433]
[2; 10; 4.201202550688773]
[2; 20; 8.433071085243041]
[1; 40; 16.928379421389785]
[2; 20; 8.495772800731931]
[2; 20; 8.527832624517414]
[1; 40; 17.12076383903554]
[2; 20; 8.593433915009092]
[2; 20; 8.627002357052822]
[1; 40; 17.322203070102077]
[2; 20; 8.695746310001322]
[2; 30; 13.09642821687305]
[1; 60; 26.300205405631356]
[2; 30; 13.204668069344116]
[2; 30; 13.26015051958843]
[1; 60; 26.633154743496696]
[1; 60; 26.747954243157217]
[2; 30; 13.432379509240386]
[2; 40; 17.989087454514426]
[2; 40; 18.069757087171947]
[1; 80; 36.30378695092482]
[2; 40; 18.235543935732007]
[2; 40; 18.320757995473375]
[1; 80; 36.81517505913062]
[2; 40; 18.496086906993156]
[2; 40; 18.58631314902143]
[2; 40; 18.678326099895816]
[2; 40; 18.772188611271083]
[2; 40; 18.86796674169551]
[2; 50; 23.707162465792752]
[2; 50; 23.83193930335675]
[2; 50; 23.959385252298077]
[1; 120; 57.81504446352941]
[1; 120; 58.13447108103485]
[2; 60; 29.23053804309227]
[2; 60; 29.397573314904065]
[2; 60; 29.56849327936978]
[2; 60; 29.743458850120348]
[2; 60; 29.92264063511916]
[2; 70; 35.123922994888396]
[1; 140; 70.68690642571703]
[2; 70; 35.568576818842075]
[2; 70; 35.799548075224706]
[1; 140; 72.07327616902043]
[1; 140; 72.56027253738579]
[2; 80; 41.74897372787894]
[1; 160; 84.08598054425634]
[2; 80; 42.345468227878534]
[2; 90; 47.98894854063641]
[2; 90; 48.34978125124379]
[1; 180; 97.44343452360418]
[2; 90; 49.1053686267942]
[1; 180; 99.0027935332532]
[2; 100; 55.45613085813782]
[2; 100; 55.92612047739829]
[2; 100; 56.41245897956177]
[1; 200; 113.83233660307499]
[2; 100; 57.4383641522789]
[2; 520; 301.497391081662]
[1; 1040; 608.849466586139]
[2; 540; 319.29492038315277]
[2; 540; 322.58685265844326]
[2; 540; 326.0188852766402]
[1; 1080; 659.2035945555051]
[2; 540; 333.3475929174789]
[1; 1120; 699.522318169707]
[2; 560; 354.0269594891717]
[1; 1120; 717.0175783817914]
[2; 560; 363.2265511209414]
[2; 560; 368.20287567883895]
[1; 1160; 773.6032284254014]
[2; 580; 392.5756238958625]
[2; 600; 412.4592506383022]
[2; 600; 419.2220796833548]
[2; 600; 426.45146726808554]
[2; 620; 448.6803852152963]
[1; 1240; 914.6219243939767]
[1; 1240; 933.2928110070345]
[2; 620; 476.7940561731896]
[2; 620; 487.88624463449025]
[1; 1240; 1000.1768480208517]
[2; 640; 530.1789185138219]
[2; 640; 545.7812879691145]
[1; 1280; 1126.7983419173643]
[2; 640; 583.5374059434242]
[2; 660; 625.8690890969285]
[2; 660; 654.3560947026476]
[2; 680; 709.7325533739419]
[2; 680; 754.2033796706743]
[2; 680; 812.4409622508941]
[1; 1360; 1788.413967582932]
[2; 700; 1053.7176898466516]
[2; 700; 1327.6010980843942]


Jobs: [[2; 10; 4.086042657482056], [1; 20; 8.199508625575826], [1; 20; 8.255479700452977], [2; 10; 4.142022800889234], [1; 20; 8.31301103185857], [2; 10; 4.171192936616565], [1; 20; 8.372180361399433], [2; 10; 4.201202550688773], [2; 20; 8.433071085243041], [1; 40; 16.928379421389785], [2; 20; 8.495772800731931], [2; 20; 8.527832624517414], [1; 40; 17.12076383903554], [2; 20; 8.593433915009092], [2; 20; 8.627002357052822], [1; 40; 17.322203070102077], [2; 20; 8.695746310001322], [2; 30; 13.09642821687305], [1; 60; 26.300205405631356], [2; 30; 13.204668069344116], [2; 30; 13.26015051958843], [1; 60; 26.633154743496696], [2; 30; 13.432379509240386], [2; 40; 17.989087454514426], [2; 40; 18.069757087171947], [1; 80; 36.30378695092482], [2; 40; 18.235543935732007], [2; 40; 18.320757995473375], [1; 80; 36.81517505913062], [2; 40; 18.496086906993156], [2; 40; 18.58631314902143], [2; 40; 18.678326099895816], [2; 40; 18.772188611271083], [2; 40; 18.86796674169551], [2; 50; 23.707162465792752], [2; 50; 23.83193930335675], [2; 50; 23.959385252298077], [1; 120; 57.81504446352941], [2; 60; 29.23053804309227], [2; 60; 29.397573314904065], [2; 60; 29.56849327936978], [2; 60; 29.743458850120348], [2; 60; 29.92264063511916], [2; 70; 35.123922994888396], [1; 140; 70.68690642571703], [2; 70; 35.568576818842075], [2; 70; 35.799548075224706], [1; 140; 72.07327616902043], [2; 80; 41.74897372787894], [1; 160; 84.08598054425634], [2; 80; 42.345468227878534], [2; 90; 47.98894854063641], [2; 90; 48.34978125124379], [1; 180; 97.44343452360418], [2; 90; 49.1053686267942], [1; 180; 99.0027935332532], [2; 100; 55.45613085813782], [2; 100; 55.92612047739829], [2; 100; 56.41245897956177], [1; 200; 113.83233660307499], [2; 100; 57.4383641522789], [2; 520; 301.497391081662], [1; 1040; 608.849466586139], [2; 540; 319.29492038315277], [2; 540; 322.58685265844326], [2; 540; 326.0188852766402], [1; 1080; 659.2035945555051], [2; 540; 333.3475929174789], [1; 1120; 699.522318169707], [2; 560; 354.0269594891717], [1; 1120; 717.0175783817914], [2; 560; 363.2265511209414], [2; 560; 368.20287567883895], [1; 1160; 773.6032284254014], [2; 580; 392.5756238958625], [2; 600; 412.4592506383022], [2; 600; 419.2220796833548], [2; 600; 426.45146726808554], [2; 620; 448.6803852152963], [1; 1240; 914.6219243939767], [2; 620; 476.7940561731896], [2; 620; 487.88624463449025], [1; 1240; 1000.1768480208517], [2; 640; 530.1789185138219], [2; 640; 545.7812879691145], [1; 1280; 1126.7983419173643], [2; 640; 583.5374059434242], [2; 660; 625.8690890969285], [2; 660; 654.3560947026476], [2; 680; 709.7325533739419], [2; 680; 754.2033796706743], [2; 680; 812.4409622508941], [1; 1360; 1788.413967582932], [2; 700; 1053.7176898466516], [2; 700; 1327.6010980843942]];
Intervals[4.9E-324=4.086042657482056, 4.086042657482056=12.285551283057881, 12.285551283057881=20.541030983510858, 20.541030983510858=24.68305378440009, 24.68305378440009=32.99606481625866, 32.99606481625866=37.16725775287522, 37.16725775287522=45.53943811427466, 45.53943811427466=49.740640664963436, 49.740640664963436=58.17371175020648, 58.17371175020648=75.10209117159627, 75.10209117159627=83.5978639723282, 83.5978639723282=92.12569659684561, 92.12569659684561=109.24646043588115, 109.24646043588115=117.83989435089023, 117.83989435089023=126.46689670794305, 126.46689670794305=143.7890997780451, 143.7890997780451=152.48484608804642, 152.48484608804642=165.58127430491948, 165.58127430491948=191.88147971055082, 191.88147971055082=205.08614777989493, 205.08614777989493=218.34629829948335, 218.34629829948335=244.97945304298005, 245.09425254264056=258.52663205188094, 258.52663205188094=276.5157195063954, 276.5157195063954=294.5854765935673, 294.5854765935673=330.8892635444921, 330.8892635444921=349.1248074802241, 349.1248074802241=367.4455654756975, 367.4455654756975=404.26074053482813, 404.26074053482813=422.7568274418213, 422.7568274418213=441.3431405908427, 441.3431405908427=460.0214666907385, 460.0214666907385=478.7936553020096, 478.7936553020096=497.6616220437051, 497.6616220437051=521.3687845094979, 521.3687845094979=545.2007238128547, 545.2007238128547=569.1601090651527, 569.1601090651527=626.9751535286821, 627.2945801461875=656.5251181892797, 656.5251181892797=685.9226915041838, 685.9226915041838=715.4911847835536, 715.4911847835536=745.234643633674, 745.234643633674=775.1572842687931, 775.1572842687931=810.2812072636815, 810.2812072636815=880.9681136893985, 880.9681136893985=916.5366905082406, 916.5366905082406=952.3362385834653, 952.3362385834653=1024.4095147524856, 1024.896511120851=1066.6454848487301, 1066.6454848487301=1150.7314653929864, 1150.7314653929864=1193.0769336208648, 1193.0769336208648=1241.0658821615011, 1241.0658821615011=1289.4156634127448, 1289.4156634127448=1386.859097936349, 1386.859097936349=1435.964466563143, 1435.964466563143=1534.9672600963963, 1534.9672600963963=1590.4233909545342, 1590.4233909545342=1646.3495114319326, 1646.3495114319326=1702.7619704114943, 1702.7619704114943=1816.5943070145693, 1816.5943070145693=1874.032671166848, 1874.032671166848=2175.53006224851, 2175.53006224851=2784.379528834649, 2784.379528834649=3103.674449217802, 3103.674449217802=3426.261301876245, 3426.261301876245=3752.280187152885, 3752.280187152885=4411.48378170839, 4411.48378170839=4744.831374625869, 4744.831374625869=5444.353692795576, 5444.353692795576=5798.380652284747, 5798.380652284747=6515.398230666538, 6515.398230666538=6878.62478178748, 6878.62478178748=7246.827657466319, 7246.827657466319=8020.43088589172, 8020.43088589172=8413.006509787583, 8413.006509787583=8825.465760425885, 8825.465760425885=9244.68784010924, 9244.68784010924=9671.139307377325, 9671.139307377325=10119.819692592622, 10119.819692592622=11034.441616986598, 11053.112503599657=11529.906559772848, 11529.906559772848=12017.792804407338, 12017.792804407338=13017.96965242819, 13017.96965242819=13548.148570942012, 13548.148570942012=14093.929858911126, 14093.929858911126=15220.72820082849, 15220.72820082849=15804.265606771913, 15804.265606771913=16430.13469586884, 16430.13469586884=17084.49079057149, 17084.49079057149=17794.223343945432, 17794.223343945432=18548.426723616107, 18548.426723616107=19360.867685867, 19360.867685867=21149.281653449932, 21149.281653449932=22202.999343296586, 22202.999343296586=23530.60044138098];

Jobs: [[2; 10; 4.086042657482056], [1; 20; 8.227303782638963], [2; 10; 4.142022800889234], [2; 10; 4.171192936616565], [2; 10; 4.201202550688773], [2; 20; 8.433071085243041], [2; 20; 8.495772800731931], [2; 20; 8.527832624517414], [2; 20; 8.593433915009092], [2; 20; 8.627002357052822], [2; 20; 8.695746310001322], [2; 30; 13.09642821687305], [2; 30; 13.204668069344116], [2; 30; 13.26015051958843], [1; 60; 26.747954243157217], [2; 30; 13.432379509240386], [2; 40; 17.989087454514426], [2; 40; 18.069757087171947], [2; 40; 18.235543935732007], [2; 40; 18.320757995473375], [2; 40; 18.496086906993156], [2; 40; 18.58631314902143], [2; 40; 18.678326099895816], [2; 40; 18.772188611271083], [2; 40; 18.86796674169551], [2; 50; 23.707162465792752], [2; 50; 23.83193930335675], [2; 50; 23.959385252298077], [1; 120; 58.13447108103485], [2; 60; 29.23053804309227], [2; 60; 29.397573314904065], [2; 60; 29.56849327936978], [2; 60; 29.743458850120348], [2; 60; 29.92264063511916], [2; 70; 35.123922994888396], [2; 70; 35.568576818842075], [2; 70; 35.799548075224706], [1; 140; 72.56027253738579], [2; 80; 41.74897372787894], [2; 80; 42.345468227878534], [2; 90; 47.98894854063641], [2; 90; 48.34978125124379], [2; 90; 49.1053686267942], [2; 100; 55.45613085813782], [2; 100; 55.92612047739829], [2; 100; 56.41245897956177], [2; 100; 57.4383641522789], [2; 520; 301.497391081662], [2; 540; 319.29492038315277], [2; 540; 322.58685265844326], [2; 540; 326.0188852766402], [2; 540; 333.3475929174789], [2; 560; 354.0269594891717], [2; 560; 363.2265511209414], [2; 560; 368.20287567883895], [2; 580; 392.5756238958625], [2; 600; 412.4592506383022], [2; 600; 419.2220796833548], [2; 600; 426.45146726808554], [2; 620; 448.6803852152963], [1; 1240; 933.2928110070345], [2; 620; 476.7940561731896], [2; 620; 487.88624463449025], [2; 640; 530.1789185138219], [2; 640; 545.7812879691145], [2; 640; 583.5374059434242], [2; 660; 625.8690890969285], [2; 660; 654.3560947026476], [2; 680; 709.7325533739419], [2; 680; 754.2033796706743], [2; 680; 812.4409622508941], [2; 700; 1053.7176898466516], [2; 700; 1327.6010980843942]];
Intervals[4.9E-324=4.086042657482056, 4.086042657482056=12.31334644012102, 20.541030983510858=24.68305378440009, 32.99606481625866=37.16725775287522, 45.53943811427466=49.740640664963436, 49.740640664963436=58.17371175020648, 75.10209117159627=83.5978639723282, 83.5978639723282=92.12569659684561, 109.24646043588115=117.83989435089023, 117.83989435089023=126.46689670794305, 143.7890997780451=152.48484608804642, 152.48484608804642=165.58127430491948, 191.88147971055082=205.08614777989493, 205.08614777989493=218.34629829948335, 218.34629829948335=245.09425254264056, 245.09425254264056=258.52663205188094, 258.52663205188094=276.5157195063954, 276.5157195063954=294.5854765935673, 330.8892635444921=349.1248074802241, 349.1248074802241=367.4455654756975, 404.26074053482813=422.7568274418213, 422.7568274418213=441.3431405908427, 441.3431405908427=460.0214666907385, 460.0214666907385=478.7936553020096, 478.7936553020096=497.6616220437051, 497.6616220437051=521.3687845094979, 521.3687845094979=545.2007238128547, 545.2007238128547=569.1601090651527, 569.1601090651527=627.2945801461875, 627.2945801461875=656.5251181892797, 656.5251181892797=685.9226915041838, 685.9226915041838=715.4911847835536, 715.4911847835536=745.234643633674, 745.234643633674=775.1572842687931, 775.1572842687931=810.2812072636815, 880.9681136893985=916.5366905082406, 916.5366905082406=952.3362385834653, 952.3362385834653=1024.896511120851, 1024.896511120851=1066.6454848487301, 1150.7314653929864=1193.0769336208648, 1193.0769336208648=1241.0658821615011, 1241.0658821615011=1289.4156634127448, 1386.859097936349=1435.964466563143, 1534.9672600963963=1590.4233909545342, 1590.4233909545342=1646.3495114319326, 1646.3495114319326=1702.7619704114943, 1816.5943070145693=1874.032671166848, 1874.032671166848=2175.53006224851, 2784.379528834649=3103.674449217802, 3103.674449217802=3426.261301876245, 3426.261301876245=3752.280187152885, 4411.48378170839=4744.831374625869, 5444.353692795576=5798.380652284747, 6515.398230666538=6878.62478178748, 6878.62478178748=7246.827657466319, 8020.43088589172=8413.006509787583, 8413.006509787583=8825.465760425885, 8825.465760425885=9244.68784010924, 9244.68784010924=9671.139307377325, 9671.139307377325=10119.819692592622, 10119.819692592622=11053.112503599657, 11053.112503599657=11529.906559772848, 11529.906559772848=12017.792804407338, 13017.96965242819=13548.148570942012, 13548.148570942012=14093.929858911126, 15220.72820082849=15804.265606771913, 15804.265606771913=16430.13469586884, 16430.13469586884=17084.49079057149, 17084.49079057149=17794.223343945432, 17794.223343945432=18548.426723616107, 18548.426723616107=19360.867685867, 21149.281653449932=22202.999343296586, 22202.999343296586=23530.60044138098];
