1.1113508530456033
343446.0200262637
381689.02733130555
[1; 20; 10.319757420997808]
[1; 100; 51.94743813443936]
[2; 60; 31.383424589913137]
[1; 140; 73.74369777630257]
[1; 160; 84.88485282001882]
[1; 180; 96.19765713624885]
[1; 180; 96.92097495074856]
[2; 90; 48.83327510573894]
[2; 100; 54.68644990568784]
[1; 1040; 573.3258825767394]
[1; 1040; 578.0643278933027]
[2; 520; 291.4817058563604]
[2; 520; 294.01645661368366]
[2; 540; 308.05104024500207]
[2; 540; 310.87735445119154]
[1; 1080; 627.6206657929115]
[1; 1080; 633.7144514178414]
[1; 1080; 640.0520163586203]
[2; 560; 335.3004956762722]
[2; 560; 338.8677899679494]
[2; 560; 342.5919100306148]
[2; 560; 346.48533322611036]
[1; 1160; 726.1641537479541]
[1; 1160; 735.0206870141535]
[2; 580; 372.1628670764609]
[2; 580; 377.06030853119495]
[2; 580; 382.2261601666594]
[1; 1160; 775.3745434174817]
[1; 1160; 786.9490042192607]
[1; 1200; 826.8073125623714]
[2; 620; 434.18803580940823]
[1; 1240; 883.3510156765818]
[1; 1240; 899.415452375501]
[1; 1240; 916.7161291067232]
[1; 1240; 935.4297663445948]
[2; 620; 477.8857688610404]
[2; 620; 489.00335504431865]
[2; 640; 517.4022954139153]
[2; 640; 531.3928662228561]
[1; 1280; 1094.0619206727238]
[2; 640; 564.6891828942269]
[1; 1280; 1169.7470565663104]
[2; 640; 608.2929823565408]
[2; 660; 655.8543701985568]
[1; 1320; 1380.8706819561776]
[1; 1320; 1467.3940631137684]
[1; 1360; 1628.602407570465]
[2; 680; 896.2544445287184]
[2; 680; 1025.955227603749]
[2; 700; 1330.640898904933]


Jobs: [[1; 20; 10.319757420997808], [2; 60; 31.383424589913137], [1; 140; 73.74369777630257], [1; 180; 96.19765713624885], [2; 90; 48.83327510573894], [2; 100; 54.68644990568784], [1; 1040; 573.3258825767394], [2; 520; 291.4817058563604], [2; 520; 294.01645661368366], [2; 540; 308.05104024500207], [2; 540; 310.87735445119154], [1; 1080; 627.6206657929115], [1; 1080; 640.0520163586203], [2; 560; 335.3004956762722], [2; 560; 338.8677899679494], [2; 560; 342.5919100306148], [2; 560; 346.48533322611036], [1; 1160; 726.1641537479541], [2; 580; 372.1628670764609], [2; 580; 377.06030853119495], [2; 580; 382.2261601666594], [1; 1160; 775.3745434174817], [1; 1200; 826.8073125623714], [2; 620; 434.18803580940823], [1; 1240; 883.3510156765818], [1; 1240; 916.7161291067232], [2; 620; 477.8857688610404], [2; 620; 489.00335504431865], [2; 640; 517.4022954139153], [2; 640; 531.3928662228561], [1; 1280; 1094.0619206727238], [2; 640; 564.6891828942269], [1; 1280; 1169.7470565663104], [2; 640; 608.2929823565408], [2; 660; 655.8543701985568], [1; 1320; 1380.8706819561776], [1; 1360; 1628.602407570465], [2; 680; 896.2544445287184], [2; 680; 1025.955227603749], [2; 700; 1330.640898904933]];
Intervals[0.0=10.319757420997808, 51.94743813443936=83.3308627243525, 83.3308627243525=157.07456050065508, 157.07456050065508=253.27221763690392, 265.13669049511986=313.9699656008588, 313.9699656008588=368.65641550654664, 368.65641550654664=941.9822980832861, 946.7207433998493=1238.2024492562098, 1238.2024492562098=1532.2189058698934, 1532.2189058698934=1840.2699461148954, 1840.2699461148954=2151.147300566087, 2151.147300566087=2778.7679663589984, 2778.7679663589984=3418.8199827176186, 3418.8199827176186=3754.1204783938906, 3754.1204783938906=4092.98826836184, 4092.98826836184=4435.580178392454, 4435.580178392454=4782.065511618564, 4782.065511618564=5508.229665366518, 5517.086198632718=5889.249065709179, 5889.249065709179=6266.309374240374, 6266.309374240374=6648.535534407034, 6648.535534407034=7423.910077824516, 7423.910077824516=8250.717390386886, 8250.717390386886=8684.905426196294, 8684.905426196294=9568.256441872876, 9568.256441872876=10484.9725709796, 10519.750644916388=10997.636413777429, 10997.636413777429=11486.639768821748, 11486.639768821748=12004.042064235662, 12004.042064235662=12535.434930458518, 12535.434930458518=13629.496851131242, 13629.496851131242=14194.186034025468, 14194.186034025468=15363.933090591778, 15363.933090591778=15972.226072948319, 15972.226072948319=16628.080443146875, 16628.080443146875=18008.951125103053, 18008.951125103053=19637.55353267352, 19637.55353267352=20533.807977202236, 20533.807977202236=21559.763204805986, 21559.763204805986=22890.40410371092];

Jobs: [[1; 100; 51.94743813443936], [2; 60; 31.383424589913137], [1; 160; 84.88485282001882], [1; 180; 96.92097495074856], [2; 90; 48.83327510573894], [2; 100; 54.68644990568784], [1; 1040; 578.0643278933027], [2; 520; 291.4817058563604], [2; 520; 294.01645661368366], [2; 540; 308.05104024500207], [2; 540; 310.87735445119154], [1; 1080; 633.7144514178414], [2; 560; 335.3004956762722], [2; 560; 338.8677899679494], [2; 560; 342.5919100306148], [2; 560; 346.48533322611036], [1; 1160; 735.0206870141535], [2; 580; 372.1628670764609], [2; 580; 377.06030853119495], [2; 580; 382.2261601666594], [1; 1160; 786.9490042192607], [2; 620; 434.18803580940823], [1; 1240; 899.415452375501], [1; 1240; 935.4297663445948], [2; 620; 477.8857688610404], [2; 620; 489.00335504431865], [2; 640; 517.4022954139153], [2; 640; 531.3928662228561], [2; 640; 564.6891828942269], [2; 640; 608.2929823565408], [2; 660; 655.8543701985568], [1; 1320; 1467.3940631137684], [2; 680; 896.2544445287184], [2; 680; 1025.955227603749], [2; 700; 1330.640898904933]];
Intervals[0.0=51.94743813443936, 51.94743813443936=83.3308627243525, 83.3308627243525=168.21571554437133, 168.21571554437133=265.13669049511986, 265.13669049511986=313.9699656008588, 313.9699656008588=368.65641550654664, 368.65641550654664=946.7207433998493, 946.7207433998493=1238.2024492562098, 1238.2024492562098=1532.2189058698934, 1532.2189058698934=1840.2699461148954, 1840.2699461148954=2151.147300566087, 2151.147300566087=2784.861751983928, 3418.8199827176186=3754.1204783938906, 3754.1204783938906=4092.98826836184, 4092.98826836184=4435.580178392454, 4435.580178392454=4782.065511618564, 4782.065511618564=5517.086198632718, 5517.086198632718=5889.249065709179, 5889.249065709179=6266.309374240374, 6266.309374240374=6648.535534407034, 6648.535534407034=7435.484538626295, 8250.717390386886=8684.905426196294, 8684.905426196294=9584.320878571794, 9584.320878571794=10519.750644916388, 10519.750644916388=10997.636413777429, 10997.636413777429=11486.639768821748, 11486.639768821748=12004.042064235662, 12004.042064235662=12535.434930458518, 13629.496851131242=14194.186034025468, 15363.933090591778=15972.226072948319, 15972.226072948319=16628.080443146875, 16628.080443146875=18095.474506260645, 19637.55353267352=20533.807977202236, 20533.807977202236=21559.763204805986, 21559.763204805986=22890.40410371092];
