1.0000000000000004
213622.05544034712
213622.05544034723
[2; 10; 4.404554893603693]
[2; 10; 4.434316302429075]
[2; 20; 8.929797521162989]
[2; 40; 17.98537098235894]
[2; 40; 18.114766589401725]
[2; 50; 22.809960232772557]
[2; 50; 22.98147013307113]
[2; 60; 27.789909143927808]
[2; 60; 28.008736335892035]
[2; 70; 32.9403934962286]
[2; 70; 33.21264049925321]
[2; 80; 38.278990828373125]
[2; 80; 38.61186832648824]
[2; 80; 38.956635393316475]
[2; 90; 44.22831264335965]
[2; 90; 44.64558551896805]
[2; 100; 50.08784990574495]
[2; 520; 263.0615605004248]
[2; 520; 265.7737265454105]
[2; 520; 268.6013188389172]
[2; 520; 271.55321804551056]
[2; 520; 274.6393142637644]
[2; 520; 277.87066146334416]
[2; 520; 281.2596620691288]
[2; 540; 295.7749154446978]
[2; 540; 299.66713699691337]
[2; 540; 303.77267644173236]
[2; 560; 319.52446035887425]
[2; 580; 335.8761205469652]
[2; 580; 341.12503274194245]
[2; 580; 346.7182404972579]
[2; 600; 364.8592926023374]
[2; 600; 371.4945473380025]
[2; 600; 378.640418641338]
[2; 600; 386.36989913488446]
[2; 600; 394.77186413334357]
[2; 620; 417.4210754347024]
[2; 620; 427.8609000736734]
[2; 620; 439.43026934767164]
[2; 620; 452.36204232615967]
[2; 640; 482.02770712828493]
[2; 660; 514.8591801235485]
[2; 660; 535.4751258623799]
[2; 660; 559.8477673267074]
[2; 680; 607.2262314390832]
[2; 680; 645.2741582712052]
[2; 680; 695.1005155803044]
[2; 700; 787.5587907748616]
[2; 700; 901.5297646480636]
[2; 700; 1135.8563275868662]


Jobs: [[2; 10; 4.404554893603693], [2; 10; 4.434316302429075], [2; 20; 8.929797521162989], [2; 40; 17.98537098235894], [2; 40; 18.114766589401725], [2; 50; 22.809960232772557], [2; 50; 22.98147013307113], [2; 60; 27.789909143927808], [2; 60; 28.008736335892035], [2; 70; 32.9403934962286], [2; 70; 33.21264049925321], [2; 80; 38.278990828373125], [2; 80; 38.61186832648824], [2; 80; 38.956635393316475], [2; 90; 44.22831264335965], [2; 90; 44.64558551896805], [2; 100; 50.08784990574495], [2; 520; 263.0615605004248], [2; 520; 265.7737265454105], [2; 520; 268.6013188389172], [2; 520; 271.55321804551056], [2; 520; 274.6393142637644], [2; 520; 277.87066146334416], [2; 520; 281.2596620691288], [2; 540; 295.7749154446978], [2; 540; 299.66713699691337], [2; 540; 303.77267644173236], [2; 560; 319.52446035887425], [2; 580; 335.8761205469652], [2; 580; 341.12503274194245], [2; 580; 346.7182404972579], [2; 600; 364.8592926023374], [2; 600; 371.4945473380025], [2; 600; 378.640418641338], [2; 600; 386.36989913488446], [2; 600; 394.77186413334357], [2; 620; 417.4210754347024], [2; 620; 427.8609000736734], [2; 620; 439.43026934767164], [2; 620; 452.36204232615967], [2; 640; 482.02770712828493], [2; 660; 514.8591801235485], [2; 660; 535.4751258623799], [2; 660; 559.8477673267074], [2; 680; 607.2262314390832], [2; 680; 645.2741582712052], [2; 680; 695.1005155803044], [2; 700; 787.5587907748616], [2; 700; 901.5297646480636], [2; 700; 1135.8563275868662]];
Intervals[4.9E-324=4.404554893603693, 4.404554893603693=8.838871196032768, 8.838871196032768=17.76866871719576, 17.76866871719576=35.754039699554696, 35.754039699554696=53.86880628895642, 53.86880628895642=76.67876652172897, 76.67876652172897=99.6602366548001, 99.6602366548001=127.4501457987279, 127.4501457987279=155.45888213461993, 155.45888213461993=188.39927563084854, 188.39927563084854=221.61191613010175, 221.61191613010175=259.8909069584749, 259.8909069584749=298.50277528496315, 298.50277528496315=337.4594106782796, 337.4594106782796=381.6877233216392, 381.6877233216392=426.3333088406073, 426.3333088406073=476.42115874635226, 476.42115874635226=739.482719246777, 739.482719246777=1005.2564457921876, 1005.2564457921876=1273.8577646311048, 1273.8577646311048=1545.4109826766153, 1545.4109826766153=1820.0502969403797, 1820.0502969403797=2097.920958403724, 2097.920958403724=2379.1806204728528, 2379.1806204728528=2674.9555359175506, 2674.9555359175506=2974.622672914464, 2974.622672914464=3278.3953493561967, 3278.3953493561967=3597.919809715071, 3597.919809715071=3933.795930262036, 3933.795930262036=4274.920963003979, 4274.920963003979=4621.639203501237, 4621.639203501237=4986.498496103574, 4986.498496103574=5357.993043441576, 5357.993043441576=5736.633462082915, 5736.633462082915=6123.0033612177995, 6123.0033612177995=6517.775225351143, 6517.775225351143=6935.196300785845, 6935.196300785845=7363.057200859518, 7363.057200859518=7802.48747020719, 7802.48747020719=8254.84951253335, 8254.84951253335=8736.877219661636, 8736.877219661636=9251.736399785184, 9251.736399785184=9787.211525647564, 9787.211525647564=10347.059292974272, 10347.059292974272=10954.285524413355, 10954.285524413355=11599.559682684561, 11599.559682684561=12294.660198264866, 12294.660198264866=13082.218989039728, 13082.218989039728=13983.74875368779, 13983.74875368779=15119.605081274656];

Jobs: [[2; 10; 4.404554893603693], [2; 10; 4.434316302429075], [2; 20; 8.929797521162989], [2; 40; 17.98537098235894], [2; 40; 18.114766589401725], [2; 50; 22.809960232772557], [2; 50; 22.98147013307113], [2; 60; 27.789909143927808], [2; 60; 28.008736335892035], [2; 70; 32.9403934962286], [2; 70; 33.21264049925321], [2; 80; 38.278990828373125], [2; 80; 38.61186832648824], [2; 80; 38.956635393316475], [2; 90; 44.22831264335965], [2; 90; 44.64558551896805], [2; 100; 50.08784990574495], [2; 520; 263.0615605004248], [2; 520; 265.7737265454105], [2; 520; 268.6013188389172], [2; 520; 271.55321804551056], [2; 520; 274.6393142637644], [2; 520; 277.87066146334416], [2; 520; 281.2596620691288], [2; 540; 295.7749154446978], [2; 540; 299.66713699691337], [2; 540; 303.77267644173236], [2; 560; 319.52446035887425], [2; 580; 335.8761205469652], [2; 580; 341.12503274194245], [2; 580; 346.7182404972579], [2; 600; 364.8592926023374], [2; 600; 371.4945473380025], [2; 600; 378.640418641338], [2; 600; 386.36989913488446], [2; 600; 394.77186413334357], [2; 620; 417.4210754347024], [2; 620; 427.8609000736734], [2; 620; 439.43026934767164], [2; 620; 452.36204232615967], [2; 640; 482.02770712828493], [2; 660; 514.8591801235485], [2; 660; 535.4751258623799], [2; 660; 559.8477673267074], [2; 680; 607.2262314390832], [2; 680; 645.2741582712052], [2; 680; 695.1005155803044], [2; 700; 787.5587907748616], [2; 700; 901.5297646480636], [2; 700; 1135.8563275868662]];
Intervals[4.9E-324=4.404554893603693, 4.404554893603693=8.838871196032768, 8.838871196032768=17.76866871719576, 17.76866871719576=35.754039699554696, 35.754039699554696=53.86880628895642, 53.86880628895642=76.67876652172897, 76.67876652172897=99.6602366548001, 99.6602366548001=127.4501457987279, 127.4501457987279=155.45888213461993, 155.45888213461993=188.39927563084854, 188.39927563084854=221.61191613010175, 221.61191613010175=259.8909069584749, 259.8909069584749=298.50277528496315, 298.50277528496315=337.4594106782796, 337.4594106782796=381.6877233216392, 381.6877233216392=426.3333088406073, 426.3333088406073=476.42115874635226, 476.42115874635226=739.482719246777, 739.482719246777=1005.2564457921876, 1005.2564457921876=1273.8577646311048, 1273.8577646311048=1545.4109826766153, 1545.4109826766153=1820.0502969403797, 1820.0502969403797=2097.920958403724, 2097.920958403724=2379.1806204728528, 2379.1806204728528=2674.9555359175506, 2674.9555359175506=2974.622672914464, 2974.622672914464=3278.3953493561967, 3278.3953493561967=3597.919809715071, 3597.919809715071=3933.795930262036, 3933.795930262036=4274.920963003979, 4274.920963003979=4621.639203501237, 4621.639203501237=4986.498496103574, 4986.498496103574=5357.993043441576, 5357.993043441576=5736.633462082915, 5736.633462082915=6123.0033612177995, 6123.0033612177995=6517.775225351143, 6517.775225351143=6935.196300785845, 6935.196300785845=7363.057200859518, 7363.057200859518=7802.48747020719, 7802.48747020719=8254.84951253335, 8254.84951253335=8736.877219661636, 8736.877219661636=9251.736399785184, 9251.736399785184=9787.211525647564, 9787.211525647564=10347.059292974272, 10347.059292974272=10954.285524413355, 10954.285524413355=11599.559682684561, 11599.559682684561=12294.660198264866, 12294.660198264866=13082.218989039728, 13082.218989039728=13983.74875368779, 13983.74875368779=15119.605081274656];
