1.1612288488049096
147222.2388069582
170958.71088828557
[1; 20; 7.781102423627813]
[2; 10; 3.9168395174356676]
[2; 20; 7.887706114791684]
[1; 40; 15.88651034227187]
[1; 40; 16.000805713301247]
[2; 30; 12.088847191426346]
[2; 40; 16.239658923143818]
[1; 80; 32.729168571415634]
[2; 40; 16.49344458562304]
[2; 40; 16.62646197987815]
[1; 80; 33.52775397630985]
[1; 100; 42.26487629051116]
[1; 100; 42.632415401999474]
[1; 100; 43.01308211011282]
[2; 50; 21.703859793086192]
[2; 70; 30.67207539243901]
[2; 70; 30.96988115681274]
[2; 80; 35.74811487405557]
[2; 80; 36.11667812270819]
[2; 90; 41.06354281018588]
[2; 90; 41.51482666822976]
[2; 100; 46.65180716899649]
[1; 200; 94.40140462963416]
[1; 1040; 496.8743246617265]
[2; 520; 251.58227041741432]
[2; 540; 264.6965178427508]
[2; 540; 268.32294817408484]
[2; 560; 282.2365270685295]
[1; 1120; 572.8992673706962]
[2; 580; 301.3163512711658]
[2; 600; 316.81742242836987]
[2; 600; 322.2808654370492]
[1; 1200; 656.2835956146307]
[1; 1200; 668.9075174093307]
[2; 600; 341.2812226430827]
[1; 1240; 720.6522329169916]
[2; 620; 368.70878218081015]
[1; 1240; 755.86059589666]
[1; 1280; 801.3409909911243]
[2; 660; 425.3510523603538]
[2; 660; 439.08143344003315]
[1; 1320; 909.5520684971247]
[1; 1320; 945.9722719521332]
[2; 660; 494.51453375397773]
[2; 680; 536.3640158058345]
[1; 1360; 1139.9436351945349]
[2; 680; 613.9835280860392]
[1; 1400; 1391.304175717477]
[1; 1400; 1592.645705667719]
[2; 700; 1003.303924797717]


Jobs: [[1; 20; 7.781102423627813], [2; 10; 3.9168395174356676], [2; 20; 7.887706114791684], [1; 40; 15.88651034227187], [2; 30; 12.088847191426346], [2; 40; 16.239658923143818], [1; 80; 32.729168571415634], [2; 40; 16.49344458562304], [2; 40; 16.62646197987815], [1; 80; 33.52775397630985], [1; 100; 42.632415401999474], [2; 50; 21.703859793086192], [2; 70; 30.67207539243901], [2; 70; 30.96988115681274], [2; 80; 35.74811487405557], [2; 80; 36.11667812270819], [2; 90; 41.06354281018588], [2; 90; 41.51482666822976], [2; 100; 46.65180716899649], [1; 200; 94.40140462963416], [2; 520; 251.58227041741432], [2; 540; 264.6965178427508], [2; 540; 268.32294817408484], [2; 560; 282.2365270685295], [1; 1120; 572.8992673706962], [2; 580; 301.3163512711658], [2; 600; 316.81742242836987], [2; 600; 322.2808654370492], [1; 1200; 656.2835956146307], [2; 600; 341.2812226430827], [1; 1240; 720.6522329169916], [2; 620; 368.70878218081015], [1; 1240; 755.86059589666], [2; 660; 425.3510523603538], [2; 660; 439.08143344003315], [1; 1320; 909.5520684971247], [2; 660; 494.51453375397773], [2; 680; 536.3640158058345], [1; 1360; 1139.9436351945349], [2; 680; 613.9835280860392], [1; 1400; 1391.304175717477], [2; 700; 1003.303924797717]];
Intervals[0.0=7.781102423627813, 7.781102423627813=11.69794194106348, 11.69794194106348=19.585648055855163, 19.585648055855163=35.472158398127036, 35.58645376915641=47.67530096058275, 47.67530096058275=63.91495988372657, 63.91495988372657=96.64412845514221, 96.64412845514221=113.13757304076525, 113.13757304076525=129.7640350206434, 129.7640350206434=163.29178899695324, 163.29178899695324=205.92420439895272, 215.04199342126736=236.74585321435356, 236.74585321435356=267.41792860679254, 267.41792860679254=298.3878097636053, 298.3878097636053=334.1359246376608, 334.1359246376608=370.25260276036903, 370.25260276036903=411.3161455705549, 411.3161455705549=452.8309722387847, 452.8309722387847=499.48277940778115, 499.48277940778115=593.8841840374153, 996.3571040695076=1247.939374486922, 1247.939374486922=1512.6358923296727, 1512.6358923296727=1780.9588405037575, 1780.9588405037575=2063.195367572287, 2063.195367572287=2636.0946349429832, 2636.0946349429832=2937.410986214149, 2937.410986214149=3254.228408642519, 3254.228408642519=3576.509274079568, 3576.509274079568=4232.792869694199, 4245.4167914888985=4586.698014131981, 4586.698014131981=5307.350247048973, 5307.350247048973=5676.059029229783, 5676.059029229783=6431.919625126443, 6477.400020220907=6902.751072581261, 6902.751072581261=7341.832506021294, 7341.832506021294=8251.384574518419, 8287.804777973426=8782.319311727404, 8782.319311727404=9318.68332753324, 9318.68332753324=10458.626962727774, 10458.626962727774=11072.610490813813, 11072.610490813813=12463.914666531291, 12665.256196481532=13668.56012127925];

Jobs: [[2; 10; 3.9168395174356676], [2; 20; 7.887706114791684], [1; 40; 16.000805713301247], [2; 30; 12.088847191426346], [2; 40; 16.239658923143818], [2; 40; 16.49344458562304], [2; 40; 16.62646197987815], [1; 100; 42.26487629051116], [1; 100; 43.01308211011282], [2; 50; 21.703859793086192], [2; 70; 30.67207539243901], [2; 70; 30.96988115681274], [2; 80; 35.74811487405557], [2; 80; 36.11667812270819], [2; 90; 41.06354281018588], [2; 90; 41.51482666822976], [2; 100; 46.65180716899649], [1; 1040; 496.8743246617265], [2; 520; 251.58227041741432], [2; 540; 264.6965178427508], [2; 540; 268.32294817408484], [2; 560; 282.2365270685295], [2; 580; 301.3163512711658], [2; 600; 316.81742242836987], [2; 600; 322.2808654370492], [1; 1200; 668.9075174093307], [2; 600; 341.2812226430827], [2; 620; 368.70878218081015], [1; 1280; 801.3409909911243], [2; 660; 425.3510523603538], [2; 660; 439.08143344003315], [1; 1320; 945.9722719521332], [2; 660; 494.51453375397773], [2; 680; 536.3640158058345], [2; 680; 613.9835280860392], [1; 1400; 1592.645705667719], [2; 700; 1003.303924797717]];
Intervals[7.781102423627813=11.69794194106348, 11.69794194106348=19.585648055855163, 19.585648055855163=35.58645376915641, 35.58645376915641=47.67530096058275, 47.67530096058275=63.91495988372657, 96.64412845514221=113.13757304076525, 113.13757304076525=129.7640350206434, 129.7640350206434=172.02891131115456, 172.02891131115456=215.04199342126736, 215.04199342126736=236.74585321435356, 236.74585321435356=267.41792860679254, 267.41792860679254=298.3878097636053, 298.3878097636053=334.1359246376608, 334.1359246376608=370.25260276036903, 370.25260276036903=411.3161455705549, 411.3161455705549=452.8309722387847, 452.8309722387847=499.48277940778115, 499.48277940778115=996.3571040695076, 996.3571040695076=1247.939374486922, 1247.939374486922=1512.6358923296727, 1512.6358923296727=1780.9588405037575, 1780.9588405037575=2063.195367572287, 2636.0946349429832=2937.410986214149, 2937.410986214149=3254.228408642519, 3254.228408642519=3576.509274079568, 3576.509274079568=4245.4167914888985, 4245.4167914888985=4586.698014131981, 5307.350247048973=5676.059029229783, 5676.059029229783=6477.400020220907, 6477.400020220907=6902.751072581261, 6902.751072581261=7341.832506021294, 7341.832506021294=8287.804777973426, 8287.804777973426=8782.319311727404, 8782.319311727404=9318.68332753324, 10458.626962727774=11072.610490813813, 11072.610490813813=12665.256196481532, 12665.256196481532=13668.56012127925];
