1.0
56004.83308294517
56004.83308294517
[2; 10; 2.2374422479831755]
[2; 10; 2.244950499717877]
[2; 10; 2.252560559611465]
[2; 10; 2.260274868317634]
[2; 10; 2.268095950943917]
[2; 10; 2.2760264208906213]
[2; 10; 2.2840689839068067]
[2; 10; 2.2922264423780554]
[2; 20; 4.601003399723815]
[2; 20; 4.617795531776326]
[2; 20; 4.634835522085199]
[2; 20; 4.652129844708417]
[2; 20; 4.669685218015445]
[2; 20; 4.687508616809999]
[2; 20; 4.705607285201778]
[2; 20; 4.72398875028269]
[2; 20; 4.742660836668033]
[2; 20; 4.761631681968362]
[2; 20; 4.780909753263617]
[2; 30; 7.200755796986378]
[2; 30; 7.2306347939968125]
[2; 30; 7.261015969281641]
[2; 30; 7.291914281787537]
[2; 30; 7.323345335268763]
[2; 30; 7.3553254148937945]
[2; 30; 7.387871526443697]
[2; 30; 7.4210014383231115]
[2; 30; 7.454733726626806]
[2; 30; 7.4890878235292915]
[2; 30; 7.524084069292604]
[2; 30; 7.559743768218087]
[2; 40; 10.128118998536587]
[2; 40; 10.177525238929391]
[2; 40; 10.227909848417246]
[2; 40; 10.279307243417094]
[2; 40; 10.331753596382118]
[2; 40; 10.385286954092184]
[2; 40; 10.439947365906379]
[2; 40; 10.495777022990055]
[2; 40; 10.55282040964959]
[2; 40; 10.611124468046068]
[2; 40; 10.670738777716132]
[2; 40; 10.73171575150775]
[2; 40; 10.794110849744444]
[2; 50; 13.572478518334497]
[2; 50; 13.654242409347576]
[2; 50; 13.738012863264624]
[2; 50; 13.823877672807328]
[2; 50; 13.91193022306707]
[2; 50; 14.002269963639066]
[2; 50; 14.095002930790537]
[2; 50; 14.190242326087299]
[2; 50; 14.288109158877857]
[2; 50; 14.388732961180903]
[2; 60; 17.39070310184973]
[2; 60; 17.518580511226908]
[2; 60; 17.650304107681762]
[2; 60; 17.786081013493163]
[2; 60; 17.926134661890263]
[2; 60; 18.070706507353602]
[2; 60; 18.22005796211772]
[2; 60; 18.374472595306344]
[2; 60; 18.534258638102866]
[2; 60; 18.69975184688684]
[2; 60; 18.87131878675187]
[2; 60; 19.04936061077911]
[2; 70; 22.440036997636106]
[2; 70; 22.664452255056574]
[2; 70; 22.89812287465386]
[2; 70; 23.14173821096921]
[2; 70; 23.396063390605118]
[2; 70; 23.661950509422738]
[2; 70; 23.94035193829386]
[2; 80; 27.69409854424582]
[2; 80; 28.04469397233741]
[2; 80; 28.413745425332685]
[2; 80; 28.803023187945506]
[2; 80; 29.214550547323384]
[2; 80; 29.65065290975227]
[2; 80; 30.11401920502087]
[2; 80; 30.60777940903574]
[2; 90; 35.027553903512526]
[2; 90; 35.66455766805789]
[2; 90; 36.35058210909619]
[2; 90; 37.092634730814474]
[2; 90; 37.89924782206912]
[2; 90; 38.78094002007595]
[2; 90; 39.75086280780874]
[2; 90; 40.825727116990514]
[2; 90; 42.027166962139]
[2; 90; 43.38380876398086]
[2; 90; 44.93452694117575]
[2; 90; 46.73379129341481]
[2; 100; 54.28991407333799]
[2; 100; 57.15243663551142]
[2; 100; 60.73352654039242]
[2; 100; 65.42320821329676]
[2; 100; 72.00755796986377]
[2; 100; 82.42807717958772]
[2; 100; 103.85286954092182]


Jobs: [[2; 10; 2.2374422479831755], [2; 10; 2.244950499717877], [2; 10; 2.252560559611465], [2; 10; 2.260274868317634], [2; 10; 2.268095950943917], [2; 10; 2.2760264208906213], [2; 10; 2.2840689839068067], [2; 10; 2.2922264423780554], [2; 20; 4.601003399723815], [2; 20; 4.617795531776326], [2; 20; 4.634835522085199], [2; 20; 4.652129844708417], [2; 20; 4.669685218015445], [2; 20; 4.687508616809999], [2; 20; 4.705607285201778], [2; 20; 4.72398875028269], [2; 20; 4.742660836668033], [2; 20; 4.761631681968362], [2; 20; 4.780909753263617], [2; 30; 7.200755796986378], [2; 30; 7.2306347939968125], [2; 30; 7.261015969281641], [2; 30; 7.291914281787537], [2; 30; 7.323345335268763], [2; 30; 7.3553254148937945], [2; 30; 7.387871526443697], [2; 30; 7.4210014383231115], [2; 30; 7.454733726626806], [2; 30; 7.4890878235292915], [2; 30; 7.524084069292604], [2; 30; 7.559743768218087], [2; 40; 10.128118998536587], [2; 40; 10.177525238929391], [2; 40; 10.227909848417246], [2; 40; 10.279307243417094], [2; 40; 10.331753596382118], [2; 40; 10.385286954092184], [2; 40; 10.439947365906379], [2; 40; 10.495777022990055], [2; 40; 10.55282040964959], [2; 40; 10.611124468046068], [2; 40; 10.670738777716132], [2; 40; 10.73171575150775], [2; 40; 10.794110849744444], [2; 50; 13.572478518334497], [2; 50; 13.654242409347576], [2; 50; 13.738012863264624], [2; 50; 13.823877672807328], [2; 50; 13.91193022306707], [2; 50; 14.002269963639066], [2; 50; 14.095002930790537], [2; 50; 14.190242326087299], [2; 50; 14.288109158877857], [2; 50; 14.388732961180903], [2; 60; 17.39070310184973], [2; 60; 17.518580511226908], [2; 60; 17.650304107681762], [2; 60; 17.786081013493163], [2; 60; 17.926134661890263], [2; 60; 18.070706507353602], [2; 60; 18.22005796211772], [2; 60; 18.374472595306344], [2; 60; 18.534258638102866], [2; 60; 18.69975184688684], [2; 60; 18.87131878675187], [2; 60; 19.04936061077911], [2; 70; 22.440036997636106], [2; 70; 22.664452255056574], [2; 70; 22.89812287465386], [2; 70; 23.14173821096921], [2; 70; 23.396063390605118], [2; 70; 23.661950509422738], [2; 70; 23.94035193829386], [2; 80; 27.69409854424582], [2; 80; 28.04469397233741], [2; 80; 28.413745425332685], [2; 80; 28.803023187945506], [2; 80; 29.214550547323384], [2; 80; 29.65065290975227], [2; 80; 30.11401920502087], [2; 80; 30.60777940903574], [2; 90; 35.027553903512526], [2; 90; 35.66455766805789], [2; 90; 36.35058210909619], [2; 90; 37.092634730814474], [2; 90; 37.89924782206912], [2; 90; 38.78094002007595], [2; 90; 39.75086280780874], [2; 90; 40.825727116990514], [2; 90; 42.027166962139], [2; 90; 43.38380876398086], [2; 90; 44.93452694117575], [2; 90; 46.73379129341481], [2; 100; 54.28991407333799], [2; 100; 57.15243663551142], [2; 100; 60.73352654039242], [2; 100; 65.42320821329676], [2; 100; 72.00755796986377], [2; 100; 82.42807717958772], [2; 100; 103.85286954092182]];
Intervals[4.9E-324=2.2374422479831755, 2.2374422479831755=4.482392747701052, 4.482392747701052=6.734953307312518, 6.734953307312518=8.995228175630151, 8.995228175630151=11.26332412657407, 11.26332412657407=13.539350547464691, 13.539350547464691=15.823419531371497, 15.823419531371497=18.11564597374955, 18.11564597374955=22.716649373473366, 22.716649373473366=27.334444905249693, 27.334444905249693=31.969280427334894, 31.969280427334894=36.62141027204331, 36.62141027204331=41.29109549005876, 41.29109549005876=45.97860410686876, 45.97860410686876=50.68421139207054, 50.68421139207054=55.40820014235322, 55.40820014235322=60.15086097902126, 60.15086097902126=64.91249266098963, 64.91249266098963=69.69340241425324, 69.69340241425324=76.89415821123961, 76.89415821123961=84.12479300523643, 84.12479300523643=91.38580897451807, 91.38580897451807=98.67772325630561, 98.67772325630561=106.00106859157438, 106.00106859157438=113.35639400646818, 113.35639400646818=120.74426553291188, 120.74426553291188=128.16526697123498, 128.16526697123498=135.6200006978618, 135.6200006978618=143.1090885213911, 143.1090885213911=150.6331725906837, 150.6331725906837=158.19291635890178, 158.19291635890178=168.32103535743838, 168.32103535743838=178.49856059636778, 178.49856059636778=188.72647044478504, 188.72647044478504=199.00577768820213, 199.00577768820213=209.33753128458426, 209.33753128458426=219.72281823867644, 219.72281823867644=230.16276560458283, 230.16276560458283=240.6585426275729, 240.6585426275729=251.2113630372225, 251.2113630372225=261.82248750526855, 261.82248750526855=272.49322628298466, 272.49322628298466=283.2249420344924, 283.2249420344924=294.0190528842369, 294.0190528842369=307.5915314025714, 307.5915314025714=321.245773811919, 321.245773811919=334.9837866751836, 334.9837866751836=348.8076643479909, 348.8076643479909=362.719594571058, 362.719594571058=376.72186453469703, 376.72186453469703=390.8168674654876, 390.8168674654876=405.00710979157486, 405.00710979157486=419.2952189504527, 419.2952189504527=433.6839519116336, 433.6839519116336=451.0746550134833, 451.0746550134833=468.5932355247102, 468.5932355247102=486.24353963239196, 486.24353963239196=504.02962064588513, 504.02962064588513=521.9557553077753, 521.9557553077753=540.026461815129, 540.026461815129=558.2465197772467, 558.2465197772467=576.620992372553, 576.620992372553=595.1552510106559, 595.1552510106559=613.8550028575428, 613.8550028575428=632.7263216442947, 632.7263216442947=651.7756822550738, 651.7756822550738=674.2157192527098, 674.2157192527098=696.8801715077664, 696.8801715077664=719.7782943824202, 719.7782943824202=742.9200325933894, 742.9200325933894=766.3160959839945, 766.3160959839945=789.9780464934172, 789.9780464934172=813.918398431711, 813.918398431711=841.6124969759568, 841.6124969759568=869.6571909482942, 869.6571909482942=898.0709363736269, 898.0709363736269=926.8739595615724, 926.8739595615724=956.0885101088958, 956.0885101088958=985.739163018648, 985.739163018648=1015.8531822236689, 1015.8531822236689=1046.4609616327045, 1046.4609616327045=1081.4885155362172, 1081.4885155362172=1117.153073204275, 1117.153073204275=1153.5036553133712, 1153.5036553133712=1190.5962900441857, 1190.5962900441857=1228.4955378662548, 1228.4955378662548=1267.276477886331, 1267.276477886331=1307.0273406941396, 1307.0273406941396=1347.8530678111301, 1347.8530678111301=1389.8802347732692, 1389.8802347732692=1433.26404353725, 1433.26404353725=1478.1985704784258, 1478.1985704784258=1524.9323617718405, 1524.9323617718405=1579.2222758451785, 1579.2222758451785=1636.3747124806898, 1636.3747124806898=1697.1082390210822, 1697.1082390210822=1762.531447234379, 1762.531447234379=1834.5390052042426, 1834.5390052042426=1916.9670823838303, 1916.9670823838303=2020.819951924752];

Jobs: [[2; 10; 2.2374422479831755], [2; 10; 2.244950499717877], [2; 10; 2.252560559611465], [2; 10; 2.260274868317634], [2; 10; 2.268095950943917], [2; 10; 2.2760264208906213], [2; 10; 2.2840689839068067], [2; 10; 2.2922264423780554], [2; 20; 4.601003399723815], [2; 20; 4.617795531776326], [2; 20; 4.634835522085199], [2; 20; 4.652129844708417], [2; 20; 4.669685218015445], [2; 20; 4.687508616809999], [2; 20; 4.705607285201778], [2; 20; 4.72398875028269], [2; 20; 4.742660836668033], [2; 20; 4.761631681968362], [2; 20; 4.780909753263617], [2; 30; 7.200755796986378], [2; 30; 7.2306347939968125], [2; 30; 7.261015969281641], [2; 30; 7.291914281787537], [2; 30; 7.323345335268763], [2; 30; 7.3553254148937945], [2; 30; 7.387871526443697], [2; 30; 7.4210014383231115], [2; 30; 7.454733726626806], [2; 30; 7.4890878235292915], [2; 30; 7.524084069292604], [2; 30; 7.559743768218087], [2; 40; 10.128118998536587], [2; 40; 10.177525238929391], [2; 40; 10.227909848417246], [2; 40; 10.279307243417094], [2; 40; 10.331753596382118], [2; 40; 10.385286954092184], [2; 40; 10.439947365906379], [2; 40; 10.495777022990055], [2; 40; 10.55282040964959], [2; 40; 10.611124468046068], [2; 40; 10.670738777716132], [2; 40; 10.73171575150775], [2; 40; 10.794110849744444], [2; 50; 13.572478518334497], [2; 50; 13.654242409347576], [2; 50; 13.738012863264624], [2; 50; 13.823877672807328], [2; 50; 13.91193022306707], [2; 50; 14.002269963639066], [2; 50; 14.095002930790537], [2; 50; 14.190242326087299], [2; 50; 14.288109158877857], [2; 50; 14.388732961180903], [2; 60; 17.39070310184973], [2; 60; 17.518580511226908], [2; 60; 17.650304107681762], [2; 60; 17.786081013493163], [2; 60; 17.926134661890263], [2; 60; 18.070706507353602], [2; 60; 18.22005796211772], [2; 60; 18.374472595306344], [2; 60; 18.534258638102866], [2; 60; 18.69975184688684], [2; 60; 18.87131878675187], [2; 60; 19.04936061077911], [2; 70; 22.440036997636106], [2; 70; 22.664452255056574], [2; 70; 22.89812287465386], [2; 70; 23.14173821096921], [2; 70; 23.396063390605118], [2; 70; 23.661950509422738], [2; 70; 23.94035193829386], [2; 80; 27.69409854424582], [2; 80; 28.04469397233741], [2; 80; 28.413745425332685], [2; 80; 28.803023187945506], [2; 80; 29.214550547323384], [2; 80; 29.65065290975227], [2; 80; 30.11401920502087], [2; 80; 30.60777940903574], [2; 90; 35.027553903512526], [2; 90; 35.66455766805789], [2; 90; 36.35058210909619], [2; 90; 37.092634730814474], [2; 90; 37.89924782206912], [2; 90; 38.78094002007595], [2; 90; 39.75086280780874], [2; 90; 40.825727116990514], [2; 90; 42.027166962139], [2; 90; 43.38380876398086], [2; 90; 44.93452694117575], [2; 90; 46.73379129341481], [2; 100; 54.28991407333799], [2; 100; 57.15243663551142], [2; 100; 60.73352654039242], [2; 100; 65.42320821329676], [2; 100; 72.00755796986377], [2; 100; 82.42807717958772], [2; 100; 103.85286954092182]];
Intervals[4.9E-324=2.2374422479831755, 2.2374422479831755=4.482392747701052, 4.482392747701052=6.734953307312518, 6.734953307312518=8.995228175630151, 8.995228175630151=11.26332412657407, 11.26332412657407=13.539350547464691, 13.539350547464691=15.823419531371497, 15.823419531371497=18.11564597374955, 18.11564597374955=22.716649373473366, 22.716649373473366=27.334444905249693, 27.334444905249693=31.969280427334894, 31.969280427334894=36.62141027204331, 36.62141027204331=41.29109549005876, 41.29109549005876=45.97860410686876, 45.97860410686876=50.68421139207054, 50.68421139207054=55.40820014235322, 55.40820014235322=60.15086097902126, 60.15086097902126=64.91249266098963, 64.91249266098963=69.69340241425324, 69.69340241425324=76.89415821123961, 76.89415821123961=84.12479300523643, 84.12479300523643=91.38580897451807, 91.38580897451807=98.67772325630561, 98.67772325630561=106.00106859157438, 106.00106859157438=113.35639400646818, 113.35639400646818=120.74426553291188, 120.74426553291188=128.16526697123498, 128.16526697123498=135.6200006978618, 135.6200006978618=143.1090885213911, 143.1090885213911=150.6331725906837, 150.6331725906837=158.19291635890178, 158.19291635890178=168.32103535743838, 168.32103535743838=178.49856059636778, 178.49856059636778=188.72647044478504, 188.72647044478504=199.00577768820213, 199.00577768820213=209.33753128458426, 209.33753128458426=219.72281823867644, 219.72281823867644=230.16276560458283, 230.16276560458283=240.6585426275729, 240.6585426275729=251.2113630372225, 251.2113630372225=261.82248750526855, 261.82248750526855=272.49322628298466, 272.49322628298466=283.2249420344924, 283.2249420344924=294.0190528842369, 294.0190528842369=307.5915314025714, 307.5915314025714=321.245773811919, 321.245773811919=334.9837866751836, 334.9837866751836=348.8076643479909, 348.8076643479909=362.719594571058, 362.719594571058=376.72186453469703, 376.72186453469703=390.8168674654876, 390.8168674654876=405.00710979157486, 405.00710979157486=419.2952189504527, 419.2952189504527=433.6839519116336, 433.6839519116336=451.0746550134833, 451.0746550134833=468.5932355247102, 468.5932355247102=486.24353963239196, 486.24353963239196=504.02962064588513, 504.02962064588513=521.9557553077753, 521.9557553077753=540.026461815129, 540.026461815129=558.2465197772467, 558.2465197772467=576.620992372553, 576.620992372553=595.1552510106559, 595.1552510106559=613.8550028575428, 613.8550028575428=632.7263216442947, 632.7263216442947=651.7756822550738, 651.7756822550738=674.2157192527098, 674.2157192527098=696.8801715077664, 696.8801715077664=719.7782943824202, 719.7782943824202=742.9200325933894, 742.9200325933894=766.3160959839945, 766.3160959839945=789.9780464934172, 789.9780464934172=813.918398431711, 813.918398431711=841.6124969759568, 841.6124969759568=869.6571909482942, 869.6571909482942=898.0709363736269, 898.0709363736269=926.8739595615724, 926.8739595615724=956.0885101088958, 956.0885101088958=985.739163018648, 985.739163018648=1015.8531822236689, 1015.8531822236689=1046.4609616327045, 1046.4609616327045=1081.4885155362172, 1081.4885155362172=1117.153073204275, 1117.153073204275=1153.5036553133712, 1153.5036553133712=1190.5962900441857, 1190.5962900441857=1228.4955378662548, 1228.4955378662548=1267.276477886331, 1267.276477886331=1307.0273406941396, 1307.0273406941396=1347.8530678111301, 1347.8530678111301=1389.8802347732692, 1389.8802347732692=1433.26404353725, 1433.26404353725=1478.1985704784258, 1478.1985704784258=1524.9323617718405, 1524.9323617718405=1579.2222758451785, 1579.2222758451785=1636.3747124806898, 1636.3747124806898=1697.1082390210822, 1697.1082390210822=1762.531447234379, 1762.531447234379=1834.5390052042426, 1834.5390052042426=1916.9670823838303, 1916.9670823838303=2020.819951924752];
