1.217195938940068
231618.33477291148
281924.896469649
[2; 10; 4.524920730117945]
[2; 20; 9.110990892586953]
[2; 20; 9.17382729817827]
[2; 40; 18.47686768874681]
[1; 80; 37.219598729790285]
[2; 40; 18.74664103931593]
[2; 50; 23.60949815036556]
[1; 120; 57.09868034841091]
[2; 60; 28.774147384275732]
[1; 140; 67.68114962344177]
[1; 140; 68.24052333427349]
[1; 160; 78.6501262040509]
[1; 180; 89.25083400910172]
[1; 200; 100.05306513653183]
[1; 200; 100.971034441694]
[1; 200; 101.92364762941338]
[1; 1040; 535.1489493806987]
[1; 1040; 540.5007939095741]
[1; 1040; 546.0733598813592]
[1; 1040; 551.8830869908071]
[2; 540; 289.7038844694864]
[1; 1080; 585.9925118391649]
[2; 540; 296.4435869529821]
[2; 540; 300.0591089748965]
[1; 1120; 630.2234375107587]
[2; 560; 319.2584011109514]
[2; 560; 323.63234739010034]
[1; 1160; 679.9594606703972]
[2; 580; 345.05480288635584]
[2; 600; 362.53153982226496]
[2; 600; 368.475736305829]
[2; 600; 374.8300149624683]
[1; 1240; 788.7362966810531]
[2; 620; 401.9540040532675]
[1; 1240; 820.3188056900628]
[1; 1240; 838.1573844934793]
[2; 620; 428.8281842429817]
[1; 1280; 907.4648857793269]
[2; 640; 466.00137931848855]
[1; 1280; 959.4302003284878]
[2; 640; 495.20035898370827]
[1; 1280; 1025.801768262799]
[1; 1320; 1100.2167329079539]
[1; 1320; 1150.2941065693983]
[1; 1320; 1210.9452033595312]
[2; 680; 662.9079409615139]
[2; 680; 714.0959321525468]
[2; 680; 785.9642722331008]
[2; 680; 899.7044965632947]
[1; 1400; 2333.7930698047508]


Jobs: [[2; 10; 4.524920730117945], [2; 20; 9.110990892586953], [2; 20; 9.17382729817827], [2; 40; 18.47686768874681], [1; 80; 37.219598729790285], [2; 40; 18.74664103931593], [2; 50; 23.60949815036556], [1; 120; 57.09868034841091], [2; 60; 28.774147384275732], [1; 140; 67.68114962344177], [1; 160; 78.6501262040509], [1; 200; 100.05306513653183], [1; 200; 101.92364762941338], [1; 1040; 540.5007939095741], [1; 1040; 551.8830869908071], [2; 540; 289.7038844694864], [1; 1080; 585.9925118391649], [2; 540; 296.4435869529821], [2; 540; 300.0591089748965], [1; 1120; 630.2234375107587], [2; 560; 319.2584011109514], [2; 560; 323.63234739010034], [1; 1160; 679.9594606703972], [2; 580; 345.05480288635584], [2; 600; 362.53153982226496], [2; 600; 368.475736305829], [2; 600; 374.8300149624683], [1; 1240; 788.7362966810531], [2; 620; 401.9540040532675], [1; 1240; 820.3188056900628], [2; 620; 428.8281842429817], [1; 1280; 907.4648857793269], [2; 640; 466.00137931848855], [1; 1280; 959.4302003284878], [2; 640; 495.20035898370827], [1; 1280; 1025.801768262799], [1; 1320; 1150.2941065693983], [2; 680; 662.9079409615139], [2; 680; 714.0959321525468], [2; 680; 785.9642722331008], [2; 680; 899.7044965632947], [1; 1400; 2333.7930698047508]];
Intervals[4.9E-324=4.524920730117945, 4.524920730117945=13.635911622704898, 13.635911622704898=22.80973892088317, 22.80973892088317=41.286606609629985, 41.286606609629985=78.50620533942026, 78.50620533942026=97.2528463787362, 97.2528463787362=120.86234452910176, 120.86234452910176=177.96102487751267, 177.96102487751267=206.7351722617884, 206.7351722617884=274.41632188523016, 274.41632188523016=353.06644808928104, 353.06644808928104=453.11951322581285, 453.11951322581285=555.0431608552262, 555.0431608552262=1095.5439547648002, 1095.5439547648002=1647.4270417556072, 1647.4270417556072=1937.1309262250936, 1937.1309262250936=2523.1234380642586, 2523.1234380642586=2819.5670250172407, 2819.5670250172407=3119.626133992137, 3119.626133992137=3749.8495715028957, 3749.8495715028957=4069.1079726138473, 4069.1079726138473=4392.740320003948, 4392.740320003948=5072.699780674346, 5072.699780674346=5417.754583560702, 5417.754583560702=5780.286123382966, 5780.286123382966=6148.761859688795, 6148.761859688795=6523.591874651263, 6523.591874651263=7312.328171332317, 7312.328171332317=7714.282175385584, 7714.282175385584=8534.600981075648, 8552.439559879063=8981.267744122046, 8981.267744122046=9888.732629901373, 9888.732629901373=10354.734009219861, 10354.734009219861=11314.16420954835, 11314.16420954835=11809.364568532057, 11809.364568532057=12835.166336794857, 12835.166336794857=13985.460443364254, 14120.526504799544=14783.434445761057, 14783.434445761057=15497.530377913603, 15497.530377913603=16283.494650146704, 16283.494650146704=17183.199146709998, 17183.199146709998=19516.992216514747];

Jobs: [[2; 10; 4.524920730117945], [2; 20; 9.110990892586953], [2; 20; 9.17382729817827], [2; 40; 18.47686768874681], [2; 40; 18.74664103931593], [2; 50; 23.60949815036556], [2; 60; 28.774147384275732], [1; 140; 68.24052333427349], [1; 180; 89.25083400910172], [1; 200; 100.971034441694], [1; 1040; 535.1489493806987], [1; 1040; 546.0733598813592], [2; 540; 289.7038844694864], [2; 540; 296.4435869529821], [2; 540; 300.0591089748965], [2; 560; 319.2584011109514], [2; 560; 323.63234739010034], [2; 580; 345.05480288635584], [2; 600; 362.53153982226496], [2; 600; 368.475736305829], [2; 600; 374.8300149624683], [2; 620; 401.9540040532675], [1; 1240; 838.1573844934793], [2; 620; 428.8281842429817], [2; 640; 466.00137931848855], [2; 640; 495.20035898370827], [1; 1320; 1100.2167329079539], [1; 1320; 1210.9452033595312], [2; 680; 662.9079409615139], [2; 680; 714.0959321525468], [2; 680; 785.9642722331008], [2; 680; 899.7044965632947]];
Intervals[4.9E-324=4.524920730117945, 4.524920730117945=13.635911622704898, 13.635911622704898=22.80973892088317, 22.80973892088317=41.286606609629985, 78.50620533942026=97.2528463787362, 97.2528463787362=120.86234452910176, 177.96102487751267=206.7351722617884, 206.7351722617884=274.9756955960619, 274.9756955960619=364.2265296051636, 364.2265296051636=465.19756404685756, 465.19756404685756=1000.3465134275563, 1000.3465134275563=1546.4198733089156, 1647.4270417556072=1937.1309262250936, 2523.1234380642586=2819.5670250172407, 2819.5670250172407=3119.626133992137, 3749.8495715028957=4069.1079726138473, 4069.1079726138473=4392.740320003948, 5072.699780674346=5417.754583560702, 5417.754583560702=5780.286123382966, 5780.286123382966=6148.761859688795, 6148.761859688795=6523.591874651263, 7312.328171332317=7714.282175385584, 7714.282175385584=8552.439559879063, 8552.439559879063=8981.267744122046, 9888.732629901373=10354.734009219861, 11314.16420954835=11809.364568532057, 11809.364568532057=12909.581301440012, 12909.581301440012=14120.526504799544, 14120.526504799544=14783.434445761057, 14783.434445761057=15497.530377913603, 15497.530377913603=16283.494650146704, 16283.494650146704=17183.199146709998];
