1.1629078870987035
61533.76162882917
71558.096721017
[2; 10; 2.3087725671643406]
[2; 10; 2.3165201841801846]
[2; 10; 2.324372855029066]
[1; 20; 4.66466619634688]
[1; 20; 4.680807038444024]
[2; 10; 2.3485868148910627]
[2; 20; 4.713771554379461]
[1; 40; 9.461213191377908]
[2; 20; 4.747684745958229]
[2; 20; 4.765012216136278]
[1; 40; 9.565190892730104]
[2; 20; 4.80044111709741]
[1; 40; 9.63711232177284]
[2; 20; 4.836947774894599]
[2; 20; 4.855623434175999]
[2; 20; 4.874590905788439]
[2; 20; 4.893858263798267]
[2; 30; 7.370150857868188]
[1; 60; 14.79997970142889]
[1; 60; 14.860636033772394]
[2; 30; 7.461149565139234]
[2; 30; 7.492499301258257]
[2; 30; 7.52438266108557]
[1; 60; 15.113631491655465]
[2; 30; 7.589815359829193]
[2; 30; 7.6233990510203355]
[2; 30; 7.657585154267789]
[2; 30; 7.692392837877701]
[1; 80; 20.607579076074774]
[2; 40; 10.351938786579206]
[1; 80; 20.802001681561457]
[1; 80; 20.90201284245445]
[2; 40; 10.501987747144554]
[2; 40; 10.553978632852422]
[2; 40; 10.607014591973298]
[1; 80; 21.322265900297705]
[1; 100; 26.79093241775378]
[2; 50; 13.465969961219702]
[2; 50; 13.537981865004692]
[2; 50; 13.611559298330842]
[2; 50; 13.68676280956196]
[1; 100; 27.52731269776333]
[1; 100; 27.684615042042466]
[2; 50; 13.922787861499438]
[2; 50; 14.005173139017991]
[1; 100; 28.17908737401356]
[2; 50; 14.175984767717097]
[2; 50; 14.264586972728504]
[1; 100; 28.710893328553308]
[1; 100; 28.897332924878416]
[1; 100; 29.088711567901772]
[2; 50; 14.64263143927682]
[2; 60; 17.692341954695124]
[2; 60; 17.81694001727508]
[2; 60; 17.945123849092695]
[2; 60; 18.077078028020086]
[2; 60; 18.21300101160428]
[1; 120; 36.70621305048703]
[2; 60; 18.49762512528424]
[2; 60; 18.646805963847093]
[2; 60; 18.8009187870658]
[2; 60; 18.960256204331422]
[2; 60; 19.125136273328465]
[1; 140; 45.02377939371417]
[1; 140; 45.43686466430957]
[1; 140; 45.86553964745869]
[1; 140; 46.31086399927912]
[2; 70; 23.38700168169617]
[2; 70; 23.628121789607256]
[2; 70; 23.87950365474025]
[1; 140; 48.283873592319146]
[2; 80; 27.904343399764436]
[2; 80; 28.23265991243364]
[2; 80; 28.576994578937363]
[1; 160; 57.877534185488955]
[2; 80; 29.319584014975955]
[2; 80; 29.721272067544785]
[1; 160; 60.291838081179726]
[2; 80; 30.595924475035808]
[1; 160; 62.14812604909308]
[2; 80; 31.583564449584248]
[2; 90; 36.14424265931178]
[2; 90; 36.80155429186382]
[1; 180; 75.01889878908484]
[2; 90; 38.27515887283616]
[2; 90; 39.10748702748819]
[1; 180; 80.03457566594615]
[2; 90; 41.01813204542306]
[2; 90; 42.12726334599622]
[2; 100; 48.18556160886419]
[2; 100; 49.74099710092822]
[1; 200; 103.03789538037388]
[2; 100; 53.58186483550755]
[2; 100; 56.020692556071964]
[2; 100; 58.97447318231706]
[2; 100; 62.66972929021933]
[2; 100; 67.50891939887786]
[1; 200; 148.6063603377239]
[2; 100; 85.05590860630257]
[1; 200; 214.3274593420302]


Jobs: [[2; 10; 2.3087725671643406], [2; 10; 2.3165201841801846], [2; 10; 2.324372855029066], [1; 20; 4.66466619634688], [2; 10; 2.3485868148910627], [2; 20; 4.713771554379461], [1; 40; 9.461213191377908], [2; 20; 4.747684745958229], [2; 20; 4.765012216136278], [1; 40; 9.565190892730104], [2; 20; 4.80044111709741], [1; 40; 9.63711232177284], [2; 20; 4.836947774894599], [2; 20; 4.855623434175999], [2; 20; 4.874590905788439], [2; 20; 4.893858263798267], [2; 30; 7.370150857868188], [1; 60; 14.79997970142889], [2; 30; 7.461149565139234], [2; 30; 7.492499301258257], [2; 30; 7.52438266108557], [1; 60; 15.113631491655465], [2; 30; 7.589815359829193], [2; 30; 7.6233990510203355], [2; 30; 7.657585154267789], [2; 30; 7.692392837877701], [1; 80; 20.607579076074774], [2; 40; 10.351938786579206], [1; 80; 20.802001681561457], [2; 40; 10.501987747144554], [2; 40; 10.553978632852422], [2; 40; 10.607014591973298], [1; 80; 21.322265900297705], [2; 50; 13.465969961219702], [2; 50; 13.537981865004692], [2; 50; 13.611559298330842], [2; 50; 13.68676280956196], [1; 100; 27.52731269776333], [2; 50; 13.922787861499438], [2; 50; 14.005173139017991], [1; 100; 28.17908737401356], [2; 50; 14.175984767717097], [2; 50; 14.264586972728504], [1; 100; 28.710893328553308], [1; 100; 29.088711567901772], [2; 50; 14.64263143927682], [2; 60; 17.692341954695124], [2; 60; 17.81694001727508], [2; 60; 17.945123849092695], [2; 60; 18.077078028020086], [2; 60; 18.21300101160428], [1; 120; 36.70621305048703], [2; 60; 18.49762512528424], [2; 60; 18.646805963847093], [2; 60; 18.8009187870658], [2; 60; 18.960256204331422], [2; 60; 19.125136273328465], [1; 140; 45.02377939371417], [1; 140; 45.86553964745869], [2; 70; 23.38700168169617], [2; 70; 23.628121789607256], [2; 70; 23.87950365474025], [1; 140; 48.283873592319146], [2; 80; 27.904343399764436], [2; 80; 28.23265991243364], [2; 80; 28.576994578937363], [1; 160; 57.877534185488955], [2; 80; 29.319584014975955], [2; 80; 29.721272067544785], [1; 160; 60.291838081179726], [2; 80; 30.595924475035808], [1; 160; 62.14812604909308], [2; 80; 31.583564449584248], [2; 90; 36.14424265931178], [2; 90; 36.80155429186382], [1; 180; 75.01889878908484], [2; 90; 38.27515887283616], [2; 90; 39.10748702748819], [1; 180; 80.03457566594615], [2; 90; 41.01813204542306], [2; 90; 42.12726334599622], [2; 100; 48.18556160886419], [2; 100; 49.74099710092822], [1; 200; 103.03789538037388], [2; 100; 53.58186483550755], [2; 100; 56.020692556071964], [2; 100; 58.97447318231706], [2; 100; 62.66972929021933], [2; 100; 67.50891939887786], [1; 200; 148.6063603377239], [2; 100; 85.05590860630257], [1; 200; 214.3274593420302]];
Intervals[4.9E-324=2.3087725671643406, 2.3087725671643406=4.625292751344525, 4.625292751344525=6.949665606373591, 6.949665606373591=11.614331802720471, 11.630472644817615=13.979059459708678, 13.979059459708678=18.69283101408814, 18.69283101408814=28.154044205466047, 28.154044205466047=32.901728951424275, 32.901728951424275=37.66674116756055, 37.66674116756055=47.23193206029066, 47.23193206029066=52.03237317738807, 52.03237317738807=61.669485499160906, 61.669485499160906=66.50643327405551, 66.50643327405551=71.3620567082315, 71.3620567082315=76.23664761401994, 76.23664761401994=81.13050587781821, 81.13050587781821=88.50065673568639, 88.50065673568639=103.30063643711529, 103.36129276945879=110.82244233459802, 110.82244233459802=118.31494163585629, 118.31494163585629=125.83932429694185, 125.83932429694185=140.9529557885973, 140.9529557885973=148.5427711484265, 148.5427711484265=156.16617019944684, 156.16617019944684=163.82375535371463, 163.82375535371463=171.51614819159232, 171.51614819159232=192.1237272676671, 192.1237272676671=202.47566605424632, 202.47566605424632=223.27766773580777, 223.37767889670076=233.87966664384533, 233.87966664384533=244.43364527669775, 244.43364527669775=255.04065986867104, 255.04065986867104=276.36292576896875, 281.83159228642484=295.2975622476445, 295.2975622476445=308.8355441126492, 308.8355441126492=322.44710341098005, 322.44710341098005=336.133866220542, 336.133866220542=363.6611789183053, 363.8184812625845=377.74126912408394, 377.74126912408394=391.7464422631019, 391.7464422631019=419.92552963711546, 419.92552963711546=434.1015144048325, 434.1015144048325=448.36610137756105, 448.36610137756105=477.07699470611436, 477.07699470611436=506.16570627401615, 506.16570627401615=520.808337713293, 520.808337713293=538.5006796679882, 538.5006796679882=556.3176196852633, 556.3176196852633=574.262743534356, 574.262743534356=592.3398215623761, 592.3398215623761=610.5528225739804, 610.5528225739804=647.2590356244674, 647.2590356244674=665.7566607497516, 665.7566607497516=684.4034667135987, 684.4034667135987=703.2043855006646, 703.2043855006646=722.164641704996, 722.164641704996=741.2897779783245, 741.2897779783245=786.3135573720388, 786.3135573720388=832.1790970194975, 833.0375066419133=856.4245083236094, 856.4245083236094=880.0526301132167, 880.0526301132167=903.9321337679569, 903.9321337679569=952.2160073602761, 952.2160073602761=980.1203507600405, 980.1203507600405=1008.3530106724742, 1008.3530106724742=1036.9300052514116, 1036.9300052514116=1094.8075394369005, 1094.8075394369005=1124.1271234518765, 1124.1271234518765=1153.8483955194213, 1153.8483955194213=1214.140233600601, 1214.140233600601=1244.736158075637, 1244.736158075637=1306.88428412473, 1306.88428412473=1338.467848574314, 1338.467848574314=1374.612091233626, 1374.612091233626=1411.4136455254898, 1411.4136455254898=1486.4325443145747, 1486.4325443145747=1524.7077031874107, 1524.7077031874107=1563.8151902148988, 1563.8151902148988=1643.849765880845, 1643.849765880845=1684.8678979262681, 1684.8678979262681=1726.9951612722643, 1726.9951612722643=1775.1807228811285, 1775.1807228811285=1824.9217199820569, 1824.9217199820569=1927.9596153624307, 1927.9596153624307=1981.5414801979382, 1981.5414801979382=2037.5621727540101, 2037.5621727540101=2096.536645936327, 2096.536645936327=2159.2063752265467, 2159.2063752265467=2226.7152946254246, 2226.7152946254246=2375.3216549631484, 2375.3216549631484=2460.377563569451, 2460.377563569451=2674.705022911481];

Jobs: [[2; 10; 2.3087725671643406], [2; 10; 2.3165201841801846], [2; 10; 2.324372855029066], [1; 20; 4.680807038444024], [2; 10; 2.3485868148910627], [2; 20; 4.713771554379461], [2; 20; 4.747684745958229], [2; 20; 4.765012216136278], [2; 20; 4.80044111709741], [2; 20; 4.836947774894599], [2; 20; 4.855623434175999], [2; 20; 4.874590905788439], [2; 20; 4.893858263798267], [2; 30; 7.370150857868188], [1; 60; 14.860636033772394], [2; 30; 7.461149565139234], [2; 30; 7.492499301258257], [2; 30; 7.52438266108557], [2; 30; 7.589815359829193], [2; 30; 7.6233990510203355], [2; 30; 7.657585154267789], [2; 30; 7.692392837877701], [2; 40; 10.351938786579206], [1; 80; 20.90201284245445], [2; 40; 10.501987747144554], [2; 40; 10.553978632852422], [2; 40; 10.607014591973298], [1; 100; 26.79093241775378], [2; 50; 13.465969961219702], [2; 50; 13.537981865004692], [2; 50; 13.611559298330842], [2; 50; 13.68676280956196], [1; 100; 27.684615042042466], [2; 50; 13.922787861499438], [2; 50; 14.005173139017991], [2; 50; 14.175984767717097], [2; 50; 14.264586972728504], [1; 100; 28.897332924878416], [2; 50; 14.64263143927682], [2; 60; 17.692341954695124], [2; 60; 17.81694001727508], [2; 60; 17.945123849092695], [2; 60; 18.077078028020086], [2; 60; 18.21300101160428], [2; 60; 18.49762512528424], [2; 60; 18.646805963847093], [2; 60; 18.8009187870658], [2; 60; 18.960256204331422], [2; 60; 19.125136273328465], [1; 140; 45.43686466430957], [1; 140; 46.31086399927912], [2; 70; 23.38700168169617], [2; 70; 23.628121789607256], [2; 70; 23.87950365474025], [2; 80; 27.904343399764436], [2; 80; 28.23265991243364], [2; 80; 28.576994578937363], [2; 80; 29.319584014975955], [2; 80; 29.721272067544785], [2; 80; 30.595924475035808], [2; 80; 31.583564449584248], [2; 90; 36.14424265931178], [2; 90; 36.80155429186382], [2; 90; 38.27515887283616], [2; 90; 39.10748702748819], [2; 90; 41.01813204542306], [2; 90; 42.12726334599622], [2; 100; 48.18556160886419], [2; 100; 49.74099710092822], [2; 100; 53.58186483550755], [2; 100; 56.020692556071964], [2; 100; 58.97447318231706], [2; 100; 62.66972929021933], [2; 100; 67.50891939887786], [2; 100; 85.05590860630257]];
Intervals[4.9E-324=2.3087725671643406, 2.3087725671643406=4.625292751344525, 4.625292751344525=6.949665606373591, 6.949665606373591=11.630472644817615, 11.630472644817615=13.979059459708678, 13.979059459708678=18.69283101408814, 28.154044205466047=32.901728951424275, 32.901728951424275=37.66674116756055, 47.23193206029066=52.03237317738807, 61.669485499160906=66.50643327405551, 66.50643327405551=71.3620567082315, 71.3620567082315=76.23664761401994, 76.23664761401994=81.13050587781821, 81.13050587781821=88.50065673568639, 88.50065673568639=103.36129276945879, 103.36129276945879=110.82244233459802, 110.82244233459802=118.31494163585629, 118.31494163585629=125.83932429694185, 140.9529557885973=148.5427711484265, 148.5427711484265=156.16617019944684, 156.16617019944684=163.82375535371463, 163.82375535371463=171.51614819159232, 192.1237272676671=202.47566605424632, 202.47566605424632=223.37767889670076, 223.37767889670076=233.87966664384533, 233.87966664384533=244.43364527669775, 244.43364527669775=255.04065986867104, 255.04065986867104=281.83159228642484, 281.83159228642484=295.2975622476445, 295.2975622476445=308.8355441126492, 308.8355441126492=322.44710341098005, 322.44710341098005=336.133866220542, 336.133866220542=363.8184812625845, 363.8184812625845=377.74126912408394, 377.74126912408394=391.7464422631019, 419.92552963711546=434.1015144048325, 434.1015144048325=448.36610137756105, 448.36610137756105=477.26343430243946, 506.16570627401615=520.808337713293, 520.808337713293=538.5006796679882, 538.5006796679882=556.3176196852633, 556.3176196852633=574.262743534356, 574.262743534356=592.3398215623761, 592.3398215623761=610.5528225739804, 647.2590356244674=665.7566607497516, 665.7566607497516=684.4034667135987, 684.4034667135987=703.2043855006646, 703.2043855006646=722.164641704996, 722.164641704996=741.2897779783245, 741.2897779783245=786.7266426426341, 786.7266426426341=833.0375066419133, 833.0375066419133=856.4245083236094, 856.4245083236094=880.0526301132167, 880.0526301132167=903.9321337679569, 952.2160073602761=980.1203507600405, 980.1203507600405=1008.3530106724742, 1008.3530106724742=1036.9300052514116, 1094.8075394369005=1124.1271234518765, 1124.1271234518765=1153.8483955194213, 1214.140233600601=1244.736158075637, 1306.88428412473=1338.467848574314, 1338.467848574314=1374.612091233626, 1374.612091233626=1411.4136455254898, 1486.4325443145747=1524.7077031874107, 1524.7077031874107=1563.8151902148988, 1643.849765880845=1684.8678979262681, 1684.8678979262681=1726.9951612722643, 1726.9951612722643=1775.1807228811285, 1775.1807228811285=1824.9217199820569, 1927.9596153624307=1981.5414801979382, 1981.5414801979382=2037.5621727540101, 2037.5621727540101=2096.536645936327, 2096.536645936327=2159.2063752265467, 2159.2063752265467=2226.7152946254246, 2375.3216549631484=2460.377563569451];
