1.1786555023234184
173313.2410693646
204276.60521191164
[2; 10; 3.260522838027811]
[2; 10; 3.2714642718354203]
[2; 10; 3.282554066043146]
[1; 20; 6.587591554609247]
[1; 20; 6.610386170688464]
[1; 20; 6.633499597102783]
[1; 20; 6.656939719782319]
[1; 20; 6.6807147063052055]
[1; 20; 6.704833019116168]
[1; 40; 13.458606859034074]
[1; 40; 13.508270064966593]
[1; 40; 13.55867452473046]
[1; 40; 13.60983981907427]
[2; 20; 6.830893138063281]
[2; 20; 6.857267504455299]
[1; 40; 13.768107955203845]
[1; 40; 13.822527919918393]
[2; 20; 6.938909310096913]
[1; 40; 13.934004733411243]
[1; 40; 13.991111948355881]
[2; 30; 10.536875264832489]
[2; 30; 10.581148369960275]
[2; 30; 10.626175075642982]
[2; 30; 10.671978120522102]
[2; 30; 10.718581236233069]
[2; 30; 10.76600920452727]
[2; 30; 10.814287918492761]
[1; 60; 21.726888896455346]
[2; 40; 14.551342815141636]
[2; 40; 14.61934073175639]
[1; 80; 29.377255483734352]
[1; 80; 29.518494460144133]
[1; 80; 29.662489394795106]
[2; 40; 14.904667897512928]
[1; 80; 29.959133967794962]
[1; 80; 30.111989338044516]
[1; 80; 30.268012793458674]
[1; 100; 38.03415132282109]
[2; 50; 19.118773186857666]
[1; 100; 38.44536320689785]
[1; 100; 38.65777283906019]
[1; 100; 38.874955895212494]
[2; 50; 19.548551661252155]
[1; 100; 39.32441717045403]
[1; 100; 39.55711144505416]
[1; 120; 47.75449565425074]
[1; 120; 48.04747534932321]
[2; 60; 24.173889933250226]
[1; 120; 48.655735811815]
[2; 60; 24.485845500680462]
[1; 120; 49.29601628753053]
[1; 120; 49.62910758270917]
[1; 140; 58.29995279069054]
[1; 140; 58.710529365845154]
[1; 140; 59.132921797702586]
[1; 140; 59.56773830880667]
[1; 140; 60.015632858121855]
[1; 140; 60.47730971536321]
[2; 70; 30.476764305863366]
[1; 140; 61.445110555358674]
[1; 140; 61.95294441596898]
[1; 140; 62.47799440246392]
[1; 160; 72.02435266420405]
[1; 160; 72.66746127004181]
[2; 80; 36.667086234066936]
[1; 160; 74.02604514419299]
[1; 160; 74.74478956157158]
[1; 160; 75.49228704529077]
[2; 90; 42.90221976408664]
[2; 90; 43.358660615317795]
[1; 180; 87.67033513557521]
[1; 180; 88.66667423868833]
[2; 90; 44.85495364439504]
[1; 200; 100.89337597819556]
[1; 200; 102.17064291238256]
[1; 200; 103.51514766103372]
[1; 200; 104.93333961266909]
[2; 100; 53.21629493908062]
[1; 1040; 561.7111251938469]
[2; 540; 296.2155873726666]
[1; 1080; 602.1448876747005]
[1; 1120; 635.2149861867779]
[1; 1120; 646.7668729845605]
[2; 560; 329.6038680850532]
[1; 1160; 696.6883925651865]
[2; 600; 368.192335628831]
[2; 600; 376.7580019242137]
[2; 600; 386.18083105980963]
[2; 600; 396.6231702413079]
[2; 600; 408.29519457222807]
[2; 620; 435.5241776130761]
[1; 1280; 931.2859401690647]
[1; 1280; 968.5764093906773]
[1; 1320; 1044.30774214943]
[2; 660; 549.6852691693679]
[1; 1320; 1168.255523272558]
[1; 1360; 1296.6004195368407]
[2; 680; 713.5467093661497]
[2; 700; 840.8308186131561]
[1; 1400; 2118.760895542107]


Jobs: [[2; 10; 3.260522838027811], [2; 10; 3.2714642718354203], [2; 10; 3.282554066043146], [1; 20; 6.587591554609247], [1; 20; 6.633499597102783], [1; 20; 6.6807147063052055], [1; 40; 13.458606859034074], [1; 40; 13.55867452473046], [2; 20; 6.830893138063281], [2; 20; 6.857267504455299], [1; 40; 13.768107955203845], [2; 20; 6.938909310096913], [1; 40; 13.934004733411243], [2; 30; 10.536875264832489], [2; 30; 10.581148369960275], [2; 30; 10.626175075642982], [2; 30; 10.671978120522102], [2; 30; 10.718581236233069], [2; 30; 10.76600920452727], [2; 30; 10.814287918492761], [1; 60; 21.726888896455346], [2; 40; 14.551342815141636], [2; 40; 14.61934073175639], [1; 80; 29.377255483734352], [1; 80; 29.662489394795106], [2; 40; 14.904667897512928], [1; 80; 29.959133967794962], [1; 80; 30.268012793458674], [2; 50; 19.118773186857666], [1; 100; 38.44536320689785], [1; 100; 38.874955895212494], [2; 50; 19.548551661252155], [1; 100; 39.32441717045403], [1; 120; 47.75449565425074], [2; 60; 24.173889933250226], [1; 120; 48.655735811815], [2; 60; 24.485845500680462], [1; 120; 49.29601628753053], [1; 140; 58.29995279069054], [1; 140; 59.132921797702586], [1; 140; 60.015632858121855], [2; 70; 30.476764305863366], [1; 140; 61.445110555358674], [1; 140; 62.47799440246392], [1; 160; 72.66746127004181], [2; 80; 36.667086234066936], [1; 160; 74.02604514419299], [1; 160; 75.49228704529077], [2; 90; 42.90221976408664], [2; 90; 43.358660615317795], [1; 180; 87.67033513557521], [2; 90; 44.85495364439504], [1; 200; 100.89337597819556], [1; 200; 103.51514766103372], [2; 100; 53.21629493908062], [1; 1040; 561.7111251938469], [2; 540; 296.2155873726666], [1; 1080; 602.1448876747005], [1; 1120; 646.7668729845605], [2; 560; 329.6038680850532], [1; 1160; 696.6883925651865], [2; 600; 368.192335628831], [2; 600; 376.7580019242137], [2; 600; 386.18083105980963], [2; 600; 396.6231702413079], [2; 600; 408.29519457222807], [2; 620; 435.5241776130761], [1; 1280; 931.2859401690647], [1; 1320; 1044.30774214943], [2; 660; 549.6852691693679], [1; 1320; 1168.255523272558], [2; 680; 713.5467093661497], [2; 700; 840.8308186131561], [1; 1400; 2118.760895542107]];
Intervals[4.9E-324=3.260522838027811, 3.260522838027811=6.531987109863231, 6.531987109863231=9.814541175906378, 9.814541175906378=16.402132730515625, 16.402132730515625=23.03563232761841, 23.03563232761841=29.716347033923615, 29.716347033923615=43.17495389295769, 43.17495389295769=56.73362841768815, 56.9048099695342=63.73570310759748, 63.73570310759748=70.59297061205278, 70.59297061205278=84.36107856725663, 84.41549853197117=91.35440784206808, 91.35440784206808=105.28841257547933, 105.34551979042396=115.88239505525645, 115.88239505525645=126.46354342521673, 126.46354342521673=137.0897185008597, 137.0897185008597=147.76169662138182, 147.76169662138182=158.48027785761488, 158.48027785761488=169.24628706214216, 169.24628706214216=180.06057498063493, 180.06057498063493=201.78746387709026, 201.78746387709026=216.33880669223188, 216.33880669223188=230.95814742398827, 230.95814742398827=260.3354029077226, 260.3354029077226=289.9978923025177, 289.9978923025177=304.9025602000306, 304.9025602000306=334.8616941678256, 334.8616941678256=365.1297069612843, 373.04870086089625=392.1674740477539, 392.1674740477539=430.61283725465177, 430.61283725465177=469.4877931498643, 469.4877931498643=489.0363448111164, 489.0363448111164=528.3607619815705, 528.3607619815705=576.1152576358212, 576.6409316054938=600.8148215387441, 600.8148215387441=649.4705573505591, 649.4705573505591=673.9564028512397, 673.9564028512397=723.2524191387702, 723.2524191387702=781.5523719294607, 781.5523719294607=840.6852937271633, 840.6852937271633=900.7009265852852, 902.3410878239638=932.8178521298272, 932.8178521298272=994.2629626851859, 994.2629626851859=1056.7409570876498, 1056.7409570876498=1129.4084183576915, 1129.4084183576915=1166.0755045917585, 1166.0755045917585=1240.1015497359515, 1240.1015497359515=1315.5938367812423, 1315.5938367812423=1358.4960565453289, 1358.4960565453289=1401.8547171606467, 1401.8547171606467=1489.525052296222, 1490.521391399335=1535.37634504373, 1535.37634504373=1636.2697210219255, 1636.2697210219255=1739.7848686829593, 1742.4803275687816=1795.6966225078622, 1795.6966225078622=2357.407747701709, 2357.407747701709=2653.6233350743755, 2653.6233350743755=3255.768222749076, 3255.768222749076=3902.5350957336364, 3902.5350957336364=4232.138963818689, 4232.138963818689=4928.827356383876, 4928.827356383876=5297.019692012706, 5297.019692012706=5673.7776939369205, 5673.7776939369205=6059.95852499673, 6059.95852499673=6456.581695238038, 6456.581695238038=6864.876889810266, 6864.876889810266=7300.401067423342, 7300.401067423342=8231.687007592407, 8231.687007592407=9275.994749741836, 9275.994749741836=9825.680018911204, 9825.680018911204=10993.93554218376, 11122.280438448044=11835.827147814194, 11835.827147814194=12676.65796642735, 12676.65796642735=14795.418861969458];

Jobs: [[2; 10; 3.260522838027811], [2; 10; 3.2714642718354203], [2; 10; 3.282554066043146], [1; 20; 6.610386170688464], [1; 20; 6.656939719782319], [1; 20; 6.704833019116168], [1; 40; 13.508270064966593], [1; 40; 13.60983981907427], [2; 20; 6.830893138063281], [2; 20; 6.857267504455299], [1; 40; 13.822527919918393], [2; 20; 6.938909310096913], [1; 40; 13.991111948355881], [2; 30; 10.536875264832489], [2; 30; 10.581148369960275], [2; 30; 10.626175075642982], [2; 30; 10.671978120522102], [2; 30; 10.718581236233069], [2; 30; 10.76600920452727], [2; 30; 10.814287918492761], [2; 40; 14.551342815141636], [2; 40; 14.61934073175639], [1; 80; 29.518494460144133], [2; 40; 14.904667897512928], [1; 80; 30.111989338044516], [1; 100; 38.03415132282109], [2; 50; 19.118773186857666], [1; 100; 38.65777283906019], [2; 50; 19.548551661252155], [1; 100; 39.55711144505416], [1; 120; 48.04747534932321], [2; 60; 24.173889933250226], [2; 60; 24.485845500680462], [1; 120; 49.62910758270917], [1; 140; 58.710529365845154], [1; 140; 59.56773830880667], [1; 140; 60.47730971536321], [2; 70; 30.476764305863366], [1; 140; 61.95294441596898], [1; 160; 72.02435266420405], [2; 80; 36.667086234066936], [1; 160; 74.74478956157158], [2; 90; 42.90221976408664], [2; 90; 43.358660615317795], [1; 180; 88.66667423868833], [2; 90; 44.85495364439504], [1; 200; 102.17064291238256], [1; 200; 104.93333961266909], [2; 100; 53.21629493908062], [2; 540; 296.2155873726666], [1; 1120; 635.2149861867779], [2; 560; 329.6038680850532], [2; 600; 368.192335628831], [2; 600; 376.7580019242137], [2; 600; 386.18083105980963], [2; 600; 396.6231702413079], [2; 600; 408.29519457222807], [2; 620; 435.5241776130761], [1; 1280; 968.5764093906773], [2; 660; 549.6852691693679], [1; 1360; 1296.6004195368407], [2; 680; 713.5467093661497], [2; 700; 840.8308186131561]];
Intervals[4.9E-324=3.260522838027811, 3.260522838027811=6.531987109863231, 6.531987109863231=9.814541175906378, 9.814541175906378=16.424927346594842, 16.424927346594842=23.08186706637716, 23.08186706637716=29.78670008549333, 29.78670008549333=43.294970150459925, 43.294970150459925=56.9048099695342, 56.9048099695342=63.73570310759748, 63.73570310759748=70.59297061205278, 70.59297061205278=84.41549853197117, 84.41549853197117=91.35440784206808, 91.35440784206808=105.34551979042396, 105.34551979042396=115.88239505525645, 115.88239505525645=126.46354342521673, 126.46354342521673=137.0897185008597, 137.0897185008597=147.76169662138182, 147.76169662138182=158.48027785761488, 158.48027785761488=169.24628706214216, 169.24628706214216=180.06057498063493, 201.78746387709026=216.33880669223188, 216.33880669223188=230.95814742398827, 230.95814742398827=260.4766418841324, 289.9978923025177=304.9025602000306, 304.9025602000306=335.01454953807513, 335.01454953807513=373.04870086089625, 373.04870086089625=392.1674740477539, 392.1674740477539=430.8252468868141, 469.4877931498643=489.0363448111164, 489.0363448111164=528.5934562561706, 528.5934562561706=576.6409316054938, 576.6409316054938=600.8148215387441, 649.4705573505591=673.9564028512397, 673.9564028512397=723.5855104339488, 723.5855104339488=782.2960397997939, 782.2960397997939=841.8637781086006, 841.8637781086006=902.3410878239638, 902.3410878239638=932.8178521298272, 932.8178521298272=994.7707965457962, 994.7707965457962=1066.7951492100003, 1129.4084183576915=1166.0755045917585, 1166.0755045917585=1240.8202941533302, 1315.5938367812423=1358.4960565453289, 1358.4960565453289=1401.8547171606467, 1401.8547171606467=1490.521391399335, 1490.521391399335=1535.37634504373, 1535.37634504373=1637.5469879561126, 1637.5469879561126=1742.4803275687816, 1742.4803275687816=1795.6966225078622, 2357.407747701709=2653.6233350743755, 2653.6233350743755=3288.8383212611534, 3902.5350957336364=4232.138963818689, 4928.827356383876=5297.019692012706, 5297.019692012706=5673.7776939369205, 5673.7776939369205=6059.95852499673, 6059.95852499673=6456.581695238038, 6456.581695238038=6864.876889810266, 6864.876889810266=7300.401067423342, 7300.401067423342=8268.97747681402, 9275.994749741836=9825.680018911204, 9825.680018911204=11122.280438448044, 11122.280438448044=11835.827147814194, 11835.827147814194=12676.65796642735];
