1.1552937133805505
67728.78782577364
78246.64279000145
[2; 10; 3.003385627009984]
[2; 10; 3.0236793887327686]
[2; 10; 3.0445330090127656]
[1; 40; 12.263896354953578]
[1; 40; 12.352128858754336]
[2; 30; 9.332217448160034]
[2; 30; 9.402387131393365]
[1; 60; 18.949432057253386]
[2; 30; 9.549323163629]
[2; 30; 9.626337160161484]
[2; 40; 12.94119636474694]
[2; 40; 13.05087274963216]
[2; 40; 13.16436429617252]
[1; 80; 26.563818965422694]
[2; 50; 16.754710837697335]
[1; 100; 33.82556696574785]
[2; 60; 20.49239464081247]
[2; 60; 20.69733218253596]
[1; 120; 41.82144356808797]
[1; 120; 42.266385937198514]
[2; 60; 21.365444455027]
[2; 70; 25.2096301135838]
[2; 70; 25.506241208351295]
[2; 70; 25.81732358909337]
[2; 80; 29.879039828510205]
[2; 80; 30.272230179372727]
[2; 90; 34.522841026394644]
[2; 90; 35.016091110356676]
[2; 90; 35.53879639830952]
[2; 90; 36.09417979831464]
[1; 200; 81.52442855383839]
[2; 100; 41.46514921308066]
[1; 1040; 439.079947681786]
[2; 520; 223.76292787950848]
[2; 520; 228.33077404983982]
[2; 520; 233.2960344801512]
[2; 520; 238.72345864415541]
[2; 560; 263.5166186141111]
[2; 560; 270.6421144704912]
[2; 580; 288.55694498546444]
[2; 600; 308.1430308468949]
[2; 620; 329.79592555387836]
[1; 1280; 708.1323041579897]
[2; 660; 381.7499789012626]
[2; 660; 401.87835718968495]
[2; 660; 427.05948003664906]
[1; 1360; 947.9527208766606]
[1; 1360; 1043.3569732421493]
[2; 700; 614.7366993649534]
[1; 1400; 1549.0394153456023]


Jobs: [[2; 10; 3.003385627009984], [2; 10; 3.0236793887327686], [2; 10; 3.0445330090127656], [1; 40; 12.263896354953578], [2; 30; 9.332217448160034], [2; 30; 9.402387131393365], [1; 60; 18.949432057253386], [2; 30; 9.549323163629], [2; 30; 9.626337160161484], [2; 40; 12.94119636474694], [2; 40; 13.05087274963216], [2; 40; 13.16436429617252], [1; 80; 26.563818965422694], [2; 50; 16.754710837697335], [1; 100; 33.82556696574785], [2; 60; 20.49239464081247], [2; 60; 20.69733218253596], [1; 120; 41.82144356808797], [2; 60; 21.365444455027], [2; 70; 25.2096301135838], [2; 70; 25.506241208351295], [2; 70; 25.81732358909337], [2; 80; 29.879039828510205], [2; 80; 30.272230179372727], [2; 90; 34.522841026394644], [2; 90; 35.016091110356676], [2; 90; 35.53879639830952], [2; 90; 36.09417979831464], [1; 200; 81.52442855383839], [2; 100; 41.46514921308066], [1; 1040; 439.079947681786], [2; 520; 223.76292787950848], [2; 520; 228.33077404983982], [2; 520; 233.2960344801512], [2; 520; 238.72345864415541], [2; 560; 263.5166186141111], [2; 560; 270.6421144704912], [2; 580; 288.55694498546444], [2; 600; 308.1430308468949], [2; 620; 329.79592555387836], [1; 1280; 708.1323041579897], [2; 660; 381.7499789012626], [2; 660; 401.87835718968495], [2; 660; 427.05948003664906], [1; 1360; 947.9527208766606], [2; 700; 614.7366993649534], [1; 1400; 1549.0394153456023]];
Intervals[4.9E-324=3.003385627009984, 3.003385627009984=6.027065015742753, 6.027065015742753=9.071598024755518, 9.071598024755518=21.335494379709097, 21.423726883509854=30.755944331669888, 30.755944331669888=40.15833146306325, 40.15833146306325=59.10776352031664, 59.10776352031664=68.65708668394564, 68.65708668394564=78.28342384410712, 78.28342384410712=91.22462020885406, 91.22462020885406=104.27549295848623, 104.27549295848623=117.43985725465875, 117.43985725465875=144.00367622008145, 144.00367622008145=160.75838705777878, 160.75838705777878=194.58395402352664, 194.58395402352664=215.07634866433912, 215.07634866433912=235.7736808468751, 235.7736808468751=277.59512441496304, 278.0400667840736=299.4055112391006, 299.4055112391006=324.61514135268436, 324.61514135268436=350.12138256103566, 350.12138256103566=375.938706150129, 375.938706150129=405.8177459786392, 405.8177459786392=436.08997615801195, 436.08997615801195=470.6128171844066, 470.6128171844066=505.6289082947633, 505.6289082947633=541.1677046930728, 541.1677046930728=577.2618844913874, 577.2618844913874=658.7863130452258, 658.7863130452258=700.2514622583064, 700.2514622583064=1139.3314099400925, 1139.3314099400925=1363.094337819601, 1363.094337819601=1591.4251118694408, 1591.4251118694408=1824.721146349592, 1824.721146349592=2063.4446049937474, 2063.4446049937474=2326.9612236078583, 2326.9612236078583=2597.6033380783497, 2597.6033380783497=2886.160283063814, 2886.160283063814=3194.3033139107088, 3194.3033139107088=3524.0992394645873, 3524.0992394645873=4232.231543622577, 4232.231543622577=4613.98152252384, 4613.98152252384=5015.859879713525, 5015.859879713525=5442.9193597501735, 5442.9193597501735=6390.872080626834, 6486.276332992323=7101.013032357276, 7101.013032357276=8650.052447702878];

Jobs: [[2; 10; 3.003385627009984], [2; 10; 3.0236793887327686], [2; 10; 3.0445330090127656], [1; 40; 12.352128858754336], [2; 30; 9.332217448160034], [2; 30; 9.402387131393365], [2; 30; 9.549323163629], [2; 30; 9.626337160161484], [2; 40; 12.94119636474694], [2; 40; 13.05087274963216], [2; 40; 13.16436429617252], [2; 50; 16.754710837697335], [2; 60; 20.49239464081247], [2; 60; 20.69733218253596], [1; 120; 42.266385937198514], [2; 60; 21.365444455027], [2; 70; 25.2096301135838], [2; 70; 25.506241208351295], [2; 70; 25.81732358909337], [2; 80; 29.879039828510205], [2; 80; 30.272230179372727], [2; 90; 34.522841026394644], [2; 90; 35.016091110356676], [2; 90; 35.53879639830952], [2; 90; 36.09417979831464], [2; 100; 41.46514921308066], [2; 520; 223.76292787950848], [2; 520; 228.33077404983982], [2; 520; 233.2960344801512], [2; 520; 238.72345864415541], [2; 560; 263.5166186141111], [2; 560; 270.6421144704912], [2; 580; 288.55694498546444], [2; 600; 308.1430308468949], [2; 620; 329.79592555387836], [2; 660; 381.7499789012626], [2; 660; 401.87835718968495], [2; 660; 427.05948003664906], [1; 1360; 1043.3569732421493], [2; 700; 614.7366993649534]];
Intervals[4.9E-324=3.003385627009984, 3.003385627009984=6.027065015742753, 6.027065015742753=9.071598024755518, 9.071598024755518=21.423726883509854, 21.423726883509854=30.755944331669888, 30.755944331669888=40.15833146306325, 59.10776352031664=68.65708668394564, 68.65708668394564=78.28342384410712, 78.28342384410712=91.22462020885406, 91.22462020885406=104.27549295848623, 104.27549295848623=117.43985725465875, 144.00367622008145=160.75838705777878, 194.58395402352664=215.07634866433912, 215.07634866433912=235.7736808468751, 235.7736808468751=278.0400667840736, 278.0400667840736=299.4055112391006, 299.4055112391006=324.61514135268436, 324.61514135268436=350.12138256103566, 350.12138256103566=375.938706150129, 375.938706150129=405.8177459786392, 405.8177459786392=436.08997615801195, 436.08997615801195=470.6128171844066, 470.6128171844066=505.6289082947633, 505.6289082947633=541.1677046930728, 541.1677046930728=577.2618844913874, 658.7863130452258=700.2514622583064, 1139.3314099400925=1363.094337819601, 1363.094337819601=1591.4251118694408, 1591.4251118694408=1824.721146349592, 1824.721146349592=2063.4446049937474, 2063.4446049937474=2326.9612236078583, 2326.9612236078583=2597.6033380783497, 2597.6033380783497=2886.160283063814, 2886.160283063814=3194.3033139107088, 3194.3033139107088=3524.0992394645873, 4232.231543622577=4613.98152252384, 4613.98152252384=5015.859879713525, 5015.859879713525=5442.9193597501735, 5442.9193597501735=6486.276332992323, 6486.276332992323=7101.013032357276];
