1.2243025499162572
1580176.3125394112
1934613.8887592696
[2; 10; 6.81153795583644]
[2; 20; 13.668791274131058]
[2; 30; 20.572689771247727]
[1; 60; 41.28628947642329]
[2; 30; 20.714574873956177]
[1; 80; 55.432010791277804]
[1; 80; 55.627885248538405]
[2; 50; 34.89159872104878]
[1; 100; 70.03512452757379]
[2; 50; 35.14536471873093]
[2; 60; 42.33006430382698]
[2; 60; 42.48801376832117]
[2; 60; 42.648347414989566]
[1; 120; 85.6222578897646]
[2; 70; 50.13916193839874]
[2; 70; 50.33502002822598]
[1; 140; 101.0679494892883]
[2; 80; 57.98412890911801]
[2; 80; 58.21888502755873]
[2; 80; 58.45748968176369]
[2; 80; 58.700054658091574]
[1; 180; 132.63006698996145]
[1; 180; 133.194457052574]
[1; 200; 148.63175354163306]
[1; 200; 149.28080873368827]
[1; 1040; 779.6950298195535]
[2; 520; 391.5957334283501]
[2; 520; 393.37573849751595]
[1; 1040; 790.3771110511915]
[2; 520; 397.0352578394037]
[1; 1040; 797.8339392734845]
[1; 1040; 801.6697383320577]
[2; 520; 402.7901921541075]
[2; 520; 404.78423550558904]
[1; 1040; 813.6367225992993]
[1; 1040; 817.7880022262486]
[2; 540; 426.8208399597906]
[1; 1080; 858.1346136220802]
[2; 540; 431.36182801555367]
[2; 540; 433.70623181641145]
[1; 1080; 872.2048949422042]
[2; 540; 438.55251262957853]
[1; 1080; 882.1171627738914]
[2; 560; 460.0534120884729]
[2; 560; 462.7756849841963]
[1; 1120; 931.1271151234774]
[1; 1120; 936.8396943168106]
[1; 1120; 942.6950944190813]
[2; 560; 474.3498418314119]
[1; 1120; 954.8602438387745]
[1; 1120; 961.1840059042173]
[1; 1120; 967.6786894414064]
[2; 580; 504.5754258508694]
[1; 1160; 1016.2577819936657]
[1; 1160; 1023.5692404418679]
[2; 580; 515.5478775780201]
[1; 1200; 1074.6710130274987]
[2; 600; 541.4690190023691]
[1; 1200; 1091.4654602679952]
[2; 600; 550.1339906072302]
[1; 1200; 1109.3615174056376]
[2; 600; 559.3816672328554]
[1; 1240; 1166.1086062672068]
[2; 620; 588.260420594515]
[1; 1240; 1187.315213331666]
[2; 620; 599.2584808989911]
[2; 620; 605.0768882834994]
[2; 640; 630.8418669355895]
[2; 640; 637.3458498360307]
[2; 640; 644.1266337634703]
[2; 640; 651.2055152349806]
[1; 1280; 1317.21242293614]
[1; 1280; 1332.7104614653888]
[1; 1280; 1348.964629996375]
[2; 640; 683.0209722716567]
[2; 640; 692.0091210634295]
[2; 640; 701.4898761811642]
[2; 640; 711.5125142386847]
[2; 640; 722.1336698801032]
[2; 660; 756.338169743664]
[1; 1320; 1537.4787204949487]
[1; 1320; 1563.9921846286345]
[1; 1320; 1592.434619178084]
[2; 660; 811.5329217954161]
[2; 660; 828.0993726550379]
[2; 680; 871.7467574804504]
[2; 680; 892.0271682769067]
[1; 1360; 1828.6740635300357]
[1; 1360; 1878.1214552386937]
[2; 680; 966.6958747397634]
[1; 1360; 1995.8018583751132]
[1; 1360; 2067.1401365954243]
[2; 680; 1074.9561895283612]
[2; 700; 1156.9392124604906]
[2; 700; 1217.9406830883054]
[1; 1400; 2588.5102072798213]
[1; 1400; 2788.388093032634]
[2; 700; 1534.5091041462967]
[1; 1400; 3513.1488536880393]
[2; 700; 2213.1450960878024]


Jobs: [[2; 10; 6.81153795583644], [2; 20; 13.668791274131058], [2; 30; 20.572689771247727], [1; 60; 41.28628947642329], [2; 30; 20.714574873956177], [1; 80; 55.432010791277804], [2; 50; 34.89159872104878], [1; 100; 70.03512452757379], [2; 50; 35.14536471873093], [2; 60; 42.33006430382698], [2; 60; 42.48801376832117], [2; 60; 42.648347414989566], [1; 120; 85.6222578897646], [2; 70; 50.13916193839874], [2; 70; 50.33502002822598], [1; 140; 101.0679494892883], [2; 80; 57.98412890911801], [2; 80; 58.21888502755873], [2; 80; 58.45748968176369], [2; 80; 58.700054658091574], [1; 180; 132.63006698996145], [1; 200; 148.63175354163306], [1; 1040; 779.6950298195535], [2; 520; 391.5957334283501], [2; 520; 393.37573849751595], [1; 1040; 790.3771110511915], [2; 520; 397.0352578394037], [1; 1040; 797.8339392734845], [2; 520; 402.7901921541075], [2; 520; 404.78423550558904], [1; 1040; 813.6367225992993], [2; 540; 426.8208399597906], [1; 1080; 858.1346136220802], [2; 540; 431.36182801555367], [2; 540; 433.70623181641145], [1; 1080; 872.2048949422042], [2; 540; 438.55251262957853], [1; 1080; 882.1171627738914], [2; 560; 460.0534120884729], [2; 560; 462.7756849841963], [1; 1120; 931.1271151234774], [1; 1120; 942.6950944190813], [2; 560; 474.3498418314119], [1; 1120; 954.8602438387745], [1; 1120; 967.6786894414064], [2; 580; 504.5754258508694], [1; 1160; 1016.2577819936657], [2; 580; 515.5478775780201], [1; 1200; 1074.6710130274987], [2; 600; 541.4690190023691], [1; 1200; 1091.4654602679952], [2; 600; 550.1339906072302], [1; 1200; 1109.3615174056376], [2; 600; 559.3816672328554], [1; 1240; 1166.1086062672068], [2; 620; 588.260420594515], [1; 1240; 1187.315213331666], [2; 620; 599.2584808989911], [2; 620; 605.0768882834994], [2; 640; 630.8418669355895], [2; 640; 637.3458498360307], [2; 640; 644.1266337634703], [2; 640; 651.2055152349806], [1; 1280; 1317.21242293614], [1; 1280; 1348.964629996375], [2; 640; 683.0209722716567], [2; 640; 692.0091210634295], [2; 640; 701.4898761811642], [2; 640; 711.5125142386847], [2; 640; 722.1336698801032], [2; 660; 756.338169743664], [1; 1320; 1537.4787204949487], [1; 1320; 1592.434619178084], [2; 660; 811.5329217954161], [2; 660; 828.0993726550379], [2; 680; 871.7467574804504], [2; 680; 892.0271682769067], [1; 1360; 1828.6740635300357], [2; 680; 966.6958747397634], [1; 1360; 1995.8018583751132], [2; 680; 1074.9561895283612], [2; 700; 1156.9392124604906], [2; 700; 1217.9406830883054], [1; 1400; 2588.5102072798213], [2; 700; 1534.5091041462967], [1; 1400; 3513.1488536880393], [2; 700; 2213.1450960878024]];
Intervals[4.9E-324=6.81153795583644, 6.81153795583644=20.4803292299675, 20.4803292299675=41.053019001215226, 41.053019001215226=82.33930847763853, 82.33930847763853=103.0538833515947, 103.0538833515947=158.4858941428725, 158.68176860013313=193.5733673211819, 193.5733673211819=263.6084918487557, 263.6084918487557=298.75385656748665, 298.75385656748665=341.08392087131364, 341.08392087131364=383.57193463963483, 383.57193463963483=426.2202820546244, 426.2202820546244=511.84253994438905, 511.84253994438905=561.9817018827878, 561.9817018827878=612.3167219110137, 612.3167219110137=713.384671400302, 713.384671400302=771.36880030942, 771.36880030942=829.5876853369787, 829.5876853369787=888.0451750187424, 888.0451750187424=946.745229676834, 946.745229676834=1079.3752966667955, 1079.3752966667955=1228.0070502084286, 1228.0070502084286=2007.702080027982, 2007.702080027982=2399.2978134563323, 2399.2978134563323=2792.6735519538483, 2792.6735519538483=3583.05066300504, 3583.05066300504=3980.0859208444435, 3980.0859208444435=4777.919860117928, 4781.7556591765015=5184.545851330609, 5184.545851330609=5589.3300868361985, 5589.3300868361985=6402.966809435497, 6407.118089062447=6833.938929022238, 6833.938929022238=7692.073542644318, 7692.073542644318=8123.435370659871, 8123.435370659871=8557.141602476282, 8557.141602476282=9429.346497418486, 9429.346497418486=9867.899010048064, 9867.899010048064=10750.016172821955, 10750.016172821955=11210.069584910429, 11210.069584910429=11672.845269894626, 11672.845269894626=12603.972385018104, 12603.972385018104=13546.667479437185, 13546.667479437185=14021.017321268597, 14021.017321268597=14975.877565107372, 14975.877565107372=15943.55625454878, 15943.55625454878=16448.13168039965, 16448.13168039965=17464.389462393316, 17471.70092084152=17987.24879841954, 17987.24879841954=19061.91981144704, 19061.91981144704=19603.388830449407, 19603.388830449407=20694.8542907174, 20694.8542907174=21244.988281324633, 21244.988281324633=22354.34979873027, 22354.34979873027=22913.731465963123, 22913.731465963123=24079.84007223033, 24079.84007223033=24668.100492824844, 24668.100492824844=25855.41570615651, 25855.41570615651=26454.6741870555, 26454.6741870555=27059.751075339, 27059.751075339=27690.59294227459, 27690.59294227459=28327.93879211062, 28327.93879211062=28972.06542587409, 28972.06542587409=29623.270941109073, 29623.270941109073=30940.483364045213, 30940.483364045213=32289.447994041588, 32289.447994041588=32972.468966313245, 32972.468966313245=33664.47808737667, 33664.47808737667=34365.967963557836, 34365.967963557836=35077.48047779652, 35077.48047779652=35799.61414767662, 35799.61414767662=36555.952317420284, 36555.952317420284=38093.43103791523, 38093.43103791523=39685.865657093316, 39685.865657093316=40497.39857888873, 40497.39857888873=41325.497951543766, 41325.497951543766=42197.24470902421, 42197.24470902421=43089.27187730112, 43089.27187730112=44917.94594083116, 44967.39333253982=45934.08920727958, 45934.08920727958=47929.891065654694, 48001.229343875006=49076.18553340337, 49076.18553340337=50233.12474586386, 50233.12474586386=51451.06542895216, 51451.06542895216=54039.57563623198, 54239.4535219848=55773.96262613109, 55773.96262613109=59287.111479819134, 59287.111479819134=61500.25657590693];

Jobs: [[2; 10; 6.81153795583644], [2; 20; 13.668791274131058], [2; 30; 20.572689771247727], [2; 30; 20.714574873956177], [1; 80; 55.627885248538405], [2; 50; 34.89159872104878], [2; 50; 35.14536471873093], [2; 60; 42.33006430382698], [2; 60; 42.48801376832117], [2; 60; 42.648347414989566], [2; 70; 50.13916193839874], [2; 70; 50.33502002822598], [2; 80; 57.98412890911801], [2; 80; 58.21888502755873], [2; 80; 58.45748968176369], [2; 80; 58.700054658091574], [1; 180; 133.194457052574], [1; 200; 149.28080873368827], [2; 520; 391.5957334283501], [2; 520; 393.37573849751595], [2; 520; 397.0352578394037], [1; 1040; 801.6697383320577], [2; 520; 402.7901921541075], [2; 520; 404.78423550558904], [1; 1040; 817.7880022262486], [2; 540; 426.8208399597906], [2; 540; 431.36182801555367], [2; 540; 433.70623181641145], [2; 540; 438.55251262957853], [2; 560; 460.0534120884729], [2; 560; 462.7756849841963], [1; 1120; 936.8396943168106], [2; 560; 474.3498418314119], [1; 1120; 961.1840059042173], [2; 580; 504.5754258508694], [1; 1160; 1023.5692404418679], [2; 580; 515.5478775780201], [2; 600; 541.4690190023691], [2; 600; 550.1339906072302], [2; 600; 559.3816672328554], [2; 620; 588.260420594515], [2; 620; 599.2584808989911], [2; 620; 605.0768882834994], [2; 640; 630.8418669355895], [2; 640; 637.3458498360307], [2; 640; 644.1266337634703], [2; 640; 651.2055152349806], [1; 1280; 1332.7104614653888], [2; 640; 683.0209722716567], [2; 640; 692.0091210634295], [2; 640; 701.4898761811642], [2; 640; 711.5125142386847], [2; 640; 722.1336698801032], [2; 660; 756.338169743664], [1; 1320; 1563.9921846286345], [2; 660; 811.5329217954161], [2; 660; 828.0993726550379], [2; 680; 871.7467574804504], [2; 680; 892.0271682769067], [1; 1360; 1878.1214552386937], [2; 680; 966.6958747397634], [1; 1360; 2067.1401365954243], [2; 680; 1074.9561895283612], [2; 700; 1156.9392124604906], [2; 700; 1217.9406830883054], [1; 1400; 2788.388093032634], [2; 700; 1534.5091041462967], [2; 700; 2213.1450960878024]];
Intervals[4.9E-324=6.81153795583644, 6.81153795583644=20.4803292299675, 20.4803292299675=41.053019001215226, 82.33930847763853=103.0538833515947, 103.0538833515947=158.68176860013313, 158.68176860013313=193.5733673211819, 263.6084918487557=298.75385656748665, 298.75385656748665=341.08392087131364, 341.08392087131364=383.57193463963483, 383.57193463963483=426.2202820546244, 511.84253994438905=561.9817018827878, 561.9817018827878=612.3167219110137, 713.384671400302=771.36880030942, 771.36880030942=829.5876853369787, 829.5876853369787=888.0451750187424, 888.0451750187424=946.745229676834, 946.745229676834=1079.939686729408, 1079.939686729408=1229.2204954630963, 2007.702080027982=2399.2978134563323, 2399.2978134563323=2792.6735519538483, 3583.05066300504=3980.0859208444435, 3980.0859208444435=4781.7556591765015, 4781.7556591765015=5184.545851330609, 5184.545851330609=5589.3300868361985, 5589.3300868361985=6407.118089062447, 6407.118089062447=6833.938929022238, 7692.073542644318=8123.435370659871, 8123.435370659871=8557.141602476282, 9429.346497418486=9867.899010048064, 10750.016172821955=11210.069584910429, 11210.069584910429=11672.845269894626, 11672.845269894626=12609.684964211436, 13546.667479437185=14021.017321268597, 14021.017321268597=14982.201327172814, 15943.55625454878=16448.13168039965, 16448.13168039965=17471.70092084152, 17471.70092084152=17987.24879841954, 19061.91981144704=19603.388830449407, 20694.8542907174=21244.988281324633, 22354.34979873027=22913.731465963123, 24079.84007223033=24668.100492824844, 25855.41570615651=26454.6741870555, 26454.6741870555=27059.751075339, 27059.751075339=27690.59294227459, 27690.59294227459=28327.93879211062, 28327.93879211062=28972.06542587409, 28972.06542587409=29623.270941109073, 29623.270941109073=30955.98140257446, 32289.447994041588=32972.468966313245, 32972.468966313245=33664.47808737667, 33664.47808737667=34365.967963557836, 34365.967963557836=35077.48047779652, 35077.48047779652=35799.61414767662, 35799.61414767662=36555.952317420284, 36555.952317420284=38119.94450204892, 39685.865657093316=40497.39857888873, 40497.39857888873=41325.497951543766, 41325.497951543766=42197.24470902421, 42197.24470902421=43089.27187730112, 43089.27187730112=44967.39333253982, 44967.39333253982=45934.08920727958, 45934.08920727958=48001.229343875006, 48001.229343875006=49076.18553340337, 49076.18553340337=50233.12474586386, 50233.12474586386=51451.06542895216, 51451.06542895216=54239.4535219848, 54239.4535219848=55773.96262613109, 59287.111479819134=61500.25657590693];
