1.1124586661966451
80990.38213568478
90098.45248542048
[1; 10; 2.5301978435345527]
[1; 10; 2.5386885039594107]
[1; 20; 5.09458858703268]
[1; 20; 5.112035944407201]
[2; 10; 2.564862395523561]
[1; 30; 7.721491556471789]
[1; 30; 7.748776205653308]
[1; 30; 7.776450641296884]
[1; 30; 7.804524713813224]
[1; 30; 7.8330086331272835]
[1; 30; 7.861912985924918]
[1; 30; 7.891248753929277]
[2; 20; 5.28068488885381]
[1; 40; 10.601680740133656]
[2; 20; 5.321307138215595]
[2; 20; 5.342093705265828]
[1; 50; 13.40802229908938]
[1; 60; 16.153985951077047]
[1; 70; 18.922618653333643]
[1; 70; 19.00017123576963]
[1; 70; 19.079011023641467]
[1; 70; 19.15917587703051]
[1; 70; 19.240705267147305]
[1; 70; 19.323640366614768]
[1; 70; 19.40802414605962]
[2; 40; 11.13937227288155]
[1; 80; 22.37865056618363]
[2; 40; 11.240186551548645]
[1; 80; 22.58397075585172]
[1; 80; 22.68950486220846]
[1; 90; 25.646669625453956]
[1; 90; 25.76997281721143]
[1; 90; 25.89568199105774]
[1; 90; 26.023880525957996]
[1; 90; 26.15465599099873]
[1; 100; 29.209000470358692]
[2; 50; 14.680172571726391]
[1; 100; 29.514876122100002]
[1; 100; 29.672712685351772]
[1; 100; 29.833980595220684]
[1; 110; 32.998693818578566]
[1; 110; 33.184083628860435]
[1; 110; 33.37371108014445]
[1; 120; 36.61936215718808]
[1; 120; 36.83604981657668]
[1; 120; 37.05795908381083]
[2; 60; 18.642657106746544]
[1; 120; 37.51835347728955]
[1; 120; 37.757330324699026]
[1; 130; 41.169390886473494]
[2; 70; 22.314946664274583]
[2; 70; 22.465727904748277]
[1; 140; 45.24133771085495]
[2; 70; 22.779974588996627]
[1; 150; 49.16542485679022]
[1; 150; 49.5269483170433]
[1; 160; 53.22596839462946]
[1; 160; 53.6354150111494]
[1; 160; 54.05775850266419]
[1; 160; 54.49372699535642]
[1; 160; 54.94410879968506]
[2; 80; 27.704879521030914]
[1; 170; 59.384832670614905]
[1; 170; 59.915082447725226]
[1; 170; 60.464792809204106]
[1; 170; 61.035249072639026]
[1; 170; 61.627861368065865]
[2; 90; 32.95280163581835]
[1; 180; 66.58509038114677]
[1; 180; 67.2934955755632]
[1; 180; 68.03304375446668]
[1; 180; 68.80621271397342]
[1; 190; 73.48331471822848]
[1; 200; 78.29425371587408]
[2; 100; 39.642712719935275]
[1; 200; 80.32877437028836]
[1; 200; 81.42930529615555]
[1; 200; 82.59273827212616]
[1; 200; 83.82564747679113]
[1; 200; 85.13563480955024]
[2; 100; 43.26577452777334]
[1; 200; 88.02376556022647]
[1; 200; 89.62454733864519]
[1; 200; 91.3485174089756]
[1; 200; 93.21328553373272]
[2; 110; 52.38216128118814]
[2; 120; 58.47358422918682]
[2; 140; 69.92536352309438]
[2; 140; 71.81614707465972]
[2; 140; 73.92958844395334]
[2; 140; 76.31604409456585]
[2; 140; 79.04389764548102]
[2; 160; 93.95310445904889]
[2; 160; 98.22946617753782]
[2; 170; 109.87182015493345]
[2; 170; 116.75623119933074]
[2; 180; 133.17018076229354]
[2; 200; 162.8586105923111]
[2; 200; 186.42657106746543]
[2; 200; 234.88276114762223]


Jobs: [[1; 10; 2.5301978435345527], [1; 20; 5.09458858703268], [2; 10; 2.564862395523561], [1; 30; 7.721491556471789], [1; 30; 7.776450641296884], [1; 30; 7.8330086331272835], [1; 30; 7.891248753929277], [2; 20; 5.28068488885381], [1; 40; 10.601680740133656], [2; 20; 5.321307138215595], [2; 20; 5.342093705265828], [1; 50; 13.40802229908938], [1; 70; 18.922618653333643], [1; 70; 19.079011023641467], [1; 70; 19.240705267147305], [1; 70; 19.40802414605962], [2; 40; 11.13937227288155], [1; 80; 22.37865056618363], [2; 40; 11.240186551548645], [1; 80; 22.58397075585172], [1; 90; 25.646669625453956], [1; 90; 25.89568199105774], [1; 90; 26.15465599099873], [2; 50; 14.680172571726391], [1; 100; 29.514876122100002], [1; 100; 29.833980595220684], [1; 110; 33.184083628860435], [1; 120; 36.61936215718808], [1; 120; 37.05795908381083], [2; 60; 18.642657106746544], [1; 120; 37.51835347728955], [1; 130; 41.169390886473494], [2; 70; 22.314946664274583], [2; 70; 22.465727904748277], [1; 140; 45.24133771085495], [2; 70; 22.779974588996627], [1; 150; 49.16542485679022], [1; 160; 53.22596839462946], [1; 160; 54.05775850266419], [1; 160; 54.94410879968506], [2; 80; 27.704879521030914], [1; 170; 59.384832670614905], [1; 170; 60.464792809204106], [1; 170; 61.627861368065865], [2; 90; 32.95280163581835], [1; 180; 66.58509038114677], [1; 180; 68.03304375446668], [1; 190; 73.48331471822848], [2; 100; 39.642712719935275], [1; 200; 80.32877437028836], [1; 200; 82.59273827212616], [1; 200; 85.13563480955024], [2; 100; 43.26577452777334], [1; 200; 88.02376556022647], [1; 200; 91.3485174089756], [2; 110; 52.38216128118814], [2; 120; 58.47358422918682], [2; 140; 69.92536352309438], [2; 140; 71.81614707465972], [2; 140; 73.92958844395334], [2; 140; 76.31604409456585], [2; 140; 79.04389764548102], [2; 160; 93.95310445904889], [2; 160; 98.22946617753782], [2; 170; 109.87182015493345], [2; 170; 116.75623119933074], [2; 180; 133.17018076229354], [2; 200; 162.8586105923111], [2; 200; 186.42657106746543], [2; 200; 234.88276114762223]];
Intervals[0.0=2.5301978435345527, 2.5301978435345527=7.624786430567233, 7.650724448366612=10.215586843890172, 10.215586843890172=17.937078400361962, 17.937078400361962=25.713529041658845, 25.713529041658845=33.54653767478613, 33.54653767478613=41.437786428715405, 41.437786428715405=46.71847131756922, 46.71847131756922=57.32015205770287, 57.32015205770287=62.641459195918465, 62.641459195918465=67.9835529011843, 67.9835529011843=81.39157520027368, 81.39157520027368=100.31419385360732, 100.31419385360732=119.39320487724879, 119.39320487724879=138.6339101443961, 138.6339101443961=158.04193429045574, 158.04193429045574=169.1813065633373, 169.1813065633373=191.55995712952094, 191.55995712952094=202.80014368106958, 202.80014368106958=225.3841144369213, 225.3841144369213=251.03078406237526, 251.03078406237526=276.926466053433, 276.926466053433=303.0811220444317, 306.4925023568062=321.1726749285326, 321.1726749285326=350.68755105063263, 350.68755105063263=380.5215316458533, 380.5215316458533=413.70561527471375, 413.70561527471375=450.32497743190186, 450.32497743190186=487.3829365157127, 487.3829365157127=506.0255936224592, 506.0255936224592=543.5439470997487, 543.5439470997487=584.7133379862222, 584.7133379862222=607.0282846504967, 607.0282846504967=629.494012555245, 629.494012555245=674.7353502661, 674.7353502661=697.5153248550967, 697.5153248550967=746.6807497118868, 746.6807497118868=799.9067181065163, 799.9067181065163=853.9644766091806, 853.9644766091806=908.9085854088656, 908.9085854088656=936.6134649298965, 936.6134649298965=995.9982976005114, 995.9982976005114=1056.4630904097155, 1056.4630904097155=1118.0909517777814, 1118.0909517777814=1151.0437534135997, 1151.0437534135997=1217.6288437947464, 1217.6288437947464=1285.6618875492131, 1285.6618875492131=1359.1452022674416, 1365.4377154190104=1405.0804281389455, 1405.0804281389455=1485.4092025092339, 1485.4092025092339=1568.00194078136, 1568.00194078136=1653.1375755909103, 1653.1375755909103=1696.4033501186836, 1696.4033501186836=1784.42711567891, 1784.42711567891=1875.7756330878856, 1879.2411829910616=1931.6233442722498, 1931.6233442722498=1990.0969285014367, 1990.0969285014367=2060.022292024531, 2060.022292024531=2131.8384390991905, 2131.8384390991905=2205.768027543144, 2205.768027543144=2282.0840716377097, 2282.0840716377097=2361.127969283191, 2361.127969283191=2455.08107374224, 2455.08107374224=2553.3105399197775, 2553.3105399197775=2663.182360074711, 2663.182360074711=2779.9385912740418, 2779.9385912740418=2913.1087720363353, 2913.1087720363353=3075.967382628646, 3075.967382628646=3262.3939536961116, 3262.3939536961116=3497.2767148437338];

Jobs: [[1; 10; 2.5386885039594107], [1; 20; 5.112035944407201], [2; 10; 2.564862395523561], [1; 30; 7.748776205653308], [1; 30; 7.804524713813224], [1; 30; 7.861912985924918], [2; 20; 5.28068488885381], [2; 20; 5.321307138215595], [2; 20; 5.342093705265828], [1; 60; 16.153985951077047], [1; 70; 19.00017123576963], [1; 70; 19.15917587703051], [1; 70; 19.323640366614768], [2; 40; 11.13937227288155], [2; 40; 11.240186551548645], [1; 80; 22.68950486220846], [1; 90; 25.76997281721143], [1; 90; 26.023880525957996], [1; 100; 29.209000470358692], [2; 50; 14.680172571726391], [1; 100; 29.672712685351772], [1; 110; 32.998693818578566], [1; 110; 33.37371108014445], [1; 120; 36.83604981657668], [2; 60; 18.642657106746544], [1; 120; 37.757330324699026], [2; 70; 22.314946664274583], [2; 70; 22.465727904748277], [2; 70; 22.779974588996627], [1; 150; 49.5269483170433], [1; 160; 53.6354150111494], [1; 160; 54.49372699535642], [2; 80; 27.704879521030914], [1; 170; 59.915082447725226], [1; 170; 61.035249072639026], [2; 90; 32.95280163581835], [1; 180; 67.2934955755632], [1; 180; 68.80621271397342], [1; 200; 78.29425371587408], [2; 100; 39.642712719935275], [1; 200; 81.42930529615555], [1; 200; 83.82564747679113], [2; 100; 43.26577452777334], [1; 200; 89.62454733864519], [1; 200; 93.21328553373272], [2; 110; 52.38216128118814], [2; 120; 58.47358422918682], [2; 140; 69.92536352309438], [2; 140; 71.81614707465972], [2; 140; 73.92958844395334], [2; 140; 76.31604409456585], [2; 140; 79.04389764548102], [2; 160; 93.95310445904889], [2; 160; 98.22946617753782], [2; 170; 109.87182015493345], [2; 170; 116.75623119933074], [2; 180; 133.17018076229354], [2; 200; 162.8586105923111], [2; 200; 186.42657106746543], [2; 200; 234.88276114762223]];
Intervals[0.0=2.5386885039594107, 2.5386885039594107=7.650724448366612, 7.650724448366612=10.215586843890172, 10.215586843890172=17.96436304954348, 17.96436304954348=25.7688877633567, 25.7688877633567=33.63080074928162, 41.437786428715405=46.71847131756922, 57.32015205770287=62.641459195918465, 62.641459195918465=67.9835529011843, 67.9835529011843=84.13753885226134, 84.13753885226134=103.13771008803097, 103.13771008803097=122.29688596506148, 122.29688596506148=141.62052633167625, 158.04193429045574=169.1813065633373, 191.55995712952094=202.80014368106958, 202.80014368106958=225.48964854327804, 225.48964854327804=251.25962136048946, 251.25962136048946=277.2835018864475, 277.2835018864475=306.4925023568062, 306.4925023568062=321.1726749285326, 321.1726749285326=350.8453876138844, 350.8453876138844=383.84408143246293, 383.84408143246293=417.2177925126074, 417.2177925126074=454.0538423291841, 487.3829365157127=506.0255936224592, 506.0255936224592=543.7829239471582, 584.7133379862222=607.0282846504967, 607.0282846504967=629.494012555245, 674.7353502661=697.5153248550967, 697.5153248550967=747.04227317214, 747.04227317214=800.6776881832893, 800.6776881832893=855.1714151786457, 908.9085854088656=936.6134649298965, 936.6134649298965=996.5285473776217, 996.5285473776217=1057.5637964502607, 1118.0909517777814=1151.0437534135997, 1151.0437534135997=1218.3372489891628, 1218.3372489891628=1287.1434617031364, 1287.1434617031364=1365.4377154190104, 1365.4377154190104=1405.0804281389455, 1405.0804281389455=1486.509733435101, 1486.509733435101=1570.3353809118921, 1653.1375755909103=1696.4033501186836, 1696.4033501186836=1786.027897457329, 1786.027897457329=1879.2411829910616, 1879.2411829910616=1931.6233442722498, 1931.6233442722498=1990.0969285014367, 1990.0969285014367=2060.022292024531, 2060.022292024531=2131.8384390991905, 2131.8384390991905=2205.768027543144, 2205.768027543144=2282.0840716377097, 2282.0840716377097=2361.127969283191, 2361.127969283191=2455.08107374224, 2455.08107374224=2553.3105399197775, 2553.3105399197775=2663.182360074711, 2663.182360074711=2779.9385912740418, 2779.9385912740418=2913.1087720363353, 2913.1087720363353=3075.967382628646, 3075.967382628646=3262.3939536961116, 3262.3939536961116=3497.2767148437338];
