1.0798873868691932
12585.310295963658
13590.717848446146
[1; 10; 1.713857225118243]
[1; 20; 3.4508753855760133]
[1; 20; 3.4746752782473562]
[1; 20; 3.49914562868896]
[2; 20; 3.524320203803336]
[2; 20; 3.55023525363419]
[1; 40; 7.153859508228795]
[1; 40; 7.20889135939186]
[1; 50; 9.082070775833003]
[1; 50; 9.15531644521215]
[1; 60; 11.077180378669576]
[1; 60; 11.171059264702365]
[1; 70; 13.146237750929203]
[1; 70; 13.263621084750044]
[1; 70; 13.385312479356372]
[2; 40; 7.720912268689524]
[2; 40; 7.7958772702559465]
[1; 80; 15.747682429989716]
[1; 80; 15.910041117030836]
[1; 80; 16.079309577975586]
[1; 90; 18.288021866624987]
[1; 90; 18.49585808940352]
[1; 90; 18.713476384152173]
[1; 100; 21.046346671693378]
[2; 50; 10.65639220392679]
[1; 120; 25.911897533290684]
[1; 140; 30.644715672292183]
[1; 140; 31.082556479391283]
[1; 150; 33.799868184030174]
[1; 150; 34.328076441321194]
[1; 150; 34.89093183142066]
[1; 150; 35.492617862825014]
[1; 150; 36.13807918320349]
[2; 80; 19.6443797503849]
[2; 80; 20.04539570804009]
[2; 80; 20.481301076176496]
[1; 170; 44.53528309141851]
[1; 170; 45.64912370245415]
[1; 170; 46.88347713147086]
[1; 200; 56.780220544975485]
[1; 200; 58.61309261980527]
[2; 110; 33.389492888169585]
[2; 110; 34.726472008294074]
[2; 120; 39.60772279758029]
[2; 140; 48.64545389546298]
[2; 150; 55.38590189334789]
[2; 150; 59.66265418886563]
[2; 160; 70.04506439381069]
[2; 190; 95.21562961319044]
[2; 200; 126.27808003016028]


Jobs: [[1; 10; 1.713857225118243], [1; 20; 3.4746752782473562], [2; 20; 3.524320203803336], [2; 20; 3.55023525363419], [1; 40; 7.153859508228795], [1; 50; 9.082070775833003], [1; 60; 11.077180378669576], [1; 70; 13.146237750929203], [1; 70; 13.385312479356372], [2; 40; 7.720912268689524], [2; 40; 7.7958772702559465], [1; 80; 15.747682429989716], [1; 80; 16.079309577975586], [1; 90; 18.49585808940352], [1; 100; 21.046346671693378], [2; 50; 10.65639220392679], [1; 120; 25.911897533290684], [1; 140; 31.082556479391283], [1; 150; 34.328076441321194], [1; 150; 35.492617862825014], [2; 80; 19.6443797503849], [2; 80; 20.04539570804009], [2; 80; 20.481301076176496], [1; 170; 44.53528309141851], [1; 170; 46.88347713147086], [1; 200; 58.61309261980527], [2; 110; 33.389492888169585], [2; 110; 34.726472008294074], [2; 120; 39.60772279758029], [2; 140; 48.64545389546298], [2; 150; 55.38590189334789], [2; 150; 59.66265418886563], [2; 160; 70.04506439381069], [2; 190; 95.21562961319044], [2; 200; 126.27808003016028]];
Intervals[0.0=1.713857225118243, 1.713857225118243=5.188532503365599, 6.950021014264973=10.474341218068309, 10.474341218068309=14.024576471702499, 14.024576471702499=21.178435979931294, 21.178435979931294=30.260506755764297, 30.260506755764297=41.33768713443387, 41.33768713443387=54.48392488536307, 54.48392488536307=67.86923736471945, 67.86923736471945=75.59014963340897, 75.59014963340897=83.38602690366491, 83.38602690366491=99.13370933365462, 99.13370933365462=115.2130189116302, 115.2130189116302=133.70887700103373, 133.70887700103373=154.7552236727271, 154.7552236727271=165.4116158766539, 165.4116158766539=191.3235134099446, 191.3235134099446=222.4060698893359, 222.4060698893359=256.7341463306571, 256.7341463306571=292.2267641934821, 300.8852107476004=320.5295904979853, 320.5295904979853=340.57498620602536, 340.57498620602536=361.0562872822019, 361.0562872822019=405.5915703736204, 405.5915703736204=452.47504750509125, 452.47504750509125=511.08814012489654, 511.08814012489654=544.4776330130661, 544.4776330130661=579.2041050213602, 579.2041050213602=618.8118278189405, 618.8118278189405=667.4572817144035, 667.4572817144035=722.8431836077514, 722.8431836077514=782.505837796617, 782.505837796617=852.5509021904277, 852.5509021904277=947.7665318036181, 947.7665318036181=1074.0446118337784];

Jobs: [[1; 20; 3.4508753855760133], [1; 20; 3.49914562868896], [2; 20; 3.524320203803336], [2; 20; 3.55023525363419], [1; 40; 7.20889135939186], [1; 50; 9.15531644521215], [1; 60; 11.171059264702365], [1; 70; 13.263621084750044], [2; 40; 7.720912268689524], [2; 40; 7.7958772702559465], [1; 80; 15.910041117030836], [1; 90; 18.288021866624987], [1; 90; 18.713476384152173], [2; 50; 10.65639220392679], [1; 140; 30.644715672292183], [1; 150; 33.799868184030174], [1; 150; 34.89093183142066], [1; 150; 36.13807918320349], [2; 80; 19.6443797503849], [2; 80; 20.04539570804009], [2; 80; 20.481301076176496], [1; 170; 45.64912370245415], [1; 200; 56.780220544975485], [2; 110; 33.389492888169585], [2; 110; 34.726472008294074], [2; 120; 39.60772279758029], [2; 140; 48.64545389546298], [2; 150; 55.38590189334789], [2; 150; 59.66265418886563], [2; 160; 70.04506439381069], [2; 190; 95.21562961319044], [2; 200; 126.27808003016028]];
Intervals[0.0=3.4508753855760133, 3.4508753855760133=6.950021014264973, 6.950021014264973=10.474341218068309, 10.474341218068309=14.024576471702499, 14.024576471702499=21.23346783109436, 21.23346783109436=30.38878427630651, 30.38878427630651=41.559843541008874, 41.559843541008874=54.823464625758916, 67.86923736471945=75.59014963340897, 75.59014963340897=83.38602690366491, 83.38602690366491=99.29606802069574, 99.29606802069574=117.58408988732073, 117.58408988732073=136.2975662714729, 154.7552236727271=165.4116158766539, 165.4116158766539=196.0563315489461, 196.0563315489461=229.85619973297628, 229.85619973297628=264.7471315643969, 264.7471315643969=300.8852107476004, 300.8852107476004=320.5295904979853, 320.5295904979853=340.57498620602536, 340.57498620602536=361.0562872822019, 361.0562872822019=406.70541098465606, 406.70541098465606=463.4856315296315, 511.08814012489654=544.4776330130661, 544.4776330130661=579.2041050213602, 579.2041050213602=618.8118278189405, 618.8118278189405=667.4572817144035, 667.4572817144035=722.8431836077514, 722.8431836077514=782.505837796617, 782.505837796617=852.5509021904277, 852.5509021904277=947.7665318036181, 947.7665318036181=1074.0446118337784];
