1.2091310713777352
39823.73904934067
48152.120262996636
[2; 10; 2.516135401862173]
[1; 20; 5.06627366492768]
[2; 10; 2.5506072937231647]
[1; 40; 10.274279634942324]
[2; 20; 5.174098928617512]
[1; 40; 10.424290280063227]
[2; 30; 7.877003509157941]
[1; 60; 15.87519645018222]
[1; 60; 16.000203143909854]
[2; 40; 10.752828408543742]
[2; 40; 10.841698789178361]
[1; 80; 21.867163946735264]
[2; 40; 11.028661371595481]
[1; 100; 27.817841932480416]
[2; 50; 14.036532873956498]
[2; 50; 14.168960816281967]
[2; 50; 14.306532146304015]
[1; 120; 34.67905670203627]
[2; 60; 17.518298977711897]
[1; 120; 35.40935569809902]
[1; 120; 35.79850065629591]
[1; 120; 36.20533662859521]
[2; 70; 21.368270493010243]
[1; 140; 43.25776968475401]
[2; 70; 21.902697262317016]
[1; 140; 44.38184740068586]
[1; 160; 51.41702111003537]
[1; 160; 52.15164923522971]
[1; 160; 52.93014683351401]
[1; 160; 53.75731398294975]
[1; 160; 54.63873808442229]
[2; 90; 31.264295882030122]
[2; 90; 31.832861823790505]
[2; 90; 32.44518180382699]
[1; 200; 73.57224546790351]
[1; 200; 75.17214088590441]
[1; 200; 76.92095369711744]
[1; 200; 78.84476951505148]
[1; 1040; 421.07901692624705]
[1; 1120; 466.8146431869952]
[1; 1160; 499.0935978288583]
[2; 580; 258.4666417812152]
[2; 600; 278.08566225913296]
[2; 600; 290.74298622296135]
[1; 1200; 612.1457504935596]
[2; 620; 336.09266246452916]
[1; 1280; 747.4474230490409]
[1; 1320; 848.3808483155836]
[2; 680; 500.29126918174387]
[2; 700; 648.8665452713102]


Jobs: [[2; 10; 2.516135401862173], [1; 20; 5.06627366492768], [2; 10; 2.5506072937231647], [1; 40; 10.274279634942324], [2; 20; 5.174098928617512], [1; 40; 10.424290280063227], [2; 30; 7.877003509157941], [1; 60; 15.87519645018222], [2; 40; 10.752828408543742], [2; 40; 10.841698789178361], [1; 80; 21.867163946735264], [2; 40; 11.028661371595481], [1; 100; 27.817841932480416], [2; 50; 14.036532873956498], [2; 50; 14.168960816281967], [2; 50; 14.306532146304015], [1; 120; 34.67905670203627], [2; 60; 17.518298977711897], [1; 120; 35.40935569809902], [1; 120; 36.20533662859521], [2; 70; 21.368270493010243], [1; 140; 43.25776968475401], [2; 70; 21.902697262317016], [1; 140; 44.38184740068586], [1; 160; 52.15164923522971], [1; 160; 53.75731398294975], [2; 90; 31.264295882030122], [2; 90; 31.832861823790505], [2; 90; 32.44518180382699], [1; 200; 73.57224546790351], [1; 200; 76.92095369711744], [1; 1040; 421.07901692624705], [1; 1160; 499.0935978288583], [2; 580; 258.4666417812152], [2; 600; 278.08566225913296], [2; 600; 290.74298622296135], [1; 1200; 612.1457504935596], [2; 620; 336.09266246452916], [1; 1280; 747.4474230490409], [2; 680; 500.29126918174387], [2; 700; 648.8665452713102]];
Intervals[4.9E-324=2.516135401862173, 2.516135401862173=7.582409066789853, 7.582409066789853=10.133016360513018, 10.133016360513018=20.407295995455343, 20.407295995455343=25.581394924072853, 25.581394924072853=36.00568520413608, 36.00568520413608=43.882688713294016, 43.882688713294016=59.75788516347623, 59.88289185720387=70.63572026574761, 70.63572026574761=81.47741905492597, 81.47741905492597=103.34458300166123, 103.34458300166123=114.37324437325671, 114.37324437325671=142.19108630573712, 142.19108630573712=156.22761917969362, 156.22761917969362=170.39657999597557, 170.39657999597557=184.7031121422796, 184.7031121422796=219.38216884431586, 219.38216884431586=236.90046782202776, 236.90046782202776=272.30982352012677, 272.30982352012677=308.515160148722, 308.515160148722=329.8834306417322, 329.8834306417322=373.1412003264862, 373.1412003264862=395.04389758880325, 395.04389758880325=439.4257449894891, 439.4257449894891=491.5773942247188, 491.5773942247188=545.3347082076685, 554.0298036167749=585.2940994988049, 585.2940994988049=617.1269613225954, 617.1269613225954=649.5721431264225, 649.5721431264225=723.144388594326, 723.144388594326=800.0653422914434, 800.0653422914434=1221.1443592176904, 1221.1443592176904=1720.2379570465487, 1720.2379570465487=1978.704598827764, 1978.704598827764=2256.790261086897, 2256.790261086897=2547.5332473098583, 2547.5332473098583=3159.678997803418, 3159.678997803418=3495.771660267947, 3495.771660267947=4243.219083316988, 4344.152508583531=4844.443777765275, 4844.443777765275=5493.310323036585];

Jobs: [[2; 10; 2.516135401862173], [2; 10; 2.5506072937231647], [2; 20; 5.174098928617512], [2; 30; 7.877003509157941], [1; 60; 16.000203143909854], [2; 40; 10.752828408543742], [2; 40; 10.841698789178361], [2; 40; 11.028661371595481], [2; 50; 14.036532873956498], [2; 50; 14.168960816281967], [2; 50; 14.306532146304015], [2; 60; 17.518298977711897], [1; 120; 35.79850065629591], [2; 70; 21.368270493010243], [2; 70; 21.902697262317016], [1; 160; 51.41702111003537], [1; 160; 52.93014683351401], [1; 160; 54.63873808442229], [2; 90; 31.264295882030122], [2; 90; 31.832861823790505], [2; 90; 32.44518180382699], [1; 200; 75.17214088590441], [1; 200; 78.84476951505148], [1; 1120; 466.8146431869952], [2; 580; 258.4666417812152], [2; 600; 278.08566225913296], [2; 600; 290.74298622296135], [2; 620; 336.09266246452916], [1; 1320; 848.3808483155836], [2; 680; 500.29126918174387], [2; 700; 648.8665452713102]];
Intervals[4.9E-324=2.516135401862173, 7.582409066789853=10.133016360513018, 20.407295995455343=25.581394924072853, 36.00568520413608=43.882688713294016, 43.882688713294016=59.88289185720387, 59.88289185720387=70.63572026574761, 70.63572026574761=81.47741905492597, 103.34458300166123=114.37324437325671, 142.19108630573712=156.22761917969362, 156.22761917969362=170.39657999597557, 170.39657999597557=184.7031121422796, 219.38216884431586=236.90046782202776, 236.90046782202776=272.69896847832365, 308.515160148722=329.8834306417322, 373.1412003264862=395.04389758880325, 395.04389758880325=446.4609186988386, 446.4609186988386=499.3910655323526, 499.3910655323526=554.0298036167749, 554.0298036167749=585.2940994988049, 585.2940994988049=617.1269613225954, 617.1269613225954=649.5721431264225, 649.5721431264225=724.744284012327, 724.744284012327=803.5890535273784, 803.5890535273784=1270.4036967143736, 1720.2379570465487=1978.704598827764, 1978.704598827764=2256.790261086897, 2256.790261086897=2547.5332473098583, 3159.678997803418=3495.771660267947, 3495.771660267947=4344.152508583531, 4344.152508583531=4844.443777765275, 4844.443777765275=5493.310323036585];
