1.063883583084096
14187.097939226827
15093.420589149633
[1; 20; 3.5673674751329316]
[1; 20; 3.5914720406162632]
[1; 30; 5.4243623940492895]
[1; 50; 9.104272313054958]
[1; 50; 9.169772927069872]
[1; 50; 9.23720014951299]
[1; 50; 9.30665539014093]
[1; 60; 11.253897432509477]
[2; 30; 5.671257223365269]
[1; 70; 13.339655335795149]
[1; 70; 13.449905420906221]
[1; 80; 15.501592120052356]
[1; 80; 15.636395339522267]
[1; 90; 17.74801507470304]
[1; 90; 17.910849996790645]
[2; 50; 10.044350144079807]
[1; 100; 20.283748411511088]
[1; 100; 20.486599352518926]
[2; 50; 10.34890814873152]
[2; 50; 10.459011180012764]
[1; 110; 23.262700059419235]
[1; 110; 23.527071556087396]
[1; 110; 23.803886028155514]
[1; 110; 24.0942059336274]
[1; 110; 24.399228262855093]
[1; 110; 24.720307560466686]
[2; 60; 13.668536725041697]
[2; 60; 13.863827920285745]
[1; 120; 28.141562472374744]
[1; 130; 30.963124205373767]
[1; 150; 36.312469197631955]
[1; 150; 36.938669311391614]
[1; 160; 40.11779010216187]
[1; 170; 43.445066710538676]
[1; 180; 46.93970599205551]
[2; 90; 23.980226303661553]
[1; 180; 49.07620976100808]
[1; 180; 50.30362029200899]
[1; 180; 51.6638314234235]
[1; 190; 56.13889931513786]
[1; 190; 57.951069466623885]
[1; 190; 60.0224822671613]
[1; 190; 62.42589719167099]
[2; 100; 34.35119429275017]
[2; 130; 47.01114074842718]
[2; 130; 49.95679156336597]
[2; 160; 66.23301215188171]
[2; 160; 72.89886253355571]
[2; 170; 88.66388909610487]
[2; 170; 111.70950023772704]


Jobs: [[1; 20; 3.5673674751329316], [1; 30; 5.4243623940492895], [1; 50; 9.169772927069872], [1; 50; 9.30665539014093], [2; 30; 5.671257223365269], [1; 70; 13.339655335795149], [1; 80; 15.501592120052356], [1; 90; 17.74801507470304], [2; 50; 10.044350144079807], [1; 100; 20.283748411511088], [2; 50; 10.34890814873152], [2; 50; 10.459011180012764], [1; 110; 23.262700059419235], [1; 110; 23.803886028155514], [1; 110; 24.399228262855093], [2; 60; 13.668536725041697], [2; 60; 13.863827920285745], [1; 120; 28.141562472374744], [1; 150; 36.312469197631955], [1; 160; 40.11779010216187], [1; 180; 46.93970599205551], [2; 90; 23.980226303661553], [1; 180; 49.07620976100808], [1; 180; 51.6638314234235], [1; 190; 57.951069466623885], [1; 190; 62.42589719167099], [2; 100; 34.35119429275017], [2; 130; 47.01114074842718], [2; 130; 49.95679156336597], [2; 160; 66.23301215188171], [2; 160; 72.89886253355571], [2; 170; 88.66388909610487], [2; 170; 111.70950023772704]];
Intervals[0.0=3.5673674751329316, 3.5673674751329316=8.99172986918222, 8.99172986918222=18.161502796252094, 18.161502796252094=27.468158186393026, 33.186841935693685=38.85809915905895, 38.85809915905895=52.1977544948541, 52.1977544948541=67.69934661490646, 67.69934661490646=85.4473616896095, 85.85524991627808=95.8996000603579, 95.8996000603579=116.18334847186898, 116.38619941287682=126.73510756160834, 126.73510756160834=137.1941187416211, 137.1941187416211=160.45681880104036, 160.45681880104036=184.26070482919587, 184.26070482919587=208.65993309205098, 209.5357037918026=223.2042405168443, 223.2042405168443=237.06806843713005, 237.06806843713005=265.20963090950477, 265.20963090950477=301.52210010713674, 301.52210010713674=341.6398902092986, 341.6398902092986=388.5795962013541, 388.5795962013541=412.55982250501563, 412.55982250501563=461.63603226602373, 461.63603226602373=513.2998636894472, 513.2998636894472=571.250933156071, 571.250933156071=633.676830347742, 633.676830347742=668.0280246404922, 668.0280246404922=715.0391653889194, 715.0391653889194=764.9959569522854, 764.9959569522854=831.228969104167, 831.228969104167=904.1278316377228, 904.1278316377228=992.7917207338277, 992.7917207338277=1104.5012209715546];

Jobs: [[1; 20; 3.5914720406162632], [1; 50; 9.104272313054958], [1; 50; 9.23720014951299], [1; 60; 11.253897432509477], [2; 30; 5.671257223365269], [1; 70; 13.449905420906221], [1; 80; 15.636395339522267], [1; 90; 17.910849996790645], [2; 50; 10.044350144079807], [1; 100; 20.486599352518926], [2; 50; 10.34890814873152], [2; 50; 10.459011180012764], [1; 110; 23.527071556087396], [1; 110; 24.0942059336274], [1; 110; 24.720307560466686], [2; 60; 13.668536725041697], [2; 60; 13.863827920285745], [1; 130; 30.963124205373767], [1; 150; 36.938669311391614], [1; 170; 43.445066710538676], [2; 90; 23.980226303661553], [1; 180; 50.30362029200899], [1; 190; 56.13889931513786], [1; 190; 60.0224822671613], [2; 100; 34.35119429275017], [2; 130; 47.01114074842718], [2; 130; 49.95679156336597], [2; 160; 66.23301215188171], [2; 160; 72.89886253355571], [2; 170; 88.66388909610487], [2; 170; 111.70950023772704]];
Intervals[0.0=3.5914720406162632, 3.5914720406162632=12.695744353671222, 12.695744353671222=21.93294450318421, 21.93294450318421=33.186841935693685, 33.186841935693685=38.85809915905895, 38.85809915905895=52.30800457996517, 52.30800457996517=67.94439991948744, 67.94439991948744=85.85524991627808, 85.85524991627808=95.8996000603579, 95.8996000603579=116.38619941287682, 116.38619941287682=126.73510756160834, 126.73510756160834=137.1941187416211, 137.1941187416211=160.72119029770852, 160.72119029770852=184.8153962313359, 184.8153962313359=209.5357037918026, 209.5357037918026=223.2042405168443, 223.2042405168443=237.06806843713005, 237.06806843713005=268.0311926425038, 268.0311926425038=304.9698619538954, 304.9698619538954=348.4149286644341, 388.5795962013541=412.55982250501563, 412.55982250501563=462.8634427970246, 462.8634427970246=519.0023421121625, 519.0023421121625=579.0248243793238, 633.676830347742=668.0280246404922, 668.0280246404922=715.0391653889194, 715.0391653889194=764.9959569522854, 764.9959569522854=831.228969104167, 831.228969104167=904.1278316377228, 904.1278316377228=992.7917207338277, 992.7917207338277=1104.5012209715546];
