1.1712010138056146
433481.0666578503
507693.46473521343
[1; 20; 8.851768323815001]
[1; 20; 8.881472466986683]
[1; 20; 8.911579383564806]
[2; 10; 4.471049364631377]
[1; 20; 8.973040493910167]
[1; 20; 9.004415016640522]
[2; 20; 9.036233001937406]
[1; 40; 18.13701107319557]
[1; 40; 18.202488215350193]
[1; 40; 18.268921242940387]
[1; 40; 18.33633484728712]
[1; 40; 18.404754641056556]
[1; 60; 27.71131080518983]
[1; 60; 27.817080192320095]
[1; 60; 27.924483111692414]
[2; 30; 14.016782115662394]
[1; 60; 28.14436998482813]
[1; 60; 28.25694866322094]
[1; 60; 28.371350512691734]
[2; 30; 14.243813919386255]
[1; 60; 28.605835117428633]
[2; 40; 19.150686075744886]
[1; 80; 38.46435867722502]
[1; 80; 38.630155375867574]
[1; 80; 38.798848150588725]
[2; 50; 24.356579191089224]
[1; 100; 48.93160596059032]
[2; 50; 24.577012704019342]
[1; 100; 49.38054485379481]
[1; 100; 49.61129841475589]
[2; 50; 24.923213282186246]
[1; 100; 50.08607652995678]
[2; 50; 25.1652013605013]
[2; 50; 25.289783595717207]
[1; 100; 50.833740139024655]
[1; 120; 61.31172053470002]
[2; 60; 30.81470175716026]
[2; 60; 30.97688738529202]
[1; 140; 72.6659321249206]
[2; 70; 36.5304317124116]
[2; 70; 36.73226139785393]
[1; 140; 73.87725349403256]
[2; 70; 37.14970919612982]
[1; 140; 74.73140146158971]
[2; 70; 37.58680469754382]
[1; 160; 86.43025529973859]
[2; 80; 43.48025776480223]
[1; 160; 87.50403286198747]
[2; 80; 44.030699208499314]
[2; 90; 49.85619845769563]
[1; 180; 100.3727631597046]
[1; 180; 101.05097807846228]
[1; 180; 101.7479033985286]
[1; 180; 102.4644615380611]
[1; 200; 114.66849031491537]
[2; 100; 57.75583563004483]
[2; 100; 58.19010633939651]
[1; 200; 117.27548026618388]
[1; 200; 118.1989472663814]
[2; 100; 59.57610287481002]
[2; 100; 60.06848969045052]
[1; 1040; 630.0067171858501]
[1; 1040; 635.4853114558194]
[1; 1040; 641.1595876910554]
[2; 540; 335.9641747494998]
[2; 540; 339.1338352886561]
[2; 540; 342.42660272453793]
[2; 540; 345.85109592863273]
[2; 560; 362.3581863074016]
[1; 1120; 732.4266999553565]
[1; 1120; 740.4759895263529]
[2; 560; 374.44560490941683]
[1; 1160; 784.7633066656946]
[2; 580; 397.1672670922878]
[1; 1160; 804.3904692284782]
[2; 580; 407.48788412107876]
[2; 580; 413.07060366220134]
[2; 600; 433.4197341222847]
[2; 600; 439.8896392357607]
[1; 1200; 893.5280504179682]
[1; 1240; 938.4512769952581]
[1; 1240; 954.634651725684]
[1; 1240; 971.9954377111916]
[1; 1240; 990.692224393753]
[1; 1240; 1010.9159930316521]
[2; 640; 533.1093063691359]
[1; 1280; 1091.0232377966502]
[1; 1280; 1118.3100518794747]
[2; 640; 574.2745916102507]
[1; 1320; 1219.2976754283522]
[2; 660; 629.3283725834298]
[1; 1320; 1303.646384140183]
[1; 1320; 1355.8468773150514]
[1; 1360; 1460.515839675988]
[2; 680; 768.7619367888826]
[2; 680; 816.931459790127]
[2; 680; 880.0127381751183]
[1; 1360; 1937.1586930365304]
[1; 1400; 2282.7135326521175]
[1; 1400; 2876.0388306682908]


Jobs: [[1; 20; 8.851768323815001], [1; 20; 8.911579383564806], [2; 10; 4.471049364631377], [1; 20; 8.973040493910167], [2; 20; 9.036233001937406], [1; 40; 18.13701107319557], [1; 40; 18.268921242940387], [1; 40; 18.404754641056556], [1; 60; 27.817080192320095], [2; 30; 14.016782115662394], [1; 60; 28.14436998482813], [1; 60; 28.371350512691734], [2; 30; 14.243813919386255], [1; 60; 28.605835117428633], [2; 40; 19.150686075744886], [1; 80; 38.46435867722502], [1; 80; 38.798848150588725], [2; 50; 24.356579191089224], [1; 100; 48.93160596059032], [2; 50; 24.577012704019342], [1; 100; 49.38054485379481], [2; 50; 24.923213282186246], [1; 100; 50.08607652995678], [2; 50; 25.1652013605013], [2; 50; 25.289783595717207], [1; 100; 50.833740139024655], [2; 60; 30.81470175716026], [2; 60; 30.97688738529202], [1; 140; 72.6659321249206], [2; 70; 36.5304317124116], [2; 70; 36.73226139785393], [1; 140; 73.87725349403256], [2; 70; 37.14970919612982], [1; 140; 74.73140146158971], [2; 70; 37.58680469754382], [1; 160; 86.43025529973859], [2; 80; 43.48025776480223], [1; 160; 87.50403286198747], [2; 80; 44.030699208499314], [2; 90; 49.85619845769563], [1; 180; 100.3727631597046], [1; 180; 101.7479033985286], [1; 200; 114.66849031491537], [2; 100; 57.75583563004483], [2; 100; 58.19010633939651], [1; 200; 117.27548026618388], [2; 100; 59.57610287481002], [2; 100; 60.06848969045052], [1; 1040; 630.0067171858501], [1; 1040; 641.1595876910554], [2; 540; 335.9641747494998], [2; 540; 339.1338352886561], [2; 540; 342.42660272453793], [2; 540; 345.85109592863273], [2; 560; 362.3581863074016], [1; 1120; 732.4266999553565], [2; 560; 374.44560490941683], [1; 1160; 784.7633066656946], [2; 580; 397.1672670922878], [1; 1160; 804.3904692284782], [2; 580; 407.48788412107876], [2; 580; 413.07060366220134], [2; 600; 433.4197341222847], [2; 600; 439.8896392357607], [1; 1200; 893.5280504179682], [1; 1240; 954.634651725684], [1; 1240; 990.692224393753], [2; 640; 533.1093063691359], [1; 1280; 1091.0232377966502], [2; 640; 574.2745916102507], [1; 1320; 1219.2976754283522], [2; 660; 629.3283725834298], [1; 1320; 1303.646384140183], [1; 1360; 1460.515839675988], [2; 680; 768.7619367888826], [2; 680; 816.931459790127], [2; 680; 880.0127381751183], [1; 1360; 1937.1586930365304], [1; 1400; 2876.0388306682908]];
Intervals[0.0=8.851768323815001, 8.851768323815001=17.763347707379808, 17.763347707379808=22.234397072011184, 22.234397072011184=31.207437565921353, 31.238812088651706=40.27504509058911, 40.27504509058911=58.41205616378468, 58.41205616378468=76.68097740672508, 76.68097740672508=95.08573204778163, 95.08573204778163=122.90281224010172, 132.44966207010867=146.46644418577108, 146.46644418577108=174.6108141705992, 174.6108141705992=202.98216468329093, 202.98216468329093=217.22597860267717, 217.22597860267717=245.8318137201058, 245.8318137201058=264.9824997958507, 264.9824997958507=303.44685847307574, 303.44685847307574=342.24570662366443, 342.24570662366443=366.60228581475366, 366.60228581475366=415.533891775344, 415.533891775344=440.11090447936334, 440.11090447936334=489.49144933315813, 489.7222028941192=514.6454161763055, 514.6454161763055=564.7314927062623, 564.7314927062623=589.8966940667636, 589.8966940667636=615.1864776624808, 615.1864776624808=666.0202178015054, 676.4981981971808=707.3128999543411, 707.3128999543411=738.2897873396331, 738.2897873396331=810.9557194645537, 810.9557194645537=847.4861511769652, 847.4861511769652=884.2184125748191, 884.2184125748191=958.0956660688516, 958.0956660688516=995.2453752649815, 995.2453752649815=1069.9767767265712, 1069.9767767265712=1107.563581424115, 1107.563581424115=1193.9938367238535, 1193.9938367238535=1237.4740944886557, 1237.4740944886557=1324.9781273506433, 1324.9781273506433=1369.0088265591426, 1369.0088265591426=1418.8650250168382, 1418.8650250168382=1519.2377881765428, 1519.2377881765428=1620.9856915750715, 1620.9856915750715=1735.6541818899868, 1735.6541818899868=1793.4100175200317, 1793.4100175200317=1851.6001238594283, 1851.6001238594283=1968.8756041256122, 1969.7990711258096=2029.3751740006196, 2029.3751740006196=2089.44366369107, 2089.44366369107=2719.45038087692, 2719.45038087692=3360.6099685679756, 3360.6099685679756=3696.5741433174753, 3696.5741433174753=4035.7079786061313, 4035.7079786061313=4378.134581330669, 4378.134581330669=4723.985677259301, 4723.985677259301=5086.343863566703, 5086.343863566703=5818.770563522059, 5826.819853093056=6201.265458002473, 6201.265458002473=6986.028764668167, 6986.028764668167=7383.196031760455, 7383.196031760455=8187.586500988933, 8187.586500988933=8595.074385110012, 8595.074385110012=9008.144988772214, 9008.144988772214=9441.564722894498, 9441.564722894498=9881.454362130258, 9881.454362130258=10774.982412548226, 10774.982412548226=11729.61706427391, 11729.61706427391=12720.309288667664, 12802.81706986836=13335.926376237496, 13335.926376237496=14426.949614034145, 14454.23642811697=15028.51101972722, 15028.51101972722=16247.808695155572, 16247.808695155572=16877.137067739, 16877.137067739=18180.783451879182, 18180.783451879182=19641.29929155517, 19641.29929155517=20410.061228344053, 20410.061228344053=21226.99268813418, 21226.99268813418=22107.0054263093, 22107.0054263093=24044.16411934583, 24044.16411934583=26920.20295001412];

Jobs: [[1; 20; 8.881472466986683], [2; 10; 4.471049364631377], [1; 20; 9.004415016640522], [2; 20; 9.036233001937406], [1; 40; 18.202488215350193], [1; 40; 18.33633484728712], [1; 60; 27.71131080518983], [1; 60; 27.924483111692414], [2; 30; 14.016782115662394], [1; 60; 28.25694866322094], [2; 30; 14.243813919386255], [2; 40; 19.150686075744886], [1; 80; 38.630155375867574], [2; 50; 24.356579191089224], [2; 50; 24.577012704019342], [1; 100; 49.61129841475589], [2; 50; 24.923213282186246], [2; 50; 25.1652013605013], [2; 50; 25.289783595717207], [1; 120; 61.31172053470002], [2; 60; 30.81470175716026], [2; 60; 30.97688738529202], [2; 70; 36.5304317124116], [2; 70; 36.73226139785393], [2; 70; 37.14970919612982], [2; 70; 37.58680469754382], [2; 80; 43.48025776480223], [2; 80; 44.030699208499314], [2; 90; 49.85619845769563], [1; 180; 101.05097807846228], [1; 180; 102.4644615380611], [2; 100; 57.75583563004483], [2; 100; 58.19010633939651], [1; 200; 118.1989472663814], [2; 100; 59.57610287481002], [2; 100; 60.06848969045052], [1; 1040; 635.4853114558194], [2; 540; 335.9641747494998], [2; 540; 339.1338352886561], [2; 540; 342.42660272453793], [2; 540; 345.85109592863273], [2; 560; 362.3581863074016], [1; 1120; 740.4759895263529], [2; 560; 374.44560490941683], [2; 580; 397.1672670922878], [2; 580; 407.48788412107876], [2; 580; 413.07060366220134], [2; 600; 433.4197341222847], [2; 600; 439.8896392357607], [1; 1240; 938.4512769952581], [1; 1240; 971.9954377111916], [1; 1240; 1010.9159930316521], [2; 640; 533.1093063691359], [1; 1280; 1118.3100518794747], [2; 640; 574.2745916102507], [2; 660; 629.3283725834298], [1; 1320; 1355.8468773150514], [2; 680; 768.7619367888826], [2; 680; 816.931459790127], [2; 680; 880.0127381751183], [1; 1400; 2282.7135326521175]];
Intervals[0.0=8.881472466986683, 17.763347707379808=22.234397072011184, 22.234397072011184=31.238812088651706, 31.238812088651706=40.27504509058911, 40.27504509058911=58.4775333059393, 58.4775333059393=76.81386815322642, 76.81386815322642=104.52517895841625, 104.52517895841625=132.44966207010867, 132.44966207010867=146.46644418577108, 146.46644418577108=174.72339284899203, 202.98216468329093=217.22597860267717, 245.8318137201058=264.9824997958507, 264.9824997958507=303.61265517171825, 342.24570662366443=366.60228581475366, 415.533891775344=440.11090447936334, 440.11090447936334=489.7222028941192, 489.7222028941192=514.6454161763055, 564.7314927062623=589.8966940667636, 589.8966940667636=615.1864776624808, 615.1864776624808=676.4981981971808, 676.4981981971808=707.3128999543411, 707.3128999543411=738.2897873396331, 810.9557194645537=847.4861511769652, 847.4861511769652=884.2184125748191, 958.0956660688516=995.2453752649815, 1069.9767767265712=1107.563581424115, 1193.9938367238535=1237.4740944886557, 1324.9781273506433=1369.0088265591426, 1369.0088265591426=1418.8650250168382, 1418.8650250168382=1519.9160030953005, 1519.9160030953005=1622.3804646333617, 1735.6541818899868=1793.4100175200317, 1793.4100175200317=1851.6001238594283, 1851.6001238594283=1969.7990711258096, 1969.7990711258096=2029.3751740006196, 2029.3751740006196=2089.44366369107, 2089.44366369107=2724.9289751468896, 3360.6099685679756=3696.5741433174753, 3696.5741433174753=4035.7079786061313, 4035.7079786061313=4378.134581330669, 4378.134581330669=4723.985677259301, 4723.985677259301=5086.343863566703, 5086.343863566703=5826.819853093056, 5826.819853093056=6201.265458002473, 6986.028764668167=7383.196031760455, 8187.586500988933=8595.074385110012, 8595.074385110012=9008.144988772214, 9008.144988772214=9441.564722894498, 9441.564722894498=9881.454362130258, 9881.454362130258=10819.905639125516, 10819.905639125516=11791.901076836708, 11791.901076836708=12802.81706986836, 12802.81706986836=13335.926376237496, 13335.926376237496=14454.23642811697, 14454.23642811697=15028.51101972722, 16247.808695155572=16877.137067739, 16877.137067739=18232.983945054053, 19641.29929155517=20410.061228344053, 20410.061228344053=21226.99268813418, 21226.99268813418=22107.0054263093, 22107.0054263093=24389.718958961417];
