1.176024932188156
116413.42098625001
136905.08552114593
[1; 20; 7.195334858313503]
[2; 10; 3.621976730269648]
[2; 10; 3.6469566695044366]
[1; 20; 7.345280618309363]
[1; 40; 14.796252361415425]
[2; 20; 7.45252612099154]
[2; 20; 7.508562256036935]
[1; 60; 22.698968091310206]
[1; 80; 30.503609976969006]
[2; 40; 15.37480872774124]
[1; 100; 38.75469756286565]
[1; 100; 39.0831428631467]
[1; 100; 39.42301333865349]
[2; 50; 19.887511577446848]
[1; 140; 56.195932812015236]
[1; 140; 56.72611443280304]
[2; 80; 32.72965020171764]
[1; 160; 66.1139368352802]
[1; 160; 66.79557186490548]
[2; 80; 33.75310819605751]
[1; 160; 68.248102349598]
[1; 180; 77.65167978675889]
[1; 180; 78.56531277733876]
[1; 180; 79.52352078387632]
[1; 180; 80.53025450254312]
[2; 100; 45.327769245157626]
[1; 1040; 477.86725750016655]
[1; 1080; 503.33696486200853]
[2; 540; 255.42528230233103]
[1; 1080; 518.8338941548482]
[1; 1120; 546.8720235077565]
[1; 1120; 556.3027047833459]
[2; 560; 283.209754673344]
[1; 1160; 597.9332410501804]
[1; 1160; 610.139315984611]
[1; 1160; 623.4073505508775]
[1; 1240; 681.9041849226792]
[2; 620; 349.4794052039456]
[1; 1240; 717.8586738530691]
[2; 620; 369.4920883440543]
[2; 640; 393.72318515201493]
[2; 640; 407.7964930840102]
[1; 1280; 848.2508883613473]
[1; 1320; 914.5741744403599]
[1; 1320; 962.796560749171]
[2; 680; 527.0638868549728]
[1; 1360; 1135.5247217033932]
[2; 700; 643.2828466348394]
[1; 1400; 1472.7500730663025]
[2; 700; 927.7744091452238]


Jobs: [[1; 20; 7.195334858313503], [2; 10; 3.621976730269648], [2; 10; 3.6469566695044366], [1; 20; 7.345280618309363], [2; 20; 7.45252612099154], [2; 20; 7.508562256036935], [1; 60; 22.698968091310206], [2; 40; 15.37480872774124], [1; 100; 38.75469756286565], [1; 100; 39.42301333865349], [2; 50; 19.887511577446848], [1; 140; 56.195932812015236], [2; 80; 32.72965020171764], [1; 160; 66.1139368352802], [2; 80; 33.75310819605751], [1; 160; 68.248102349598], [1; 180; 78.56531277733876], [1; 180; 80.53025450254312], [2; 100; 45.327769245157626], [1; 1040; 477.86725750016655], [2; 540; 255.42528230233103], [1; 1080; 518.8338941548482], [1; 1120; 556.3027047833459], [2; 560; 283.209754673344], [1; 1160; 597.9332410501804], [1; 1160; 623.4073505508775], [2; 620; 349.4794052039456], [1; 1240; 717.8586738530691], [2; 620; 369.4920883440543], [2; 640; 393.72318515201493], [2; 640; 407.7964930840102], [1; 1280; 848.2508883613473], [1; 1320; 962.796560749171], [2; 680; 527.0638868549728], [1; 1360; 1135.5247217033932], [2; 700; 643.2828466348394], [1; 1400; 1472.7500730663025], [2; 700; 927.7744091452238]];
Intervals[0.0=7.195334858313503, 7.195334858313503=10.81731158858315, 10.81731158858315=14.464268258087587, 14.464268258087587=21.80954887639695, 29.260520619503012=36.713046740494555, 36.713046740494555=44.22160899653149, 44.22160899653149=66.92057708784169, 74.72521897350049=90.10002770124173, 90.10002770124173=128.85472526410737, 128.85472526410737=168.27773860276085, 168.27773860276085=188.1652501802077, 188.1652501802077=244.36118299222292, 244.89136461301072=277.62101481472837, 277.62101481472837=343.73495165000855, 344.41658667963384=378.16969487569133, 378.16969487569133=446.41779722528935, 446.41779722528935=524.9831100026281, 524.9831100026281=605.5133645051712, 605.5133645051712=650.8411337503288, 650.8411337503288=1128.7083912504954, 1154.1780986123374=1409.6033809146684, 1409.6033809146684=1928.4372750695165, 1928.4372750695165=2484.7399798528622, 2484.7399798528622=2767.949734526206, 2767.949734526206=3365.8829755763863, 3365.8829755763863=3989.290326127264, 4059.9932354334965=4409.472640637442, 4409.472640637442=5127.331314490511, 5127.331314490511=5496.823402834566, 5496.823402834566=5890.546587986581, 5890.546587986581=6298.34308107059, 6298.34308107059=7146.593969431938, 7146.593969431938=8109.390530181108, 8109.390530181108=8636.45441703608, 8636.45441703608=9771.979138739474, 9771.979138739474=10415.261985374314, 10415.261985374314=11888.012058440618, 11888.012058440618=12815.786467585842];

Jobs: [[2; 10; 3.621976730269648], [2; 10; 3.6469566695044366], [1; 40; 14.796252361415425], [2; 20; 7.45252612099154], [2; 20; 7.508562256036935], [1; 80; 30.503609976969006], [2; 40; 15.37480872774124], [1; 100; 39.0831428631467], [2; 50; 19.887511577446848], [1; 140; 56.72611443280304], [2; 80; 32.72965020171764], [1; 160; 66.79557186490548], [2; 80; 33.75310819605751], [1; 180; 77.65167978675889], [1; 180; 79.52352078387632], [2; 100; 45.327769245157626], [1; 1080; 503.33696486200853], [2; 540; 255.42528230233103], [1; 1120; 546.8720235077565], [2; 560; 283.209754673344], [1; 1160; 610.139315984611], [1; 1240; 681.9041849226792], [2; 620; 349.4794052039456], [2; 620; 369.4920883440543], [2; 640; 393.72318515201493], [2; 640; 407.7964930840102], [1; 1320; 914.5741744403599], [2; 680; 527.0638868549728], [2; 700; 643.2828466348394], [2; 700; 927.7744091452238]];
Intervals[7.195334858313503=10.81731158858315, 10.81731158858315=14.464268258087587, 14.464268258087587=29.260520619503012, 29.260520619503012=36.713046740494555, 36.713046740494555=44.22160899653149, 44.22160899653149=74.72521897350049, 74.72521897350049=90.10002770124173, 90.10002770124173=129.18317056438843, 168.27773860276085=188.1652501802077, 188.1652501802077=244.89136461301072, 244.89136461301072=277.62101481472837, 277.62101481472837=344.41658667963384, 344.41658667963384=378.16969487569133, 378.16969487569133=455.82137466245024, 455.82137466245024=535.3448954463265, 605.5133645051712=650.8411337503288, 650.8411337503288=1154.1780986123374, 1154.1780986123374=1409.6033809146684, 1409.6033809146684=1956.4754044224248, 2484.7399798528622=2767.949734526206, 2767.949734526206=3378.0890505108173, 3378.0890505108173=4059.9932354334965, 4059.9932354334965=4409.472640637442, 5127.331314490511=5496.823402834566, 5496.823402834566=5890.546587986581, 5890.546587986581=6298.34308107059, 6298.34308107059=7212.917255510951, 8109.390530181108=8636.45441703608, 9771.979138739474=10415.261985374314, 11888.012058440618=12815.786467585842];
