1.1433721449755985
677506.3870935501
774641.9310458205
[2; 10; 5.136269422035421]
[1; 20; 10.307010709284484]
[2; 10; 5.170974997921987]
[2; 10; 5.188683954635998]
[1; 20; 10.413276042835491]
[2; 10; 5.224843197585463]
[1; 40; 20.973222777812254]
[2; 20; 10.524063890346254]
[1; 40; 21.124114460593802]
[1; 40; 21.2012104522064]
[1; 40; 21.2794444099804]
[2; 30; 16.019134543195086]
[2; 40; 21.43944624040539]
[2; 40; 21.521276981116333]
[2; 40; 21.604371538863287]
[2; 40; 21.68876447201041]
[2; 40; 21.774491704910474]
[2; 40; 21.8615905989392]
[2; 40; 21.9501000281313]
[1; 100; 55.10015114944103]
[2; 50; 27.664392550457816]
[1; 100; 55.56126171829966]
[2; 60; 33.47861728043166]
[2; 60; 33.6229234488197]
[2; 60; 33.76975030456569]
[2; 60; 33.919175924566034]
[2; 70; 39.749828868251164]
[1; 140; 79.86102478340301]
[1; 140; 80.22905313756695]
[2; 70; 40.30198035001293]
[2; 80; 46.277700399637595]
[2; 80; 46.50019276413579]
[2; 80; 46.727026562430275]
[2; 80; 46.95835224628821]
[2; 80; 47.19432782827067]
[2; 80; 47.43511938324765]
[1; 160; 95.36180318298551]
[2; 80; 47.93185832751594]
[1; 160; 96.37636659856467]
[2; 80; 48.45008074301998]
[2; 80; 48.71776617945289]
[2; 90; 55.115400642768705]
[2; 90; 55.43035262599284]
[1; 180; 111.50525871901309]
[2; 90; 56.082534252683395]
[1; 180; 112.84077798793169]
[2; 90; 56.766535008845835]
[1; 180; 114.24267012732142]
[1; 200; 127.74483340634073]
[2; 100; 64.28718427762982]
[2; 100; 64.71293962753802]
[2; 520; 338.78105291482444]
[2; 520; 341.11754780309496]
[2; 540; 356.7321656356538]
[1; 1080; 718.597344670852]
[2; 540; 361.9406692197283]
[2; 540; 364.6621298210793]
[2; 540; 367.4673333661079]
[1; 1080; 740.7217921440063]
[1; 1080; 746.695612963998]
[2; 540; 376.43346547426853]
[1; 1080; 759.2474633938218]
[2; 540; 382.92497332574504]
[2; 560; 400.65316896662824]
[2; 560; 404.3290914446196]
[2; 560; 408.14374211962246]
[2; 560; 412.1065505550195]
[1; 1160; 862.1863424639255]
[2; 600; 450.5562869481575]
[2; 600; 455.3497987121879]
[2; 600; 460.35404335011924]
[2; 600; 465.5857871772263]
[1; 1200; 942.1275391520808]
[2; 620; 492.7026497787583]
[2; 620; 498.9400543342837]
[2; 620; 505.5058079913296]
[2; 620; 512.4314056898016]
[2; 620; 519.7528435079704]
[2; 620; 527.5114924923452]
[1; 1240; 1071.5103821918792]
[2; 620; 544.5396243745587]
[2; 620; 553.9300839677671]
[2; 640; 582.1974095953661]
[2; 640; 593.3962489643826]
[2; 640; 605.5097067610222]
[2; 640; 618.6770662624344]
[2; 640; 633.0700364071268]
[2; 660; 669.1815336780012]
[2; 680; 708.1027709128134]
[1; 1360; 1457.8823443475665]
[1; 1360; 1504.942954744905]
[2; 680; 779.367944764936]
[2; 680; 810.5753270553766]
[2; 680; 847.4694064849934]
[1; 1400; 1836.786795862819]
[2; 700; 975.938614192548]
[2; 700; 1051.2980028790341]
[2; 700; 1157.1031741382617]
[2; 700; 1324.5524835397362]
[2; 700; 1668.831555702246]


Jobs: [[2; 10; 5.136269422035421], [1; 20; 10.307010709284484], [2; 10; 5.170974997921987], [2; 10; 5.188683954635998], [1; 20; 10.413276042835491], [2; 10; 5.224843197585463], [1; 40; 20.973222777812254], [2; 20; 10.524063890346254], [1; 40; 21.124114460593802], [1; 40; 21.2794444099804], [2; 30; 16.019134543195086], [2; 40; 21.43944624040539], [2; 40; 21.521276981116333], [2; 40; 21.604371538863287], [2; 40; 21.68876447201041], [2; 40; 21.774491704910474], [2; 40; 21.8615905989392], [2; 40; 21.9501000281313], [1; 100; 55.10015114944103], [2; 50; 27.664392550457816], [1; 100; 55.56126171829966], [2; 60; 33.47861728043166], [2; 60; 33.6229234488197], [2; 60; 33.76975030456569], [2; 60; 33.919175924566034], [2; 70; 39.749828868251164], [1; 140; 79.86102478340301], [2; 70; 40.30198035001293], [2; 80; 46.277700399637595], [2; 80; 46.50019276413579], [2; 80; 46.727026562430275], [2; 80; 46.95835224628821], [2; 80; 47.19432782827067], [2; 80; 47.43511938324765], [1; 160; 95.36180318298551], [2; 80; 47.93185832751594], [1; 160; 96.37636659856467], [2; 80; 48.45008074301998], [2; 80; 48.71776617945289], [2; 90; 55.115400642768705], [2; 90; 55.43035262599284], [1; 180; 111.50525871901309], [2; 90; 56.082534252683395], [1; 180; 112.84077798793169], [2; 90; 56.766535008845835], [1; 180; 114.24267012732142], [2; 100; 64.28718427762982], [2; 100; 64.71293962753802], [2; 520; 338.78105291482444], [2; 520; 341.11754780309496], [2; 540; 356.7321656356538], [1; 1080; 718.597344670852], [2; 540; 361.9406692197283], [2; 540; 364.6621298210793], [2; 540; 367.4673333661079], [1; 1080; 740.7217921440063], [2; 540; 376.43346547426853], [1; 1080; 759.2474633938218], [2; 540; 382.92497332574504], [2; 560; 400.65316896662824], [2; 560; 404.3290914446196], [2; 560; 408.14374211962246], [2; 560; 412.1065505550195], [1; 1160; 862.1863424639255], [2; 600; 450.5562869481575], [2; 600; 455.3497987121879], [2; 600; 460.35404335011924], [2; 600; 465.5857871772263], [1; 1200; 942.1275391520808], [2; 620; 492.7026497787583], [2; 620; 498.9400543342837], [2; 620; 505.5058079913296], [2; 620; 512.4314056898016], [2; 620; 519.7528435079704], [2; 620; 527.5114924923452], [1; 1240; 1071.5103821918792], [2; 620; 544.5396243745587], [2; 620; 553.9300839677671], [2; 640; 582.1974095953661], [2; 640; 593.3962489643826], [2; 640; 605.5097067610222], [2; 640; 618.6770662624344], [2; 640; 633.0700364071268], [2; 660; 669.1815336780012], [2; 680; 708.1027709128134], [1; 1360; 1457.8823443475665], [2; 680; 779.367944764936], [2; 680; 810.5753270553766], [2; 680; 847.4694064849934], [1; 1400; 1836.786795862819], [2; 700; 975.938614192548], [2; 700; 1051.2980028790341], [2; 700; 1157.1031741382617], [2; 700; 1324.5524835397362], [2; 700; 1668.831555702246]];
Intervals[4.9E-324=5.136269422035421, 5.136269422035421=15.443280131319906, 15.443280131319906=20.614255129241894, 20.614255129241894=25.80293908387789, 25.80293908387789=36.21621512671338, 36.21621512671338=41.441058324298844, 41.441058324298844=62.4142811021111, 62.4142811021111=72.93834499245735, 72.93834499245735=94.06245945305115, 94.06245945305115=115.34190386303155, 115.34190386303155=131.36103840622664, 131.36103840622664=152.80048464663201, 152.80048464663201=174.32176162774834, 174.32176162774834=195.92613316661163, 195.92613316661163=217.61489763862204, 217.61489763862204=239.3893893435325, 239.3893893435325=261.2509799424717, 261.2509799424717=283.201079970603, 283.201079970603=338.30123112004406, 338.30123112004406=365.9656236705019, 365.9656236705019=421.52688538880153, 421.52688538880153=455.0055026692332, 455.0055026692332=488.62842611805286, 488.62842611805286=522.3981764226186, 522.3981764226186=556.3173523471846, 556.3173523471846=596.0671812154358, 596.0671812154358=675.9282059988387, 676.2962343530028=716.5982147030157, 716.5982147030157=762.8759151026534, 762.8759151026534=809.3761078667892, 809.3761078667892=856.1031344292195, 856.1031344292195=903.0614866755077, 903.0614866755077=950.2558145037783, 950.2558145037783=997.690933887026, 997.690933887026=1093.0527370700115, 1093.0527370700115=1140.9845953975275, 1140.9845953975275=1237.360961996092, 1237.360961996092=1285.811042739112, 1285.811042739112=1334.528808918565, 1334.528808918565=1389.6442095613336, 1389.6442095613336=1445.0745621873264, 1445.0745621873264=1556.5798209063394, 1556.5798209063394=1612.6623551590228, 1612.6623551590228=1725.5031331469545, 1725.5031331469545=1782.2696681558004, 1782.2696681558004=1896.5123382831218, 1910.0145015621413=1974.3016858397712, 1974.3016858397712=2039.014625467309, 2039.014625467309=2377.7956783821337, 2377.7956783821337=2718.9132261852287, 2718.9132261852287=3075.6453918208827, 3075.6453918208827=3794.242736491735, 3794.242736491735=4156.183405711463, 4156.183405711463=4520.845535532542, 4520.845535532542=4888.31286889865, 4888.31286889865=5629.034661042656, 5635.008481862647=6011.441947336916, 6011.441947336916=6770.689410730738, 6770.689410730738=7153.614384056483, 7153.614384056483=7554.267553023111, 7554.267553023111=7958.596644467731, 7958.596644467731=8366.740386587353, 8366.740386587353=8778.846937142373, 8778.846937142373=9641.033279606298, 9641.033279606298=10091.589566554456, 10091.589566554456=10546.939365266644, 10546.939365266644=11007.293408616762, 11007.293408616762=11472.879195793988, 11472.879195793988=12415.00673494607, 12415.00673494607=12907.709384724829, 12907.709384724829=13406.649439059112, 13406.649439059112=13912.155247050441, 13912.155247050441=14424.586652740243, 14424.586652740243=14944.339496248214, 14944.339496248214=15471.85098874056, 15471.85098874056=16543.361370932438, 16543.361370932438=17087.900995306998, 17087.900995306998=17641.831079274765, 17641.831079274765=18224.02848887013, 18224.02848887013=18817.424737834514, 18817.424737834514=19422.934444595536, 19422.934444595536=20041.61151085797, 20041.61151085797=20674.681547265096, 20674.681547265096=21343.863080943098, 21343.863080943098=22051.96585185591, 22051.96585185591=23509.84819620348, 23556.908806600815=24336.276751365753, 24336.276751365753=25146.85207842113, 25146.85207842113=25994.321484906122, 25994.321484906122=27831.10828076894, 27831.10828076894=28807.04689496149, 28807.04689496149=29858.344897840525, 29858.344897840525=31015.448071978786, 31015.448071978786=32340.000555518523, 32340.000555518523=34008.83211122077];

Jobs: [[2; 10; 5.136269422035421], [2; 10; 5.170974997921987], [2; 10; 5.188683954635998], [2; 10; 5.224843197585463], [2; 20; 10.524063890346254], [1; 40; 21.2012104522064], [2; 30; 16.019134543195086], [2; 40; 21.43944624040539], [2; 40; 21.521276981116333], [2; 40; 21.604371538863287], [2; 40; 21.68876447201041], [2; 40; 21.774491704910474], [2; 40; 21.8615905989392], [2; 40; 21.9501000281313], [2; 50; 27.664392550457816], [2; 60; 33.47861728043166], [2; 60; 33.6229234488197], [2; 60; 33.76975030456569], [2; 60; 33.919175924566034], [2; 70; 39.749828868251164], [1; 140; 80.22905313756695], [2; 70; 40.30198035001293], [2; 80; 46.277700399637595], [2; 80; 46.50019276413579], [2; 80; 46.727026562430275], [2; 80; 46.95835224628821], [2; 80; 47.19432782827067], [2; 80; 47.43511938324765], [2; 80; 47.93185832751594], [2; 80; 48.45008074301998], [2; 80; 48.71776617945289], [2; 90; 55.115400642768705], [2; 90; 55.43035262599284], [2; 90; 56.082534252683395], [2; 90; 56.766535008845835], [1; 200; 127.74483340634073], [2; 100; 64.28718427762982], [2; 100; 64.71293962753802], [2; 520; 338.78105291482444], [2; 520; 341.11754780309496], [2; 540; 356.7321656356538], [2; 540; 361.9406692197283], [2; 540; 364.6621298210793], [2; 540; 367.4673333661079], [1; 1080; 746.695612963998], [2; 540; 376.43346547426853], [2; 540; 382.92497332574504], [2; 560; 400.65316896662824], [2; 560; 404.3290914446196], [2; 560; 408.14374211962246], [2; 560; 412.1065505550195], [2; 600; 450.5562869481575], [2; 600; 455.3497987121879], [2; 600; 460.35404335011924], [2; 600; 465.5857871772263], [2; 620; 492.7026497787583], [2; 620; 498.9400543342837], [2; 620; 505.5058079913296], [2; 620; 512.4314056898016], [2; 620; 519.7528435079704], [2; 620; 527.5114924923452], [2; 620; 544.5396243745587], [2; 620; 553.9300839677671], [2; 640; 582.1974095953661], [2; 640; 593.3962489643826], [2; 640; 605.5097067610222], [2; 640; 618.6770662624344], [2; 640; 633.0700364071268], [2; 660; 669.1815336780012], [2; 680; 708.1027709128134], [1; 1360; 1504.942954744905], [2; 680; 779.367944764936], [2; 680; 810.5753270553766], [2; 680; 847.4694064849934], [2; 700; 975.938614192548], [2; 700; 1051.2980028790341], [2; 700; 1157.1031741382617], [2; 700; 1324.5524835397362], [2; 700; 1668.831555702246]];
Intervals[4.9E-324=5.136269422035421, 15.443280131319906=20.614255129241894, 20.614255129241894=25.80293908387789, 36.21621512671338=41.441058324298844, 62.4142811021111=72.93834499245735, 72.93834499245735=94.13955544466374, 115.34190386303155=131.36103840622664, 131.36103840622664=152.80048464663201, 152.80048464663201=174.32176162774834, 174.32176162774834=195.92613316661163, 195.92613316661163=217.61489763862204, 217.61489763862204=239.3893893435325, 239.3893893435325=261.2509799424717, 261.2509799424717=283.201079970603, 338.30123112004406=365.9656236705019, 421.52688538880153=455.0055026692332, 455.0055026692332=488.62842611805286, 488.62842611805286=522.3981764226186, 522.3981764226186=556.3173523471846, 556.3173523471846=596.0671812154358, 596.0671812154358=676.2962343530028, 676.2962343530028=716.5982147030157, 716.5982147030157=762.8759151026534, 762.8759151026534=809.3761078667892, 809.3761078667892=856.1031344292195, 856.1031344292195=903.0614866755077, 903.0614866755077=950.2558145037783, 950.2558145037783=997.690933887026, 1093.0527370700115=1140.9845953975275, 1237.360961996092=1285.811042739112, 1285.811042739112=1334.528808918565, 1334.528808918565=1389.6442095613336, 1389.6442095613336=1445.0745621873264, 1556.5798209063394=1612.6623551590228, 1725.5031331469545=1782.2696681558004, 1782.2696681558004=1910.0145015621413, 1910.0145015621413=1974.3016858397712, 1974.3016858397712=2039.014625467309, 2039.014625467309=2377.7956783821337, 2377.7956783821337=2718.9132261852287, 2718.9132261852287=3075.6453918208827, 3794.242736491735=4156.183405711463, 4156.183405711463=4520.845535532542, 4520.845535532542=4888.31286889865, 4888.31286889865=5635.008481862647, 5635.008481862647=6011.441947336916, 6770.689410730738=7153.614384056483, 7153.614384056483=7554.267553023111, 7554.267553023111=7958.596644467731, 7958.596644467731=8366.740386587353, 8366.740386587353=8778.846937142373, 9641.033279606298=10091.589566554456, 10091.589566554456=10546.939365266644, 10546.939365266644=11007.293408616762, 11007.293408616762=11472.879195793988, 12415.00673494607=12907.709384724829, 12907.709384724829=13406.649439059112, 13406.649439059112=13912.155247050441, 13912.155247050441=14424.586652740243, 14424.586652740243=14944.339496248214, 14944.339496248214=15471.85098874056, 16543.361370932438=17087.900995306998, 17087.900995306998=17641.831079274765, 17641.831079274765=18224.02848887013, 18224.02848887013=18817.424737834514, 18817.424737834514=19422.934444595536, 19422.934444595536=20041.61151085797, 20041.61151085797=20674.681547265096, 20674.681547265096=21343.863080943098, 21343.863080943098=22051.96585185591, 22051.96585185591=23556.908806600815, 23556.908806600815=24336.276751365753, 24336.276751365753=25146.85207842113, 25146.85207842113=25994.321484906122, 27831.10828076894=28807.04689496149, 28807.04689496149=29858.344897840525, 29858.344897840525=31015.448071978786, 31015.448071978786=32340.000555518523, 32340.000555518523=34008.83211122077];
