1.1613184236430887
9458.257427218763
10984.04860578823
[1; 20; 3.11640363909217]
[1; 20; 3.1374610591966663]
[1; 20; 3.1590994054497674]
[1; 20; 3.181347317366938]
[1; 20; 3.2042354950836174]
[1; 20; 3.2277968963533628]
[1; 20; 3.2520669572490504]
[2; 20; 3.277083840032084]
[1; 40; 6.605777424510004]
[1; 40; 6.659052123768612]
[2; 20; 3.357044054100887]
[2; 30; 5.07824240473574]
[1; 60; 10.244806501863511]
[1; 60; 10.33628282872769]
[1; 60; 10.431116408821401]
[1; 60; 10.52952897940289]
[2; 40; 7.087842539878254]
[1; 80; 14.317451335160637]
[2; 40; 7.232532166120222]
[1; 80; 14.61895954589669]
[1; 80; 14.77962031730054]
[2; 40; 7.473792463659826]
[1; 100; 18.904318752434673]
[2; 50; 9.567440974077568]
[1; 100; 19.377121359464276]
[2; 50; 9.816056362153024]
[1; 100; 19.9010791981827]
[1; 100; 20.18541874538085]
[1; 120; 24.5840856906339]
[1; 120; 24.96827408418149]
[1; 120; 25.377662815116786]
[2; 60; 12.907647363797699]
[1; 120; 26.284766274755796]
[1; 140; 31.255427050165338]
[1; 140; 31.893468320478206]
[1; 140; 32.58702080763656]
[1; 160; 38.10871860818373]
[1; 160; 39.061828939450564]
[1; 160; 40.11806175586459]
[1; 160; 41.29867607206533]
[1; 160; 42.63180210386669]
[2; 80; 22.077820214087783]
[2; 90; 25.832090630009432]
[1; 180; 54.01572385384252]
[1; 180; 56.8637892980958]
[1; 180; 60.42679297381596]
[1; 200; 72.32532166120222]
[1; 200; 79.6043167927308]
[1; 200; 91.1241952013663]
[1; 200; 114.8092916889308]


Jobs: [[1; 20; 3.11640363909217], [1; 20; 3.1590994054497674], [1; 20; 3.2042354950836174], [1; 20; 3.2520669572490504], [2; 20; 3.277083840032084], [1; 40; 6.605777424510004], [2; 20; 3.357044054100887], [2; 30; 5.07824240473574], [1; 60; 10.244806501863511], [1; 60; 10.431116408821401], [2; 40; 7.087842539878254], [1; 80; 14.317451335160637], [2; 40; 7.232532166120222], [1; 80; 14.61895954589669], [2; 40; 7.473792463659826], [1; 100; 18.904318752434673], [2; 50; 9.567440974077568], [1; 100; 19.377121359464276], [2; 50; 9.816056362153024], [1; 100; 19.9010791981827], [1; 120; 24.5840856906339], [1; 120; 25.377662815116786], [2; 60; 12.907647363797699], [1; 120; 26.284766274755796], [1; 140; 31.893468320478206], [1; 160; 38.10871860818373], [1; 160; 40.11806175586459], [1; 160; 42.63180210386669], [2; 80; 22.077820214087783], [2; 90; 25.832090630009432], [1; 180; 54.01572385384252], [1; 180; 60.42679297381596], [1; 200; 79.6043167927308], [1; 200; 114.8092916889308]];
Intervals[0.0=3.11640363909217, 3.11640363909217=6.275503044541937, 6.275503044541937=9.479738539625554, 9.479738539625554=12.731805496874605, 12.731805496874605=16.00888933690669, 16.00888933690669=22.614666761416693, 22.6679414606753=26.024985514776187, 26.024985514776187=31.103227919511927, 31.103227919511927=41.34803442137544, 41.34803442137544=51.77915083019684, 51.9690397276425=59.056882267520756, 59.056882267520756=73.37433360268139, 73.37433360268139=80.60686576880161, 80.60686576880161=95.2258253146983, 95.38648608610215=102.86027854976197, 102.86027854976197=121.76459730219665, 121.76459730219665=131.3320382762742, 131.3320382762742=150.70915963573847, 150.70915963573847=160.5252159978915, 160.5252159978915=180.4262951960742, 180.4262951960742=205.0103808867081, 205.0103808867081=230.3880437018249, 230.3880437018249=243.2956910656226, 243.2956910656226=269.5804573403784, 269.5804573403784=301.4739256608566, 301.4739256608566=339.5826442690403, 339.5826442690403=379.7007060249049, 379.7007060249049=422.33250812877156, 422.33250812877156=444.4103283428594, 444.4103283428594=470.2424189728688, 470.2424189728688=524.2581428267113, 524.2581428267113=584.6849358005272, 584.6849358005272=664.289252593258, 664.289252593258=779.0985442821888];

Jobs: [[1; 20; 3.1374610591966663], [1; 20; 3.181347317366938], [1; 20; 3.2277968963533628], [2; 20; 3.277083840032084], [1; 40; 6.659052123768612], [2; 20; 3.357044054100887], [2; 30; 5.07824240473574], [1; 60; 10.33628282872769], [1; 60; 10.52952897940289], [2; 40; 7.087842539878254], [2; 40; 7.232532166120222], [1; 80; 14.77962031730054], [2; 40; 7.473792463659826], [2; 50; 9.567440974077568], [2; 50; 9.816056362153024], [1; 100; 20.18541874538085], [1; 120; 24.96827408418149], [2; 60; 12.907647363797699], [1; 140; 31.255427050165338], [1; 140; 32.58702080763656], [1; 160; 39.061828939450564], [1; 160; 41.29867607206533], [2; 80; 22.077820214087783], [2; 90; 25.832090630009432], [1; 180; 56.8637892980958], [1; 200; 72.32532166120222], [1; 200; 91.1241952013663]];
Intervals[0.0=3.1374610591966663, 3.1374610591966663=6.318808376563604, 6.318808376563604=9.546605272916967, 12.731805496874605=16.00888933690669, 16.00888933690669=22.6679414606753, 22.6679414606753=26.024985514776187, 26.024985514776187=31.103227919511927, 31.103227919511927=41.43951074823961, 41.43951074823961=51.9690397276425, 51.9690397276425=59.056882267520756, 73.37433360268139=80.60686576880161, 80.60686576880161=95.38648608610215, 95.38648608610215=102.86027854976197, 121.76459730219665=131.3320382762742, 150.70915963573847=160.5252159978915, 160.5252159978915=180.71063474327235, 180.71063474327235=205.67890882745385, 230.3880437018249=243.2956910656226, 243.2956910656226=274.551118115788, 274.551118115788=307.13813892342455, 307.13813892342455=346.1999678628751, 346.1999678628751=387.49864393494045, 422.33250812877156=444.4103283428594, 444.4103283428594=470.2424189728688, 470.2424189728688=527.1062082709645, 527.1062082709645=599.4315299321668, 599.4315299321668=690.5557251335331];
