1.0934576816448405
21124.47252027913
23098.716747994556
[1; 10; 2.0368011033620728]
[1; 10; 2.050563690455987]
[1; 20; 4.129411911818301]
[1; 20; 4.158493235541563]
[1; 40; 8.376822963432826]
[2; 20; 4.2192097310195456]
[1; 40; 8.501868607317848]
[2; 20; 4.28363508337564]
[2; 20; 4.317365882272452]
[2; 30; 6.528277279089162]
[1; 60; 13.164464861335397]
[2; 40; 8.85068896156119]
[2; 40; 8.927655337486016]
[2; 40; 9.007370763798265]
[1; 90; 20.452526570314355]
[2; 50; 11.469714627733664]
[2; 50; 11.581078045049168]
[2; 50; 11.696896508760258]
[2; 60; 14.180989886483378]
[2; 60; 14.331862804730495]
[1; 120; 28.978736828506115]
[2; 70; 17.096373495605906]
[2; 70; 17.297525755128877]
[1; 150; 37.51819710625684]
[1; 150; 37.99316141515745]
[1; 160; 41.05933735319966]
[2; 80; 20.810931965546036]
[2; 90; 23.74680506146148]
[2; 110; 29.457128859950462]
[2; 110; 29.91747085345158]
[2; 110; 30.408008380562745]
[2; 110; 30.932387436238603]
[2; 130; 37.221265971461364]
[2; 130; 37.93723442452531]
[2; 140; 41.689497888095666]
[2; 150; 45.63865066199831]
[2; 150; 46.70039316425483]
[2; 160; 51.05960940694459]
[2; 160; 52.440262502643066]
[2; 170; 57.357469476545006]
[2; 170; 59.208975213532916]
[2; 180; 64.9327243862491]
[2; 180; 67.53275479126232]
[2; 190; 74.52915728894764]
[2; 190; 78.4588263245477]
[2; 190; 83.37494412179086]
[2; 200; 94.53993257655584]
[2; 200; 104.05465982773018]
[2; 200; 119.11285110884475]
[2; 200; 150.07278842502737]


Jobs: [[1; 10; 2.0368011033620728], [1; 20; 4.129411911818301], [1; 40; 8.376822963432826], [2; 20; 4.2192097310195456], [1; 40; 8.501868607317848], [2; 20; 4.28363508337564], [2; 20; 4.317365882272452], [2; 30; 6.528277279089162], [1; 60; 13.164464861335397], [2; 40; 8.85068896156119], [2; 40; 8.927655337486016], [2; 40; 9.007370763798265], [1; 90; 20.452526570314355], [2; 50; 11.469714627733664], [2; 50; 11.581078045049168], [2; 50; 11.696896508760258], [2; 60; 14.180989886483378], [2; 60; 14.331862804730495], [1; 120; 28.978736828506115], [2; 70; 17.096373495605906], [2; 70; 17.297525755128877], [1; 150; 37.51819710625684], [1; 160; 41.05933735319966], [2; 80; 20.810931965546036], [2; 90; 23.74680506146148], [2; 110; 29.457128859950462], [2; 110; 29.91747085345158], [2; 110; 30.408008380562745], [2; 110; 30.932387436238603], [2; 130; 37.221265971461364], [2; 130; 37.93723442452531], [2; 140; 41.689497888095666], [2; 150; 45.63865066199831], [2; 150; 46.70039316425483], [2; 160; 51.05960940694459], [2; 160; 52.440262502643066], [2; 170; 57.357469476545006], [2; 170; 59.208975213532916], [2; 180; 64.9327243862491], [2; 180; 67.53275479126232], [2; 190; 74.52915728894764], [2; 190; 78.4588263245477], [2; 190; 83.37494412179086], [2; 200; 94.53993257655584], [2; 200; 104.05465982773018], [2; 200; 119.11285110884475], [2; 200; 150.07278842502737]];
Intervals[0.0=2.0368011033620728, 2.0368011033620728=6.166213015180373, 6.166213015180373=14.543035978613199, 14.543035978613199=18.762245709632744, 18.762245709632744=27.26411431695059, 27.26411431695059=31.54774940032623, 31.54774940032623=35.86511528259868, 35.86511528259868=42.39339256168784, 42.39339256168784=55.557857423023236, 55.557857423023236=64.40854638458443, 64.40854638458443=73.33620172207044, 73.33620172207044=82.3435724858687, 82.3435724858687=102.79609905618307, 102.79609905618307=114.26581368391673, 114.26581368391673=125.8468917289659, 125.8468917289659=137.54378823772615, 137.54378823772615=151.72477812420954, 151.72477812420954=166.05664092894003, 166.05664092894003=195.03537775744616, 195.03537775744616=212.13175125305207, 212.13175125305207=229.42927700818095, 229.42927700818095=266.9474741144378, 266.9474741144378=308.0068114676375, 308.0068114676375=328.8177434331835, 328.8177434331835=352.564548494645, 352.564548494645=382.02167735459545, 382.02167735459545=411.939148208047, 411.939148208047=442.3471565886098, 442.3471565886098=473.2795440248484, 473.2795440248484=510.5008099963098, 510.5008099963098=548.4380444208351, 548.4380444208351=590.1275423089307, 590.1275423089307=635.7661929709291, 635.7661929709291=682.4665861351839, 682.4665861351839=733.5261955421284, 733.5261955421284=785.9664580447716, 785.9664580447716=843.3239275213166, 843.3239275213166=902.5329027348495, 902.5329027348495=967.4656271210986, 967.4656271210986=1034.9983819123609, 1034.9983819123609=1109.5275392013084, 1109.5275392013084=1187.9863655258562, 1187.9863655258562=1271.361309647647, 1271.361309647647=1365.9012422242029, 1365.9012422242029=1469.955902051933, 1469.955902051933=1589.0687531607778, 1589.0687531607778=1739.141541585805];

Jobs: [[1; 10; 2.050563690455987], [1; 20; 4.158493235541563], [2; 20; 4.2192097310195456], [2; 20; 4.28363508337564], [2; 20; 4.317365882272452], [2; 30; 6.528277279089162], [2; 40; 8.85068896156119], [2; 40; 8.927655337486016], [2; 40; 9.007370763798265], [2; 50; 11.469714627733664], [2; 50; 11.581078045049168], [2; 50; 11.696896508760258], [2; 60; 14.180989886483378], [2; 60; 14.331862804730495], [2; 70; 17.096373495605906], [2; 70; 17.297525755128877], [1; 150; 37.99316141515745], [2; 80; 20.810931965546036], [2; 90; 23.74680506146148], [2; 110; 29.457128859950462], [2; 110; 29.91747085345158], [2; 110; 30.408008380562745], [2; 110; 30.932387436238603], [2; 130; 37.221265971461364], [2; 130; 37.93723442452531], [2; 140; 41.689497888095666], [2; 150; 45.63865066199831], [2; 150; 46.70039316425483], [2; 160; 51.05960940694459], [2; 160; 52.440262502643066], [2; 170; 57.357469476545006], [2; 170; 59.208975213532916], [2; 180; 64.9327243862491], [2; 180; 67.53275479126232], [2; 190; 74.52915728894764], [2; 190; 78.4588263245477], [2; 190; 83.37494412179086], [2; 200; 94.53993257655584], [2; 200; 104.05465982773018], [2; 200; 119.11285110884475], [2; 200; 150.07278842502737]];
Intervals[0.0=2.050563690455987, 2.050563690455987=6.20905692599755, 14.543035978613199=18.762245709632744, 27.26411431695059=31.54774940032623, 31.54774940032623=35.86511528259868, 35.86511528259868=42.39339256168784, 55.557857423023236=64.40854638458443, 64.40854638458443=73.33620172207044, 73.33620172207044=82.3435724858687, 102.79609905618307=114.26581368391673, 114.26581368391673=125.8468917289659, 125.8468917289659=137.54378823772615, 137.54378823772615=151.72477812420954, 151.72477812420954=166.05664092894003, 195.03537775744616=212.13175125305207, 212.13175125305207=229.42927700818095, 229.42927700818095=267.4224384233384, 308.0068114676375=328.8177434331835, 328.8177434331835=352.564548494645, 352.564548494645=382.02167735459545, 382.02167735459545=411.939148208047, 411.939148208047=442.3471565886098, 442.3471565886098=473.2795440248484, 473.2795440248484=510.5008099963098, 510.5008099963098=548.4380444208351, 548.4380444208351=590.1275423089307, 590.1275423089307=635.7661929709291, 635.7661929709291=682.4665861351839, 682.4665861351839=733.5261955421284, 733.5261955421284=785.9664580447716, 785.9664580447716=843.3239275213166, 843.3239275213166=902.5329027348495, 902.5329027348495=967.4656271210986, 967.4656271210986=1034.9983819123609, 1034.9983819123609=1109.5275392013084, 1109.5275392013084=1187.9863655258562, 1187.9863655258562=1271.361309647647, 1271.361309647647=1365.9012422242029, 1365.9012422242029=1469.955902051933, 1469.955902051933=1589.0687531607778, 1589.0687531607778=1739.141541585805];
