1.1952215638337782
274237.5868056725
327774.67736387736
[1; 40; 19.147951317513403]
[2; 20; 9.638666645825179]
[2; 40; 19.410284619087058]
[2; 40; 19.546981268058506]
[1; 80; 39.37522373551236]
[2; 50; 24.790473648416526]
[1; 100; 49.95375037236718]
[2; 60; 30.202815055091953]
[2; 70; 35.51408266989816]
[1; 160; 81.82971184300717]
[1; 180; 92.81927376335831]
[2; 100; 52.00328626917866]
[1; 200; 104.91102291452643]
[2; 520; 275.2042229100093]
[1; 1040; 555.4583466688864]
[2; 520; 280.34941462042866]
[2; 540; 293.95878628560536]
[2; 540; 296.89856917019875]
[1; 1080; 599.9191898980364]
[2; 540; 303.1508939915002]
[1; 1080; 612.9649785236859]
[1; 1120; 642.8914965914469]
[1; 1120; 650.4556198951822]
[2; 560; 329.19439367804296]
[2; 560; 333.36185373067883]
[1; 1120; 675.4973939643273]
[2; 580; 354.6036795525578]
[2; 580; 359.6701309080189]
[2; 580; 365.0391333689677]
[2; 600; 383.52805991581215]
[2; 600; 389.8165228347002]
[2; 600; 396.5388184080457]
[1; 1200; 807.5003807399236]
[2; 620; 425.2337311824541]
[2; 620; 433.9143570970534]
[2; 620; 443.3502195926088]
[2; 620; 453.66436702462704]
[1; 1240; 930.0212942260714]
[1; 1240; 955.1690929235697]
[2; 640; 507.49846970145603]
[1; 1280; 1047.761157794697]
[1; 1320; 1119.1254002415897]
[2; 660; 581.9686602522545]
[2; 680; 626.8956035630025]
[2; 680; 659.9496770489599]
[2; 680; 701.301179545374]
[1; 1360; 1510.9075893728323]
[2; 700; 855.9399161613464]
[2; 700; 979.806612799798]
[2; 700; 1234.4789762926612]


Jobs: [[1; 40; 19.147951317513403], [2; 20; 9.638666645825179], [2; 40; 19.410284619087058], [2; 40; 19.546981268058506], [1; 80; 39.37522373551236], [2; 50; 24.790473648416526], [1; 100; 49.95375037236718], [2; 60; 30.202815055091953], [2; 70; 35.51408266989816], [1; 160; 81.82971184300717], [2; 100; 52.00328626917866], [1; 200; 104.91102291452643], [2; 520; 275.2042229100093], [1; 1040; 555.4583466688864], [2; 520; 280.34941462042866], [2; 540; 293.95878628560536], [2; 540; 296.89856917019875], [1; 1080; 599.9191898980364], [2; 540; 303.1508939915002], [1; 1080; 612.9649785236859], [1; 1120; 650.4556198951822], [2; 560; 329.19439367804296], [2; 560; 333.36185373067883], [1; 1120; 675.4973939643273], [2; 580; 354.6036795525578], [2; 580; 359.6701309080189], [2; 580; 365.0391333689677], [2; 600; 383.52805991581215], [2; 600; 389.8165228347002], [2; 600; 396.5388184080457], [1; 1200; 807.5003807399236], [2; 620; 425.2337311824541], [2; 620; 433.9143570970534], [2; 620; 443.3502195926088], [2; 620; 453.66436702462704], [1; 1240; 930.0212942260714], [2; 640; 507.49846970145603], [1; 1280; 1047.761157794697], [2; 660; 581.9686602522545], [2; 680; 626.8956035630025], [2; 680; 659.9496770489599], [2; 680; 701.301179545374], [1; 1360; 1510.9075893728323], [2; 700; 855.9399161613464], [2; 700; 979.806612799798], [2; 700; 1234.4789762926612]];
Intervals[0.0=19.147951317513403, 19.147951317513403=28.786617963338582, 28.786617963338582=48.196902582425636, 48.196902582425636=67.74388385048414, 67.74388385048414=107.11910758599649, 107.11910758599649=131.90958123441303, 131.90958123441303=181.8633316067802, 181.8633316067802=212.06614666187215, 212.06614666187215=247.5802293317703, 247.5802293317703=329.4099411747775, 340.39950309512864=392.4027893643073, 392.4027893643073=497.3138122788337, 497.3138122788337=772.518035188843, 772.518035188843=1327.9763818577294, 1327.9763818577294=1608.325796478158, 1608.325796478158=1902.2845827637634, 1902.2845827637634=2199.183151933962, 2199.183151933962=2799.1023418319983, 2799.1023418319983=3102.2532358234985, 3102.2532358234985=3715.2182143471846, 3715.2182143471846=4365.673834242367, 4365.673834242367=4694.8682279204095, 4694.8682279204095=5028.230081651089, 5028.230081651089=5703.727475615417, 5703.727475615417=6058.331155167974, 6058.331155167974=6418.001286075993, 6418.001286075993=6783.040419444961, 6783.040419444961=7166.568479360773, 7166.568479360773=7556.385002195473, 7556.385002195473=7952.923820603519, 7952.923820603519=8760.424201343443, 8760.424201343443=9185.657932525897, 9185.657932525897=9619.57228962295, 9619.57228962295=10062.92250921556, 10062.92250921556=10516.586876240186, 10516.586876240186=11446.608170466257, 11471.755969163756=11979.254438865211, 11979.254438865211=13027.015596659909, 13098.379839106801=13680.348499359055, 13680.348499359055=14307.244102922057, 14307.244102922057=14967.193779971018, 14967.193779971018=15668.494959516393, 15668.494959516393=17179.402548889226, 17179.402548889226=18035.342465050573, 18035.342465050573=19015.149077850372, 19015.149077850372=20249.62805414303];

Jobs: [[2; 20; 9.638666645825179], [2; 40; 19.410284619087058], [2; 40; 19.546981268058506], [2; 50; 24.790473648416526], [2; 60; 30.202815055091953], [2; 70; 35.51408266989816], [1; 180; 92.81927376335831], [2; 100; 52.00328626917866], [2; 520; 275.2042229100093], [2; 520; 280.34941462042866], [2; 540; 293.95878628560536], [2; 540; 296.89856917019875], [2; 540; 303.1508939915002], [1; 1120; 642.8914965914469], [2; 560; 329.19439367804296], [2; 560; 333.36185373067883], [2; 580; 354.6036795525578], [2; 580; 359.6701309080189], [2; 580; 365.0391333689677], [2; 600; 383.52805991581215], [2; 600; 389.8165228347002], [2; 600; 396.5388184080457], [2; 620; 425.2337311824541], [2; 620; 433.9143570970534], [2; 620; 443.3502195926088], [2; 620; 453.66436702462704], [1; 1240; 955.1690929235697], [2; 640; 507.49846970145603], [1; 1320; 1119.1254002415897], [2; 660; 581.9686602522545], [2; 680; 626.8956035630025], [2; 680; 659.9496770489599], [2; 680; 701.301179545374], [2; 700; 855.9399161613464], [2; 700; 979.806612799798], [2; 700; 1234.4789762926612]];
Intervals[19.147951317513403=28.786617963338582, 28.786617963338582=48.196902582425636, 48.196902582425636=67.74388385048414, 107.11910758599649=131.90958123441303, 181.8633316067802=212.06614666187215, 212.06614666187215=247.5802293317703, 247.5802293317703=340.39950309512864, 340.39950309512864=392.4027893643073, 497.3138122788337=772.518035188843, 1327.9763818577294=1608.325796478158, 1608.325796478158=1902.2845827637634, 1902.2845827637634=2199.183151933962, 2799.1023418319983=3102.2532358234985, 3102.2532358234985=3745.1447324149453, 4365.673834242367=4694.8682279204095, 4694.8682279204095=5028.230081651089, 5703.727475615417=6058.331155167974, 6058.331155167974=6418.001286075993, 6418.001286075993=6783.040419444961, 6783.040419444961=7166.568479360773, 7166.568479360773=7556.385002195473, 7556.385002195473=7952.923820603519, 8760.424201343443=9185.657932525897, 9185.657932525897=9619.57228962295, 9619.57228962295=10062.92250921556, 10062.92250921556=10516.586876240186, 10516.586876240186=11471.755969163756, 11471.755969163756=11979.254438865211, 11979.254438865211=13098.379839106801, 13098.379839106801=13680.348499359055, 13680.348499359055=14307.244102922057, 14307.244102922057=14967.193779971018, 14967.193779971018=15668.494959516393, 17179.402548889226=18035.342465050573, 18035.342465050573=19015.149077850372, 19015.149077850372=20249.62805414303];
