0.9999999999999999
117541.17983399928
117541.17983399927
[2; 10; 3.6092476219861873]
[2; 10; 3.633635170018783]
[2; 20; 7.317391029654313]
[2; 30; 11.053385475377917]
[2; 30; 11.132908968380496]
[2; 40; 14.953028710762862]
[2; 40; 15.065461719727947]
[2; 40; 15.181354441147661]
[2; 40; 15.300897587019938]
[2; 40; 15.424297251427449]
[2; 40; 15.55177656344425]
[2; 50; 19.604471955266515]
[2; 50; 19.7749541815508]
[2; 50; 19.951525615292045]
[2; 60; 24.161492831632682]
[2; 60; 24.389444905548412]
[2; 60; 24.62625044250071]
[2; 60; 24.872529284774316]
[2; 70; 29.317126054920482]
[2; 70; 29.629033784770876]
[2; 80; 34.233889869038265]
[2; 100; 43.27868081385704]
[2; 100; 43.78788847927908]
[2; 100; 44.32193975263342]
[2; 100; 44.88303652986189]
[2; 100; 45.4736705322341]
[2; 520; 239.70270970290807]
[2; 540; 252.47855440486805]
[2; 540; 256.2474466854539]
[2; 540; 260.2519598543233]
[2; 540; 264.5191438498597]
[2; 560; 279.0466675812759]
[2; 560; 284.12135187760896]
[2; 580; 299.9289360207326]
[2; 580; 306.0516179804162]
[2; 600; 323.4899884933812]
[2; 600; 331.0156945529576]
[2; 620; 350.60431154447593]
[2; 620; 360.0846607622135]
[2; 620; 370.68141162538325]
[2; 640; 394.9905036285726]
[2; 640; 409.1091108059288]
[2; 660; 438.7872035510708]
[2; 660; 458.7590055541272]
[2; 680; 497.58259001649316]
[2; 680; 528.7604031571044]
[2; 680; 569.589877638455]
[2; 700; 645.3534492001371]
[2; 700; 738.745284780315]
[2; 700; 930.7607348053016]


Jobs: [[2; 10; 3.6092476219861873], [2; 10; 3.633635170018783], [2; 20; 7.317391029654313], [2; 30; 11.053385475377917], [2; 30; 11.132908968380496], [2; 40; 14.953028710762862], [2; 40; 15.065461719727947], [2; 40; 15.181354441147661], [2; 40; 15.300897587019938], [2; 40; 15.424297251427449], [2; 40; 15.55177656344425], [2; 50; 19.604471955266515], [2; 50; 19.7749541815508], [2; 50; 19.951525615292045], [2; 60; 24.161492831632682], [2; 60; 24.389444905548412], [2; 60; 24.62625044250071], [2; 60; 24.872529284774316], [2; 70; 29.317126054920482], [2; 70; 29.629033784770876], [2; 80; 34.233889869038265], [2; 100; 43.27868081385704], [2; 100; 43.78788847927908], [2; 100; 44.32193975263342], [2; 100; 44.88303652986189], [2; 100; 45.4736705322341], [2; 520; 239.70270970290807], [2; 540; 252.47855440486805], [2; 540; 256.2474466854539], [2; 540; 260.2519598543233], [2; 540; 264.5191438498597], [2; 560; 279.0466675812759], [2; 560; 284.12135187760896], [2; 580; 299.9289360207326], [2; 580; 306.0516179804162], [2; 600; 323.4899884933812], [2; 600; 331.0156945529576], [2; 620; 350.60431154447593], [2; 620; 360.0846607622135], [2; 620; 370.68141162538325], [2; 640; 394.9905036285726], [2; 640; 409.1091108059288], [2; 660; 438.7872035510708], [2; 660; 458.7590055541272], [2; 680; 497.58259001649316], [2; 680; 528.7604031571044], [2; 680; 569.589877638455], [2; 700; 645.3534492001371], [2; 700; 738.745284780315], [2; 700; 930.7607348053016]];
Intervals[4.9E-324=3.6092476219861873, 3.6092476219861873=7.24288279200497, 7.24288279200497=14.560273821659283, 14.560273821659283=25.613659297037202, 25.613659297037202=36.7465682654177, 36.7465682654177=51.69959697618056, 51.69959697618056=66.76505869590851, 66.76505869590851=81.94641313705617, 81.94641313705617=97.2473107240761, 97.2473107240761=112.67160797550355, 112.67160797550355=128.2233845389478, 128.2233845389478=147.82785649421433, 147.82785649421433=167.60281067576514, 167.60281067576514=187.55433629105718, 187.55433629105718=211.71582912268985, 211.71582912268985=236.10527402823826, 236.10527402823826=260.731524470739, 260.731524470739=285.6040537555133, 285.6040537555133=314.9211798104338, 314.9211798104338=344.55021359520464, 344.55021359520464=378.7841034642429, 378.7841034642429=422.0627842780999, 422.0627842780999=465.850672757379, 465.850672757379=510.1726125100124, 510.1726125100124=555.0556490398743, 555.0556490398743=600.5293195721084, 600.5293195721084=840.2320292750164, 840.2320292750164=1092.7105836798844, 1092.7105836798844=1348.9580303653383, 1348.9580303653383=1609.2099902196617, 1609.2099902196617=1873.7291340695215, 1873.7291340695215=2152.7758016507973, 2152.7758016507973=2436.8971535284063, 2436.8971535284063=2736.826089549139, 2736.826089549139=3042.877707529555, 3042.877707529555=3366.3676960229363, 3366.3676960229363=3697.383390575894, 3697.383390575894=4047.9877021203697, 4047.9877021203697=4408.072362882584, 4408.072362882584=4778.753774507967, 4778.753774507967=5173.74427813654, 5173.74427813654=5582.853388942469, 5582.853388942469=6021.64059249354, 6021.64059249354=6480.399598047667, 6480.399598047667=6977.982188064159, 6977.982188064159=7506.742591221264, 7506.742591221264=8076.332468859719, 8076.332468859719=8721.685918059855, 8721.685918059855=9460.43120284017, 9460.43120284017=10391.191937645472];

Jobs: [[2; 10; 3.6092476219861873], [2; 10; 3.633635170018783], [2; 20; 7.317391029654313], [2; 30; 11.053385475377917], [2; 30; 11.132908968380496], [2; 40; 14.953028710762862], [2; 40; 15.065461719727947], [2; 40; 15.181354441147661], [2; 40; 15.300897587019938], [2; 40; 15.424297251427449], [2; 40; 15.55177656344425], [2; 50; 19.604471955266515], [2; 50; 19.7749541815508], [2; 50; 19.951525615292045], [2; 60; 24.161492831632682], [2; 60; 24.389444905548412], [2; 60; 24.62625044250071], [2; 60; 24.872529284774316], [2; 70; 29.317126054920482], [2; 70; 29.629033784770876], [2; 80; 34.233889869038265], [2; 100; 43.27868081385704], [2; 100; 43.78788847927908], [2; 100; 44.32193975263342], [2; 100; 44.88303652986189], [2; 100; 45.4736705322341], [2; 520; 239.70270970290807], [2; 540; 252.47855440486805], [2; 540; 256.2474466854539], [2; 540; 260.2519598543233], [2; 540; 264.5191438498597], [2; 560; 279.0466675812759], [2; 560; 284.12135187760896], [2; 580; 299.9289360207326], [2; 580; 306.0516179804162], [2; 600; 323.4899884933812], [2; 600; 331.0156945529576], [2; 620; 350.60431154447593], [2; 620; 360.0846607622135], [2; 620; 370.68141162538325], [2; 640; 394.9905036285726], [2; 640; 409.1091108059288], [2; 660; 438.7872035510708], [2; 660; 458.7590055541272], [2; 680; 497.58259001649316], [2; 680; 528.7604031571044], [2; 680; 569.589877638455], [2; 700; 645.3534492001371], [2; 700; 738.745284780315], [2; 700; 930.7607348053016]];
Intervals[4.9E-324=3.6092476219861873, 3.6092476219861873=7.24288279200497, 7.24288279200497=14.560273821659283, 14.560273821659283=25.613659297037202, 25.613659297037202=36.7465682654177, 36.7465682654177=51.69959697618056, 51.69959697618056=66.76505869590851, 66.76505869590851=81.94641313705617, 81.94641313705617=97.2473107240761, 97.2473107240761=112.67160797550355, 112.67160797550355=128.2233845389478, 128.2233845389478=147.82785649421433, 147.82785649421433=167.60281067576514, 167.60281067576514=187.55433629105718, 187.55433629105718=211.71582912268985, 211.71582912268985=236.10527402823826, 236.10527402823826=260.731524470739, 260.731524470739=285.6040537555133, 285.6040537555133=314.9211798104338, 314.9211798104338=344.55021359520464, 344.55021359520464=378.7841034642429, 378.7841034642429=422.0627842780999, 422.0627842780999=465.850672757379, 465.850672757379=510.1726125100124, 510.1726125100124=555.0556490398743, 555.0556490398743=600.5293195721084, 600.5293195721084=840.2320292750164, 840.2320292750164=1092.7105836798844, 1092.7105836798844=1348.9580303653383, 1348.9580303653383=1609.2099902196617, 1609.2099902196617=1873.7291340695215, 1873.7291340695215=2152.7758016507973, 2152.7758016507973=2436.8971535284063, 2436.8971535284063=2736.826089549139, 2736.826089549139=3042.877707529555, 3042.877707529555=3366.3676960229363, 3366.3676960229363=3697.383390575894, 3697.383390575894=4047.9877021203697, 4047.9877021203697=4408.072362882584, 4408.072362882584=4778.753774507967, 4778.753774507967=5173.74427813654, 5173.74427813654=5582.853388942469, 5582.853388942469=6021.64059249354, 6021.64059249354=6480.399598047667, 6480.399598047667=6977.982188064159, 6977.982188064159=7506.742591221264, 7506.742591221264=8076.332468859719, 8076.332468859719=8721.685918059855, 8721.685918059855=9460.43120284017, 9460.43120284017=10391.191937645472];
