1.0000000000000002
12333.158998604265
12333.158998604269
[2; 10; 1.702334002782609]
[2; 10; 1.713836608480119]
[2; 10; 1.7256565448094736]
[2; 20; 3.4756189121846948]
[2; 20; 3.5006242245261885]
[2; 20; 3.52636503295778]
[2; 20; 3.5528800513553125]
[2; 20; 3.5802109719529995]
[2; 30; 5.4126041553941295]
[2; 30; 5.456256074018364]
[2; 30; 5.50135114442353]
[2; 30; 5.547974987266081]
[2; 30; 5.596220669646962]
[2; 30; 5.646189569604961]
[2; 30; 5.697992367539752]
[2; 40; 7.6690002497639735]
[2; 50; 9.679326524530914]
[2; 50; 9.77612621135354]
[2; 50; 9.876918122993882]
[2; 60; 11.97839952827785]
[2; 60; 12.110040833006462]
[2; 60; 12.247666715279662]
[2; 60; 12.391770131966014]
[2; 60; 12.542904174915407]
[2; 60; 12.701691970506246]
[2; 70; 15.013645108403248]
[2; 70; 15.219337039860177]
[2; 70; 15.436785518883614]
[2; 70; 15.667219275589483]
[2; 70; 15.912059123635558]
[2; 70; 16.17295892268573]
[2; 70; 16.451857850271644]
[2; 70; 16.751047894008533]
[2; 80; 19.512299579299654]
[2; 80; 19.910619281997036]
[2; 80; 20.343593814121714]
[2; 80; 20.81686937963007]
[2; 80; 21.337505443895346]
[2; 80; 21.914472116530924]
[2; 80; 22.55938212415302]
[2; 80; 23.28760158374498]
[2; 80; 24.119997542238323]
[2; 90; 28.221534393559665]
[2; 90; 29.506063414846448]
[2; 90; 31.061817806570513]
[2; 90; 33.008106866541176]
[2; 100; 39.507672491975526]
[2; 100; 43.48382011388622]
[2; 100; 49.776548204992594]
[2; 100; 62.71452087457703]


Jobs: [[2; 10; 1.702334002782609], [2; 10; 1.713836608480119], [2; 10; 1.7256565448094736], [2; 20; 3.4756189121846948], [2; 20; 3.5006242245261885], [2; 20; 3.52636503295778], [2; 20; 3.5528800513553125], [2; 20; 3.5802109719529995], [2; 30; 5.4126041553941295], [2; 30; 5.456256074018364], [2; 30; 5.50135114442353], [2; 30; 5.547974987266081], [2; 30; 5.596220669646962], [2; 30; 5.646189569604961], [2; 30; 5.697992367539752], [2; 40; 7.6690002497639735], [2; 50; 9.679326524530914], [2; 50; 9.77612621135354], [2; 50; 9.876918122993882], [2; 60; 11.97839952827785], [2; 60; 12.110040833006462], [2; 60; 12.247666715279662], [2; 60; 12.391770131966014], [2; 60; 12.542904174915407], [2; 60; 12.701691970506246], [2; 70; 15.013645108403248], [2; 70; 15.219337039860177], [2; 70; 15.436785518883614], [2; 70; 15.667219275589483], [2; 70; 15.912059123635558], [2; 70; 16.17295892268573], [2; 70; 16.451857850271644], [2; 70; 16.751047894008533], [2; 80; 19.512299579299654], [2; 80; 19.910619281997036], [2; 80; 20.343593814121714], [2; 80; 20.81686937963007], [2; 80; 21.337505443895346], [2; 80; 21.914472116530924], [2; 80; 22.55938212415302], [2; 80; 23.28760158374498], [2; 80; 24.119997542238323], [2; 90; 28.221534393559665], [2; 90; 29.506063414846448], [2; 90; 31.061817806570513], [2; 90; 33.008106866541176], [2; 100; 39.507672491975526], [2; 100; 43.48382011388622], [2; 100; 49.776548204992594], [2; 100; 62.71452087457703]];
Intervals[4.9E-324=1.702334002782609, 1.702334002782609=3.416170611262728, 3.416170611262728=5.1418271560722015, 5.1418271560722015=8.617446068256896, 8.617446068256896=12.118070292783084, 12.118070292783084=15.644435325740865, 15.644435325740865=19.197315377096178, 19.197315377096178=22.77752634904918, 22.77752634904918=28.19013050444331, 28.19013050444331=33.64638657846167, 33.64638657846167=39.1477377228852, 39.1477377228852=44.695712710151284, 44.695712710151284=50.291933379798245, 50.291933379798245=55.93812294940321, 55.93812294940321=61.63611531694296, 61.63611531694296=69.30511556670693, 69.30511556670693=78.98444209123784, 78.98444209123784=88.76056830259138, 88.76056830259138=98.63748642558527, 98.63748642558527=110.61588595386311, 110.61588595386311=122.72592678686958, 122.72592678686958=134.97359350214924, 134.97359350214924=147.36536363411525, 147.36536363411525=159.90826780903066, 159.90826780903066=172.6099597795369, 172.6099597795369=187.62360488794013, 187.62360488794013=202.8429419278003, 202.8429419278003=218.27972744668392, 218.27972744668392=233.9469467222734, 233.9469467222734=249.85900584590894, 249.85900584590894=266.03196476859466, 266.03196476859466=282.4838226188663, 282.4838226188663=299.23487051287486, 299.23487051287486=318.74717009217454, 318.74717009217454=338.65778937417156, 338.65778937417156=359.0013831882933, 359.0013831882933=379.81825256792337, 379.81825256792337=401.1557580118187, 401.1557580118187=423.07023012834964, 423.07023012834964=445.6296122525027, 445.6296122525027=468.91721383624764, 468.91721383624764=493.03721137848595, 493.03721137848595=521.2587457720456, 521.2587457720456=550.7648091868921, 550.7648091868921=581.8266269934626, 581.8266269934626=614.8347338600038, 614.8347338600038=654.3424063519793, 654.3424063519793=697.8262264658655, 697.8262264658655=747.602774670858, 747.602774670858=810.3172955454351];

Jobs: [[2; 10; 1.702334002782609], [2; 10; 1.713836608480119], [2; 10; 1.7256565448094736], [2; 20; 3.4756189121846948], [2; 20; 3.5006242245261885], [2; 20; 3.52636503295778], [2; 20; 3.5528800513553125], [2; 20; 3.5802109719529995], [2; 30; 5.4126041553941295], [2; 30; 5.456256074018364], [2; 30; 5.50135114442353], [2; 30; 5.547974987266081], [2; 30; 5.596220669646962], [2; 30; 5.646189569604961], [2; 30; 5.697992367539752], [2; 40; 7.6690002497639735], [2; 50; 9.679326524530914], [2; 50; 9.77612621135354], [2; 50; 9.876918122993882], [2; 60; 11.97839952827785], [2; 60; 12.110040833006462], [2; 60; 12.247666715279662], [2; 60; 12.391770131966014], [2; 60; 12.542904174915407], [2; 60; 12.701691970506246], [2; 70; 15.013645108403248], [2; 70; 15.219337039860177], [2; 70; 15.436785518883614], [2; 70; 15.667219275589483], [2; 70; 15.912059123635558], [2; 70; 16.17295892268573], [2; 70; 16.451857850271644], [2; 70; 16.751047894008533], [2; 80; 19.512299579299654], [2; 80; 19.910619281997036], [2; 80; 20.343593814121714], [2; 80; 20.81686937963007], [2; 80; 21.337505443895346], [2; 80; 21.914472116530924], [2; 80; 22.55938212415302], [2; 80; 23.28760158374498], [2; 80; 24.119997542238323], [2; 90; 28.221534393559665], [2; 90; 29.506063414846448], [2; 90; 31.061817806570513], [2; 90; 33.008106866541176], [2; 100; 39.507672491975526], [2; 100; 43.48382011388622], [2; 100; 49.776548204992594], [2; 100; 62.71452087457703]];
Intervals[4.9E-324=1.702334002782609, 1.702334002782609=3.416170611262728, 3.416170611262728=5.1418271560722015, 5.1418271560722015=8.617446068256896, 8.617446068256896=12.118070292783084, 12.118070292783084=15.644435325740865, 15.644435325740865=19.197315377096178, 19.197315377096178=22.77752634904918, 22.77752634904918=28.19013050444331, 28.19013050444331=33.64638657846167, 33.64638657846167=39.1477377228852, 39.1477377228852=44.695712710151284, 44.695712710151284=50.291933379798245, 50.291933379798245=55.93812294940321, 55.93812294940321=61.63611531694296, 61.63611531694296=69.30511556670693, 69.30511556670693=78.98444209123784, 78.98444209123784=88.76056830259138, 88.76056830259138=98.63748642558527, 98.63748642558527=110.61588595386311, 110.61588595386311=122.72592678686958, 122.72592678686958=134.97359350214924, 134.97359350214924=147.36536363411525, 147.36536363411525=159.90826780903066, 159.90826780903066=172.6099597795369, 172.6099597795369=187.62360488794013, 187.62360488794013=202.8429419278003, 202.8429419278003=218.27972744668392, 218.27972744668392=233.9469467222734, 233.9469467222734=249.85900584590894, 249.85900584590894=266.03196476859466, 266.03196476859466=282.4838226188663, 282.4838226188663=299.23487051287486, 299.23487051287486=318.74717009217454, 318.74717009217454=338.65778937417156, 338.65778937417156=359.0013831882933, 359.0013831882933=379.81825256792337, 379.81825256792337=401.1557580118187, 401.1557580118187=423.07023012834964, 423.07023012834964=445.6296122525027, 445.6296122525027=468.91721383624764, 468.91721383624764=493.03721137848595, 493.03721137848595=521.2587457720456, 521.2587457720456=550.7648091868921, 550.7648091868921=581.8266269934626, 581.8266269934626=614.8347338600038, 614.8347338600038=654.3424063519793, 654.3424063519793=697.8262264658655, 697.8262264658655=747.602774670858, 747.602774670858=810.3172955454351];
