1.0000000000000002
1305248.6380048161
1305248.6380048164
[2; 10; 6.391082368541949]
[2; 10; 6.4125291144070005]
[2; 20; 12.868533334956563]
[2; 20; 12.912603998592171]
[2; 20; 12.957284645273269]
[2; 20; 13.002590204955375]
[2; 20; 13.04853613516829]
[2; 20; 13.095138445511454]
[2; 20; 13.142413723564207]
[2; 20; 13.19037916230917]
[2; 30; 19.858578883762124]
[2; 30; 19.932678745217384]
[2; 40; 26.677196151454712]
[2; 40; 26.779018497829057]
[2; 50; 33.60301677154369]
[2; 50; 33.734279888493944]
[2; 60; 40.641142019006956]
[2; 60; 40.80370831767843]
[2; 70; 47.79705853871981]
[2; 70; 47.9929503119691]
[2; 80; 55.07667824655164]
[2; 80; 55.30809557899719]
[2; 80; 55.54345201238551]
[2; 80; 55.78286640252632]
[2; 90; 63.02977064510544]
[2; 90; 63.30866706785602]
[2; 100; 70.65840692594854]
[2; 100; 70.97958591685902]
[2; 100; 71.30668540318626]
[2; 100; 71.63989905293101]
[2; 100; 71.97942971310873]
[2; 520; 376.09254791405573]
[2; 520; 377.92717474208456]
[2; 520; 379.79813184287303]
[2; 520; 381.70669721857905]
[2; 520; 383.6542140791399]
[2; 540; 400.4744835130716]
[2; 540; 402.58228277626637]
[2; 540; 404.73517014318577]
[2; 540; 406.93486100500746]
[2; 540; 409.18316553200424]
[2; 540; 411.481995596175]
[2; 540; 413.8333723268647]
[2; 540; 416.23943436930466]
[2; 540; 418.7024469251094]
[2; 560; 436.8257306147704]
[2; 560; 439.50571011412325]
[2; 560; 442.2526921170876]
[2; 560; 445.06966419408644]
[2; 560; 447.95980793079747]
[2; 560; 450.9265156333271]
[2; 560; 453.97340883959805]
[2; 560; 457.1043588736637]
[2; 560; 460.3235097163478]
[2; 560; 463.6353035088826]
[2; 560; 467.04450905746165]
[2; 560; 470.55625376749197]
[2; 560; 474.1760595089096]
[2; 580; 494.97809310796765]
[2; 580; 498.97002431535043]
[2; 580; 503.09393053810163]
[2; 580; 507.3576417131694]
[2; 580; 511.769668748581]
[2; 580; 516.3392825806335]
[2; 580; 521.076604838694]
[2; 600; 544.1303919298449]
[2; 600; 549.4135416748273]
[2; 600; 554.9080415902347]
[2; 600; 560.6291463598847]
[2; 600; 566.5937338846475]
[2; 620; 591.9145551484482]
[2; 620; 598.6414327870955]
[2; 620; 605.6849193417232]
[2; 620; 613.0720488348255]
[2; 620; 620.8332784364619]
[2; 620; 629.0030742524118]
[2; 620; 637.6206255733039]
[2; 640; 667.5930038459879]
[2; 640; 677.5585477500994]
[2; 640; 688.1471103377136]
[2; 660; 721.2874101467935]
[2; 660; 733.7258443339346]
[2; 660; 747.06922898113]
[2; 680; 784.5133777538637]
[2; 680; 800.5282577078673]
[2; 680; 817.9364730388212]
[2; 680; 836.9650355614687]
[2; 680; 857.8977788138604]
[2; 680; 881.0953558785824]
[2; 680; 907.0246691494602]
[2; 680; 936.3035301913778]
[2; 680; 969.7709214833333]
[2; 680; 1008.6024029218098]
[2; 700; 1085.524862398432]
[2; 700; 1142.7608971841594]
[2; 700; 1214.3646599195556]
[2; 700; 1308.134674839731]
[2; 700; 1439.7885093590733]
[2; 700; 1648.146412927962]
[2; 700; 2076.534358956667]


Jobs: [[2; 10; 6.391082368541949], [2; 10; 6.4125291144070005], [2; 20; 12.868533334956563], [2; 20; 12.912603998592171], [2; 20; 12.957284645273269], [2; 20; 13.002590204955375], [2; 20; 13.04853613516829], [2; 20; 13.095138445511454], [2; 20; 13.142413723564207], [2; 20; 13.19037916230917], [2; 30; 19.858578883762124], [2; 30; 19.932678745217384], [2; 40; 26.677196151454712], [2; 40; 26.779018497829057], [2; 50; 33.60301677154369], [2; 50; 33.734279888493944], [2; 60; 40.641142019006956], [2; 60; 40.80370831767843], [2; 70; 47.79705853871981], [2; 70; 47.9929503119691], [2; 80; 55.07667824655164], [2; 80; 55.30809557899719], [2; 80; 55.54345201238551], [2; 80; 55.78286640252632], [2; 90; 63.02977064510544], [2; 90; 63.30866706785602], [2; 100; 70.65840692594854], [2; 100; 70.97958591685902], [2; 100; 71.30668540318626], [2; 100; 71.63989905293101], [2; 100; 71.97942971310873], [2; 520; 376.09254791405573], [2; 520; 377.92717474208456], [2; 520; 379.79813184287303], [2; 520; 381.70669721857905], [2; 520; 383.6542140791399], [2; 540; 400.4744835130716], [2; 540; 402.58228277626637], [2; 540; 404.73517014318577], [2; 540; 406.93486100500746], [2; 540; 409.18316553200424], [2; 540; 411.481995596175], [2; 540; 413.8333723268647], [2; 540; 416.23943436930466], [2; 540; 418.7024469251094], [2; 560; 436.8257306147704], [2; 560; 439.50571011412325], [2; 560; 442.2526921170876], [2; 560; 445.06966419408644], [2; 560; 447.95980793079747], [2; 560; 450.9265156333271], [2; 560; 453.97340883959805], [2; 560; 457.1043588736637], [2; 560; 460.3235097163478], [2; 560; 463.6353035088826], [2; 560; 467.04450905746165], [2; 560; 470.55625376749197], [2; 560; 474.1760595089096], [2; 580; 494.97809310796765], [2; 580; 498.97002431535043], [2; 580; 503.09393053810163], [2; 580; 507.3576417131694], [2; 580; 511.769668748581], [2; 580; 516.3392825806335], [2; 580; 521.076604838694], [2; 600; 544.1303919298449], [2; 600; 549.4135416748273], [2; 600; 554.9080415902347], [2; 600; 560.6291463598847], [2; 600; 566.5937338846475], [2; 620; 591.9145551484482], [2; 620; 598.6414327870955], [2; 620; 605.6849193417232], [2; 620; 613.0720488348255], [2; 620; 620.8332784364619], [2; 620; 629.0030742524118], [2; 620; 637.6206255733039], [2; 640; 667.5930038459879], [2; 640; 677.5585477500994], [2; 640; 688.1471103377136], [2; 660; 721.2874101467935], [2; 660; 733.7258443339346], [2; 660; 747.06922898113], [2; 680; 784.5133777538637], [2; 680; 800.5282577078673], [2; 680; 817.9364730388212], [2; 680; 836.9650355614687], [2; 680; 857.8977788138604], [2; 680; 881.0953558785824], [2; 680; 907.0246691494602], [2; 680; 936.3035301913778], [2; 680; 969.7709214833333], [2; 680; 1008.6024029218098], [2; 700; 1085.524862398432], [2; 700; 1142.7608971841594], [2; 700; 1214.3646599195556], [2; 700; 1308.134674839731], [2; 700; 1439.7885093590733], [2; 700; 1648.146412927962], [2; 700; 2076.534358956667]];
Intervals[4.9E-324=6.391082368541949, 6.391082368541949=12.803611482948948, 12.803611482948948=25.67214481790551, 25.67214481790551=38.58474881649768, 38.58474881649768=51.54203346177095, 51.54203346177095=64.54462366672632, 64.54462366672632=77.59315980189461, 77.59315980189461=90.68829824740607, 90.68829824740607=103.83071197097027, 103.83071197097027=117.02109113327944, 117.02109113327944=136.87967001704158, 136.87967001704158=156.81234876225895, 156.81234876225895=183.48954491371367, 183.48954491371367=210.26856341154274, 210.26856341154274=243.87158018308645, 243.87158018308645=277.6058600715804, 277.6058600715804=318.2470020905874, 318.2470020905874=359.0507104082658, 359.0507104082658=406.8477689469856, 406.8477689469856=454.84071925895466, 454.84071925895466=509.9173975055063, 509.9173975055063=565.2254930845035, 565.2254930845035=620.768945096889, 620.768945096889=676.5518114994153, 676.5518114994153=739.5815821445208, 739.5815821445208=802.8902492123768, 802.8902492123768=873.5486561383253, 873.5486561383253=944.5282420551844, 944.5282420551844=1015.8349274583707, 1015.8349274583707=1087.4748265113017, 1087.4748265113017=1159.4542562244103, 1159.4542562244103=1535.546804138466, 1535.546804138466=1913.4739788805507, 1913.4739788805507=2293.272110723424, 2293.272110723424=2674.9788079420027, 2674.9788079420027=3058.6330220211426, 3058.6330220211426=3459.1075055342144, 3459.1075055342144=3861.6897883104807, 3861.6897883104807=4266.4249584536665, 4266.4249584536665=4673.359819458674, 4673.359819458674=5082.542984990678, 5082.542984990678=5494.0249805868525, 5494.0249805868525=5907.858352913718, 5907.858352913718=6324.097787283023, 6324.097787283023=6742.800234208132, 6742.800234208132=7179.6259648229025, 7179.6259648229025=7619.131674937025, 7619.131674937025=8061.384367054113, 8061.384367054113=8506.454031248199, 8506.454031248199=8954.413839178997, 8954.413839178997=9405.340354812324, 9405.340354812324=9859.313763651922, 9859.313763651922=10316.418122525585, 10316.418122525585=10776.741632241932, 10776.741632241932=11240.376935750815, 11240.376935750815=11707.421444808277, 11707.421444808277=12177.977698575769, 12177.977698575769=12652.153758084678, 12652.153758084678=13147.131851192646, 13147.131851192646=13646.101875507997, 13646.101875507997=14149.195806046098, 14149.195806046098=14656.553447759268, 14656.553447759268=15168.323116507849, 15168.323116507849=15684.662399088482, 15684.662399088482=16205.739003927176, 16205.739003927176=16749.869395857022, 16749.869395857022=17299.28293753185, 17299.28293753185=17854.190979122086, 17854.190979122086=18414.820125481972, 18414.820125481972=18981.41385936662, 18981.41385936662=19573.32841451507, 19573.32841451507=20171.969847302164, 20171.969847302164=20777.654766643886, 20777.654766643886=21390.726815478713, 21390.726815478713=22011.560093915174, 22011.560093915174=22640.563168167584, 22640.563168167584=23278.18379374089, 23278.18379374089=23945.776797586877, 23945.776797586877=24623.33534533698, 24623.33534533698=25311.482455674693, 25311.482455674693=26032.769865821487, 26032.769865821487=26766.49571015542, 26766.49571015542=27513.56493913655, 27513.56493913655=28298.078316890416, 28298.078316890416=29098.606574598285, 29098.606574598285=29916.543047637108, 29916.543047637108=30753.508083198576, 30753.508083198576=31611.405862012438, 31611.405862012438=32492.501217891022, 32492.501217891022=33399.52588704048, 33399.52588704048=34335.82941723186, 34335.82941723186=35305.60033871519, 35305.60033871519=36314.202741637, 36314.202741637=37399.727604035426, 37399.727604035426=38542.48850121959, 38542.48850121959=39756.853161139145, 39756.853161139145=41064.98783597888, 41064.98783597888=42504.77634533795, 42504.77634533795=44152.922758265915, 44152.922758265915=46229.457117222584];

Jobs: [[2; 10; 6.391082368541949], [2; 10; 6.4125291144070005], [2; 20; 12.868533334956563], [2; 20; 12.912603998592171], [2; 20; 12.957284645273269], [2; 20; 13.002590204955375], [2; 20; 13.04853613516829], [2; 20; 13.095138445511454], [2; 20; 13.142413723564207], [2; 20; 13.19037916230917], [2; 30; 19.858578883762124], [2; 30; 19.932678745217384], [2; 40; 26.677196151454712], [2; 40; 26.779018497829057], [2; 50; 33.60301677154369], [2; 50; 33.734279888493944], [2; 60; 40.641142019006956], [2; 60; 40.80370831767843], [2; 70; 47.79705853871981], [2; 70; 47.9929503119691], [2; 80; 55.07667824655164], [2; 80; 55.30809557899719], [2; 80; 55.54345201238551], [2; 80; 55.78286640252632], [2; 90; 63.02977064510544], [2; 90; 63.30866706785602], [2; 100; 70.65840692594854], [2; 100; 70.97958591685902], [2; 100; 71.30668540318626], [2; 100; 71.63989905293101], [2; 100; 71.97942971310873], [2; 520; 376.09254791405573], [2; 520; 377.92717474208456], [2; 520; 379.79813184287303], [2; 520; 381.70669721857905], [2; 520; 383.6542140791399], [2; 540; 400.4744835130716], [2; 540; 402.58228277626637], [2; 540; 404.73517014318577], [2; 540; 406.93486100500746], [2; 540; 409.18316553200424], [2; 540; 411.481995596175], [2; 540; 413.8333723268647], [2; 540; 416.23943436930466], [2; 540; 418.7024469251094], [2; 560; 436.8257306147704], [2; 560; 439.50571011412325], [2; 560; 442.2526921170876], [2; 560; 445.06966419408644], [2; 560; 447.95980793079747], [2; 560; 450.9265156333271], [2; 560; 453.97340883959805], [2; 560; 457.1043588736637], [2; 560; 460.3235097163478], [2; 560; 463.6353035088826], [2; 560; 467.04450905746165], [2; 560; 470.55625376749197], [2; 560; 474.1760595089096], [2; 580; 494.97809310796765], [2; 580; 498.97002431535043], [2; 580; 503.09393053810163], [2; 580; 507.3576417131694], [2; 580; 511.769668748581], [2; 580; 516.3392825806335], [2; 580; 521.076604838694], [2; 600; 544.1303919298449], [2; 600; 549.4135416748273], [2; 600; 554.9080415902347], [2; 600; 560.6291463598847], [2; 600; 566.5937338846475], [2; 620; 591.9145551484482], [2; 620; 598.6414327870955], [2; 620; 605.6849193417232], [2; 620; 613.0720488348255], [2; 620; 620.8332784364619], [2; 620; 629.0030742524118], [2; 620; 637.6206255733039], [2; 640; 667.5930038459879], [2; 640; 677.5585477500994], [2; 640; 688.1471103377136], [2; 660; 721.2874101467935], [2; 660; 733.7258443339346], [2; 660; 747.06922898113], [2; 680; 784.5133777538637], [2; 680; 800.5282577078673], [2; 680; 817.9364730388212], [2; 680; 836.9650355614687], [2; 680; 857.8977788138604], [2; 680; 881.0953558785824], [2; 680; 907.0246691494602], [2; 680; 936.3035301913778], [2; 680; 969.7709214833333], [2; 680; 1008.6024029218098], [2; 700; 1085.524862398432], [2; 700; 1142.7608971841594], [2; 700; 1214.3646599195556], [2; 700; 1308.134674839731], [2; 700; 1439.7885093590733], [2; 700; 1648.146412927962], [2; 700; 2076.534358956667]];
Intervals[4.9E-324=6.391082368541949, 6.391082368541949=12.803611482948948, 12.803611482948948=25.67214481790551, 25.67214481790551=38.58474881649768, 38.58474881649768=51.54203346177095, 51.54203346177095=64.54462366672632, 64.54462366672632=77.59315980189461, 77.59315980189461=90.68829824740607, 90.68829824740607=103.83071197097027, 103.83071197097027=117.02109113327944, 117.02109113327944=136.87967001704158, 136.87967001704158=156.81234876225895, 156.81234876225895=183.48954491371367, 183.48954491371367=210.26856341154274, 210.26856341154274=243.87158018308645, 243.87158018308645=277.6058600715804, 277.6058600715804=318.2470020905874, 318.2470020905874=359.0507104082658, 359.0507104082658=406.8477689469856, 406.8477689469856=454.84071925895466, 454.84071925895466=509.9173975055063, 509.9173975055063=565.2254930845035, 565.2254930845035=620.768945096889, 620.768945096889=676.5518114994153, 676.5518114994153=739.5815821445208, 739.5815821445208=802.8902492123768, 802.8902492123768=873.5486561383253, 873.5486561383253=944.5282420551844, 944.5282420551844=1015.8349274583707, 1015.8349274583707=1087.4748265113017, 1087.4748265113017=1159.4542562244103, 1159.4542562244103=1535.546804138466, 1535.546804138466=1913.4739788805507, 1913.4739788805507=2293.272110723424, 2293.272110723424=2674.9788079420027, 2674.9788079420027=3058.6330220211426, 3058.6330220211426=3459.1075055342144, 3459.1075055342144=3861.6897883104807, 3861.6897883104807=4266.4249584536665, 4266.4249584536665=4673.359819458674, 4673.359819458674=5082.542984990678, 5082.542984990678=5494.0249805868525, 5494.0249805868525=5907.858352913718, 5907.858352913718=6324.097787283023, 6324.097787283023=6742.800234208132, 6742.800234208132=7179.6259648229025, 7179.6259648229025=7619.131674937025, 7619.131674937025=8061.384367054113, 8061.384367054113=8506.454031248199, 8506.454031248199=8954.413839178997, 8954.413839178997=9405.340354812324, 9405.340354812324=9859.313763651922, 9859.313763651922=10316.418122525585, 10316.418122525585=10776.741632241932, 10776.741632241932=11240.376935750815, 11240.376935750815=11707.421444808277, 11707.421444808277=12177.977698575769, 12177.977698575769=12652.153758084678, 12652.153758084678=13147.131851192646, 13147.131851192646=13646.101875507997, 13646.101875507997=14149.195806046098, 14149.195806046098=14656.553447759268, 14656.553447759268=15168.323116507849, 15168.323116507849=15684.662399088482, 15684.662399088482=16205.739003927176, 16205.739003927176=16749.869395857022, 16749.869395857022=17299.28293753185, 17299.28293753185=17854.190979122086, 17854.190979122086=18414.820125481972, 18414.820125481972=18981.41385936662, 18981.41385936662=19573.32841451507, 19573.32841451507=20171.969847302164, 20171.969847302164=20777.654766643886, 20777.654766643886=21390.726815478713, 21390.726815478713=22011.560093915174, 22011.560093915174=22640.563168167584, 22640.563168167584=23278.18379374089, 23278.18379374089=23945.776797586877, 23945.776797586877=24623.33534533698, 24623.33534533698=25311.482455674693, 25311.482455674693=26032.769865821487, 26032.769865821487=26766.49571015542, 26766.49571015542=27513.56493913655, 27513.56493913655=28298.078316890416, 28298.078316890416=29098.606574598285, 29098.606574598285=29916.543047637108, 29916.543047637108=30753.508083198576, 30753.508083198576=31611.405862012438, 31611.405862012438=32492.501217891022, 32492.501217891022=33399.52588704048, 33399.52588704048=34335.82941723186, 34335.82941723186=35305.60033871519, 35305.60033871519=36314.202741637, 36314.202741637=37399.727604035426, 37399.727604035426=38542.48850121959, 38542.48850121959=39756.853161139145, 39756.853161139145=41064.98783597888, 41064.98783597888=42504.77634533795, 42504.77634533795=44152.922758265915, 44152.922758265915=46229.457117222584];
