1.1893410042359052
275695.80116545036
327896.32102173916
[1; 20; 9.590915029740914]
[1; 40; 19.311440950981506]
[2; 20; 9.722313755544185]
[1; 60; 29.372349029070776]
[2; 30; 14.791834079095302]
[1; 80; 39.73493725633652]
[1; 100; 50.04213425172625]
[1; 100; 50.42708887389284]
[2; 70; 35.576918240297715]
[2; 70; 35.863841262070665]
[2; 80; 41.326000098444005]
[2; 100; 52.095296421482125]
[1; 200; 105.09664347601772]
[2; 520; 275.69114564665017]
[2; 520; 278.2205635016981]
[2; 520; 280.84544081777113]
[1; 1040; 567.1445322348906]
[2; 520; 286.4081769096046]
[2; 540; 300.49031771667717]
[1; 1080; 607.3745263396768]
[2; 540; 307.02475307896714]
[1; 1080; 621.0279388659459]
[2; 560; 325.8032401265937]
[2; 560; 329.77684198992426]
[2; 560; 333.95167558876597]
[1; 1160; 700.8601525559741]
[2; 580; 355.23108487448525]
[1; 1200; 745.4617249121807]
[1; 1200; 756.5896599049817]
[2; 600; 384.2066415543426]
[2; 620; 403.5231050979008]
[1; 1240; 820.9635350101348]
[1; 1280; 862.8577094631452]
[1; 1280; 879.4551809175631]
[2; 640; 448.70409076247694]
[2; 640; 458.46156947314546]
[1; 1280; 938.2545379644558]
[1; 1320; 991.7743292017395]
[1; 1320; 1018.5919314856384]
[1; 1320; 1048.5675625117985]
[1; 1320; 1082.4154444934807]
[1; 1360; 1155.0783781677344]
[1; 1360; 1201.329924391867]
[1; 1360; 1256.0095576996066]
[1; 1360; 1322.234670754009]
[1; 1360; 1405.084003347096]
[2; 680; 756.7904298049648]
[2; 680; 832.9556472918965]
[2; 700; 981.5401985429183]
[2; 700; 1236.6631574622158]


Jobs: [[1; 20; 9.590915029740914], [2; 20; 9.722313755544185], [1; 60; 29.372349029070776], [2; 30; 14.791834079095302], [1; 80; 39.73493725633652], [1; 100; 50.42708887389284], [2; 70; 35.576918240297715], [2; 70; 35.863841262070665], [2; 80; 41.326000098444005], [2; 100; 52.095296421482125], [1; 200; 105.09664347601772], [2; 520; 275.69114564665017], [2; 520; 278.2205635016981], [2; 520; 280.84544081777113], [1; 1040; 567.1445322348906], [2; 520; 286.4081769096046], [2; 540; 300.49031771667717], [1; 1080; 607.3745263396768], [2; 540; 307.02475307896714], [1; 1080; 621.0279388659459], [2; 560; 325.8032401265937], [2; 560; 329.77684198992426], [2; 560; 333.95167558876597], [1; 1160; 700.8601525559741], [2; 580; 355.23108487448525], [1; 1200; 745.4617249121807], [2; 600; 384.2066415543426], [2; 620; 403.5231050979008], [1; 1240; 820.9635350101348], [1; 1280; 879.4551809175631], [2; 640; 448.70409076247694], [2; 640; 458.46156947314546], [1; 1280; 938.2545379644558], [1; 1320; 1018.5919314856384], [1; 1320; 1082.4154444934807], [1; 1360; 1201.329924391867], [1; 1360; 1322.234670754009], [2; 680; 756.7904298049648], [2; 680; 832.9556472918965], [2; 700; 981.5401985429183], [2; 700; 1236.6631574622158]];
Intervals[0.0=9.590915029740914, 19.311440950981506=29.03375470652569, 29.03375470652569=58.40610373559647, 58.40610373559647=73.19793781469177, 73.19793781469177=112.93287507102829, 112.93287507102829=163.35996394492113, 163.35996394492113=198.93688218521885, 198.93688218521885=234.8007234472895, 234.8007234472895=276.1267235457335, 276.1267235457335=328.22201996721566, 328.22201996721566=433.3186634432334, 433.3186634432334=709.0098090898836, 709.0098090898836=987.2303725915817, 987.2303725915817=1268.0758134093528, 1268.0758134093528=1835.2203456442435, 1835.2203456442435=2121.628522553848, 2121.628522553848=2422.118840270525, 2422.118840270525=3029.493366610202, 3029.493366610202=3336.518119689169, 3336.518119689169=3957.546058555115, 3957.546058555115=4283.349298681709, 4283.349298681709=4613.126140671633, 4613.126140671633=4947.077816260399, 4947.077816260399=5647.9379688163735, 5647.9379688163735=6003.169053690859, 6003.169053690859=6748.630778603039, 6759.758713595841=7143.965355150183, 7143.965355150183=7547.488460248084, 7547.488460248084=8368.45199525822, 8368.45199525822=9247.907176175782, 9247.907176175782=9696.61126693826, 9696.61126693826=10155.072836411406, 10155.072836411406=11093.327374375862, 11093.327374375862=12111.9193058615, 12111.9193058615=13194.334750354981, 13194.334750354981=14395.664674746848, 14395.664674746848=15717.899345500857, 16011.586667339381=16768.377097144345, 16768.377097144345=17601.33274443624, 17601.33274443624=18582.87294297916, 18582.87294297916=19819.536100441375];

Jobs: [[1; 40; 19.311440950981506], [2; 20; 9.722313755544185], [2; 30; 14.791834079095302], [1; 100; 50.04213425172625], [2; 70; 35.576918240297715], [2; 70; 35.863841262070665], [2; 80; 41.326000098444005], [2; 100; 52.095296421482125], [2; 520; 275.69114564665017], [2; 520; 278.2205635016981], [2; 520; 280.84544081777113], [2; 520; 286.4081769096046], [2; 540; 300.49031771667717], [2; 540; 307.02475307896714], [2; 560; 325.8032401265937], [2; 560; 329.77684198992426], [2; 560; 333.95167558876597], [2; 580; 355.23108487448525], [1; 1200; 756.5896599049817], [2; 600; 384.2066415543426], [2; 620; 403.5231050979008], [1; 1280; 862.8577094631452], [2; 640; 448.70409076247694], [2; 640; 458.46156947314546], [1; 1320; 991.7743292017395], [1; 1320; 1048.5675625117985], [1; 1360; 1155.0783781677344], [1; 1360; 1256.0095576996066], [1; 1360; 1405.084003347096], [2; 680; 756.7904298049648], [2; 680; 832.9556472918965], [2; 700; 981.5401985429183], [2; 700; 1236.6631574622158]];
Intervals[0.0=19.311440950981506, 19.311440950981506=29.03375470652569, 58.40610373559647=73.19793781469177, 73.19793781469177=123.24007206641802, 163.35996394492113=198.93688218521885, 198.93688218521885=234.8007234472895, 234.8007234472895=276.1267235457335, 276.1267235457335=328.22201996721566, 433.3186634432334=709.0098090898836, 709.0098090898836=987.2303725915817, 987.2303725915817=1268.0758134093528, 1835.2203456442435=2121.628522553848, 2121.628522553848=2422.118840270525, 3029.493366610202=3336.518119689169, 3957.546058555115=4283.349298681709, 4283.349298681709=4613.126140671633, 4613.126140671633=4947.077816260399, 5647.9379688163735=6003.169053690859, 6003.169053690859=6759.758713595841, 6759.758713595841=7143.965355150183, 7143.965355150183=7547.488460248084, 7547.488460248084=8410.346169711229, 9247.907176175782=9696.61126693826, 9696.61126693826=10155.072836411406, 10155.072836411406=11146.847165613146, 11146.847165613146=12195.414728124944, 12195.414728124944=13350.493106292679, 13350.493106292679=14606.502663992285, 14606.502663992285=16011.586667339381, 16011.586667339381=16768.377097144345, 16768.377097144345=17601.33274443624, 17601.33274443624=18582.87294297916, 18582.87294297916=19819.536100441375];
