0.9999999999999998
262657.4189780733
262657.4189780732
[2; 10; 3.7451845460281494]
[2; 10; 3.7577523735954714]
[2; 10; 3.7704906146533155]
[2; 10; 3.7834033545355075]
[2; 10; 3.796494819940511]
[2; 10; 3.809769385357299]
[2; 10; 3.8232315798545318]
[2; 10; 3.836886094257719]
[2; 10; 3.8507377887409464]
[2; 10; 3.864791700861944]
[2; 20; 7.758106108143143]
[2; 20; 7.787054533462673]
[2; 20; 7.816439923350836]
[2; 20; 7.846273952713261]
[2; 20; 7.876568747238429]
[2; 20; 7.90733690628988]
[2; 20; 7.938591527246256]
[2; 30; 11.955519347098718]
[2; 30; 12.003922787292959]
[2; 30; 12.053119741930777]
[2; 30; 12.103133259801538]
[2; 30; 12.15398735816742]
[2; 30; 12.205707076341033]
[2; 30; 12.25831853295824]
[2; 40; 16.415798649670425]
[2; 40; 16.488435872892534]
[2; 40; 16.56237603624582]
[2; 40; 16.637660598321723]
[2; 40; 16.71433292833183]
[2; 40; 16.792438422180094]
[2; 40; 16.872024627337414]
[2; 50; 21.191426721653283]
[2; 50; 21.29480117085039]
[2; 50; 21.400222696803556]
[2; 60; 25.809315972259945]
[2; 60; 25.940998435213267]
[2; 60; 26.075410152995108]
[2; 60; 26.212651681658418]
[2; 60; 26.352828954909818]
[2; 60; 26.49605366408139]
[2; 60; 26.642443671694362]
[2; 60; 26.792123462200493]
[2; 70; 31.43609540626134]
[2; 70; 31.61886750966673]
[2; 70; 31.80596575468199]
[2; 70; 31.99757257977428]
[2; 70; 32.19388161684076]
[2; 70; 32.39509860076587]
[2; 80; 37.25879128192418]
[2; 80; 37.500738264439526]
[2; 80; 37.74909476225472]
[2; 80; 38.00416395066217]
[2; 80; 38.266269915679175]
[2; 80; 38.53575956865245]
[2; 90; 43.664630378943194]
[2; 90; 43.98570536835391]
[2; 90; 44.316437376007734]
[2; 90; 44.65734644515404]
[2; 90; 45.00899357262591]
[2; 90; 45.37198500306941]
[2; 90; 45.74697709112013]
[2; 100; 51.26075758110959]
[2; 100; 51.706525673889004]
[2; 100; 52.16821551085129]
[2; 100; 52.646849728390734]
[2; 100; 53.14354745581777]
[2; 100; 53.659536496960804]
[2; 100; 54.196167461397124]
[2; 100; 54.754930227335045]
[2; 100; 55.33747320761666]
[2; 100; 55.94562600434364]
[2; 100; 56.58142618407455]
[2; 520; 297.6851856944406]
[2; 520; 301.3158506568323]
[2; 540; 316.86616415071705]
[2; 540; 321.0359339617269]
[2; 560; 337.4873527740617]
[2; 560; 342.30925213526024]
[2; 560; 347.4190987952538]
[2; 560; 352.8483991619032]
[2; 580; 371.44217839525845]
[2; 600; 390.8768406807747]
[2; 600; 397.98524510071]
[2; 600; 405.64067736073866]
[2; 600; 413.9213350736669]
[2; 640; 451.1172598554788]
[2; 640; 461.6121005517414]
[2; 640; 473.15715580792016]
[2; 640; 485.9513369523854]
[2; 660; 515.8850349411551]
[2; 660; 532.5378634312675]
[2; 680; 568.2873195632823]
[2; 680; 591.0426301345557]
[2; 700; 636.1193150936398]
[2; 700; 669.6597235243856]
[2; 700; 711.6196436396465]
[2; 700; 766.5690231826907]
[2; 700; 843.7183819351544]
[2; 700; 965.8164485052229]
[2; 700; 1216.8524738064382]


Jobs: [[2; 10; 3.7451845460281494], [2; 10; 3.7577523735954714], [2; 10; 3.7704906146533155], [2; 10; 3.7834033545355075], [2; 10; 3.796494819940511], [2; 10; 3.809769385357299], [2; 10; 3.8232315798545318], [2; 10; 3.836886094257719], [2; 10; 3.8507377887409464], [2; 10; 3.864791700861944], [2; 20; 7.758106108143143], [2; 20; 7.787054533462673], [2; 20; 7.816439923350836], [2; 20; 7.846273952713261], [2; 20; 7.876568747238429], [2; 20; 7.90733690628988], [2; 20; 7.938591527246256], [2; 30; 11.955519347098718], [2; 30; 12.003922787292959], [2; 30; 12.053119741930777], [2; 30; 12.103133259801538], [2; 30; 12.15398735816742], [2; 30; 12.205707076341033], [2; 30; 12.25831853295824], [2; 40; 16.415798649670425], [2; 40; 16.488435872892534], [2; 40; 16.56237603624582], [2; 40; 16.637660598321723], [2; 40; 16.71433292833183], [2; 40; 16.792438422180094], [2; 40; 16.872024627337414], [2; 50; 21.191426721653283], [2; 50; 21.29480117085039], [2; 50; 21.400222696803556], [2; 60; 25.809315972259945], [2; 60; 25.940998435213267], [2; 60; 26.075410152995108], [2; 60; 26.212651681658418], [2; 60; 26.352828954909818], [2; 60; 26.49605366408139], [2; 60; 26.642443671694362], [2; 60; 26.792123462200493], [2; 70; 31.43609540626134], [2; 70; 31.61886750966673], [2; 70; 31.80596575468199], [2; 70; 31.99757257977428], [2; 70; 32.19388161684076], [2; 70; 32.39509860076587], [2; 80; 37.25879128192418], [2; 80; 37.500738264439526], [2; 80; 37.74909476225472], [2; 80; 38.00416395066217], [2; 80; 38.266269915679175], [2; 80; 38.53575956865245], [2; 90; 43.664630378943194], [2; 90; 43.98570536835391], [2; 90; 44.316437376007734], [2; 90; 44.65734644515404], [2; 90; 45.00899357262591], [2; 90; 45.37198500306941], [2; 90; 45.74697709112013], [2; 100; 51.26075758110959], [2; 100; 51.706525673889004], [2; 100; 52.16821551085129], [2; 100; 52.646849728390734], [2; 100; 53.14354745581777], [2; 100; 53.659536496960804], [2; 100; 54.196167461397124], [2; 100; 54.754930227335045], [2; 100; 55.33747320761666], [2; 100; 55.94562600434364], [2; 100; 56.58142618407455], [2; 520; 297.6851856944406], [2; 520; 301.3158506568323], [2; 540; 316.86616415071705], [2; 540; 321.0359339617269], [2; 560; 337.4873527740617], [2; 560; 342.30925213526024], [2; 560; 347.4190987952538], [2; 560; 352.8483991619032], [2; 580; 371.44217839525845], [2; 600; 390.8768406807747], [2; 600; 397.98524510071], [2; 600; 405.64067736073866], [2; 600; 413.9213350736669], [2; 640; 451.1172598554788], [2; 640; 461.6121005517414], [2; 640; 473.15715580792016], [2; 640; 485.9513369523854], [2; 660; 515.8850349411551], [2; 660; 532.5378634312675], [2; 680; 568.2873195632823], [2; 680; 591.0426301345557], [2; 700; 636.1193150936398], [2; 700; 669.6597235243856], [2; 700; 711.6196436396465], [2; 700; 766.5690231826907], [2; 700; 843.7183819351544], [2; 700; 965.8164485052229], [2; 700; 1216.8524738064382]];
Intervals[4.9E-324=3.7451845460281494, 3.7451845460281494=7.502936919623621, 7.502936919623621=11.273427534276937, 11.273427534276937=15.056830888812446, 15.056830888812446=18.853325708752955, 18.853325708752955=22.663095094110254, 22.663095094110254=26.486326673964786, 26.486326673964786=30.323212768222504, 30.323212768222504=34.17395055696345, 34.17395055696345=38.03874225782539, 38.03874225782539=45.796848365968536, 45.796848365968536=53.58390289943121, 53.58390289943121=61.400342822782044, 61.400342822782044=69.24661677549531, 69.24661677549531=77.12318552273373, 77.12318552273373=85.03052242902362, 85.03052242902362=92.96911395626988, 92.96911395626988=104.9246333033686, 104.9246333033686=116.92855609066156, 116.92855609066156=128.98167583259234, 128.98167583259234=141.08480909239387, 141.08480909239387=153.2387964505613, 153.2387964505613=165.44450352690234, 165.44450352690234=177.70282205986058, 177.70282205986058=194.118620709531, 194.118620709531=210.60705658242352, 210.60705658242352=227.16943261866933, 227.16943261866933=243.80709321699106, 243.80709321699106=260.5214261453229, 260.5214261453229=277.313864567503, 277.313864567503=294.1858891948404, 294.1858891948404=315.37731591649367, 315.37731591649367=336.6721170873441, 336.6721170873441=358.07233978414763, 358.07233978414763=383.88165575640755, 383.88165575640755=409.8226541916208, 409.8226541916208=435.89806434461593, 435.89806434461593=462.11071602627436, 462.11071602627436=488.46354498118416, 488.46354498118416=514.9595986452656, 514.9595986452656=541.6020423169599, 541.6020423169599=568.3941657791604, 568.3941657791604=599.8302611854217, 599.8302611854217=631.4491286950885, 631.4491286950885=663.2550944497705, 663.2550944497705=695.2526670295448, 695.2526670295448=727.4465486463855, 727.4465486463855=759.8416472471514, 759.8416472471514=797.1004385290756, 797.1004385290756=834.6011767935152, 834.6011767935152=872.3502715557698, 872.3502715557698=910.354435506432, 910.354435506432=948.6207054221111, 948.6207054221111=987.1564649907635, 987.1564649907635=1030.8210953697067, 1030.8210953697067=1074.8068007380605, 1074.8068007380605=1119.1232381140683, 1119.1232381140683=1163.7805845592222, 1163.7805845592222=1208.7895781318482, 1208.7895781318482=1254.1615631349175, 1254.1615631349175=1299.9085402260375, 1299.9085402260375=1351.1692978071471, 1351.1692978071471=1402.8758234810362, 1402.8758234810362=1455.0440389918874, 1455.0440389918874=1507.690888720278, 1507.690888720278=1560.8344361760958, 1560.8344361760958=1614.4939726730565, 1614.4939726730565=1668.6901401344537, 1668.6901401344537=1723.4450703617888, 1723.4450703617888=1778.7825435694056, 1778.7825435694056=1834.7281695737493, 1834.7281695737493=1891.309595757824, 1891.309595757824=2188.9947814522643, 2188.9947814522643=2490.310632109097, 2490.310632109097=2807.1767962598137, 2807.1767962598137=3128.212730221541, 3128.212730221541=3465.7000829956023, 3465.7000829956023=3808.0093351308624, 3808.0093351308624=4155.428433926116, 4155.428433926116=4508.276833088019, 4508.276833088019=4879.719011483277, 4879.719011483277=5270.595852164052, 5270.595852164052=5668.581097264762, 5668.581097264762=6074.221774625501, 6074.221774625501=6488.143109699168, 6488.143109699168=6939.260369554647, 6939.260369554647=7400.872470106388, 7400.872470106388=7874.029625914309, 7874.029625914309=8359.980962866694, 8359.980962866694=8875.865997807849, 8875.865997807849=9408.403861239116, 9408.403861239116=9976.691180802398, 9976.691180802398=10567.733810936954, 10567.733810936954=11203.853126030594, 11203.853126030594=11873.51284955498, 11873.51284955498=12585.132493194626, 12585.132493194626=13351.701516377316, 13351.701516377316=14195.41989831247, 14195.41989831247=15161.236346817692, 15161.236346817692=16378.08882062413];

Jobs: [[2; 10; 3.7451845460281494], [2; 10; 3.7577523735954714], [2; 10; 3.7704906146533155], [2; 10; 3.7834033545355075], [2; 10; 3.796494819940511], [2; 10; 3.809769385357299], [2; 10; 3.8232315798545318], [2; 10; 3.836886094257719], [2; 10; 3.8507377887409464], [2; 10; 3.864791700861944], [2; 20; 7.758106108143143], [2; 20; 7.787054533462673], [2; 20; 7.816439923350836], [2; 20; 7.846273952713261], [2; 20; 7.876568747238429], [2; 20; 7.90733690628988], [2; 20; 7.938591527246256], [2; 30; 11.955519347098718], [2; 30; 12.003922787292959], [2; 30; 12.053119741930777], [2; 30; 12.103133259801538], [2; 30; 12.15398735816742], [2; 30; 12.205707076341033], [2; 30; 12.25831853295824], [2; 40; 16.415798649670425], [2; 40; 16.488435872892534], [2; 40; 16.56237603624582], [2; 40; 16.637660598321723], [2; 40; 16.71433292833183], [2; 40; 16.792438422180094], [2; 40; 16.872024627337414], [2; 50; 21.191426721653283], [2; 50; 21.29480117085039], [2; 50; 21.400222696803556], [2; 60; 25.809315972259945], [2; 60; 25.940998435213267], [2; 60; 26.075410152995108], [2; 60; 26.212651681658418], [2; 60; 26.352828954909818], [2; 60; 26.49605366408139], [2; 60; 26.642443671694362], [2; 60; 26.792123462200493], [2; 70; 31.43609540626134], [2; 70; 31.61886750966673], [2; 70; 31.80596575468199], [2; 70; 31.99757257977428], [2; 70; 32.19388161684076], [2; 70; 32.39509860076587], [2; 80; 37.25879128192418], [2; 80; 37.500738264439526], [2; 80; 37.74909476225472], [2; 80; 38.00416395066217], [2; 80; 38.266269915679175], [2; 80; 38.53575956865245], [2; 90; 43.664630378943194], [2; 90; 43.98570536835391], [2; 90; 44.316437376007734], [2; 90; 44.65734644515404], [2; 90; 45.00899357262591], [2; 90; 45.37198500306941], [2; 90; 45.74697709112013], [2; 100; 51.26075758110959], [2; 100; 51.706525673889004], [2; 100; 52.16821551085129], [2; 100; 52.646849728390734], [2; 100; 53.14354745581777], [2; 100; 53.659536496960804], [2; 100; 54.196167461397124], [2; 100; 54.754930227335045], [2; 100; 55.33747320761666], [2; 100; 55.94562600434364], [2; 100; 56.58142618407455], [2; 520; 297.6851856944406], [2; 520; 301.3158506568323], [2; 540; 316.86616415071705], [2; 540; 321.0359339617269], [2; 560; 337.4873527740617], [2; 560; 342.30925213526024], [2; 560; 347.4190987952538], [2; 560; 352.8483991619032], [2; 580; 371.44217839525845], [2; 600; 390.8768406807747], [2; 600; 397.98524510071], [2; 600; 405.64067736073866], [2; 600; 413.9213350736669], [2; 640; 451.1172598554788], [2; 640; 461.6121005517414], [2; 640; 473.15715580792016], [2; 640; 485.9513369523854], [2; 660; 515.8850349411551], [2; 660; 532.5378634312675], [2; 680; 568.2873195632823], [2; 680; 591.0426301345557], [2; 700; 636.1193150936398], [2; 700; 669.6597235243856], [2; 700; 711.6196436396465], [2; 700; 766.5690231826907], [2; 700; 843.7183819351544], [2; 700; 965.8164485052229], [2; 700; 1216.8524738064382]];
Intervals[4.9E-324=3.7451845460281494, 3.7451845460281494=7.502936919623621, 7.502936919623621=11.273427534276937, 11.273427534276937=15.056830888812446, 15.056830888812446=18.853325708752955, 18.853325708752955=22.663095094110254, 22.663095094110254=26.486326673964786, 26.486326673964786=30.323212768222504, 30.323212768222504=34.17395055696345, 34.17395055696345=38.03874225782539, 38.03874225782539=45.796848365968536, 45.796848365968536=53.58390289943121, 53.58390289943121=61.400342822782044, 61.400342822782044=69.24661677549531, 69.24661677549531=77.12318552273373, 77.12318552273373=85.03052242902362, 85.03052242902362=92.96911395626988, 92.96911395626988=104.9246333033686, 104.9246333033686=116.92855609066156, 116.92855609066156=128.98167583259234, 128.98167583259234=141.08480909239387, 141.08480909239387=153.2387964505613, 153.2387964505613=165.44450352690234, 165.44450352690234=177.70282205986058, 177.70282205986058=194.118620709531, 194.118620709531=210.60705658242352, 210.60705658242352=227.16943261866933, 227.16943261866933=243.80709321699106, 243.80709321699106=260.5214261453229, 260.5214261453229=277.313864567503, 277.313864567503=294.1858891948404, 294.1858891948404=315.37731591649367, 315.37731591649367=336.6721170873441, 336.6721170873441=358.07233978414763, 358.07233978414763=383.88165575640755, 383.88165575640755=409.8226541916208, 409.8226541916208=435.89806434461593, 435.89806434461593=462.11071602627436, 462.11071602627436=488.46354498118416, 488.46354498118416=514.9595986452656, 514.9595986452656=541.6020423169599, 541.6020423169599=568.3941657791604, 568.3941657791604=599.8302611854217, 599.8302611854217=631.4491286950885, 631.4491286950885=663.2550944497705, 663.2550944497705=695.2526670295448, 695.2526670295448=727.4465486463855, 727.4465486463855=759.8416472471514, 759.8416472471514=797.1004385290756, 797.1004385290756=834.6011767935152, 834.6011767935152=872.3502715557698, 872.3502715557698=910.354435506432, 910.354435506432=948.6207054221111, 948.6207054221111=987.1564649907635, 987.1564649907635=1030.8210953697067, 1030.8210953697067=1074.8068007380605, 1074.8068007380605=1119.1232381140683, 1119.1232381140683=1163.7805845592222, 1163.7805845592222=1208.7895781318482, 1208.7895781318482=1254.1615631349175, 1254.1615631349175=1299.9085402260375, 1299.9085402260375=1351.1692978071471, 1351.1692978071471=1402.8758234810362, 1402.8758234810362=1455.0440389918874, 1455.0440389918874=1507.690888720278, 1507.690888720278=1560.8344361760958, 1560.8344361760958=1614.4939726730565, 1614.4939726730565=1668.6901401344537, 1668.6901401344537=1723.4450703617888, 1723.4450703617888=1778.7825435694056, 1778.7825435694056=1834.7281695737493, 1834.7281695737493=1891.309595757824, 1891.309595757824=2188.9947814522643, 2188.9947814522643=2490.310632109097, 2490.310632109097=2807.1767962598137, 2807.1767962598137=3128.212730221541, 3128.212730221541=3465.7000829956023, 3465.7000829956023=3808.0093351308624, 3808.0093351308624=4155.428433926116, 4155.428433926116=4508.276833088019, 4508.276833088019=4879.719011483277, 4879.719011483277=5270.595852164052, 5270.595852164052=5668.581097264762, 5668.581097264762=6074.221774625501, 6074.221774625501=6488.143109699168, 6488.143109699168=6939.260369554647, 6939.260369554647=7400.872470106388, 7400.872470106388=7874.029625914309, 7874.029625914309=8359.980962866694, 8359.980962866694=8875.865997807849, 8875.865997807849=9408.403861239116, 9408.403861239116=9976.691180802398, 9976.691180802398=10567.733810936954, 10567.733810936954=11203.853126030594, 11203.853126030594=11873.51284955498, 11873.51284955498=12585.132493194626, 12585.132493194626=13351.701516377316, 13351.701516377316=14195.41989831247, 14195.41989831247=15161.236346817692, 15161.236346817692=16378.08882062413];
