1.076070796095614
138615.54956312766
149160.14476962583
[2; 10; 3.8132093345815163]
[1; 20; 7.67795008819838]
[1; 40; 15.461806282887213]
[1; 60; 23.356043745341083]
[1; 60; 23.52407861443055]
[2; 40; 15.79803732855783]
[1; 80; 31.83364804869405]
[1; 100; 40.098164859853696]
[1; 100; 40.41391144159873]
[2; 50; 20.369922078848802]
[1; 100; 41.07655235387907]
[1; 100; 41.424675327887456]
[1; 100; 41.78490797731135]
[2; 60; 25.294804352661295]
[2; 60; 25.526879741297716]
[1; 140; 60.124665030642895]
[2; 70; 30.354218075689804]
[1; 160; 70.07492661580278]
[1; 160; 70.79739947048633]
[1; 180; 80.49444730572449]
[1; 200; 90.42119167194669]
[2; 100; 45.724396592372464]
[1; 200; 92.52476004897426]
[1; 200; 93.65322199671904]
[2; 520; 246.58096237309798]
[1; 1080; 518.8690124958465]
[1; 1080; 525.9776905405728]
[1; 1080; 533.4926728626516]
[1; 1120; 561.510365800923]
[1; 1120; 570.285382619204]
[1; 1120; 579.6359852389237]
[1; 1120; 589.6316734395893]
[1; 1120; 600.3545916516582]
[1; 1160; 633.7563605103828]
[1; 1160; 646.6937205624434]
[1; 1200; 683.5413764643879]
[1; 1240; 722.7581354974842]
[2; 620; 370.4172651889714]
[1; 1280; 785.4108018810774]
[1; 1280; 808.5242624077179]
[1; 1320; 860.7055039146228]
[1; 1320; 891.4707066056375]
[2; 680; 477.631432183267]
[1; 1360; 998.7425297569594]
[1; 1360; 1051.4028272363303]
[1; 1360; 1117.2822240255107]
[1; 1400; 1238.9544907335105]
[1; 1400; 1363.6458643644482]
[2; 700; 780.4924213684662]
[1; 1400; 1966.7176619310997]


Jobs: [[2; 10; 3.8132093345815163], [1; 20; 7.67795008819838], [1; 60; 23.356043745341083], [2; 40; 15.79803732855783], [1; 80; 31.83364804869405], [1; 100; 40.41391144159873], [2; 50; 20.369922078848802], [1; 100; 41.07655235387907], [1; 100; 41.78490797731135], [2; 60; 25.294804352661295], [2; 60; 25.526879741297716], [1; 140; 60.124665030642895], [2; 70; 30.354218075689804], [1; 160; 70.07492661580278], [1; 180; 80.49444730572449], [2; 100; 45.724396592372464], [1; 200; 92.52476004897426], [2; 520; 246.58096237309798], [1; 1080; 518.8690124958465], [1; 1080; 533.4926728626516], [1; 1120; 570.285382619204], [1; 1120; 589.6316734395893], [1; 1160; 633.7563605103828], [1; 1200; 683.5413764643879], [2; 620; 370.4172651889714], [1; 1280; 785.4108018810774], [1; 1320; 860.7055039146228], [2; 680; 477.631432183267], [1; 1360; 998.7425297569594], [1; 1360; 1117.2822240255107], [1; 1400; 1363.6458643644482], [2; 700; 780.4924213684662], [1; 1400; 1966.7176619310997]];
Intervals[4.9E-324=3.8132093345815163, 3.8132093345815163=11.491159422779896, 11.491159422779896=34.84720316812098, 42.799094231899275=58.59713156045711, 58.59713156045711=90.43077960915116, 90.43077960915116=130.84469105074987, 130.84469105074987=151.21461312959866, 151.21461312959866=192.29116548347773, 192.29116548347773=234.07607346078908, 234.07607346078908=259.37087781345036, 259.37087781345036=284.89775755474807, 284.89775755474807=345.022422585391, 345.022422585391=375.3766406610808, 375.3766406610808=445.45156727688357, 445.45156727688357=525.9460145826081, 536.5952318035138=582.3196283958863, 582.3196283958863=674.8443884448606, 675.9728503926053=922.5538127657032, 922.5538127657032=1441.4228252615499, 1441.4228252615499=1974.9154981242013, 1974.9154981242013=2545.2008807434054, 2545.2008807434054=3134.8325541829945, 3134.8325541829945=3768.5889146933773, 3768.5889146933773=4452.130291157765, 4559.484302057709=4929.90156724668, 4929.90156724668=5715.312369127758, 5715.312369127758=6576.01787304238, 6629.896536260036=7107.527968443303, 7107.527968443303=8106.2704982002615, 8106.2704982002615=9223.552722225772, 9223.552722225772=10587.19858659022, 10587.19858659022=11367.691007958687, 11367.691007958687=13334.408669889786];

Jobs: [[2; 10; 3.8132093345815163], [1; 40; 15.461806282887213], [1; 60; 23.52407861443055], [2; 40; 15.79803732855783], [1; 100; 40.098164859853696], [2; 50; 20.369922078848802], [1; 100; 41.424675327887456], [2; 60; 25.294804352661295], [2; 60; 25.526879741297716], [2; 70; 30.354218075689804], [1; 160; 70.79739947048633], [1; 200; 90.42119167194669], [2; 100; 45.724396592372464], [1; 200; 93.65322199671904], [2; 520; 246.58096237309798], [1; 1080; 525.9776905405728], [1; 1120; 561.510365800923], [1; 1120; 579.6359852389237], [1; 1120; 600.3545916516582], [1; 1160; 646.6937205624434], [1; 1240; 722.7581354974842], [2; 620; 370.4172651889714], [1; 1280; 808.5242624077179], [1; 1320; 891.4707066056375], [2; 680; 477.631432183267], [1; 1360; 1051.4028272363303], [1; 1400; 1238.9544907335105], [2; 700; 780.4924213684662]];
Intervals[4.9E-324=3.8132093345815163, 3.8132093345815163=19.27501561746873, 19.27501561746873=42.799094231899275, 42.799094231899275=58.59713156045711, 58.59713156045711=98.6952964203108, 130.84469105074987=151.21461312959866, 151.21461312959866=192.63928845748612, 234.07607346078908=259.37087781345036, 259.37087781345036=284.89775755474807, 345.022422585391=375.3766406610808, 375.3766406610808=446.1740401315671, 446.1740401315671=536.5952318035138, 536.5952318035138=582.3196283958863, 582.3196283958863=675.9728503926053, 675.9728503926053=922.5538127657032, 922.5538127657032=1448.5315033062761, 1448.5315033062761=2010.041869107199, 2010.041869107199=2589.677854346123, 2589.677854346123=3190.032445997781, 3190.032445997781=3836.7261665602246, 3836.7261665602246=4559.484302057709, 4559.484302057709=4929.90156724668, 4929.90156724668=5738.4258296543985, 5738.4258296543985=6629.896536260036, 6629.896536260036=7107.527968443303, 7107.527968443303=8158.930795679633, 8158.930795679633=9397.885286413144, 10587.19858659022=11367.691007958687];
