1.1468775401298346
8852.034349925409
10152.199380387252
[1; 20; 3.0483466778820496]
[2; 10; 1.534472119852314]
[1; 20; 3.090110041235625]
[1; 20; 3.1118720965521427]
[1; 20; 3.1342604353508148]
[2; 10; 1.578653647821927]
[1; 20; 3.1810473396405023]
[1; 20; 3.205517896203208]
[1; 20; 3.2307592338550974]
[2; 20; 3.2568148690210625]
[1; 40; 6.567463830072536]
[2; 20; 3.311561478487951]
[1; 40; 6.680718221425578]
[2; 20; 3.370185323809123]
[1; 40; 6.802212364825872]
[1; 40; 6.866387969643934]
[1; 40; 6.93305609990976]
[1; 60; 10.503586890782739]
[1; 60; 10.61187892577845]
[1; 60; 10.724779728503322]
[1; 80; 14.456858517764251]
[2; 40; 7.310577533022676]
[2; 40; 7.396592218509241]
[1; 100; 18.717008633488753]
[1; 120; 22.74474953709676]
[2; 60; 11.522028440522101]
[1; 120; 23.359768124665663]
[1; 120; 23.693524190106963]
[1; 120; 24.047211023550936]
[1; 120; 24.423009395257623]
[1; 140; 28.960700733760582]
[1; 140; 29.46012130456613]
[2; 70; 14.997938452523774]
[1; 140; 30.57286162132426]
[2; 70; 15.598484577111405]
[2; 70; 15.93768781664778]
[2; 70; 16.30846390877972]
[1; 140; 33.432686835770696]
[1; 180; 44.14719537139434]
[2; 90; 22.723190519876894]
[1; 180; 46.913395466791094]
[1; 180; 48.590275786360564]
[1; 180; 50.535923310419626]
[1; 180; 52.836112208886156]
[1; 200; 61.802200824712486]
[1; 200; 65.67463830072536]
[1; 200; 70.74585950518966]
[1; 200; 77.86589374888557]
[1; 200; 89.13419758349374]
[2; 100; 56.15102590046626]


Jobs: [[1; 20; 3.0483466778820496], [2; 10; 1.534472119852314], [1; 20; 3.090110041235625], [1; 20; 3.1342604353508148], [2; 10; 1.578653647821927], [1; 20; 3.1810473396405023], [1; 20; 3.2307592338550974], [2; 20; 3.2568148690210625], [1; 40; 6.567463830072536], [2; 20; 3.311561478487951], [1; 40; 6.680718221425578], [2; 20; 3.370185323809123], [1; 40; 6.802212364825872], [1; 40; 6.93305609990976], [1; 60; 10.61187892577845], [1; 80; 14.456858517764251], [2; 40; 7.310577533022676], [2; 40; 7.396592218509241], [1; 100; 18.717008633488753], [2; 60; 11.522028440522101], [1; 120; 23.359768124665663], [1; 120; 24.047211023550936], [1; 140; 28.960700733760582], [2; 70; 14.997938452523774], [1; 140; 30.57286162132426], [2; 70; 15.598484577111405], [2; 70; 15.93768781664778], [2; 70; 16.30846390877972], [1; 140; 33.432686835770696], [2; 90; 22.723190519876894], [1; 180; 46.913395466791094], [1; 180; 50.535923310419626], [1; 200; 61.802200824712486], [1; 200; 70.74585950518966], [1; 200; 89.13419758349374], [2; 100; 56.15102590046626]];
Intervals[0.0=3.0483466778820496, 3.0483466778820496=4.5828187977343635, 4.5828187977343635=7.672928838969988, 7.672928838969988=10.807189274320804, 10.807189274320804=12.38584292214273, 12.38584292214273=15.566890261783232, 15.566890261783232=18.79764949563833, 18.79764949563833=22.054464364659392, 22.054464364659392=28.62192819473193, 28.62192819473193=31.93348967321988, 31.93348967321988=38.61420789464546, 38.61420789464546=41.984393218454585, 41.984393218454585=48.786605583280455, 48.786605583280455=55.71966168319022, 55.71966168319022=66.33154060896867, 66.33154060896867=80.78839912673291, 80.78839912673291=88.09897665975559, 88.09897665975559=95.49556887826483, 95.49556887826483=114.21257751175358, 118.2403184153616=129.7623468558837, 129.7623468558837=153.12211498054936, 153.12211498054936=177.1693260041003, 177.1693260041003=206.13002673786087, 207.33900174581441=222.3369401983382, 222.3369401983382=252.90980181966245, 252.90980181966245=268.5082863967738, 268.5082863967738=284.4459742134216, 284.4459742134216=300.75443812220135, 300.75443812220135=334.18712495797206, 344.9016334935957=367.62482401347256, 367.62482401347256=414.53821948026365, 414.53821948026365=465.07414279068325, 465.07414279068325=526.8763436153957, 526.8763436153957=597.6222031205854, 597.6222031205854=686.7564007040792, 686.7564007040792=742.9074266045454];

Jobs: [[2; 10; 1.534472119852314], [1; 20; 3.1118720965521427], [2; 10; 1.578653647821927], [1; 20; 3.205517896203208], [2; 20; 3.2568148690210625], [2; 20; 3.311561478487951], [2; 20; 3.370185323809123], [1; 40; 6.866387969643934], [1; 60; 10.503586890782739], [1; 60; 10.724779728503322], [2; 40; 7.310577533022676], [2; 40; 7.396592218509241], [1; 120; 22.74474953709676], [2; 60; 11.522028440522101], [1; 120; 23.693524190106963], [1; 120; 24.423009395257623], [1; 140; 29.46012130456613], [2; 70; 14.997938452523774], [2; 70; 15.598484577111405], [2; 70; 15.93768781664778], [2; 70; 16.30846390877972], [1; 180; 44.14719537139434], [2; 90; 22.723190519876894], [1; 180; 48.590275786360564], [1; 180; 52.836112208886156], [1; 200; 65.67463830072536], [1; 200; 77.86589374888557], [2; 100; 56.15102590046626]];
Intervals[3.0483466778820496=4.5828187977343635, 4.5828187977343635=7.694690894286506, 10.807189274320804=12.38584292214273, 12.38584292214273=15.591360818345938, 18.79764949563833=22.054464364659392, 28.62192819473193=31.93348967321988, 38.61420789464546=41.984393218454585, 41.984393218454585=48.850781188098516, 48.850781188098516=59.35436807888125, 59.35436807888125=70.07914780738457, 80.78839912673291=88.09897665975559, 88.09897665975559=95.49556887826483, 95.49556887826483=118.2403184153616, 118.2403184153616=129.7623468558837, 129.7623468558837=153.45587104599065, 153.45587104599065=177.87888044124827, 177.87888044124827=207.33900174581441, 207.33900174581441=222.3369401983382, 252.90980181966245=268.5082863967738, 268.5082863967738=284.4459742134216, 284.4459742134216=300.75443812220135, 300.75443812220135=344.9016334935957, 344.9016334935957=367.62482401347256, 367.62482401347256=416.2150997998331, 416.2150997998331=469.0512120087193, 469.0512120087193=534.7258503094447, 534.7258503094447=612.5917440583303, 686.7564007040792=742.9074266045454];
