1.069915133354953
10330.787288345216
11053.065659271526
[2; 10; 1.6047145988051468]
[1; 20; 3.231115187853009]
[2; 10; 1.6266997225297388]
[1; 20; 3.2763114636430624]
[1; 20; 3.2998828601472074]
[2; 10; 1.6620737880620193]
[2; 10; 1.6745710527117759]
[1; 20; 3.374905749461797]
[2; 10; 1.7007404523273872]
[2; 20; 3.4289133869477766]
[2; 20; 3.457252799266405]
[2; 20; 3.4865529488020983]
[2; 20; 3.516872322367789]
[2; 30; 5.322411944516316]
[1; 60; 10.742488279180545]
[2; 30; 5.421919246863625]
[2; 40; 7.299416709119297]
[2; 40; 7.372415718878899]
[2; 40; 7.448425362949379]
[2; 50; 9.409587347884484]
[2; 50; 9.512997686845807]
[2; 50; 9.621109188513637]
[2; 50; 9.734309093328783]
[2; 50; 9.85303188054372]
[2; 60; 11.97332045373024]
[2; 60; 12.130882212649265]
[2; 60; 12.297079333640202]
[2; 60; 12.472775633060298]
[2; 60; 12.658963913137105]
[1; 140; 29.99918174813005]
[1; 140; 30.49105903622603]
[2; 70; 15.50843514060346]
[1; 140; 31.580936592773217]
[1; 140; 32.18841067320818]
[2; 80; 18.768855806701566]
[2; 80; 19.17700165321323]
[1; 160; 39.24627498517763]
[1; 180; 45.25631543037469]
[2; 90; 23.240023657020767]
[2; 90; 23.92394265603152]
[2; 90; 24.696210287139717]
[2; 100; 28.421061991878748]
[2; 100; 29.559095641631156]
[1; 200; 61.809009979734874]
[2; 100; 32.53399445059477]
[2; 100; 34.57252799266405]
[2; 100; 37.242126814746904]
[2; 100; 40.990264445467346]
[2; 100; 46.922139516753916]
[1; 200; 118.23638256652463]


Jobs: [[2; 10; 1.6047145988051468], [1; 20; 3.231115187853009], [2; 10; 1.6266997225297388], [1; 20; 3.2763114636430624], [2; 10; 1.6620737880620193], [2; 10; 1.6745710527117759], [1; 20; 3.374905749461797], [2; 10; 1.7007404523273872], [2; 20; 3.4289133869477766], [2; 20; 3.457252799266405], [2; 20; 3.4865529488020983], [2; 20; 3.516872322367789], [2; 30; 5.322411944516316], [1; 60; 10.742488279180545], [2; 30; 5.421919246863625], [2; 40; 7.299416709119297], [2; 40; 7.372415718878899], [2; 40; 7.448425362949379], [2; 50; 9.409587347884484], [2; 50; 9.512997686845807], [2; 50; 9.621109188513637], [2; 50; 9.734309093328783], [2; 50; 9.85303188054372], [2; 60; 11.97332045373024], [2; 60; 12.130882212649265], [2; 60; 12.297079333640202], [2; 60; 12.472775633060298], [2; 60; 12.658963913137105], [1; 140; 29.99918174813005], [2; 70; 15.50843514060346], [1; 140; 31.580936592773217], [2; 80; 18.768855806701566], [2; 80; 19.17700165321323], [1; 160; 39.24627498517763], [2; 90; 23.240023657020767], [2; 90; 23.92394265603152], [2; 90; 24.696210287139717], [2; 100; 28.421061991878748], [2; 100; 29.559095641631156], [1; 200; 61.809009979734874], [2; 100; 32.53399445059477], [2; 100; 34.57252799266405], [2; 100; 37.242126814746904], [2; 100; 40.990264445467346], [2; 100; 46.922139516753916], [1; 200; 118.23638256652463]];
Intervals[4.9E-324=1.6047145988051468, 1.6047145988051468=4.835829786658156, 4.835829786658156=6.4625295091878945, 6.4625295091878945=9.738840972830957, 9.762412369335102=11.424486157397121, 11.424486157397121=13.099057210108898, 13.099057210108898=16.473962959570695, 16.473962959570695=18.174703411898083, 18.174703411898083=21.60361679884586, 21.60361679884586=25.060869598112266, 25.060869598112266=28.547422546914365, 28.547422546914365=32.06429486928216, 32.06429486928216=37.386706813798476, 37.386706813798476=48.12919509297902, 48.12919509297902=53.55111433984264, 53.55111433984264=60.85053104896194, 60.85053104896194=68.22294676784084, 68.22294676784084=75.67137213079022, 75.67137213079022=85.0809594786747, 85.0809594786747=94.59395716552051, 94.59395716552051=104.21506635403415, 104.21506635403415=113.94937544736294, 113.94937544736294=123.80240732790666, 123.80240732790666=135.7757277816369, 135.7757277816369=147.90660999428616, 147.90660999428616=160.20368932792636, 160.20368932792636=172.67646496098666, 172.67646496098666=185.33542887412378, 185.33542887412378=215.33461062225382, 215.8264879103498=231.33492305095328, 231.33492305095328=262.9158596437265, 263.5233337241615=282.2921895308631, 282.2921895308631=301.4691911840763, 301.4691911840763=340.71546616925394, 346.725506614451=369.9655302714717, 369.9655302714717=393.8894729275032, 393.8894729275032=418.5856832146429, 418.5856832146429=447.00674520652166, 447.00674520652166=476.5658408481528, 476.5658408481528=538.3748508278877, 538.3748508278877=570.9088452784824, 570.9088452784824=605.4813732711465, 605.4813732711465=642.7235000858934, 642.7235000858934=683.7137645313608, 683.7137645313608=730.6359040481146, 730.6359040481146=848.8722866146393];

Jobs: [[2; 10; 1.6047145988051468], [2; 10; 1.6266997225297388], [1; 20; 3.2998828601472074], [2; 10; 1.6620737880620193], [2; 10; 1.6745710527117759], [2; 10; 1.7007404523273872], [2; 20; 3.4289133869477766], [2; 20; 3.457252799266405], [2; 20; 3.4865529488020983], [2; 20; 3.516872322367789], [2; 30; 5.322411944516316], [2; 30; 5.421919246863625], [2; 40; 7.299416709119297], [2; 40; 7.372415718878899], [2; 40; 7.448425362949379], [2; 50; 9.409587347884484], [2; 50; 9.512997686845807], [2; 50; 9.621109188513637], [2; 50; 9.734309093328783], [2; 50; 9.85303188054372], [2; 60; 11.97332045373024], [2; 60; 12.130882212649265], [2; 60; 12.297079333640202], [2; 60; 12.472775633060298], [2; 60; 12.658963913137105], [1; 140; 30.49105903622603], [2; 70; 15.50843514060346], [1; 140; 32.18841067320818], [2; 80; 18.768855806701566], [2; 80; 19.17700165321323], [1; 180; 45.25631543037469], [2; 90; 23.240023657020767], [2; 90; 23.92394265603152], [2; 90; 24.696210287139717], [2; 100; 28.421061991878748], [2; 100; 29.559095641631156], [2; 100; 32.53399445059477], [2; 100; 34.57252799266405], [2; 100; 37.242126814746904], [2; 100; 40.990264445467346], [2; 100; 46.922139516753916]];
Intervals[4.9E-324=1.6047145988051468, 4.835829786658156=6.4625295091878945, 6.4625295091878945=9.762412369335102, 9.762412369335102=11.424486157397121, 11.424486157397121=13.099057210108898, 16.473962959570695=18.174703411898083, 18.174703411898083=21.60361679884586, 21.60361679884586=25.060869598112266, 25.060869598112266=28.547422546914365, 28.547422546914365=32.06429486928216, 32.06429486928216=37.386706813798476, 48.12919509297902=53.55111433984264, 53.55111433984264=60.85053104896194, 60.85053104896194=68.22294676784084, 68.22294676784084=75.67137213079022, 75.67137213079022=85.0809594786747, 85.0809594786747=94.59395716552051, 94.59395716552051=104.21506635403415, 104.21506635403415=113.94937544736294, 113.94937544736294=123.80240732790666, 123.80240732790666=135.7757277816369, 135.7757277816369=147.90660999428616, 147.90660999428616=160.20368932792636, 160.20368932792636=172.67646496098666, 172.67646496098666=185.33542887412378, 185.33542887412378=215.8264879103498, 215.8264879103498=231.33492305095328, 231.33492305095328=263.5233337241615, 263.5233337241615=282.2921895308631, 282.2921895308631=301.4691911840763, 301.4691911840763=346.725506614451, 346.725506614451=369.9655302714717, 369.9655302714717=393.8894729275032, 393.8894729275032=418.5856832146429, 418.5856832146429=447.00674520652166, 447.00674520652166=476.5658408481528, 538.3748508278877=570.9088452784824, 570.9088452784824=605.4813732711465, 605.4813732711465=642.7235000858934, 642.7235000858934=683.7137645313608, 683.7137645313608=730.6359040481146];
