1.2078419273027143
38097.01086853906
46015.16703192867
[1; 20; 4.95846166604166]
[1; 40; 9.983931603453646]
[1; 60; 15.079182720086397]
[2; 30; 7.59268882325703]
[1; 80; 20.392838298662035]
[1; 80; 20.542791024334367]
[2; 40; 10.348626949760305]
[1; 80; 20.85646980175806]
[2; 40; 10.510350367636548]
[1; 80; 21.190229836529475]
[1; 100; 26.706704556283604]
[1; 100; 26.93304335258764]
[1; 100; 27.16725548550494]
[1; 120; 32.89179972241399]
[2; 60; 16.59678810483809]
[1; 120; 33.50674164984175]
[1; 120; 33.83207016710159]
[1; 140; 39.86548219973532]
[2; 70; 20.13824776337149]
[1; 140; 40.705001044730736]
[2; 80; 23.515625467352297]
[1; 160; 47.56574272491057]
[2; 80; 24.062695520118407]
[1; 160; 48.71234389999564]
[1; 160; 49.32902131362145]
[1; 160; 49.97816182514152]
[1; 160; 50.662879264661015]
[2; 90; 28.90503701953498]
[1; 180; 58.67303819180574]
[1; 180; 59.589952514800224]
[2; 90; 30.28350531940653]
[2; 90; 30.805737348653665]
[1; 180; 62.73192808179104]
[1; 200; 71.04289560841943]
[1; 200; 72.49314932877166]
[1; 200; 74.0695788194028]
[1; 200; 75.7927415075206]
[1; 200; 77.68834040468064]
[1; 200; 79.78903504228613]
[1; 200; 82.13710653237985]
[2; 520; 220.45010471769217]
[2; 520; 228.32991043991512]
[1; 1120; 511.4796109499542]
[2; 600; 286.4786113636983]
[2; 620; 311.6364428817855]
[1; 1320; 705.0570002858873]
[2; 680; 391.25738511693174]
[1; 1360; 861.2689474992372]
[1; 1360; 985.9068308712947]
[2; 700; 639.3495136874428]


Jobs: [[1; 20; 4.95846166604166], [1; 60; 15.079182720086397], [2; 30; 7.59268882325703], [1; 80; 20.392838298662035], [2; 40; 10.348626949760305], [1; 80; 20.85646980175806], [2; 40; 10.510350367636548], [1; 80; 21.190229836529475], [1; 100; 26.93304335258764], [1; 120; 32.89179972241399], [2; 60; 16.59678810483809], [1; 120; 33.50674164984175], [1; 140; 39.86548219973532], [2; 70; 20.13824776337149], [1; 140; 40.705001044730736], [2; 80; 23.515625467352297], [1; 160; 47.56574272491057], [2; 80; 24.062695520118407], [1; 160; 48.71234389999564], [1; 160; 49.97816182514152], [2; 90; 28.90503701953498], [1; 180; 58.67303819180574], [2; 90; 30.28350531940653], [2; 90; 30.805737348653665], [1; 180; 62.73192808179104], [1; 200; 72.49314932877166], [1; 200; 75.7927415075206], [1; 200; 79.78903504228613], [2; 520; 220.45010471769217], [2; 520; 228.32991043991512], [1; 1120; 511.4796109499542], [2; 600; 286.4786113636983], [2; 620; 311.6364428817855], [1; 1320; 705.0570002858873], [2; 680; 391.25738511693174], [1; 1360; 861.2689474992372], [2; 700; 639.3495136874428]];
Intervals[0.0=4.95846166604166, 4.95846166604166=20.037644386128058, 20.037644386128058=27.63033320938509, 27.63033320938509=48.02317150804713, 48.173124233719456=58.521751183479765, 58.521751183479765=79.37822098523782, 79.37822098523782=89.88857135287437, 89.88857135287437=111.07880118940383, 111.07880118940383=138.01184454199148, 138.01184454199148=170.90364426440547, 170.90364426440547=187.50043236924355, 187.50043236924355=221.0071740190853, 221.0071740190853=260.8726562188206, 260.8726562188206=281.01090398219213, 281.01090398219213=321.7159050269229, 321.7159050269229=345.2315304942752, 345.2315304942752=392.7972732191858, 392.7972732191858=416.8599687393042, 416.8599687393042=465.5723126392998, 465.5723126392998=515.5504744644413, 516.8518693175866=545.7569063371217, 545.7569063371217=604.4299445289274, 605.3468588519219=635.6303641713284, 635.6303641713284=666.4361015199821, 666.4361015199821=729.1680296017731, 729.1680296017731=801.6611789305448, 801.6611789305448=877.4539204380654, 877.4539204380654=957.2429554803516, 971.3740228848646=1191.824127602557, 1191.824127602557=1420.1540380424722, 1420.1540380424722=1931.6336489924263, 1931.6336489924263=2218.1122603561244, 2218.1122603561244=2529.74870323791, 2529.74870323791=3234.805703523797, 3234.805703523797=3626.063088640729, 3626.063088640729=4487.3320361399665, 4611.969919512024=5251.319433199466];

Jobs: [[1; 40; 9.983931603453646], [2; 30; 7.59268882325703], [1; 80; 20.542791024334367], [2; 40; 10.348626949760305], [2; 40; 10.510350367636548], [1; 100; 26.706704556283604], [1; 100; 27.16725548550494], [2; 60; 16.59678810483809], [1; 120; 33.83207016710159], [2; 70; 20.13824776337149], [2; 80; 23.515625467352297], [2; 80; 24.062695520118407], [1; 160; 49.32902131362145], [1; 160; 50.662879264661015], [2; 90; 28.90503701953498], [1; 180; 59.589952514800224], [2; 90; 30.28350531940653], [2; 90; 30.805737348653665], [1; 200; 71.04289560841943], [1; 200; 74.0695788194028], [1; 200; 77.68834040468064], [1; 200; 82.13710653237985], [2; 520; 220.45010471769217], [2; 520; 228.32991043991512], [2; 600; 286.4786113636983], [2; 620; 311.6364428817855], [2; 680; 391.25738511693174], [1; 1360; 985.9068308712947], [2; 700; 639.3495136874428]];
Intervals[0.0=9.983931603453646, 20.037644386128058=27.63033320938509, 27.63033320938509=48.173124233719456, 48.173124233719456=58.521751183479765, 79.37822098523782=89.88857135287437, 89.88857135287437=116.59527590915798, 116.59527590915798=143.76253139466291, 170.90364426440547=187.50043236924355, 187.50043236924355=221.33250253634515, 260.8726562188206=281.01090398219213, 321.7159050269229=345.2315304942752, 392.7972732191858=416.8599687393042, 416.8599687393042=466.18899005292565, 466.18899005292565=516.8518693175866, 516.8518693175866=545.7569063371217, 545.7569063371217=605.3468588519219, 605.3468588519219=635.6303641713284, 635.6303641713284=666.4361015199821, 666.4361015199821=737.4789971284015, 737.4789971284015=811.5485759478042, 811.5485759478042=889.2369163524849, 889.2369163524849=971.3740228848646, 971.3740228848646=1191.824127602557, 1191.824127602557=1420.1540380424722, 1931.6336489924263=2218.1122603561244, 2218.1122603561244=2529.74870323791, 3234.805703523797=3626.063088640729, 3626.063088640729=4611.969919512024, 4611.969919512024=5251.319433199466];
