1.0000000000000002
44654.11408269873
44654.11408269874
[2; 10; 2.6140094681930877]
[2; 10; 2.6316722301146815]
[2; 20; 5.299644534630588]
[2; 20; 5.3369672046913585]
[2; 20; 5.375363972369703]
[2; 20; 5.414890126960481]
[2; 20; 5.455605115339478]
[2; 20; 5.4975729577840315]
[2; 30; 8.31129407428532]
[2; 30; 8.378323534075244]
[2; 30; 8.447569017520475]
[2; 30; 8.519161998941726]
[2; 30; 8.593245387005943]
[2; 30; 8.669974852194265]
[2; 40; 11.666027132234813]
[2; 40; 11.776090492047931]
[2; 40; 11.890428618354935]
[2; 40; 12.009340793032226]
[2; 40; 12.133157158523115]
[2; 50; 15.327803733744558]
[2; 50; 15.496254625482708]
[2; 50; 15.672363504401556]
[2; 50; 15.856761168139188]
[2; 50; 16.050155364279235]
[2; 50; 16.253343458012843]
[2; 50; 16.467227768004868]
[2; 60; 20.03140111842419]
[2; 70; 23.70386976872289]
[2; 80; 27.49452689892143]
[2; 80; 27.92419828282292]
[2; 80; 28.382053401636803]
[2; 80; 28.871495333335478]
[2; 90; 33.07111459323156]
[2; 90; 33.70725294421004]
[2; 100; 38.21705026426484]
[2; 100; 39.04811479435291]
[2; 520; 207.7739786604995]
[2; 540; 221.1616391823523]
[2; 560; 235.55451666124316]
[2; 580; 251.1467656771764]
[2; 600; 268.19359889971946]
[2; 600; 277.7799561299865]
[2; 640; 308.1629829941613]
[2; 640; 322.18930379664187]
[2; 660; 349.7765392856187]
[2; 680; 382.95646212759493]
[2; 680; 412.5273433897859]
[2; 700; 467.3993594298977]
[2; 700; 535.0387036997078]
[2; 700; 674.1065252997278]


Jobs: [[2; 10; 2.6140094681930877], [2; 10; 2.6316722301146815], [2; 20; 5.299644534630588], [2; 20; 5.3369672046913585], [2; 20; 5.375363972369703], [2; 20; 5.414890126960481], [2; 20; 5.455605115339478], [2; 20; 5.4975729577840315], [2; 30; 8.31129407428532], [2; 30; 8.378323534075244], [2; 30; 8.447569017520475], [2; 30; 8.519161998941726], [2; 30; 8.593245387005943], [2; 30; 8.669974852194265], [2; 40; 11.666027132234813], [2; 40; 11.776090492047931], [2; 40; 11.890428618354935], [2; 40; 12.009340793032226], [2; 40; 12.133157158523115], [2; 50; 15.327803733744558], [2; 50; 15.496254625482708], [2; 50; 15.672363504401556], [2; 50; 15.856761168139188], [2; 50; 16.050155364279235], [2; 50; 16.253343458012843], [2; 50; 16.467227768004868], [2; 60; 20.03140111842419], [2; 70; 23.70386976872289], [2; 80; 27.49452689892143], [2; 80; 27.92419828282292], [2; 80; 28.382053401636803], [2; 80; 28.871495333335478], [2; 90; 33.07111459323156], [2; 90; 33.70725294421004], [2; 100; 38.21705026426484], [2; 100; 39.04811479435291], [2; 520; 207.7739786604995], [2; 540; 221.1616391823523], [2; 560; 235.55451666124316], [2; 580; 251.1467656771764], [2; 600; 268.19359889971946], [2; 600; 277.7799561299865], [2; 640; 308.1629829941613], [2; 640; 322.18930379664187], [2; 660; 349.7765392856187], [2; 680; 382.95646212759493], [2; 680; 412.5273433897859], [2; 700; 467.3993594298977], [2; 700; 535.0387036997078], [2; 700; 674.1065252997278]];
Intervals[4.9E-324=2.6140094681930877, 2.6140094681930877=5.245681698307769, 5.245681698307769=10.545326232938358, 10.545326232938358=15.882293437629716, 15.882293437629716=21.257657409999418, 21.257657409999418=26.672547536959897, 26.672547536959897=32.12815265229938, 32.12815265229938=37.62572561008341, 37.62572561008341=45.93701968436873, 45.93701968436873=54.31534321844397, 54.31534321844397=62.76291223596445, 62.76291223596445=71.28207423490618, 71.28207423490618=79.87531962191213, 79.87531962191213=88.54529447410638, 88.54529447410638=100.2113216063412, 100.2113216063412=111.98741209838913, 111.98741209838913=123.87784071674406, 123.87784071674406=135.8871815097763, 135.8871815097763=148.02033866829942, 148.02033866829942=163.34814240204398, 163.34814240204398=178.8443970275267, 178.8443970275267=194.51676053192824, 194.51676053192824=210.37352170006744, 210.37352170006744=226.4236770643467, 226.4236770643467=242.67702052235953, 242.67702052235953=259.1442482903644, 259.1442482903644=279.17564940878856, 279.17564940878856=302.87951917751144, 302.87951917751144=330.3740460764329, 330.3740460764329=358.2982443592558, 358.2982443592558=386.68029776089264, 386.68029776089264=415.5517930942281, 415.5517930942281=448.6229076874597, 448.6229076874597=482.33016063166974, 482.33016063166974=520.5472108959345, 520.5472108959345=559.5953256902875, 559.5953256902875=767.3693043507869, 767.3693043507869=988.5309435331392, 988.5309435331392=1224.0854601943824, 1224.0854601943824=1475.232225871559, 1475.232225871559=1743.4258247712785, 1743.4258247712785=2021.205780901265, 2021.205780901265=2329.368763895426, 2329.368763895426=2651.558067692068, 2651.558067692068=3001.3346069776867, 3001.3346069776867=3384.2910691052816, 3384.2910691052816=3796.8184124950676, 3796.8184124950676=4264.217771924965, 4264.217771924965=4799.256475624673, 4799.256475624673=5473.363000924401];

Jobs: [[2; 10; 2.6140094681930877], [2; 10; 2.6316722301146815], [2; 20; 5.299644534630588], [2; 20; 5.3369672046913585], [2; 20; 5.375363972369703], [2; 20; 5.414890126960481], [2; 20; 5.455605115339478], [2; 20; 5.4975729577840315], [2; 30; 8.31129407428532], [2; 30; 8.378323534075244], [2; 30; 8.447569017520475], [2; 30; 8.519161998941726], [2; 30; 8.593245387005943], [2; 30; 8.669974852194265], [2; 40; 11.666027132234813], [2; 40; 11.776090492047931], [2; 40; 11.890428618354935], [2; 40; 12.009340793032226], [2; 40; 12.133157158523115], [2; 50; 15.327803733744558], [2; 50; 15.496254625482708], [2; 50; 15.672363504401556], [2; 50; 15.856761168139188], [2; 50; 16.050155364279235], [2; 50; 16.253343458012843], [2; 50; 16.467227768004868], [2; 60; 20.03140111842419], [2; 70; 23.70386976872289], [2; 80; 27.49452689892143], [2; 80; 27.92419828282292], [2; 80; 28.382053401636803], [2; 80; 28.871495333335478], [2; 90; 33.07111459323156], [2; 90; 33.70725294421004], [2; 100; 38.21705026426484], [2; 100; 39.04811479435291], [2; 520; 207.7739786604995], [2; 540; 221.1616391823523], [2; 560; 235.55451666124316], [2; 580; 251.1467656771764], [2; 600; 268.19359889971946], [2; 600; 277.7799561299865], [2; 640; 308.1629829941613], [2; 640; 322.18930379664187], [2; 660; 349.7765392856187], [2; 680; 382.95646212759493], [2; 680; 412.5273433897859], [2; 700; 467.3993594298977], [2; 700; 535.0387036997078], [2; 700; 674.1065252997278]];
Intervals[4.9E-324=2.6140094681930877, 2.6140094681930877=5.245681698307769, 5.245681698307769=10.545326232938358, 10.545326232938358=15.882293437629716, 15.882293437629716=21.257657409999418, 21.257657409999418=26.672547536959897, 26.672547536959897=32.12815265229938, 32.12815265229938=37.62572561008341, 37.62572561008341=45.93701968436873, 45.93701968436873=54.31534321844397, 54.31534321844397=62.76291223596445, 62.76291223596445=71.28207423490618, 71.28207423490618=79.87531962191213, 79.87531962191213=88.54529447410638, 88.54529447410638=100.2113216063412, 100.2113216063412=111.98741209838913, 111.98741209838913=123.87784071674406, 123.87784071674406=135.8871815097763, 135.8871815097763=148.02033866829942, 148.02033866829942=163.34814240204398, 163.34814240204398=178.8443970275267, 178.8443970275267=194.51676053192824, 194.51676053192824=210.37352170006744, 210.37352170006744=226.4236770643467, 226.4236770643467=242.67702052235953, 242.67702052235953=259.1442482903644, 259.1442482903644=279.17564940878856, 279.17564940878856=302.87951917751144, 302.87951917751144=330.3740460764329, 330.3740460764329=358.2982443592558, 358.2982443592558=386.68029776089264, 386.68029776089264=415.5517930942281, 415.5517930942281=448.6229076874597, 448.6229076874597=482.33016063166974, 482.33016063166974=520.5472108959345, 520.5472108959345=559.5953256902875, 559.5953256902875=767.3693043507869, 767.3693043507869=988.5309435331392, 988.5309435331392=1224.0854601943824, 1224.0854601943824=1475.232225871559, 1475.232225871559=1743.4258247712785, 1743.4258247712785=2021.205780901265, 2021.205780901265=2329.368763895426, 2329.368763895426=2651.558067692068, 2651.558067692068=3001.3346069776867, 3001.3346069776867=3384.2910691052816, 3384.2910691052816=3796.8184124950676, 3796.8184124950676=4264.217771924965, 4264.217771924965=4799.256475624673, 4799.256475624673=5473.363000924401];
