1.2073980257172947
1482439.2940207918
1789894.2768464442
[2; 10; 6.668103075962655]
[2; 10; 6.690479428484109]
[1; 20; 13.426318386431323]
[1; 20; 13.472299287756393]
[1; 40; 27.037833223539458]
[2; 30; 20.349278903345997]
[1; 60; 40.8423701600214]
[2; 30; 20.49411850294915]
[1; 60; 41.13621026402068]
[2; 40; 27.524229166013193]
[1; 100; 69.06448876894027]
[1; 100; 69.32219447281827]
[1; 100; 69.58379013825672]
[1; 120; 83.81925563762013]
[1; 120; 84.14288531740158]
[1; 140; 98.55016710029912]
[1; 140; 98.93969750154676]
[2; 70; 49.66773025231902]
[1; 160; 113.98586599631135]
[1; 160; 114.45302640529941]
[2; 80; 57.46397033424901]
[1; 180; 129.83719145293875]
[2; 90; 65.1948483978154]
[2; 90; 65.47586414861905]
[1; 200; 146.1373079550086]
[2; 100; 73.39197081653056]
[1; 200; 147.44217439119868]
[2; 100; 74.05618765178595]
[1; 1040; 773.7336383562359]
[2; 520; 388.67463430869935]
[1; 1040; 781.033443411773]
[1; 1040; 784.7884696139438]
[2; 520; 394.3083833173147]
[2; 520; 396.2604368317819]
[1; 1080; 827.1382058599502]
[1; 1080; 831.3583717979973]
[1; 1080; 835.6660050267169]
[2; 540; 420.0321640856771]
[1; 1080; 844.5567362004596]
[2; 540; 424.5734043016215]
[1; 1080; 853.8383226434818]
[1; 1120; 890.4365740198999]
[2; 560; 447.76244673347793]
[1; 1120; 900.7315505379304]
[1; 1120; 906.061447071511]
[1; 1120; 911.5197802204217]
[2; 580; 474.93303418186065]
[1; 1160; 955.8028854174611]
[2; 580; 480.945483013434]
[2; 580; 484.0685931403568]
[1; 1200; 1008.1540113928921]
[1; 1200; 1014.9660694593234]
[2; 600; 510.9830283282648]
[2; 600; 514.5816189220922]
[2; 600; 518.283772245412]
[2; 600; 522.0948192012953]
[2; 620; 543.5545079452729]
[2; 620; 547.7358607864701]
[2; 620; 552.0489191607611]
[1; 1240; 1113.002237684179]
[1; 1240; 1122.2010204371504]
[1; 1240; 1131.7116520331083]
[2; 620; 570.7765584492031]
[1; 1240; 1151.7460947780003]
[1; 1240; 1162.3131629723016]
[1; 1240; 1173.279029108363]
[2; 620; 592.3354000398668]
[1; 1240; 1196.5182940293384]
[1; 1240; 1208.8544038094878]
[1; 1240; 1221.7155223279108]
[2; 620; 617.5710213531304]
[1; 1280; 1289.4750445530076]
[2; 640; 652.3233655220607]
[2; 640; 660.279312613702]
[1; 1280; 1337.2763319183064]
[2; 640; 677.4370455945924]
[1; 1280; 1373.4363168635928]
[2; 660; 718.2962979180063]
[2; 660; 729.0187189916608]
[1; 1320; 1480.82295329921]
[2; 660; 752.5515274105644]
[2; 660; 765.5291040526185]
[2; 660; 779.4508561251107]
[2; 660; 794.4439577602661]
[1; 1320; 1621.3231166898]
[1; 1320; 1656.5802630361427]
[1; 1360; 1746.4863715639626]
[1; 1360; 1790.1665126169573]
[1; 1360; 1838.5726592006833]
[1; 1360; 1892.679091760583]
[2; 680; 976.8874956822332]
[1; 1360; 2023.6110541624632]
[2; 680; 1052.3201544780875]
[1; 1360; 2200.434942887955]
[1; 1400; 2384.587465531902]
[2; 700; 1267.0011521064603]
[2; 700; 1364.8356172042606]
[1; 1400; 3004.3919431391087]
[1; 1400; 3439.1702475238176]
[1; 1400; 4333.08298902742]


Jobs: [[2; 10; 6.668103075962655], [2; 10; 6.690479428484109], [1; 20; 13.426318386431323], [1; 40; 27.037833223539458], [2; 30; 20.349278903345997], [1; 60; 40.8423701600214], [2; 30; 20.49411850294915], [1; 60; 41.13621026402068], [2; 40; 27.524229166013193], [1; 100; 69.06448876894027], [1; 100; 69.58379013825672], [1; 120; 84.14288531740158], [1; 140; 98.93969750154676], [2; 70; 49.66773025231902], [1; 160; 113.98586599631135], [2; 80; 57.46397033424901], [1; 180; 129.83719145293875], [2; 90; 65.1948483978154], [2; 90; 65.47586414861905], [1; 200; 146.1373079550086], [2; 100; 73.39197081653056], [1; 200; 147.44217439119868], [2; 100; 74.05618765178595], [1; 1040; 773.7336383562359], [2; 520; 388.67463430869935], [1; 1040; 781.033443411773], [2; 520; 394.3083833173147], [2; 520; 396.2604368317819], [1; 1080; 827.1382058599502], [1; 1080; 835.6660050267169], [2; 540; 420.0321640856771], [1; 1080; 844.5567362004596], [2; 540; 424.5734043016215], [1; 1080; 853.8383226434818], [2; 560; 447.76244673347793], [1; 1120; 900.7315505379304], [1; 1120; 911.5197802204217], [2; 580; 474.93303418186065], [1; 1160; 955.8028854174611], [2; 580; 480.945483013434], [2; 580; 484.0685931403568], [1; 1200; 1008.1540113928921], [2; 600; 510.9830283282648], [2; 600; 514.5816189220922], [2; 600; 518.283772245412], [2; 600; 522.0948192012953], [2; 620; 543.5545079452729], [2; 620; 547.7358607864701], [2; 620; 552.0489191607611], [1; 1240; 1113.002237684179], [1; 1240; 1131.7116520331083], [2; 620; 570.7765584492031], [1; 1240; 1151.7460947780003], [1; 1240; 1173.279029108363], [2; 620; 592.3354000398668], [1; 1240; 1196.5182940293384], [1; 1240; 1221.7155223279108], [2; 620; 617.5710213531304], [1; 1280; 1289.4750445530076], [2; 640; 652.3233655220607], [2; 640; 660.279312613702], [1; 1280; 1337.2763319183064], [2; 640; 677.4370455945924], [1; 1280; 1373.4363168635928], [2; 660; 718.2962979180063], [2; 660; 729.0187189916608], [1; 1320; 1480.82295329921], [2; 660; 752.5515274105644], [2; 660; 765.5291040526185], [2; 660; 779.4508561251107], [2; 660; 794.4439577602661], [1; 1320; 1621.3231166898], [1; 1360; 1746.4863715639626], [1; 1360; 1838.5726592006833], [2; 680; 976.8874956822332], [1; 1360; 2023.6110541624632], [2; 680; 1052.3201544780875], [1; 1360; 2200.434942887955], [2; 700; 1267.0011521064603], [2; 700; 1364.8356172042606], [1; 1400; 3004.3919431391087], [1; 1400; 4333.08298902742]];
Intervals[4.9E-324=6.668103075962655, 6.668103075962655=13.358582504446765, 13.358582504446765=26.784900890878088, 26.784900890878088=53.82273411441754, 53.82273411441754=74.17201301776353, 74.17201301776353=115.01438317778494, 115.01438317778494=135.50850168073407, 135.50850168073407=176.64471194475476, 176.64471194475476=204.16894111076795, 204.16894111076795=273.2334298797082, 273.2334298797082=342.8172200179649, 342.8172200179649=426.9601053353665, 426.9601053353665=525.8998028369133, 525.8998028369133=575.5675330892323, 575.5675330892323=689.5533990855436, 690.0205594945317=747.4845298287806, 747.4845298287806=877.3217212817194, 877.3217212817194=942.5165696795348, 942.5165696795348=1007.9924338281538, 1007.9924338281538=1154.1297417831624, 1154.1297417831624=1227.521712599693, 1227.521712599693=1374.9638869908918, 1374.9638869908918=1449.0200746426776, 1449.0200746426776=2222.7537129989137, 2222.7537129989137=2611.428347307613, 2611.428347307613=3392.461790719386, 3396.2168169215565=3790.525200238871, 3790.525200238871=4186.785637070653, 4186.785637070653=5013.923842930603, 5013.923842930603=5849.589847957321, 5849.589847957321=6269.622012042998, 6269.622012042998=7114.178748243457, 7114.178748243457=7538.752152545079, 7538.752152545079=8392.590475188561, 8429.188726564978=8876.951173298456, 8876.951173298456=9777.682723836386, 9777.682723836386=10689.202504056808, 10689.202504056808=11164.135538238668, 11164.135538238668=12119.938423656129, 12119.938423656129=12600.883906669564, 12600.883906669564=13084.95249980992, 13084.95249980992=14093.106511202812, 14099.918569269244=14610.901597597509, 14610.901597597509=15125.4832165196, 15125.4832165196=15643.766988765012, 15643.766988765012=16165.861807966307, 16165.861807966307=16709.416315911578, 16709.416315911578=17257.152176698048, 17257.152176698048=17809.201095858807, 17809.201095858807=18922.203333542988, 18922.203333542988=20053.914985576095, 20053.914985576095=20624.6915440253, 20624.6915440253=21776.4376388033, 21776.4376388033=22949.716667911664, 22949.716667911664=23542.052067951532, 23542.052067951532=24738.57036198087, 24738.57036198087=25960.28588430878, 25960.28588430878=26577.856905661913, 26577.856905661913=27867.33195021492, 27867.33195021492=28519.65531573698, 28519.65531573698=29179.934628350682, 29179.934628350682=30517.21096026899, 30517.21096026899=31194.648005863583, 31194.648005863583=32568.084322727176, 32568.084322727176=33286.380620645185, 33286.380620645185=34015.399339636846, 34015.399339636846=35496.22229293606, 35496.22229293606=36248.77382034662, 36248.77382034662=37014.30292439924, 37014.30292439924=37793.753780524356, 37793.753780524356=38588.19773828462, 38588.19773828462=40209.52085497442, 40209.52085497442=41956.007226538386, 41956.007226538386=43794.57988573907, 43927.6236056983=44904.511101380536, 44904.511101380536=46928.122155543, 46928.122155543=47980.44231002109, 47980.44231002109=50180.87725290905, 50365.02977555299=51632.03092765945, 51632.03092765945=52996.86654486371, 52996.86654486371=56001.25848800282, 56001.25848800282=60334.34147703024];

Jobs: [[2; 10; 6.668103075962655], [2; 10; 6.690479428484109], [1; 20; 13.472299287756393], [2; 30; 20.349278903345997], [2; 30; 20.49411850294915], [2; 40; 27.524229166013193], [1; 100; 69.32219447281827], [1; 120; 83.81925563762013], [1; 140; 98.55016710029912], [2; 70; 49.66773025231902], [1; 160; 114.45302640529941], [2; 80; 57.46397033424901], [2; 90; 65.1948483978154], [2; 90; 65.47586414861905], [2; 100; 73.39197081653056], [2; 100; 74.05618765178595], [2; 520; 388.67463430869935], [1; 1040; 784.7884696139438], [2; 520; 394.3083833173147], [2; 520; 396.2604368317819], [1; 1080; 831.3583717979973], [2; 540; 420.0321640856771], [2; 540; 424.5734043016215], [1; 1120; 890.4365740198999], [2; 560; 447.76244673347793], [1; 1120; 906.061447071511], [2; 580; 474.93303418186065], [2; 580; 480.945483013434], [2; 580; 484.0685931403568], [1; 1200; 1014.9660694593234], [2; 600; 510.9830283282648], [2; 600; 514.5816189220922], [2; 600; 518.283772245412], [2; 600; 522.0948192012953], [2; 620; 543.5545079452729], [2; 620; 547.7358607864701], [2; 620; 552.0489191607611], [1; 1240; 1122.2010204371504], [2; 620; 570.7765584492031], [1; 1240; 1162.3131629723016], [2; 620; 592.3354000398668], [1; 1240; 1208.8544038094878], [2; 620; 617.5710213531304], [2; 640; 652.3233655220607], [2; 640; 660.279312613702], [2; 640; 677.4370455945924], [2; 660; 718.2962979180063], [2; 660; 729.0187189916608], [2; 660; 752.5515274105644], [2; 660; 765.5291040526185], [2; 660; 779.4508561251107], [2; 660; 794.4439577602661], [1; 1320; 1656.5802630361427], [1; 1360; 1790.1665126169573], [1; 1360; 1892.679091760583], [2; 680; 976.8874956822332], [2; 680; 1052.3201544780875], [1; 1400; 2384.587465531902], [2; 700; 1267.0011521064603], [2; 700; 1364.8356172042606], [1; 1400; 3439.1702475238176]];
Intervals[4.9E-324=6.668103075962655, 6.668103075962655=13.358582504446765, 13.358582504446765=26.830881792203158, 53.82273411441754=74.17201301776353, 115.01438317778494=135.50850168073407, 176.64471194475476=204.16894111076795, 204.16894111076795=273.49113558358624, 273.49113558358624=357.3103912212064, 357.3103912212064=455.8605583215055, 525.8998028369133=575.5675330892323, 575.5675330892323=690.0205594945317, 690.0205594945317=747.4845298287806, 877.3217212817194=942.5165696795348, 942.5165696795348=1007.9924338281538, 1154.1297417831624=1227.521712599693, 1374.9638869908918=1449.0200746426776, 2222.7537129989137=2611.428347307613, 2611.428347307613=3396.2168169215565, 3396.2168169215565=3790.525200238871, 3790.525200238871=4186.785637070653, 4186.785637070653=5018.14400886865, 5849.589847957321=6269.622012042998, 7114.178748243457=7538.752152545079, 7538.752152545079=8429.188726564978, 8429.188726564978=8876.951173298456, 8876.951173298456=9783.012620369967, 10689.202504056808=11164.135538238668, 12119.938423656129=12600.883906669564, 12600.883906669564=13084.95249980992, 13084.95249980992=14099.918569269244, 14099.918569269244=14610.901597597509, 14610.901597597509=15125.4832165196, 15125.4832165196=15643.766988765012, 15643.766988765012=16165.861807966307, 16165.861807966307=16709.416315911578, 16709.416315911578=17257.152176698048, 17257.152176698048=17809.201095858807, 17809.201095858807=18931.402116295958, 20053.914985576095=20624.6915440253, 20624.6915440253=21787.004706997603, 22949.716667911664=23542.052067951532, 23542.052067951532=24750.90647176102, 25960.28588430878=26577.856905661913, 27867.33195021492=28519.65531573698, 28519.65531573698=29179.934628350682, 30517.21096026899=31194.648005863583, 32568.084322727176=33286.380620645185, 33286.380620645185=34015.399339636846, 35496.22229293606=36248.77382034662, 36248.77382034662=37014.30292439924, 37014.30292439924=37793.753780524356, 37793.753780524356=38588.19773828462, 38588.19773828462=40244.77800132077, 40244.77800132077=42034.94451393772, 42034.94451393772=43927.6236056983, 43927.6236056983=44904.511101380536, 46928.122155543=47980.44231002109, 47980.44231002109=50365.02977555299, 50365.02977555299=51632.03092765945, 51632.03092765945=52996.86654486371, 52996.86654486371=56436.03679238753];
