1.2123826678956193
69358.01189119427
84088.4514965822
[1; 20; 6.054554665537252]
[1; 40; 12.190930119330929]
[2; 20; 6.137504078173153]
[1; 60; 18.542182085889365]
[1; 60; 18.675583665943222]
[1; 80; 25.083878754442594]
[2; 40; 12.63624321423752]
[1; 80; 25.4668978101988]
[2; 40; 12.833716410599022]
[2; 40; 12.93721859334107]
[1; 100; 32.61035651031961]
[2; 50; 16.443364320461047]
[1; 100; 33.17271454896924]
[1; 120; 40.162698207614895]
[1; 120; 40.53118391184366]
[1; 140; 47.732505513638934]
[1; 140; 48.19595688131088]
[1; 140; 48.677948424875815]
[1; 140; 49.17981832409776]
[1; 140; 49.70304715147969]
[1; 160; 57.427746537382724]
[2; 80; 29.040195218929043]
[2; 80; 29.38187592020625]
[1; 160; 59.48045359487826]
[1; 180; 67.76263199925017]
[1; 180; 68.65434783764637]
[1; 180; 69.59493523715386]
[1; 180; 70.58928293938418]
[1; 180; 71.64300967744097]
[1; 200; 80.84734727047493]
[2; 100; 41.086474611928]
[2; 100; 41.795001342400255]
[1; 200; 85.11015297948708]
[2; 540; 234.21767372198704]
[1; 1080; 477.99788145328057]
[2; 560; 253.24049348666568]
[1; 1120; 518.2638154017402]
[2; 580; 275.09904745688016]
[1; 1160; 565.0754649487682]
[1; 1200; 601.7635731361999]
[1; 1200; 621.1885707544725]
[1; 1240; 664.8388544514976]
[1; 1280; 713.765443138539]
[1; 1280; 746.2531319125522]
[1; 1280; 785.6005220061635]
[1; 1280; 834.8251266641821]
[2; 660; 463.6954299129217]
[1; 1320; 1020.7257168115898]
[1; 1360; 1203.8465162527066]
[1; 1360; 1516.7515666693955]


Jobs: [[1; 20; 6.054554665537252], [2; 20; 6.137504078173153], [1; 60; 18.542182085889365], [1; 80; 25.083878754442594], [2; 40; 12.63624321423752], [1; 80; 25.4668978101988], [2; 40; 12.833716410599022], [2; 40; 12.93721859334107], [1; 100; 32.61035651031961], [2; 50; 16.443364320461047], [1; 100; 33.17271454896924], [1; 120; 40.53118391184366], [1; 140; 48.19595688131088], [1; 140; 49.17981832409776], [1; 160; 57.427746537382724], [2; 80; 29.040195218929043], [2; 80; 29.38187592020625], [1; 160; 59.48045359487826], [1; 180; 68.65434783764637], [1; 180; 70.58928293938418], [1; 200; 80.84734727047493], [2; 100; 41.086474611928], [2; 100; 41.795001342400255], [1; 200; 85.11015297948708], [2; 540; 234.21767372198704], [1; 1080; 477.99788145328057], [2; 560; 253.24049348666568], [1; 1120; 518.2638154017402], [2; 580; 275.09904745688016], [1; 1160; 565.0754649487682], [1; 1200; 621.1885707544725], [1; 1280; 713.765443138539], [1; 1280; 785.6005220061635], [2; 660; 463.6954299129217], [1; 1320; 1020.7257168115898], [1; 1360; 1516.7515666693955]];
Intervals[0.0=6.054554665537252, 12.190930119330929=18.32843419750408, 18.32843419750408=36.870616283393446, 36.870616283393446=61.95449503783604, 61.95449503783604=74.59073825207356, 74.59073825207356=100.05763606227237, 100.05763606227237=112.89135247287139, 112.89135247287139=125.82857106621246, 125.82857106621246=158.43892757653208, 158.43892757653208=174.88229189699314, 174.88229189699314=208.05500644596236, 208.05500644596236=248.58619035780603, 248.58619035780603=296.7821472391169, 296.7821472391169=345.9619655632147, 345.9619655632147=403.3897121005974, 403.3897121005974=432.4299073195265, 432.4299073195265=461.81178323973273, 461.81178323973273=521.292236834611, 521.292236834611=589.9465846722574, 589.9465846722574=660.5358676116415, 660.5358676116415=741.3832148821164, 741.3832148821164=782.4696894940444, 782.4696894940444=824.2646908364446, 824.2646908364446=909.3748438159317, 909.3748438159317=1143.5925175379189, 1143.5925175379189=1621.5903989911994, 1621.5903989911994=1874.830892477865, 1874.830892477865=2393.0947078796053, 2393.0947078796053=2668.1937553364855, 2668.1937553364855=3233.2692202852536, 3233.2692202852536=3854.457791039726, 3854.457791039726=4568.223234178266, 4568.223234178266=5353.823756184429, 5515.874441500917=5979.569871413839, 5979.569871413839=7000.295588225428, 7000.295588225428=8517.047154894824];

Jobs: [[1; 40; 12.190930119330929], [2; 20; 6.137504078173153], [1; 60; 18.675583665943222], [2; 40; 12.63624321423752], [2; 40; 12.833716410599022], [2; 40; 12.93721859334107], [2; 50; 16.443364320461047], [1; 120; 40.162698207614895], [1; 140; 47.732505513638934], [1; 140; 48.677948424875815], [1; 140; 49.70304715147969], [2; 80; 29.040195218929043], [2; 80; 29.38187592020625], [1; 180; 67.76263199925017], [1; 180; 69.59493523715386], [1; 180; 71.64300967744097], [2; 100; 41.086474611928], [2; 100; 41.795001342400255], [2; 540; 234.21767372198704], [2; 560; 253.24049348666568], [2; 580; 275.09904745688016], [1; 1200; 601.7635731361999], [1; 1240; 664.8388544514976], [1; 1280; 746.2531319125522], [1; 1280; 834.8251266641821], [2; 660; 463.6954299129217], [1; 1360; 1203.8465162527066]];
Intervals[0.0=12.190930119330929, 12.190930119330929=18.32843419750408, 18.32843419750408=37.0040178634473, 61.95449503783604=74.59073825207356, 100.05763606227237=112.89135247287139, 112.89135247287139=125.82857106621246, 158.43892757653208=174.88229189699314, 174.88229189699314=215.04499010460802, 215.04499010460802=262.777495618247, 262.777495618247=311.4554440431228, 311.4554440431228=361.15849119460245, 403.3897121005974=432.4299073195265, 432.4299073195265=461.81178323973273, 461.81178323973273=529.574415238983, 529.574415238983=599.1693504761369, 599.1693504761369=670.8123601535779, 741.3832148821164=782.4696894940444, 782.4696894940444=824.2646908364446, 909.3748438159317=1143.5925175379189, 1621.5903989911994=1874.830892477865, 2393.0947078796053=2668.1937553364855, 2668.1937553364855=3269.9573284726853, 3269.9573284726853=3934.796182924183, 3934.796182924183=4681.049314836735, 4681.049314836735=5515.874441500917, 5515.874441500917=5979.569871413839, 5979.569871413839=7183.416387666545];
