1.1706062046847194
78449.23147596078
91833.15711850749
[1; 20; 6.308308017234292]
[1; 20; 6.350933013047146]
[1; 20; 6.394733935185682]
[2; 20; 6.439768756526957]
[1; 40; 12.97219924222072]
[2; 20; 6.533793242906576]
[2; 20; 6.58292135256686]
[2; 20; 6.633561199166576]
[1; 40; 13.37159223034436]
[2; 30; 10.109574231481998]
[2; 40; 13.590837627735809]
[1; 80; 27.41203941911767]
[1; 80; 27.650416944298016]
[1; 80; 27.897308730674578]
[2; 40; 14.076630820013847]
[2; 50; 17.76179633398882]
[1; 100; 35.86850348775204]
[1; 100; 36.227212318951324]
[2; 50; 18.300357532365414]
[1; 100; 36.99011360009052]
[2; 50; 18.6983154576347]
[2; 60; 22.692977408111716]
[2; 70; 26.78664112545866]
[1; 140; 54.22667935677256]
[2; 70; 27.456582947935193]
[2; 80; 31.791880240536297]
[1; 160; 64.45487914734014]
[2; 90; 36.773880499584465]
[2; 90; 37.32282531855639]
[1; 180; 75.8121773472972]
[2; 520; 222.60397136753943]
[1; 1040; 452.8854505043823]
[1; 1080; 478.85697400682807]
[2; 540; 244.03400589121094]
[1; 1080; 498.0313225935946]
[1; 1120; 527.7081878353296]
[2; 560; 269.9924240795605]
[1; 1200; 593.0250311020831]
[2; 600; 304.5302212731148]
[2; 600; 313.49208840265675]
[1; 1240; 668.7974083693011]
[1; 1240; 692.7030157275966]
[1; 1280; 743.6801740357381]
[2; 640; 388.76472961140763]
[1; 1360; 869.6838151852527]
[1; 1360; 924.176958686035]
[1; 1360; 995.5394497606785]
[1; 1400; 1127.9603850784524]
[2; 700; 645.5961589176226]
[2; 700; 813.4001903515884]


Jobs: [[1; 20; 6.308308017234292], [1; 20; 6.394733935185682], [2; 20; 6.439768756526957], [1; 40; 12.97219924222072], [2; 20; 6.533793242906576], [2; 20; 6.58292135256686], [2; 20; 6.633561199166576], [1; 40; 13.37159223034436], [2; 30; 10.109574231481998], [2; 40; 13.590837627735809], [1; 80; 27.41203941911767], [1; 80; 27.897308730674578], [2; 40; 14.076630820013847], [2; 50; 17.76179633398882], [1; 100; 35.86850348775204], [2; 50; 18.300357532365414], [1; 100; 36.99011360009052], [2; 50; 18.6983154576347], [2; 60; 22.692977408111716], [2; 70; 26.78664112545866], [1; 140; 54.22667935677256], [2; 70; 27.456582947935193], [2; 80; 31.791880240536297], [1; 160; 64.45487914734014], [2; 90; 36.773880499584465], [2; 90; 37.32282531855639], [1; 180; 75.8121773472972], [2; 520; 222.60397136753943], [1; 1040; 452.8854505043823], [2; 540; 244.03400589121094], [1; 1080; 498.0313225935946], [2; 560; 269.9924240795605], [1; 1200; 593.0250311020831], [2; 600; 304.5302212731148], [2; 600; 313.49208840265675], [1; 1240; 668.7974083693011], [1; 1280; 743.6801740357381], [2; 640; 388.76472961140763], [1; 1360; 869.6838151852527], [1; 1360; 995.5394497606785], [2; 700; 645.5961589176226], [2; 700; 813.4001903515884]];
Intervals[0.0=6.308308017234292, 6.308308017234292=12.703041952419973, 12.703041952419973=19.14281070894693, 19.14281070894693=32.11500995116765, 32.11500995116765=38.648803194074226, 38.648803194074226=45.23172454664109, 45.23172454664109=51.86528574580767, 51.86528574580767=65.23687797615203, 65.23687797615203=75.34645220763403, 75.34645220763403=88.93728983536984, 88.93728983536984=116.34932925448751, 116.34932925448751=144.2466379851621, 144.2466379851621=158.32326880517593, 158.32326880517593=176.08506513916475, 176.08506513916475=211.9535686269168, 212.31227745811609=230.6126349904815, 230.6126349904815=267.602748590572, 267.602748590572=286.3010640482067, 286.3010640482067=308.9940414563184, 308.9940414563184=335.7806825817771, 335.7806825817771=390.00736193854965, 390.00736193854965=417.46394488648485, 417.46394488648485=449.2558251270211, 449.2558251270211=513.7107042743612, 513.7107042743612=550.4845847739457, 550.4845847739457=587.8074100925021, 587.8074100925021=663.6195874397993, 663.6195874397993=886.2235588073387, 886.2235588073387=1339.109009311721, 1365.0805328141669=1609.1145387053778, 1609.1145387053778=2107.1458612989722, 2136.822726540707=2406.8151506202676, 2406.8151506202676=2999.8401817223507, 2999.8401817223507=3304.3704029954656, 3304.3704029954656=3617.8624913981225, 3617.8624913981225=4286.659899767424, 4286.659899767424=5030.340073803161, 5030.340073803161=5419.104803414569, 5419.104803414569=6288.788618599821, 6288.788618599821=7284.3280683605, 7471.242147179056=8116.838306096678, 8116.838306096678=8930.238496448266];

Jobs: [[1; 20; 6.350933013047146], [2; 20; 6.439768756526957], [2; 20; 6.533793242906576], [2; 20; 6.58292135256686], [2; 20; 6.633561199166576], [2; 30; 10.109574231481998], [2; 40; 13.590837627735809], [1; 80; 27.650416944298016], [2; 40; 14.076630820013847], [2; 50; 17.76179633398882], [1; 100; 36.227212318951324], [2; 50; 18.300357532365414], [2; 50; 18.6983154576347], [2; 60; 22.692977408111716], [2; 70; 26.78664112545866], [2; 70; 27.456582947935193], [2; 80; 31.791880240536297], [2; 90; 36.773880499584465], [2; 90; 37.32282531855639], [2; 520; 222.60397136753943], [1; 1080; 478.85697400682807], [2; 540; 244.03400589121094], [1; 1120; 527.7081878353296], [2; 560; 269.9924240795605], [2; 600; 304.5302212731148], [2; 600; 313.49208840265675], [1; 1240; 692.7030157275966], [2; 640; 388.76472961140763], [1; 1360; 924.176958686035], [1; 1400; 1127.9603850784524], [2; 700; 645.5961589176226], [2; 700; 813.4001903515884]];
Intervals[0.0=6.350933013047146, 12.703041952419973=19.14281070894693, 32.11500995116765=38.648803194074226, 38.648803194074226=45.23172454664109, 45.23172454664109=51.86528574580767, 65.23687797615203=75.34645220763403, 75.34645220763403=88.93728983536984, 88.93728983536984=116.58770677966785, 144.2466379851621=158.32326880517593, 158.32326880517593=176.08506513916475, 176.08506513916475=212.31227745811609, 212.31227745811609=230.6126349904815, 267.602748590572=286.3010640482067, 286.3010640482067=308.9940414563184, 308.9940414563184=335.7806825817771, 390.00736193854965=417.46394488648485, 417.46394488648485=449.2558251270211, 513.7107042743612=550.4845847739457, 550.4845847739457=587.8074100925021, 663.6195874397993=886.2235588073387, 886.2235588073387=1365.0805328141669, 1365.0805328141669=1609.1145387053778, 1609.1145387053778=2136.822726540707, 2136.822726540707=2406.8151506202676, 2999.8401817223507=3304.3704029954656, 3304.3704029954656=3617.8624913981225, 3617.8624913981225=4310.565507125719, 5030.340073803161=5419.104803414569, 5419.104803414569=6343.281762100603, 6343.281762100603=7471.242147179056, 7471.242147179056=8116.838306096678, 8116.838306096678=8930.238496448266];
