1.2174954946667391
10656.136347722992
12973.797993907223
[1; 20; 3.242773254060182]
[1; 20; 3.264684548816038]
[1; 40; 6.57440065234563]
[1; 40; 6.620700773946506]
[2; 20; 3.334166676237837]
[2; 20; 3.3586834881511898]
[2; 20; 3.3839376957126572]
[1; 40; 6.819938017313156]
[2; 20; 3.4368202638724443]
[1; 40; 6.929075506611824]
[1; 40; 6.986343190454832]
[1; 40; 7.045552311706085]
[2; 20; 3.5534105296388514]
[2; 20; 3.5851390882048637]
[1; 60; 10.854096329565323]
[2; 30; 5.478249756216743]
[1; 80; 14.750506596124158]
[2; 40; 7.449010724023546]
[1; 80; 15.051620125983916]
[1; 80; 15.211755763265396]
[1; 80; 15.378931300461486]
[1; 100; 19.44213355704197]
[1; 100; 19.670885525753437]
[2; 50; 9.95539900908858]
[1; 120; 24.195432233593525]
[2; 60; 12.256914848479557]
[2; 60; 12.424838658499267]
[1; 140; 29.405507454750524]
[1; 140; 29.844460340527913]
[2; 70; 15.155427683053508]
[1; 140; 30.807842966053123]
[2; 70; 15.669558538235272]
[1; 140; 31.909043700814067]
[2; 70; 16.26141453743625]
[1; 140; 33.1867428055598]
[1; 160; 38.75247854067713]
[2; 80; 19.82701019517531]
[2; 80; 20.322889588272936]
[1; 160; 41.74484204637547]
[1; 160; 42.973330063752954]
[1; 180; 49.90557838472489]
[1; 180; 51.68941179514849]
[2; 90; 26.879577324539163]
[1; 180; 56.20605187810867]
[1; 180; 59.16960587111066]
[1; 200; 69.86343190454832]
[2; 100; 37.62905031495979]
[1; 200; 82.83225772332845]
[1; 200; 94.81926515874228]
[1; 200; 119.46478810906295]


Jobs: [[1; 20; 3.242773254060182], [1; 40; 6.57440065234563], [2; 20; 3.334166676237837], [2; 20; 3.3586834881511898], [2; 20; 3.3839376957126572], [1; 40; 6.819938017313156], [2; 20; 3.4368202638724443], [1; 40; 6.929075506611824], [1; 40; 7.045552311706085], [2; 20; 3.5534105296388514], [2; 20; 3.5851390882048637], [1; 60; 10.854096329565323], [2; 30; 5.478249756216743], [1; 80; 14.750506596124158], [2; 40; 7.449010724023546], [1; 80; 15.051620125983916], [1; 80; 15.378931300461486], [1; 100; 19.670885525753437], [2; 50; 9.95539900908858], [1; 120; 24.195432233593525], [2; 60; 12.256914848479557], [2; 60; 12.424838658499267], [1; 140; 29.405507454750524], [2; 70; 15.155427683053508], [1; 140; 30.807842966053123], [2; 70; 15.669558538235272], [1; 140; 31.909043700814067], [2; 70; 16.26141453743625], [1; 140; 33.1867428055598], [2; 80; 19.82701019517531], [2; 80; 20.322889588272936], [1; 160; 41.74484204637547], [1; 180; 49.90557838472489], [2; 90; 26.879577324539163], [1; 180; 56.20605187810867], [1; 200; 69.86343190454832], [2; 100; 37.62905031495979], [1; 200; 82.83225772332845], [1; 200; 119.46478810906295]];
Intervals[0.0=3.242773254060182, 3.242773254060182=9.817173906405811, 9.885385322762545=13.219551999000382, 13.219551999000382=16.578235487151574, 16.578235487151574=19.96217318286423, 19.96217318286423=26.782111200177386, 26.782111200177386=30.21893146404983, 30.21893146404983=37.148006970661655, 37.148006970661655=44.19355928236774, 44.19355928236774=47.74696981200659, 47.74696981200659=51.33210890021145, 51.33210890021145=62.186205229776775, 62.186205229776775=67.66445498599352, 67.66445498599352=82.41496158211767, 82.41496158211767=89.86397230614122, 89.86397230614122=104.91559243212514, 104.91559243212514=120.29452373258663, 120.29452373258663=139.96540925834006, 139.96540925834006=149.92080826742864, 149.92080826742864=174.11624050102216, 174.11624050102216=186.37315534950173, 186.37315534950173=198.79799400800098, 198.79799400800098=228.20350146275152, 228.6424543485289=243.79788203158242, 243.79788203158242=274.60572499763555, 274.60572499763555=290.2752835358708, 290.2752835358708=322.1843272366849, 322.1843272366849=338.44574177412113, 338.44574177412113=371.6324845796809, 377.1982203147983=397.0252305099736, 397.0252305099736=417.3481200982465, 417.3481200982465=459.092962144622, 459.092962144622=508.9985405293469, 512.0108619571479=538.890439281687, 538.890439281687=595.0964911597957, 595.0964911597957=664.959923064344, 664.959923064344=702.5889733793039, 702.5889733793039=785.4212311026323, 785.4212311026323=904.8860192116953];

Jobs: [[1; 20; 3.264684548816038], [1; 40; 6.620700773946506], [2; 20; 3.334166676237837], [2; 20; 3.3586834881511898], [2; 20; 3.3839376957126572], [2; 20; 3.4368202638724443], [1; 40; 6.986343190454832], [2; 20; 3.5534105296388514], [2; 20; 3.5851390882048637], [2; 30; 5.478249756216743], [2; 40; 7.449010724023546], [1; 80; 15.211755763265396], [1; 100; 19.44213355704197], [2; 50; 9.95539900908858], [2; 60; 12.256914848479557], [2; 60; 12.424838658499267], [1; 140; 29.844460340527913], [2; 70; 15.155427683053508], [2; 70; 15.669558538235272], [2; 70; 16.26141453743625], [1; 160; 38.75247854067713], [2; 80; 19.82701019517531], [2; 80; 20.322889588272936], [1; 160; 42.973330063752954], [1; 180; 51.68941179514849], [2; 90; 26.879577324539163], [1; 180; 59.16960587111066], [2; 100; 37.62905031495979], [1; 200; 94.81926515874228]];
Intervals[0.0=3.264684548816038, 3.264684548816038=9.885385322762545, 9.885385322762545=13.219551999000382, 13.219551999000382=16.578235487151574, 16.578235487151574=19.96217318286423, 26.782111200177386=30.21893146404983, 30.21893146404983=37.20527465450466, 44.19355928236774=47.74696981200659, 47.74696981200659=51.33210890021145, 62.186205229776775=67.66445498599352, 82.41496158211767=89.86397230614122, 89.86397230614122=105.07572806940662, 105.07572806940662=124.51786162644859, 139.96540925834006=149.92080826742864, 174.11624050102216=186.37315534950173, 186.37315534950173=198.79799400800098, 198.79799400800098=228.6424543485289, 228.6424543485289=243.79788203158242, 274.60572499763555=290.2752835358708, 322.1843272366849=338.44574177412113, 338.44574177412113=377.1982203147983, 377.1982203147983=397.0252305099736, 397.0252305099736=417.3481200982465, 417.3481200982465=460.32145016199945, 460.32145016199945=512.0108619571479, 512.0108619571479=538.890439281687, 538.890439281687=598.0600451527977, 664.959923064344=702.5889733793039, 702.5889733793039=797.4082385380461];
