1.2094451193620162
1026562.6516575583
1241571.1887665633
[2; 10; 5.899363431575094]
[2; 10; 5.919160101526546]
[1; 20; 11.878450408951187]
[2; 10; 5.959565175584155]
[2; 10; 5.980186672689795]
[2; 10; 6.001096586427664]
[1; 20; 12.044604101849444]
[2; 20; 12.0876209102102]
[2; 20; 12.13125890929698]
[1; 40; 24.3510679385875]
[2; 30; 18.330693819025633]
[1; 60; 36.7981851279743]
[2; 30; 18.468523759859455]
[2; 30; 18.53901499186986]
[2; 30; 18.61059491034613]
[2; 30; 18.683293284805746]
[2; 40; 25.009521415288056]
[2; 40; 25.10956056591347]
[1; 80; 50.42243962897794]
[2; 50; 31.643182050646633]
[1; 100; 63.54896613045459]
[1; 100; 63.81598172924849]
[2; 60; 38.452525421769934]
[1; 120; 77.23654222874127]
[2; 60; 38.786911992095035]
[2; 60; 38.95853773170063]
[2; 70; 45.655449036744805]
[2; 70; 45.86297665715314]
[1; 140; 92.148659530811]
[1; 140; 92.57926699752655]
[2; 70; 46.50901892544579]
[1; 140; 93.4652468306746]
[2; 80; 53.669246902433656]
[2; 80; 53.93494057385224]
[1; 180; 121.96344369907553]
[2; 90; 61.292858469234005]
[2; 90; 61.61044371620068]
[1; 200; 137.63270040492222]
[2; 100; 69.18435907251542]
[2; 520; 361.71391572237115]
[2; 520; 363.71237570239816]
[2; 520; 365.75574653093304]
[2; 520; 367.84582473778823]
[2; 540; 384.21468482152915]
[2; 540; 386.4881974075577]
[2; 540; 388.8164957215307]
[1; 1080; 782.403865338596]
[2; 540; 393.64700822540027]
[2; 540; 396.15438161199694]
[2; 560; 413.4945471411982]
[2; 560; 416.2330014316048]
[1; 1120; 838.0909437807179]
[2; 560; 421.9355319884687]
[2; 560; 424.9070068759669]
[1; 1160; 886.4968507697831]
[2; 580; 446.507722034186]
[1; 1160; 899.7300980271805]
[2; 580; 453.32568538648854]
[2; 580; 456.8953259443116]
[1; 1160; 921.1602495962395]
[2; 600; 480.40008076089646]
[1; 1200; 968.9429240101134]
[2; 600; 488.6844687926044]
[2; 600; 493.04795386112045]
[2; 600; 497.57158226770554]
[2; 600; 502.26593103538426]
[1; 1240; 1048.0947155179115]
[2; 620; 529.2881790064599]
[2; 620; 534.7451428607869]
[2; 620; 540.4343479774747]
[1; 1240; 1092.7473250689573]
[2; 620; 552.5829857229028]
[1; 1240; 1118.1691169585868]
[2; 620; 565.9033348747321]
[2; 640; 591.5534748456787]
[1; 1280; 1198.6759318048041]
[1; 1280; 1215.0981907448306]
[2; 640; 616.2295409381317]
[2; 640; 625.4283529536124]
[2; 660; 655.0523199635162]
[2; 660; 665.7927915340356]
[2; 660; 677.2742338873461]
[2; 660; 689.5910013614389]
[2; 680; 724.1542614257459]
[1; 1360; 1477.873967861792]
[2; 680; 755.0058409742522]
[1; 1360; 1545.140756940275]
[2; 680; 791.8925922900609]
[2; 680; 813.3053874858123]
[2; 680; 837.2397437802953]
[2; 700; 889.6855258263641]
[2; 700; 921.4865953081099]
[2; 700; 958.3846800297881]
[2; 700; 1002.006437723298]
[2; 700; 1054.838829971172]
[1; 1400; 2241.86704355085]
[1; 1400; 2414.9780645325854]
[2; 700; 1329.0136461271586]
[2; 700; 1521.340849269492]
[2; 700; 1916.7693600595762]


Jobs: [[2; 10; 5.899363431575094], [2; 10; 5.919160101526546], [1; 20; 11.878450408951187], [2; 10; 5.959565175584155], [2; 10; 5.980186672689795], [2; 10; 6.001096586427664], [1; 20; 12.044604101849444], [2; 20; 12.0876209102102], [2; 20; 12.13125890929698], [1; 40; 24.3510679385875], [2; 30; 18.330693819025633], [1; 60; 36.7981851279743], [2; 30; 18.468523759859455], [2; 30; 18.53901499186986], [2; 30; 18.61059491034613], [2; 30; 18.683293284805746], [2; 40; 25.009521415288056], [2; 40; 25.10956056591347], [1; 80; 50.42243962897794], [2; 50; 31.643182050646633], [1; 100; 63.54896613045459], [2; 60; 38.452525421769934], [1; 120; 77.23654222874127], [2; 60; 38.786911992095035], [2; 60; 38.95853773170063], [2; 70; 45.655449036744805], [2; 70; 45.86297665715314], [1; 140; 92.148659530811], [2; 70; 46.50901892544579], [1; 140; 93.4652468306746], [2; 80; 53.669246902433656], [2; 80; 53.93494057385224], [1; 180; 121.96344369907553], [2; 90; 61.292858469234005], [2; 90; 61.61044371620068], [1; 200; 137.63270040492222], [2; 100; 69.18435907251542], [2; 520; 361.71391572237115], [2; 520; 363.71237570239816], [2; 520; 365.75574653093304], [2; 520; 367.84582473778823], [2; 540; 384.21468482152915], [2; 540; 386.4881974075577], [2; 540; 388.8164957215307], [1; 1080; 782.403865338596], [2; 540; 393.64700822540027], [2; 540; 396.15438161199694], [2; 560; 413.4945471411982], [2; 560; 416.2330014316048], [1; 1120; 838.0909437807179], [2; 560; 421.9355319884687], [2; 560; 424.9070068759669], [1; 1160; 886.4968507697831], [2; 580; 446.507722034186], [1; 1160; 899.7300980271805], [2; 580; 453.32568538648854], [2; 580; 456.8953259443116], [1; 1160; 921.1602495962395], [2; 600; 480.40008076089646], [1; 1200; 968.9429240101134], [2; 600; 488.6844687926044], [2; 600; 493.04795386112045], [2; 600; 497.57158226770554], [2; 600; 502.26593103538426], [1; 1240; 1048.0947155179115], [2; 620; 529.2881790064599], [2; 620; 534.7451428607869], [2; 620; 540.4343479774747], [1; 1240; 1092.7473250689573], [2; 620; 552.5829857229028], [1; 1240; 1118.1691169585868], [2; 620; 565.9033348747321], [2; 640; 591.5534748456787], [1; 1280; 1198.6759318048041], [2; 640; 616.2295409381317], [2; 640; 625.4283529536124], [2; 660; 655.0523199635162], [2; 660; 665.7927915340356], [2; 660; 677.2742338873461], [2; 660; 689.5910013614389], [2; 680; 724.1542614257459], [1; 1360; 1477.873967861792], [2; 680; 755.0058409742522], [1; 1360; 1545.140756940275], [2; 680; 791.8925922900609], [2; 680; 813.3053874858123], [2; 680; 837.2397437802953], [2; 700; 889.6855258263641], [2; 700; 921.4865953081099], [2; 700; 958.3846800297881], [2; 700; 1002.006437723298], [2; 700; 1054.838829971172], [1; 1400; 2241.86704355085], [2; 700; 1329.0136461271586], [2; 700; 1521.340849269492], [2; 700; 1916.7693600595762]];
Intervals[4.9E-324=5.899363431575094, 5.899363431575094=11.81852353310164, 11.81852353310164=23.69697394205283, 23.69697394205283=29.65653911763698, 29.65653911763698=35.63672579032678, 35.63672579032678=41.63782237675444, 41.63782237675444=53.68242647860389, 53.68242647860389=65.77004738881409, 65.77004738881409=77.90130629811107, 77.90130629811107=102.25237423669857, 102.25237423669857=120.5830680557242, 120.5830680557242=157.3812531836985, 157.3812531836985=175.84977694355797, 175.84977694355797=194.38879193542783, 194.38879193542783=212.99938684577396, 212.99938684577396=231.6826801305797, 231.6826801305797=256.69220154586776, 256.69220154586776=281.8017621117812, 281.8017621117812=332.22420174075916, 332.22420174075916=363.8673837914058, 363.8673837914058=427.4163499218604, 427.6833655206543=466.1358909424242, 466.1358909424242=543.3724331711655, 543.3724331711655=582.1593451632606, 582.1593451632606=621.1178828949612, 621.1178828949612=666.773331931706, 666.773331931706=712.6363085888592, 712.6363085888592=804.7849681196701, 805.2155755863857=851.7245945118316, 851.7245945118316=945.1898413425062, 945.1898413425062=998.8590882449398, 998.8590882449398=1052.794028818792, 1052.794028818792=1174.7574725178674, 1174.7574725178674=1236.0503309871015, 1236.0503309871015=1297.6607747033022, 1297.6607747033022=1435.2934751082244, 1435.2934751082244=1504.4778341807398, 1504.4778341807398=1866.191749903111, 1866.191749903111=2229.9041256055093, 2229.9041256055093=2595.6598721364426, 2595.6598721364426=2963.505696874231, 2963.505696874231=3347.7203816957604, 3347.7203816957604=3734.2085791033182, 3734.2085791033182=4123.025074824849, 4123.025074824849=4905.428940163445, 4905.428940163445=5299.075948388845, 5299.075948388845=5695.230330000842, 5695.230330000842=6108.72487714204, 6108.72487714204=6524.957878573645, 6524.957878573645=7363.0488223543625, 7363.0488223543625=7784.9843543428315, 7784.9843543428315=8209.891361218799, 8209.891361218799=9096.388211988582, 9096.388211988582=9542.895934022768, 9542.895934022768=10442.62603204995, 10442.62603204995=10895.951717436437, 10895.951717436437=11352.847043380749, 11352.847043380749=12274.007292976989, 12274.007292976989=12754.407373737886, 12754.407373737886=13723.350297747998, 13723.350297747998=14212.034766540603, 14212.034766540603=14705.082720401722, 14705.082720401722=15202.654302669427, 15202.654302669427=15704.920233704812, 15704.920233704812=16753.014949222725, 16753.014949222725=17282.303128229185, 17282.303128229185=17817.04827108997, 17817.04827108997=18357.482619067447, 18357.482619067447=19450.229944136405, 19450.229944136405=20002.81292985931, 20002.81292985931=21120.982046817895, 21120.982046817895=21686.885381692628, 21686.885381692628=22278.438856538305, 22278.438856538305=23477.114788343108, 23493.537047283135=24109.766588221268, 24109.766588221268=24735.19494117488, 24735.19494117488=25390.247261138396, 25390.247261138396=26056.040052672433, 26056.040052672433=26733.31428655978, 26733.31428655978=27422.905287921218, 27422.905287921218=28147.059549346963, 28147.059549346963=29624.933517208756, 29624.933517208756=30379.939358183008, 30379.939358183008=31925.080115123284, 31925.080115123284=32716.972707413344, 32716.972707413344=33530.27809489916, 33530.27809489916=34367.51783867945, 34367.51783867945=35257.20336450582, 35257.20336450582=36178.68995981393, 36178.68995981393=37137.07463984372, 37137.07463984372=38139.08107756702, 38139.08107756702=39193.91990753819, 39193.91990753819=41435.786951089045, 41608.89797207078=42937.91161819794, 42937.91161819794=44459.252467467435, 44459.252467467435=46376.02182752701];

Jobs: [[2; 10; 5.899363431575094], [2; 10; 5.919160101526546], [2; 10; 5.959565175584155], [2; 10; 5.980186672689795], [2; 10; 6.001096586427664], [2; 20; 12.0876209102102], [2; 20; 12.13125890929698], [2; 30; 18.330693819025633], [2; 30; 18.468523759859455], [2; 30; 18.53901499186986], [2; 30; 18.61059491034613], [2; 30; 18.683293284805746], [2; 40; 25.009521415288056], [2; 40; 25.10956056591347], [2; 50; 31.643182050646633], [1; 100; 63.81598172924849], [2; 60; 38.452525421769934], [2; 60; 38.786911992095035], [2; 60; 38.95853773170063], [2; 70; 45.655449036744805], [2; 70; 45.86297665715314], [1; 140; 92.57926699752655], [2; 70; 46.50901892544579], [2; 80; 53.669246902433656], [2; 80; 53.93494057385224], [2; 90; 61.292858469234005], [2; 90; 61.61044371620068], [2; 100; 69.18435907251542], [2; 520; 361.71391572237115], [2; 520; 363.71237570239816], [2; 520; 365.75574653093304], [2; 520; 367.84582473778823], [2; 540; 384.21468482152915], [2; 540; 386.4881974075577], [2; 540; 388.8164957215307], [2; 540; 393.64700822540027], [2; 540; 396.15438161199694], [2; 560; 413.4945471411982], [2; 560; 416.2330014316048], [2; 560; 421.9355319884687], [2; 560; 424.9070068759669], [2; 580; 446.507722034186], [2; 580; 453.32568538648854], [2; 580; 456.8953259443116], [2; 600; 480.40008076089646], [2; 600; 488.6844687926044], [2; 600; 493.04795386112045], [2; 600; 497.57158226770554], [2; 600; 502.26593103538426], [2; 620; 529.2881790064599], [2; 620; 534.7451428607869], [2; 620; 540.4343479774747], [2; 620; 552.5829857229028], [2; 620; 565.9033348747321], [2; 640; 591.5534748456787], [1; 1280; 1215.0981907448306], [2; 640; 616.2295409381317], [2; 640; 625.4283529536124], [2; 660; 655.0523199635162], [2; 660; 665.7927915340356], [2; 660; 677.2742338873461], [2; 660; 689.5910013614389], [2; 680; 724.1542614257459], [2; 680; 755.0058409742522], [2; 680; 791.8925922900609], [2; 680; 813.3053874858123], [2; 680; 837.2397437802953], [2; 700; 889.6855258263641], [2; 700; 921.4865953081099], [2; 700; 958.3846800297881], [2; 700; 1002.006437723298], [2; 700; 1054.838829971172], [1; 1400; 2414.9780645325854], [2; 700; 1329.0136461271586], [2; 700; 1521.340849269492], [2; 700; 1916.7693600595762]];
Intervals[4.9E-324=5.899363431575094, 5.899363431575094=11.81852353310164, 23.69697394205283=29.65653911763698, 29.65653911763698=35.63672579032678, 35.63672579032678=41.63782237675444, 53.68242647860389=65.77004738881409, 65.77004738881409=77.90130629811107, 102.25237423669857=120.5830680557242, 157.3812531836985=175.84977694355797, 175.84977694355797=194.38879193542783, 194.38879193542783=212.99938684577396, 212.99938684577396=231.6826801305797, 231.6826801305797=256.69220154586776, 256.69220154586776=281.8017621117812, 332.22420174075916=363.8673837914058, 363.8673837914058=427.6833655206543, 427.6833655206543=466.1358909424242, 543.3724331711655=582.1593451632606, 582.1593451632606=621.1178828949612, 621.1178828949612=666.773331931706, 666.773331931706=712.6363085888592, 712.6363085888592=805.2155755863857, 805.2155755863857=851.7245945118316, 945.1898413425062=998.8590882449398, 998.8590882449398=1052.794028818792, 1174.7574725178674=1236.0503309871015, 1236.0503309871015=1297.6607747033022, 1435.2934751082244=1504.4778341807398, 1504.4778341807398=1866.191749903111, 1866.191749903111=2229.9041256055093, 2229.9041256055093=2595.6598721364426, 2595.6598721364426=2963.505696874231, 2963.505696874231=3347.7203816957604, 3347.7203816957604=3734.2085791033182, 3734.2085791033182=4123.025074824849, 4905.428940163445=5299.075948388845, 5299.075948388845=5695.230330000842, 5695.230330000842=6108.72487714204, 6108.72487714204=6524.957878573645, 7363.0488223543625=7784.9843543428315, 7784.9843543428315=8209.891361218799, 9096.388211988582=9542.895934022768, 10442.62603204995=10895.951717436437, 10895.951717436437=11352.847043380749, 12274.007292976989=12754.407373737886, 13723.350297747998=14212.034766540603, 14212.034766540603=14705.082720401722, 14705.082720401722=15202.654302669427, 15202.654302669427=15704.920233704812, 16753.014949222725=17282.303128229185, 17282.303128229185=17817.04827108997, 17817.04827108997=18357.482619067447, 19450.229944136405=20002.81292985931, 21120.982046817895=21686.885381692628, 21686.885381692628=22278.438856538305, 22278.438856538305=23493.537047283135, 23493.537047283135=24109.766588221268, 24109.766588221268=24735.19494117488, 24735.19494117488=25390.247261138396, 25390.247261138396=26056.040052672433, 26056.040052672433=26733.31428655978, 26733.31428655978=27422.905287921218, 27422.905287921218=28147.059549346963, 29624.933517208756=30379.939358183008, 31925.080115123284=32716.972707413344, 32716.972707413344=33530.27809489916, 33530.27809489916=34367.51783867945, 34367.51783867945=35257.20336450582, 35257.20336450582=36178.68995981393, 36178.68995981393=37137.07463984372, 37137.07463984372=38139.08107756702, 38139.08107756702=39193.91990753819, 39193.91990753819=41608.89797207078, 41608.89797207078=42937.91161819794, 42937.91161819794=44459.252467467435, 44459.252467467435=46376.02182752701];
