1.1408214304929813
12982.137054315099
14810.30016515969
[1; 10; 1.731684329923865]
[1; 20; 3.486770509316884]
[1; 20; 3.510817962388706]
[1; 20; 3.535542847161151]
[1; 30; 5.341468922657129]
[1; 30; 5.380745839990359]
[1; 40; 7.228272126356359]
[1; 50; 9.104845505961826]
[1; 50; 9.176540154728718]
[1; 50; 9.25054770683966]
[1; 50; 9.32700198143148]
[1; 60; 11.287257767928281]
[1; 60; 11.385412762223046]
[1; 70; 13.401585881183763]
[2; 40; 7.728310330613319]
[1; 80; 15.60244644939327]
[2; 40; 7.876967993048815]
[2; 40; 7.955742898813856]
[2; 40; 8.037766649116838]
[1; 90; 18.27738275225099]
[1; 90; 18.47824919578967]
[1; 100; 20.7647191975956]
[2; 50; 10.50451621248052]
[1; 110; 23.39179192951879]
[2; 60; 12.920684726318237]
[2; 60; 13.090713234265053]
[1; 120; 26.540120718975338]
[2; 60; 13.459658266030011]
[1; 130; 29.59791967068545]
[1; 140; 32.37280509721515]
[1; 160; 37.60411561221348]
[1; 170; 40.64337673578855]
[1; 180; 43.81677389546877]
[2; 90; 22.329805013528347]
[2; 90; 22.78564063957188]
[1; 180; 46.562270253956825]
[1; 180; 47.645499942238224]
[2; 100; 27.13173777623921]
[1; 200; 55.730761267646805]
[1; 200; 57.3708338864525]
[2; 110; 32.57252406547438]
[2; 110; 33.736801859068784]
[2; 120; 38.27747770284893]
[2; 120; 40.0197122066606]
[2; 130; 45.640633511053174]
[2; 140; 52.23121109601629]
[2; 150; 60.28324986837628]
[2; 160; 70.77365525060091]
[2; 160; 81.01561116292226]
[2; 180; 114.8324331085468]


Jobs: [[1; 10; 1.731684329923865], [1; 20; 3.510817962388706], [1; 30; 5.341468922657129], [1; 40; 7.228272126356359], [1; 50; 9.176540154728718], [1; 50; 9.32700198143148], [1; 60; 11.385412762223046], [2; 40; 7.728310330613319], [1; 80; 15.60244644939327], [2; 40; 7.876967993048815], [2; 40; 7.955742898813856], [2; 40; 8.037766649116838], [1; 90; 18.27738275225099], [1; 100; 20.7647191975956], [2; 50; 10.50451621248052], [1; 110; 23.39179192951879], [2; 60; 12.920684726318237], [2; 60; 13.090713234265053], [1; 120; 26.540120718975338], [2; 60; 13.459658266030011], [1; 130; 29.59791967068545], [1; 160; 37.60411561221348], [1; 180; 43.81677389546877], [2; 90; 22.329805013528347], [2; 90; 22.78564063957188], [1; 180; 46.562270253956825], [2; 100; 27.13173777623921], [1; 200; 55.730761267646805], [2; 110; 32.57252406547438], [2; 110; 33.736801859068784], [2; 120; 38.27747770284893], [2; 120; 40.0197122066606], [2; 130; 45.640633511053174], [2; 140; 52.23121109601629], [2; 150; 60.28324986837628], [2; 160; 70.77365525060091], [2; 160; 81.01561116292226], [2; 180; 114.8324331085468]];
Intervals[0.0=1.731684329923865, 1.731684329923865=5.242502292312571, 5.242502292312571=10.5839712149697, 10.5839712149697=17.81224334132606, 17.81224334132606=26.98878349605478, 26.98878349605478=36.31578547748626, 36.31578547748626=47.701198239709306, 55.44729605838192=63.17560638899524, 63.17560638899524=78.7780528383885, 78.7780528383885=86.65502083143733, 86.65502083143733=94.61076373025118, 94.61076373025118=102.64853037936801, 102.64853037936801=120.925913131619, 120.925913131619=141.6906323292146, 141.6906323292146=152.19514854169512, 152.19514854169512=175.5869404712139, 175.5869404712139=188.50762519753212, 188.50762519753212=201.59833843179717, 201.59833843179717=228.13845915077252, 228.13845915077252=241.59811741680252, 241.59811741680252=271.196037087488, 271.196037087488=308.80015269970147, 308.80015269970147=352.61692659517024, 352.61692659517024=374.9467316086986, 374.9467316086986=397.7323722482705, 397.7323722482705=444.29464250222736, 445.37787219050875=472.509609966748, 472.509609966748=528.2403712343947, 529.8804438532005=562.4529679186749, 562.4529679186749=596.1897697777437, 596.1897697777437=634.4672474805926, 634.4672474805926=674.4869596872533, 674.4869596872533=720.1275931983064, 720.1275931983064=772.3588042943227, 772.3588042943227=832.642054162699, 832.642054162699=903.4157094132999, 903.4157094132999=984.4313205762221, 984.4313205762221=1099.263753684769];

Jobs: [[1; 20; 3.486770509316884], [1; 20; 3.535542847161151], [1; 30; 5.380745839990359], [1; 50; 9.104845505961826], [1; 50; 9.25054770683966], [1; 60; 11.287257767928281], [1; 70; 13.401585881183763], [2; 40; 7.728310330613319], [2; 40; 7.876967993048815], [2; 40; 7.955742898813856], [2; 40; 8.037766649116838], [1; 90; 18.47824919578967], [2; 50; 10.50451621248052], [2; 60; 12.920684726318237], [2; 60; 13.090713234265053], [2; 60; 13.459658266030011], [1; 140; 32.37280509721515], [1; 170; 40.64337673578855], [2; 90; 22.329805013528347], [2; 90; 22.78564063957188], [1; 180; 47.645499942238224], [2; 100; 27.13173777623921], [1; 200; 57.3708338864525], [2; 110; 32.57252406547438], [2; 110; 33.736801859068784], [2; 120; 38.27747770284893], [2; 120; 40.0197122066606], [2; 130; 45.640633511053174], [2; 140; 52.23121109601629], [2; 150; 60.28324986837628], [2; 160; 70.77365525060091], [2; 160; 81.01561116292226], [2; 180; 114.8324331085468]];
Intervals[0.0=3.486770509316884, 3.486770509316884=7.022313356478035, 7.022313356478035=12.403059196468394, 12.403059196468394=21.50790470243022, 21.50790470243022=30.75845240926988, 30.75845240926988=42.04571017719816, 42.04571017719816=55.44729605838192, 55.44729605838192=63.17560638899524, 78.7780528383885=86.65502083143733, 86.65502083143733=94.61076373025118, 94.61076373025118=102.64853037936801, 102.64853037936801=121.12677957515768, 141.6906323292146=152.19514854169512, 175.5869404712139=188.50762519753212, 188.50762519753212=201.59833843179717, 228.13845915077252=241.59811741680252, 241.59811741680252=273.9709225140177, 273.9709225140177=314.6142992498062, 352.61692659517024=374.9467316086986, 374.9467316086986=397.7323722482705, 397.7323722482705=445.37787219050875, 445.37787219050875=472.509609966748, 472.509609966748=529.8804438532005, 529.8804438532005=562.4529679186749, 562.4529679186749=596.1897697777437, 596.1897697777437=634.4672474805926, 634.4672474805926=674.4869596872533, 674.4869596872533=720.1275931983064, 720.1275931983064=772.3588042943227, 772.3588042943227=832.642054162699, 832.642054162699=903.4157094132999, 903.4157094132999=984.4313205762221, 984.4313205762221=1099.263753684769];
