1.2089313818005047
64449.3543406042
77914.846999137
[1; 20; 4.689352188806677]
[2; 10; 2.352544193957187]
[2; 10; 2.3605189810273592]
[2; 10; 2.3686030132407074]
[1; 20; 4.753597873451077]
[1; 20; 4.770218980269081]
[2; 10; 2.3935375088951503]
[1; 20; 4.804171859405645]
[1; 20; 4.821515590547676]
[1; 20; 4.839112518751332]
[1; 40; 9.713938368617326]
[1; 40; 9.750184743119378]
[1; 40; 9.786978241730052]
[2; 20; 4.9121667413096555]
[2; 20; 4.931132824191566]
[1; 60; 14.851185772060312]
[2; 30; 7.454943360631107]
[2; 30; 7.48476345152266]
[2; 30; 7.515066468027061]
[1; 60; 15.091732529900076]
[1; 60; 15.154354544013078]
[1; 60; 15.218029050449548]
[1; 60; 15.282787400977057]
[2; 40; 10.232441532523817]
[1; 80; 20.55425050028045]
[1; 80; 20.645199695845907]
[2; 40; 10.368890152526124]
[2; 40; 10.416022119137542]
[1; 80; 20.928045798180886]
[1; 80; 21.025841825061217]
[2; 40; 10.562745926594213]
[1; 80; 21.227058279199518]
[2; 50; 13.33162908976445]
[1; 100; 26.795256658482387]
[2; 50; 13.464954225294699]
[1; 100; 27.06730832107385]
[2; 50; 13.603777972776701]
[1; 100; 27.350756246037708]
[1; 100; 27.49701975567782]
[1; 100; 27.646463015235657]
[1; 100; 27.799209004603824]
[2; 50; 13.977693806558676]
[2; 50; 14.057568076434876]
[2; 50; 14.139299959892092]
[1; 100; 28.445932807809427]
[2; 50; 14.30864899116102]
[2; 50; 14.39643430981837]
[1; 100; 28.972828720476656]
[2; 60; 17.494424403813053]
[2; 60; 17.608027745459804]
[1; 120; 35.44928119828878]
[2; 60; 17.8444053172366]
[1; 120; 35.93494814097912]
[1; 120; 36.18801949403924]
[1; 120; 36.44837390956396]
[1; 120; 36.71638628400729]
[2; 60; 18.496229852428208]
[2; 60; 18.638514135079525]
[1; 120; 37.57056026333264]
[1; 120; 37.873561737705636]
[2; 60; 19.093290287572096]
[2; 70; 22.464289805485677]
[2; 70; 22.659641261351123]
[1; 140; 45.72394038525363]
[2; 70; 23.071724755005548]
[1; 140; 46.578790781625806]
[1; 140; 47.03104033483817]
[1; 140; 47.50138194009518]
[2; 70; 23.995560716396596]
[1; 140; 48.50170359937513]
[2; 70; 24.51736601672922]
[1; 160; 56.67656297545755]
[2; 80; 28.671703622763417]
[2; 80; 29.02139300859029]
[2; 80; 29.38879141621151]
[1; 160; 59.55106078048879]
[2; 80; 30.18346505980015]
[2; 80; 30.614715682065814]
[1; 160; 62.14343822604866]
[2; 80; 31.557293154744443]
[2; 80; 32.07471779342056]
[2; 80; 32.62783886656308]
[1; 160; 66.44240383134199]
[2; 90; 38.09275567477549]
[2; 90; 38.87037263650959]
[1; 180; 79.4312885120255]
[2; 90; 40.639593297000076]
[1; 180; 83.31200310657294]
[2; 100; 47.53597873451078]
[1; 200; 97.86978241730051]
[2; 100; 50.514515146710245]
[1; 200; 104.64022899090443]
[1; 200; 108.83022378221358]
[2; 100; 56.891865615618855]
[1; 200; 119.78316046993035]
[1; 200; 127.2886019171473]
[2; 100; 68.55874490399027]
[1; 200; 150.91732529900077]
[1; 200; 172.75721171782038]
[1; 200; 217.66044756442716]


Jobs: [[1; 20; 4.689352188806677], [2; 10; 2.352544193957187], [2; 10; 2.3605189810273592], [2; 10; 2.3686030132407074], [1; 20; 4.753597873451077], [2; 10; 2.3935375088951503], [1; 20; 4.804171859405645], [1; 20; 4.839112518751332], [1; 40; 9.750184743119378], [2; 20; 4.9121667413096555], [2; 20; 4.931132824191566], [1; 60; 14.851185772060312], [2; 30; 7.454943360631107], [2; 30; 7.48476345152266], [2; 30; 7.515066468027061], [1; 60; 15.091732529900076], [1; 60; 15.218029050449548], [2; 40; 10.232441532523817], [1; 80; 20.55425050028045], [2; 40; 10.368890152526124], [2; 40; 10.416022119137542], [1; 80; 20.928045798180886], [2; 40; 10.562745926594213], [1; 80; 21.227058279199518], [2; 50; 13.33162908976445], [1; 100; 26.795256658482387], [2; 50; 13.464954225294699], [1; 100; 27.06730832107385], [2; 50; 13.603777972776701], [1; 100; 27.350756246037708], [1; 100; 27.646463015235657], [2; 50; 13.977693806558676], [2; 50; 14.057568076434876], [2; 50; 14.139299959892092], [1; 100; 28.445932807809427], [2; 50; 14.30864899116102], [2; 50; 14.39643430981837], [1; 100; 28.972828720476656], [2; 60; 17.494424403813053], [2; 60; 17.608027745459804], [1; 120; 35.44928119828878], [2; 60; 17.8444053172366], [1; 120; 35.93494814097912], [1; 120; 36.44837390956396], [2; 60; 18.496229852428208], [2; 60; 18.638514135079525], [1; 120; 37.57056026333264], [2; 60; 19.093290287572096], [2; 70; 22.464289805485677], [2; 70; 22.659641261351123], [1; 140; 45.72394038525363], [2; 70; 23.071724755005548], [1; 140; 46.578790781625806], [1; 140; 47.50138194009518], [2; 70; 23.995560716396596], [1; 140; 48.50170359937513], [2; 70; 24.51736601672922], [1; 160; 56.67656297545755], [2; 80; 28.671703622763417], [2; 80; 29.02139300859029], [2; 80; 29.38879141621151], [1; 160; 59.55106078048879], [2; 80; 30.18346505980015], [2; 80; 30.614715682065814], [1; 160; 62.14343822604866], [2; 80; 31.557293154744443], [2; 80; 32.07471779342056], [2; 80; 32.62783886656308], [1; 160; 66.44240383134199], [2; 90; 38.09275567477549], [2; 90; 38.87037263650959], [1; 180; 79.4312885120255], [2; 90; 40.639593297000076], [1; 180; 83.31200310657294], [2; 100; 47.53597873451078], [1; 200; 97.86978241730051], [2; 100; 50.514515146710245], [1; 200; 104.64022899090443], [2; 100; 56.891865615618855], [1; 200; 119.78316046993035], [2; 100; 68.55874490399027], [1; 200; 150.91732529900077], [1; 200; 217.66044756442716]];
Intervals[0.0=4.689352188806677, 4.689352188806677=7.0418963827638645, 7.0418963827638645=9.402415363791224, 9.402415363791224=11.771018377031933, 11.771018377031933=16.52461625048301, 16.541237357301014=18.934774866196165, 18.934774866196165=23.73894672560181, 23.73894672560181=28.578059244353142, 28.578059244353142=38.32824398747252, 43.25720706709122=48.16937380840088, 48.16937380840088=53.10050663259244, 53.10050663259244=67.95169240465276, 67.95169240465276=75.40663576528387, 75.40663576528387=82.89139921680652, 82.89139921680652=90.40646568483358, 90.40646568483358=105.49819821473365, 105.49819821473365=120.71622726518319, 120.84360762982371=131.07604916234752, 131.07604916234752=151.63029966262798, 151.72124885819343=162.09013901071955, 162.09013901071955=172.5061611298571, 172.5061611298571=193.43420692803798, 193.5320029549183=204.09474888151252, 204.09474888151252=225.32180716071204, 225.32180716071204=238.6534362504765, 238.6534362504765=265.4486929089589, 265.4486929089589=278.9136471342536, 278.9136471342536=305.98095545532743, 305.98095545532743=319.58473342810413, 319.58473342810413=346.9354896741418, 346.9354896741418=374.5819526893775, 374.88096218838575=388.85865599494446, 388.85865599494446=402.91622407137936, 402.91622407137936=417.05552403127143, 417.05552403127143=445.50145683908084, 445.50145683908084=459.81010583024187, 459.81010583024187=474.2065401400602, 474.2065401400602=503.1793688605369, 503.1793688605369=520.6737932643499, 520.6737932643499=538.2818210098097, 538.2818210098097=573.7311022080985, 573.7311022080985=591.5755075253351, 591.5755075253351=627.5104556663142, 627.5104556663142=663.9588295758782, 664.4799133033816=682.9761431558098, 682.9761431558098=701.6146572908893, 701.6146572908893=739.1852175542219, 739.4882190285949=758.5815093161671, 758.5815093161671=781.0457991216527, 781.0457991216527=803.7054403830039, 803.7054403830039=849.4293807682575, 849.4293807682575=872.501105523263, 872.501105523263=919.0798963048888, 919.0798963048888=966.581278244984, 966.581278244984=990.5768389613806, 990.5768389613806=1039.0785425607557, 1039.0785425607557=1063.595908577485, 1063.595908577485=1120.2724715529425, 1120.2724715529425=1148.944175175706, 1148.944175175706=1177.9655681842964, 1177.9655681842964=1207.354359600508, 1207.354359600508=1266.9054203809967, 1266.9054203809967=1297.088885440797, 1297.088885440797=1327.7036011228627, 1327.7036011228627=1389.8470393489113, 1389.8470393489113=1421.4043325036557, 1421.4043325036557=1453.4790502970764, 1453.4790502970764=1486.1068891636394, 1486.1068891636394=1552.5492929949814, 1552.5492929949814=1590.6420486697568, 1590.6420486697568=1629.5124213062663, 1629.5124213062663=1708.9437098182918, 1708.9437098182918=1749.583303115292, 1749.583303115292=1832.895306221865, 1832.895306221865=1880.4312849563757, 1880.4312849563757=1978.3010673736762, 1978.3010673736762=2028.8155825203864, 2028.8155825203864=2133.455811511291, 2137.6458063026002=2194.537671918219, 2194.537671918219=2314.3208323881495, 2321.8262738353665=2390.385018739357, 2390.385018739357=2541.3023440383577, 2541.3023440383577=2758.962791602785];

Jobs: [[2; 10; 2.352544193957187], [2; 10; 2.3605189810273592], [2; 10; 2.3686030132407074], [1; 20; 4.770218980269081], [2; 10; 2.3935375088951503], [1; 20; 4.821515590547676], [1; 40; 9.713938368617326], [1; 40; 9.786978241730052], [2; 20; 4.9121667413096555], [2; 20; 4.931132824191566], [2; 30; 7.454943360631107], [2; 30; 7.48476345152266], [2; 30; 7.515066468027061], [1; 60; 15.154354544013078], [1; 60; 15.282787400977057], [2; 40; 10.232441532523817], [1; 80; 20.645199695845907], [2; 40; 10.368890152526124], [2; 40; 10.416022119137542], [1; 80; 21.025841825061217], [2; 40; 10.562745926594213], [2; 50; 13.33162908976445], [2; 50; 13.464954225294699], [2; 50; 13.603777972776701], [1; 100; 27.49701975567782], [1; 100; 27.799209004603824], [2; 50; 13.977693806558676], [2; 50; 14.057568076434876], [2; 50; 14.139299959892092], [2; 50; 14.30864899116102], [2; 50; 14.39643430981837], [2; 60; 17.494424403813053], [2; 60; 17.608027745459804], [2; 60; 17.8444053172366], [1; 120; 36.18801949403924], [1; 120; 36.71638628400729], [2; 60; 18.496229852428208], [2; 60; 18.638514135079525], [1; 120; 37.873561737705636], [2; 60; 19.093290287572096], [2; 70; 22.464289805485677], [2; 70; 22.659641261351123], [2; 70; 23.071724755005548], [1; 140; 47.03104033483817], [2; 70; 23.995560716396596], [2; 70; 24.51736601672922], [2; 80; 28.671703622763417], [2; 80; 29.02139300859029], [2; 80; 29.38879141621151], [2; 80; 30.18346505980015], [2; 80; 30.614715682065814], [2; 80; 31.557293154744443], [2; 80; 32.07471779342056], [2; 80; 32.62783886656308], [2; 90; 38.09275567477549], [2; 90; 38.87037263650959], [2; 90; 40.639593297000076], [2; 100; 47.53597873451078], [2; 100; 50.514515146710245], [1; 200; 108.83022378221358], [2; 100; 56.891865615618855], [1; 200; 127.2886019171473], [2; 100; 68.55874490399027], [1; 200; 172.75721171782038]];
Intervals[4.689352188806677=7.0418963827638645, 7.0418963827638645=9.402415363791224, 9.402415363791224=11.771018377031933, 11.771018377031933=16.541237357301014, 16.541237357301014=18.934774866196165, 18.934774866196165=23.75629045674384, 23.75629045674384=33.47022882536117, 33.47022882536117=43.25720706709122, 43.25720706709122=48.16937380840088, 48.16937380840088=53.10050663259244, 67.95169240465276=75.40663576528387, 75.40663576528387=82.89139921680652, 82.89139921680652=90.40646568483358, 90.40646568483358=105.56082022884665, 105.56082022884665=120.84360762982371, 120.84360762982371=131.07604916234752, 131.07604916234752=151.72124885819343, 151.72124885819343=162.09013901071955, 162.09013901071955=172.5061611298571, 172.5061611298571=193.5320029549183, 193.5320029549183=204.09474888151252, 225.32180716071204=238.6534362504765, 265.4486929089589=278.9136471342536, 305.98095545532743=319.58473342810413, 319.58473342810413=347.0817531837819, 347.0817531837819=374.88096218838575, 374.88096218838575=388.85865599494446, 388.85865599494446=402.91622407137936, 402.91622407137936=417.05552403127143, 445.50145683908084=459.81010583024187, 459.81010583024187=474.2065401400602, 503.1793688605369=520.6737932643499, 520.6737932643499=538.2818210098097, 573.7311022080985=591.5755075253351, 591.5755075253351=627.7635270193744, 627.7635270193744=664.4799133033816, 664.4799133033816=682.9761431558098, 682.9761431558098=701.6146572908893, 701.6146572908893=739.4882190285949, 739.4882190285949=758.5815093161671, 758.5815093161671=781.0457991216527, 781.0457991216527=803.7054403830039, 849.4293807682575=872.501105523263, 872.501105523263=919.5321458581012, 966.581278244984=990.5768389613806, 1039.0785425607557=1063.595908577485, 1120.2724715529425=1148.944175175706, 1148.944175175706=1177.9655681842964, 1177.9655681842964=1207.354359600508, 1266.9054203809967=1297.088885440797, 1297.088885440797=1327.7036011228627, 1389.8470393489113=1421.4043325036557, 1421.4043325036557=1453.4790502970764, 1453.4790502970764=1486.1068891636394, 1552.5492929949814=1590.6420486697568, 1590.6420486697568=1629.5124213062663, 1708.9437098182918=1749.583303115292, 1832.895306221865=1880.4312849563757, 1978.3010673736762=2028.8155825203864, 2028.8155825203864=2137.6458063026002, 2137.6458063026002=2194.537671918219, 2194.537671918219=2321.8262738353665, 2321.8262738353665=2390.385018739357, 2390.385018739357=2563.142230457177];
