1.0538029031915461
71228.1894284941
75060.47280882447
[1; 10; 2.424156386937635]
[1; 10; 2.4322912008814668]
[1; 20; 4.881072637712173]
[2; 10; 2.4488943851872844]
[1; 20; 4.914736271404696]
[1; 20; 4.931920803778703]
[2; 10; 2.474674115291612]
[2; 10; 2.4835123121532647]
[1; 30; 7.477434414999564]
[1; 40; 10.006299418023529]
[1; 40; 10.043223366677706]
[1; 40; 10.08069842792912]
[1; 50; 12.648423949762572]
[1; 50; 12.696700845025122]
[1; 50; 12.74572334227231]
[1; 50; 12.795511829569945]
[1; 50; 12.846087500863007]
[1; 50; 12.897472397883089]
[1; 50; 12.949689454770654]
[1; 50; 13.002762545623467]
[1; 60; 15.668059842242387]
[2; 30; 7.866946399826187]
[1; 60; 15.800846341514093]
[1; 60; 15.868954279596853]
[1; 60; 15.93825190222615]
[2; 30; 8.004388029611324]
[1; 70; 18.76065946175837]
[1; 70; 18.84593635854798]
[1; 70; 18.9327852182956]
[1; 70; 19.021257462191823]
[2; 40; 10.920803970609368]
[2; 40; 10.973308642982007]
[1; 80; 22.05367564987106]
[1; 80; 22.162854041405804]
[2; 40; 11.137113518744648]
[1; 80; 22.387873020196878]
[1; 90; 25.316858737216858]
[1; 90; 25.45010781647055]
[1; 90; 25.586207237505587]
[1; 100; 28.58362826941918]
[1; 100; 28.741552072450986]
[1; 100; 28.90302485422874]
[1; 100; 29.068188581478363]
[1; 100; 29.237193475392864]
[1; 100; 29.410198646648443]
[2; 50; 14.793686395816882]
[1; 110; 32.74578445273124]
[1; 110; 32.950450918933115]
[1; 120; 36.17490770305578]
[1; 120; 36.409816283296585]
[2; 60; 18.325473960838963]
[2; 60; 18.449298486958376]
[1; 130; 40.24916793966002]
[1; 140; 43.65051613280223]
[1; 140; 43.96455942044278]
[1; 140; 44.28783984965654]
[1; 140; 44.62084363044089]
[1; 150; 48.17581540519596]
[1; 150; 48.555168153386184]
[1; 150; 48.94675900100162]
[1; 150; 49.35129601563431]
[2; 80; 26.543758549104002]
[2; 80; 26.774585426855648]
[1; 160; 54.02731375035152]
[1; 160; 54.52300486781515]
[1; 160; 55.037403217385005]
[1; 160; 55.5717803576531]
[1; 160; 56.12753502934058]
[1; 170; 60.250348342665085]
[1; 170; 60.891357605955484]
[1; 170; 61.560546986642045]
[1; 170; 62.26015854940126]
[1; 170; 62.99269820605355]
[1; 170; 63.76097756039801]
[1; 170; 64.56816423186923]
[2; 90; 34.63297558884208]
[1; 180; 70.21491774636672]
[1; 180; 71.21812353836116]
[1; 180; 72.28123734093437]
[1; 190; 77.48919268767284]
[1; 190; 78.75973314027485]
[2; 100; 42.16732972687992]
[2; 100; 42.934175960300585]
[1; 200; 87.52006981592697]
[1; 200; 89.3066848710852]
[1; 200; 91.24873999001495]
[1; 200; 93.37156054056693]
[1; 200; 95.7068109044721]
[1; 200; 98.2947254280939]
[2; 120; 60.71243495886035]
[2; 140; 73.11761259713111]
[2; 160; 86.54987528363702]
[2; 160; 90.0154977323266]
[2; 160; 94.11263566927502]
[2; 160; 99.0748749283939]
[2; 170; 111.86293763543777]
[2; 170; 120.50069668533017]
[2; 180; 140.42983549273345]
[2; 190; 169.6827012550619]
[2; 200; 225.03874433081648]


Jobs: [[1; 10; 2.424156386937635], [1; 20; 4.881072637712173], [2; 10; 2.4488943851872844], [1; 20; 4.914736271404696], [2; 10; 2.474674115291612], [2; 10; 2.4835123121532647], [1; 30; 7.477434414999564], [1; 40; 10.043223366677706], [1; 50; 12.648423949762572], [1; 50; 12.74572334227231], [1; 50; 12.846087500863007], [1; 50; 12.949689454770654], [1; 60; 15.668059842242387], [2; 30; 7.866946399826187], [1; 60; 15.800846341514093], [1; 60; 15.93825190222615], [2; 30; 8.004388029611324], [1; 70; 18.76065946175837], [1; 70; 18.9327852182956], [2; 40; 10.920803970609368], [2; 40; 10.973308642982007], [1; 80; 22.05367564987106], [2; 40; 11.137113518744648], [1; 80; 22.387873020196878], [1; 90; 25.45010781647055], [1; 100; 28.58362826941918], [1; 100; 28.90302485422874], [1; 100; 29.237193475392864], [2; 50; 14.793686395816882], [1; 110; 32.74578445273124], [1; 120; 36.17490770305578], [2; 60; 18.325473960838963], [2; 60; 18.449298486958376], [1; 130; 40.24916793966002], [1; 140; 43.96455942044278], [1; 140; 44.62084363044089], [1; 150; 48.555168153386184], [1; 150; 49.35129601563431], [2; 80; 26.543758549104002], [2; 80; 26.774585426855648], [1; 160; 54.02731375035152], [1; 160; 55.037403217385005], [1; 160; 56.12753502934058], [1; 170; 60.891357605955484], [1; 170; 62.26015854940126], [1; 170; 63.76097756039801], [2; 90; 34.63297558884208], [1; 180; 70.21491774636672], [1; 180; 72.28123734093437], [1; 190; 78.75973314027485], [2; 100; 42.16732972687992], [2; 100; 42.934175960300585], [1; 200; 87.52006981592697], [1; 200; 91.24873999001495], [1; 200; 95.7068109044721], [2; 120; 60.71243495886035], [2; 140; 73.11761259713111], [2; 160; 86.54987528363702], [2; 160; 90.0154977323266], [2; 160; 94.11263566927502], [2; 160; 99.0748749283939], [2; 170; 111.86293763543777], [2; 170; 120.50069668533017], [2; 180; 140.42983549273345], [2; 190; 169.6827012550619], [2; 200; 225.03874433081648]];
Intervals[0.0=2.424156386937635, 2.424156386937635=7.305229024649808, 7.305229024649808=9.754123409837092, 9.754123409837092=14.668859681241788, 14.686044213615794=17.160718328907407, 17.160718328907407=19.644230641060673, 19.644230641060673=27.121665056060237, 27.121665056060237=37.164888422737945, 37.164888422737945=49.81331237250052, 49.81331237250052=62.55903571477283, 62.55903571477283=75.40512321563584, 75.40512321563584=88.35481267040649, 88.35481267040649=104.02287251264887, 104.02287251264887=111.88981891247506, 111.88981891247506=127.69066525398915, 127.69066525398915=143.6289171562153, 143.6289171562153=151.63330518582663, 151.63330518582663=170.393964647585, 170.393964647585=189.3267498658806, 189.50049900656643=200.4213029771758, 200.4213029771758=211.3946116201578, 211.3946116201578=233.44828727002886, 233.5574656615636=244.69457918030827, 244.69457918030827=267.08245220050514, 267.08245220050514=292.5325600169757, 292.5325600169757=321.1161882863949, 321.1161882863949=350.01921314062366, 350.01921314062366=379.25640661601653, 382.8175844556085=397.6112708514254, 397.6112708514254=430.35705530415663, 430.35705530415663=466.5319630072124, 466.97153805365514=485.2970120144941, 485.2970120144941=503.74631050145246, 503.74631050145246=543.9954784411125, 543.9954784411125=587.9600378615553, 587.9600378615553=632.5808814919961, 632.5808814919961=681.1360496453823, 681.1360496453823=730.4873456610165, 730.4873456610165=757.0311042101206, 757.0311042101206=783.8056896369762, 783.8056896369762=837.8330033873277, 837.8330033873277=892.8704066047127, 892.8704066047127=948.9979416340533, 948.9979416340533=1009.8892992400088, 1009.8892992400088=1072.14945778941, 1072.14945778941=1135.910435349808, 1143.2722326296746=1177.9052082185167, 1177.9052082185167=1248.1201259648833, 1248.1201259648833=1320.4013633058178, 1320.4013633058178=1399.1610964460926, 1399.1610964460926=1441.3284261729725, 1441.3284261729725=1484.262602133273, 1484.262602133273=1571.7826719492, 1571.7826719492=1663.0314119392149, 1663.0314119392149=1758.738222843687, 1765.235572973019=1825.9480079318794, 1825.9480079318794=1899.0656205290104, 1899.0656205290104=1985.6154958126474, 1985.6154958126474=2075.630993544974, 2075.630993544974=2169.743629214249, 2169.743629214249=2268.8185041426427, 2268.8185041426427=2380.6814417780806, 2380.6814417780806=2501.182138463411, 2501.182138463411=2641.6119739561445, 2641.6119739561445=2811.2946752112066, 2811.2946752112066=3036.333419542023];

Jobs: [[1; 10; 2.4322912008814668], [2; 10; 2.4488943851872844], [1; 20; 4.931920803778703], [2; 10; 2.474674115291612], [2; 10; 2.4835123121532647], [1; 40; 10.006299418023529], [1; 40; 10.08069842792912], [1; 50; 12.696700845025122], [1; 50; 12.795511829569945], [1; 50; 12.897472397883089], [1; 50; 13.002762545623467], [2; 30; 7.866946399826187], [1; 60; 15.868954279596853], [2; 30; 8.004388029611324], [1; 70; 18.84593635854798], [1; 70; 19.021257462191823], [2; 40; 10.920803970609368], [2; 40; 10.973308642982007], [1; 80; 22.162854041405804], [2; 40; 11.137113518744648], [1; 90; 25.316858737216858], [1; 90; 25.586207237505587], [1; 100; 28.741552072450986], [1; 100; 29.068188581478363], [1; 100; 29.410198646648443], [2; 50; 14.793686395816882], [1; 110; 32.950450918933115], [1; 120; 36.409816283296585], [2; 60; 18.325473960838963], [2; 60; 18.449298486958376], [1; 140; 43.65051613280223], [1; 140; 44.28783984965654], [1; 150; 48.17581540519596], [1; 150; 48.94675900100162], [2; 80; 26.543758549104002], [2; 80; 26.774585426855648], [1; 160; 54.52300486781515], [1; 160; 55.5717803576531], [1; 170; 60.250348342665085], [1; 170; 61.560546986642045], [1; 170; 62.99269820605355], [1; 170; 64.56816423186923], [2; 90; 34.63297558884208], [1; 180; 71.21812353836116], [1; 190; 77.48919268767284], [2; 100; 42.16732972687992], [2; 100; 42.934175960300585], [1; 200; 89.3066848710852], [1; 200; 93.37156054056693], [1; 200; 98.2947254280939], [2; 120; 60.71243495886035], [2; 140; 73.11761259713111], [2; 160; 86.54987528363702], [2; 160; 90.0154977323266], [2; 160; 94.11263566927502], [2; 160; 99.0748749283939], [2; 170; 111.86293763543777], [2; 170; 120.50069668533017], [2; 180; 140.42983549273345], [2; 190; 169.6827012550619], [2; 200; 225.03874433081648]];
Intervals[0.0=2.4322912008814668, 7.305229024649808=9.754123409837092, 9.754123409837092=14.686044213615794, 14.686044213615794=17.160718328907407, 17.160718328907407=19.644230641060673, 19.644230641060673=29.650530059084204, 29.650530059084204=39.731228487013325, 39.731228487013325=52.427929332038445, 52.427929332038445=65.22344116160839, 65.22344116160839=78.12091355949148, 78.12091355949148=91.12367610511495, 104.02287251264887=111.88981891247506, 111.88981891247506=127.75877319207191, 143.6289171562153=151.63330518582663, 151.63330518582663=170.47924154437462, 170.47924154437462=189.50049900656643, 189.50049900656643=200.4213029771758, 200.4213029771758=211.3946116201578, 211.3946116201578=233.5574656615636, 233.5574656615636=244.69457918030827, 244.69457918030827=270.01143791752514, 270.01143791752514=295.5976451550307, 295.5976451550307=324.3391972274817, 324.3391972274817=353.40738580896004, 353.40738580896004=382.8175844556085, 382.8175844556085=397.6112708514254, 397.6112708514254=430.56172177035853, 430.56172177035853=466.97153805365514, 466.97153805365514=485.2970120144941, 485.2970120144941=503.74631050145246, 503.74631050145246=547.3968266342547, 547.3968266342547=591.6846664839112, 591.6846664839112=639.8604818891072, 639.8604818891072=688.8072408901088, 730.4873456610165=757.0311042101206, 757.0311042101206=783.8056896369762, 783.8056896369762=838.3286945047914, 838.3286945047914=893.9004748624445, 893.9004748624445=954.1508232051096, 954.1508232051096=1015.7113701917517, 1015.7113701917517=1078.7040683978053, 1078.7040683978053=1143.2722326296746, 1143.2722326296746=1177.9052082185167, 1177.9052082185167=1249.1233317568779, 1249.1233317568779=1326.6125244445507, 1399.1610964460926=1441.3284261729725, 1441.3284261729725=1484.262602133273, 1484.262602133273=1573.5692870043583, 1573.5692870043583=1666.9408475449252, 1666.9408475449252=1765.235572973019, 1765.235572973019=1825.9480079318794, 1825.9480079318794=1899.0656205290104, 1899.0656205290104=1985.6154958126474, 1985.6154958126474=2075.630993544974, 2075.630993544974=2169.743629214249, 2169.743629214249=2268.8185041426427, 2268.8185041426427=2380.6814417780806, 2380.6814417780806=2501.182138463411, 2501.182138463411=2641.6119739561445, 2641.6119739561445=2811.2946752112066, 2811.2946752112066=3036.333419542023];
