1.2662008732148982
338696.9029930509
428858.31432498276
[1; 20; 8.152867846864913]
[2; 10; 4.090113334422661]
[1; 20; 8.207956462843391]
[1; 20; 8.23606612219572]
[1; 20; 8.264564847974663]
[2; 10; 4.14673108148839]
[2; 10; 4.16138396325107]
[1; 40; 16.704984699956487]
[1; 40; 16.76529202697281]
[1; 40; 16.826479766506477]
[1; 40; 16.888570660349806]
[2; 20; 8.475794149447275]
[2; 20; 8.50777858138146]
[2; 30; 12.810377000235707]
[2; 30; 12.859838405910672]
[2; 30; 12.910072659701418]
[2; 30; 12.961101145306637]
[1; 60; 26.02589220360409]
[2; 30; 13.065630668662148]
[2; 30; 13.119178933734387]
[1; 60; 26.347231968796986]
[2; 30; 13.228967962165274]
[2; 40; 17.71368282799068]
[2; 40; 17.79003585283446]
[2; 40; 17.867722584384033]
[1; 80; 35.893568666933504]
[2; 40; 18.027264263492395]
[2; 40; 18.10920749992982]
[2; 40; 18.192661247856147]
[2; 40; 18.277674918295208]
[2; 40; 18.364300264136872]
[1; 100; 46.13147881628112]
[1; 100; 46.3565139814882]
[1; 100; 46.586005414753494]
[2; 50; 23.410054937854593]
[2; 50; 23.529496061183952]
[1; 120; 56.763390539893265]
[1; 120; 57.06215072982312]
[1; 120; 57.367301723027055]
[1; 120; 57.679086659638486]
[2; 60; 28.998881056906125]
[1; 120; 58.32359907494067]
[1; 120; 58.656884018589764]
[1; 120; 58.99792007706756]
[2; 60; 29.67351416041362]
[1; 120; 59.70454916339252]
[1; 140; 70.08265122157313]
[2; 70; 35.26033958170368]
[2; 70; 35.4849337872283]
[1; 160; 81.635112895595]
[2; 80; 41.08787926910478]
[1; 160; 82.73101699325643]
[1; 160; 83.30159376147603]
[2; 80; 41.94412201595981]
[1; 160; 84.4917773296709]
[1; 160; 85.1130627104467]
[2; 80; 42.87651729010897]
[1; 160; 86.41269923121807]
[1; 180; 97.97978497673029]
[1; 180; 98.7699786575968]
[1; 180; 99.58629649185139]
[1; 180; 100.43028839766062]
[2; 90; 50.651819544931804]
[1; 180; 102.20818372916247]
[2; 100; 57.303292149451735]
[1; 200; 115.6878423468801]
[1; 1040; 607.4176967562391]
[1; 1040; 613.4922767042872]
[1; 1040; 619.8173852399968]
[2; 520; 313.2058410715529]
[1; 1040; 633.2958782278911]
[2; 540; 332.5636930331854]
[2; 540; 336.47656603552844]
[2; 560; 353.19443002600246]
[1; 1120; 715.3314405224758]
[2; 560; 362.37238790679004]
[2; 560; 367.3370101445628]
[2; 580; 385.89201190247513]
[1; 1200; 810.3154001998466]
[2; 600; 411.4893118545199]
[1; 1240; 864.3548907035157]
[2; 620; 439.63024521427116]
[2; 620; 447.62526884569314]
[2; 620; 456.2355501707161]
[1; 1280; 961.1335024672885]
[2; 640; 491.0171124867571]
[1; 1320; 1036.2828870643445]
[2; 660; 531.1003143870421]
[1; 1320; 1090.9225599326555]
[2; 660; 561.5133863711764]
[2; 660; 579.6391033135335]
[1; 1320; 1200.7156423585059]
[2; 680; 643.3184261187903]
[1; 1360; 1345.1993086054174]
[2; 680; 708.0635469725462]
[2; 700; 774.5600838255107]
[2; 700; 834.3695570538421]
[2; 700; 918.342525361407]
[2; 700; 1051.2397683235968]
[2; 700; 1324.4791125975094]


Jobs: [[1; 20; 8.152867846864913], [2; 10; 4.090113334422661], [1; 20; 8.207956462843391], [1; 20; 8.264564847974663], [2; 10; 4.14673108148839], [2; 10; 4.16138396325107], [1; 40; 16.704984699956487], [1; 40; 16.826479766506477], [2; 20; 8.475794149447275], [2; 20; 8.50777858138146], [2; 30; 12.810377000235707], [2; 30; 12.859838405910672], [2; 30; 12.910072659701418], [2; 30; 12.961101145306637], [1; 60; 26.02589220360409], [2; 30; 13.065630668662148], [2; 30; 13.119178933734387], [1; 60; 26.347231968796986], [2; 30; 13.228967962165274], [2; 40; 17.71368282799068], [2; 40; 17.79003585283446], [2; 40; 17.867722584384033], [1; 80; 35.893568666933504], [2; 40; 18.027264263492395], [2; 40; 18.10920749992982], [2; 40; 18.192661247856147], [2; 40; 18.277674918295208], [2; 40; 18.364300264136872], [1; 100; 46.13147881628112], [1; 100; 46.586005414753494], [2; 50; 23.410054937854593], [2; 50; 23.529496061183952], [1; 120; 56.763390539893265], [1; 120; 57.367301723027055], [2; 60; 28.998881056906125], [1; 120; 58.32359907494067], [1; 120; 58.99792007706756], [2; 60; 29.67351416041362], [1; 120; 59.70454916339252], [2; 70; 35.26033958170368], [2; 70; 35.4849337872283], [1; 160; 81.635112895595], [2; 80; 41.08787926910478], [1; 160; 82.73101699325643], [2; 80; 41.94412201595981], [1; 160; 84.4917773296709], [2; 80; 42.87651729010897], [1; 160; 86.41269923121807], [1; 180; 98.7699786575968], [1; 180; 100.43028839766062], [2; 90; 50.651819544931804], [1; 180; 102.20818372916247], [2; 100; 57.303292149451735], [1; 200; 115.6878423468801], [1; 1040; 613.4922767042872], [2; 520; 313.2058410715529], [1; 1040; 633.2958782278911], [2; 540; 332.5636930331854], [2; 540; 336.47656603552844], [2; 560; 353.19443002600246], [1; 1120; 715.3314405224758], [2; 560; 362.37238790679004], [2; 560; 367.3370101445628], [2; 580; 385.89201190247513], [1; 1200; 810.3154001998466], [2; 600; 411.4893118545199], [1; 1240; 864.3548907035157], [2; 620; 439.63024521427116], [2; 620; 447.62526884569314], [2; 620; 456.2355501707161], [1; 1280; 961.1335024672885], [2; 640; 491.0171124867571], [1; 1320; 1036.2828870643445], [2; 660; 531.1003143870421], [1; 1320; 1090.9225599326555], [2; 660; 561.5133863711764], [2; 660; 579.6391033135335], [1; 1320; 1200.7156423585059], [2; 680; 643.3184261187903], [1; 1360; 1345.1993086054174], [2; 680; 708.0635469725462], [2; 700; 774.5600838255107], [2; 700; 834.3695570538421], [2; 700; 918.342525361407], [2; 700; 1051.2397683235968], [2; 700; 1324.4791125975094]];
Intervals[0.0=8.152867846864913, 8.152867846864913=12.242981181287574, 12.242981181287574=20.450937644130967, 20.450937644130967=28.715502492105628, 28.715502492105628=32.86223357359402, 32.86223357359402=37.02361753684509, 37.02361753684509=53.72860223680158, 53.72860223680158=70.55508200330806, 70.67748022416771=79.15327437361498, 79.15327437361498=87.66105295499644, 87.66105295499644=100.47142995523214, 100.47142995523214=113.3312683611428, 113.3312683611428=126.24134102084422, 126.24134102084422=139.20244216615086, 139.20244216615086=165.22833436975495, 165.22833436975495=178.2939650384171, 178.2939650384171=191.4131439721515, 191.4131439721515=217.76037594094848, 217.76037594094848=230.98934390311376, 230.98934390311376=248.70302673110444, 248.70302673110444=266.4930625839389, 266.4930625839389=284.36078516832293, 284.36078516832293=320.25435383525644, 320.25435383525644=338.2816180987488, 338.2816180987488=356.39082559867865, 356.39082559867865=374.5834868465348, 374.5834868465348=392.86116176483, 392.86116176483=411.2254620289669, 411.2254620289669=457.356940845248, 457.356940845248=503.9429462600015, 503.9429462600015=527.3530011978561, 527.3530011978561=550.8824972590401, 550.8824972590401=607.6458877989334, 607.6458877989334=665.0131895219604, 665.6237346485017=694.6226157054078, 694.6226157054078=752.9462147803486, 752.9462147803486=811.9441348574161, 811.9441348574161=841.6176490178298, 841.6176490178298=901.3221981812222, 911.7003002394028=946.9606398211065, 946.9606398211065=982.4455736083348, 982.4455736083348=1064.0806865039299, 1064.0806865039299=1105.1685657730347, 1105.1685657730347=1187.8995827662911, 1188.4701595345107=1230.4142815504706, 1230.4142815504706=1314.9060588801415, 1315.5273442609173=1358.4038615510262, 1358.4038615510262=1444.8165607822443, 1444.8165607822443=1543.586539439841, 1543.586539439841=1644.0168278375018, 1644.0168278375018=1694.6686473824336, 1694.6686473824336=1796.8768311115962, 1796.8768311115962=1854.1801232610478, 1854.1801232610478=1969.867965607928, 1969.867965607928=2583.360242312215, 3081.4152052572836=3394.6210463288367, 3394.6210463288367=4027.9169245567277, 4027.9169245567277=4360.480617589913, 4360.480617589913=4696.957183625442, 4696.957183625442=5050.151613651444, 5050.151613651444=5765.483054173919, 5765.483054173919=6127.8554420807095, 6127.8554420807095=6495.192452225272, 6495.192452225272=6881.084464127747, 6881.084464127747=7691.399864327594, 7691.399864327594=8102.889176182113, 8102.889176182113=8967.244066885629, 8967.244066885629=9406.8743120999, 9406.8743120999=9854.499580945594, 9854.499580945594=10310.735131116311, 10310.735131116311=11271.8686335836, 11271.8686335836=11762.885746070357, 11762.885746070357=12799.168633134701, 12799.168633134701=13330.268947521743, 13330.268947521743=14421.191507454398, 14421.191507454398=14982.704893825574, 14982.704893825574=15562.343997139107, 15562.343997139107=16763.059639497613, 16763.059639497613=17406.3780656164, 17406.3780656164=18751.57737422182, 18751.57737422182=19459.640921194365, 19459.640921194365=20234.201005019877, 20234.201005019877=21068.57056207372, 21068.57056207372=21986.91308743513, 21986.91308743513=23038.152855758726, 23038.152855758726=24362.631968356236];

Jobs: [[2; 10; 4.090113334422661], [1; 20; 8.23606612219572], [2; 10; 4.14673108148839], [2; 10; 4.16138396325107], [1; 40; 16.76529202697281], [1; 40; 16.888570660349806], [2; 20; 8.475794149447275], [2; 20; 8.50777858138146], [2; 30; 12.810377000235707], [2; 30; 12.859838405910672], [2; 30; 12.910072659701418], [2; 30; 12.961101145306637], [2; 30; 13.065630668662148], [2; 30; 13.119178933734387], [2; 30; 13.228967962165274], [2; 40; 17.71368282799068], [2; 40; 17.79003585283446], [2; 40; 17.867722584384033], [2; 40; 18.027264263492395], [2; 40; 18.10920749992982], [2; 40; 18.192661247856147], [2; 40; 18.277674918295208], [2; 40; 18.364300264136872], [1; 100; 46.3565139814882], [2; 50; 23.410054937854593], [2; 50; 23.529496061183952], [1; 120; 57.06215072982312], [1; 120; 57.679086659638486], [2; 60; 28.998881056906125], [1; 120; 58.656884018589764], [2; 60; 29.67351416041362], [1; 140; 70.08265122157313], [2; 70; 35.26033958170368], [2; 70; 35.4849337872283], [2; 80; 41.08787926910478], [1; 160; 83.30159376147603], [2; 80; 41.94412201595981], [1; 160; 85.1130627104467], [2; 80; 42.87651729010897], [1; 180; 97.97978497673029], [1; 180; 99.58629649185139], [2; 90; 50.651819544931804], [2; 100; 57.303292149451735], [1; 1040; 607.4176967562391], [1; 1040; 619.8173852399968], [2; 520; 313.2058410715529], [2; 540; 332.5636930331854], [2; 540; 336.47656603552844], [2; 560; 353.19443002600246], [2; 560; 362.37238790679004], [2; 560; 367.3370101445628], [2; 580; 385.89201190247513], [2; 600; 411.4893118545199], [2; 620; 439.63024521427116], [2; 620; 447.62526884569314], [2; 620; 456.2355501707161], [2; 640; 491.0171124867571], [2; 660; 531.1003143870421], [2; 660; 561.5133863711764], [2; 660; 579.6391033135335], [2; 680; 643.3184261187903], [2; 680; 708.0635469725462], [2; 700; 774.5600838255107], [2; 700; 834.3695570538421], [2; 700; 918.342525361407], [2; 700; 1051.2397683235968], [2; 700; 1324.4791125975094]];
Intervals[8.152867846864913=12.242981181287574, 12.242981181287574=20.47904730348329, 28.715502492105628=32.86223357359402, 32.86223357359402=37.02361753684509, 37.02361753684509=53.788909563817896, 53.788909563817896=70.67748022416771, 70.67748022416771=79.15327437361498, 79.15327437361498=87.66105295499644, 87.66105295499644=100.47142995523214, 100.47142995523214=113.3312683611428, 113.3312683611428=126.24134102084422, 126.24134102084422=139.20244216615086, 165.22833436975495=178.2939650384171, 178.2939650384171=191.4131439721515, 217.76037594094848=230.98934390311376, 230.98934390311376=248.70302673110444, 248.70302673110444=266.4930625839389, 266.4930625839389=284.36078516832293, 320.25435383525644=338.2816180987488, 338.2816180987488=356.39082559867865, 356.39082559867865=374.5834868465348, 374.5834868465348=392.86116176483, 392.86116176483=411.2254620289669, 411.2254620289669=457.5819760104551, 503.9429462600015=527.3530011978561, 527.3530011978561=550.8824972590401, 550.8824972590401=607.9446479888632, 607.9446479888632=665.6237346485017, 665.6237346485017=694.6226157054078, 694.6226157054078=753.2794997239976, 811.9441348574161=841.6176490178298, 841.6176490178298=911.7003002394028, 911.7003002394028=946.9606398211065, 946.9606398211065=982.4455736083348, 1064.0806865039299=1105.1685657730347, 1105.1685657730347=1188.4701595345107, 1188.4701595345107=1230.4142815504706, 1230.4142815504706=1315.5273442609173, 1315.5273442609173=1358.4038615510262, 1358.4038615510262=1456.3836465277566, 1456.3836465277566=1555.9699430196079, 1644.0168278375018=1694.6686473824336, 1796.8768311115962=1854.1801232610478, 1854.1801232610478=2461.5978200172867, 2461.5978200172867=3081.4152052572836, 3081.4152052572836=3394.6210463288367, 4027.9169245567277=4360.480617589913, 4360.480617589913=4696.957183625442, 4696.957183625442=5050.151613651444, 5765.483054173919=6127.8554420807095, 6127.8554420807095=6495.192452225272, 6495.192452225272=6881.084464127747, 7691.399864327594=8102.889176182113, 8967.244066885629=9406.8743120999, 9406.8743120999=9854.499580945594, 9854.499580945594=10310.735131116311, 11271.8686335836=11762.885746070357, 12799.168633134701=13330.268947521743, 14421.191507454398=14982.704893825574, 14982.704893825574=15562.343997139107, 16763.059639497613=17406.3780656164, 18751.57737422182=19459.640921194365, 19459.640921194365=20234.201005019877, 20234.201005019877=21068.57056207372, 21068.57056207372=21986.91308743513, 21986.91308743513=23038.152855758726, 23038.152855758726=24362.631968356236];
