1.0296575452352896
15760.314579704449
16227.726822274428
[1; 10; 1.847317840232045]
[1; 10; 1.8598000961697352]
[1; 10; 1.872626709052948]
[1; 10; 1.8858146555939406]
[2; 10; 1.899382133983466]
[1; 20; 3.8266973613316586]
[1; 30; 5.783205903493332]
[1; 30; 5.82769385103554]
[1; 50; 9.789305155969968]
[1; 50; 9.868254574731791]
[1; 60; 11.939776915532082]
[1; 60; 12.040966290263993]
[1; 70; 14.169954867476207]
[1; 70; 14.296479016358091]
[1; 70; 14.427646701136197]
[1; 80; 16.644302416536007]
[1; 80; 16.805907692351347]
[1; 80; 16.973977918855915]
[1; 90; 19.292602183548155]
[1; 90; 19.49785803771014]
[2; 50; 10.951187428644007]
[2; 60; 13.290772073734828]
[2; 70; 15.688339851435426]
[1; 150; 34.02788555707591]
[1; 160; 36.755908284186]
[1; 160; 37.239594124075]
[1; 170; 40.10915075862991]
[1; 170; 40.68221605080022]
[1; 180; 43.71829712212529]
[1; 180; 44.40150586746352]
[1; 180; 45.129528800783255]
[1; 180; 45.90777706352638]
[1; 190; 49.33945997213551]
[1; 200; 52.935292160459085]
[1; 200; 54.0159013295558]
[2; 100; 27.595263125385387]
[1; 200; 56.47448461922314]
[1; 200; 57.88692819406412]
[1; 200; 59.45219215788793]
[1; 200; 61.20178089969346]
[2; 140; 44.22416701728958]
[2; 160; 52.34848354470656]
[2; 160; 54.44461689132146]
[2; 160; 56.92271356297879]
[2; 170; 63.66930810780022]
[2; 180; 71.6386614931925]
[2; 200; 85.74489859354735]
[2; 200; 94.37447237324685]
[2; 200; 108.0318026591116]
[2; 200; 136.11154222830365]


Jobs: [[1; 10; 1.847317840232045], [1; 10; 1.872626709052948], [2; 10; 1.899382133983466], [1; 20; 3.8266973613316586], [1; 30; 5.82769385103554], [1; 50; 9.868254574731791], [1; 60; 12.040966290263993], [1; 70; 14.296479016358091], [1; 80; 16.644302416536007], [1; 80; 16.973977918855915], [1; 90; 19.49785803771014], [2; 50; 10.951187428644007], [2; 60; 13.290772073734828], [2; 70; 15.688339851435426], [1; 150; 34.02788555707591], [1; 160; 37.239594124075], [1; 170; 40.68221605080022], [1; 180; 44.40150586746352], [1; 180; 45.90777706352638], [1; 200; 52.935292160459085], [2; 100; 27.595263125385387], [1; 200; 56.47448461922314], [1; 200; 59.45219215788793], [2; 140; 44.22416701728958], [2; 160; 52.34848354470656], [2; 160; 54.44461689132146], [2; 160; 56.92271356297879], [2; 170; 63.66930810780022], [2; 180; 71.6386614931925], [2; 200; 85.74489859354735], [2; 200; 94.37447237324685], [2; 200; 108.0318026591116], [2; 200; 136.11154222830365]];
Intervals[0.0=1.847317840232045, 1.847317840232045=3.719944549284993, 3.745614751763676=5.644996885747142, 5.644996885747142=9.471694247078801, 9.471694247078801=15.299388098114342, 15.299388098114342=25.167642672846135, 25.167642672846135=37.20860896311013, 37.20860896311013=51.50508797946822, 51.50508797946822=68.14939039600424, 68.14939039600424=85.12336831486016, 85.12336831486016=104.6212263525703, 104.6212263525703=115.57241378121431, 115.57241378121431=128.86318585494914, 128.86318585494914=144.55152570638455, 144.55152570638455=178.57941126346046, 178.57941126346046=215.81900538753547, 215.81900538753547=256.5012214383357, 256.5012214383357=300.9027273057992, 300.9027273057992=346.8105043693256, 346.8105043693256=399.7457965297847, 413.6197719738003=441.2150350991857, 441.2150350991857=497.6895197184088, 497.6895197184088=557.1417118762968, 560.3037441929432=604.5279112102328, 604.5279112102328=656.8763947549394, 656.8763947549394=711.3210116462608, 711.3210116462608=768.2437252092395, 768.2437252092395=831.9130333170398, 831.9130333170398=903.5516948102322, 903.5516948102322=989.2965934037795, 989.2965934037795=1083.6710657770263, 1083.6710657770263=1191.702868436138, 1191.702868436138=1327.8144106644418];

Jobs: [[1; 10; 1.8598000961697352], [1; 10; 1.8858146555939406], [2; 10; 1.899382133983466], [1; 30; 5.783205903493332], [1; 50; 9.789305155969968], [1; 60; 11.939776915532082], [1; 70; 14.169954867476207], [1; 70; 14.427646701136197], [1; 80; 16.805907692351347], [1; 90; 19.292602183548155], [2; 50; 10.951187428644007], [2; 60; 13.290772073734828], [2; 70; 15.688339851435426], [1; 160; 36.755908284186], [1; 170; 40.10915075862991], [1; 180; 43.71829712212529], [1; 180; 45.129528800783255], [1; 190; 49.33945997213551], [1; 200; 54.0159013295558], [2; 100; 27.595263125385387], [1; 200; 57.88692819406412], [1; 200; 61.20178089969346], [2; 140; 44.22416701728958], [2; 160; 52.34848354470656], [2; 160; 54.44461689132146], [2; 160; 56.92271356297879], [2; 170; 63.66930810780022], [2; 180; 71.6386614931925], [2; 200; 85.74489859354735], [2; 200; 94.37447237324685], [2; 200; 108.0318026591116], [2; 200; 136.11154222830365]];
Intervals[0.0=1.8598000961697352, 1.8598000961697352=3.745614751763676, 3.745614751763676=5.644996885747142, 5.644996885747142=11.428202789240475, 11.428202789240475=21.217507945210443, 21.217507945210443=33.15728486074252, 33.15728486074252=47.32723972821873, 47.32723972821873=61.754886429354926, 61.754886429354926=78.56079412170627, 78.56079412170627=97.85339630525442, 104.6212263525703=115.57241378121431, 115.57241378121431=128.86318585494914, 128.86318585494914=144.55152570638455, 144.55152570638455=181.30743399057056, 181.30743399057056=221.41658474920047, 221.41658474920047=265.1348818713258, 265.1348818713258=310.264410672109, 310.264410672109=359.6038706442445, 359.6038706442445=413.6197719738003, 413.6197719738003=441.2150350991857, 441.2150350991857=499.1019632932498, 499.1019632932498=560.3037441929432, 560.3037441929432=604.5279112102328, 604.5279112102328=656.8763947549394, 656.8763947549394=711.3210116462608, 711.3210116462608=768.2437252092395, 768.2437252092395=831.9130333170398, 831.9130333170398=903.5516948102322, 903.5516948102322=989.2965934037795, 989.2965934037795=1083.6710657770263, 1083.6710657770263=1191.702868436138, 1191.702868436138=1327.8144106644418];
