1.0
9625.263026291672
9625.263026291672
[2; 10; 1.5673194839063487]
[2; 10; 1.5779098016676876]
[2; 10; 1.5887922821193776]
[2; 10; 1.5999813288098033]
[2; 10; 1.611492381626091]
[2; 10; 1.6233420158695444]
[2; 10; 1.6355480532519435]
[2; 10; 1.6481296865553472]
[2; 10; 1.6611076199999617]
[2; 20; 3.349008455455028]
[2; 20; 3.3766874664907065]
[2; 30; 5.107957239621459]
[2; 40; 6.8698353182082705]
[2; 40; 6.931176379257804]
[2; 40; 6.99476870555127]
[2; 40; 7.060760986909966]
[2; 40; 7.129316351875107]
[2; 40; 7.200614245212205]
[2; 40; 7.274852615203452]
[2; 40; 7.352250473368456]
[2; 40; 7.433050904404416]
[2; 40; 7.517524623593876]
[2; 50; 9.50746775513912]
[2; 50; 9.623423911906306]
[2; 50; 9.745252337580144]
[2; 60; 11.848192858103866]
[2; 60; 12.010517040916307]
[2; 60; 12.182119040135605]
[2; 60; 12.363968522440231]
[2; 60; 12.557186739472355]
[2; 60; 12.76307885384349]
[2; 60; 12.983175190082765]
[2; 70; 15.422498579722426]
[2; 70; 15.719157550402551]
[2; 70; 16.04004490336079]
[2; 70; 16.388850273948684]
[2; 70; 16.77012225825515]
[2; 70; 17.18954797931622]
[2; 70; 17.654353779966794]
[2; 80; 20.770165602213414]
[2; 80; 21.440628945900723]
[2; 80; 22.207006402932652]
[2; 80; 23.096217388575134]
[2; 80; 24.14746290569852]
[2; 80; 25.42067651391004]
[2; 90; 30.390187198416356]
[2; 90; 32.736836768415536]
[2; 90; 36.03155112274892]
[2; 100; 45.82869972388798]
[2; 100; 57.740543471437825]


Jobs: [[2; 10; 1.5673194839063487], [2; 10; 1.5779098016676876], [2; 10; 1.5887922821193776], [2; 10; 1.5999813288098033], [2; 10; 1.611492381626091], [2; 10; 1.6233420158695444], [2; 10; 1.6355480532519435], [2; 10; 1.6481296865553472], [2; 10; 1.6611076199999617], [2; 20; 3.349008455455028], [2; 20; 3.3766874664907065], [2; 30; 5.107957239621459], [2; 40; 6.8698353182082705], [2; 40; 6.931176379257804], [2; 40; 6.99476870555127], [2; 40; 7.060760986909966], [2; 40; 7.129316351875107], [2; 40; 7.200614245212205], [2; 40; 7.274852615203452], [2; 40; 7.352250473368456], [2; 40; 7.433050904404416], [2; 40; 7.517524623593876], [2; 50; 9.50746775513912], [2; 50; 9.623423911906306], [2; 50; 9.745252337580144], [2; 60; 11.848192858103866], [2; 60; 12.010517040916307], [2; 60; 12.182119040135605], [2; 60; 12.363968522440231], [2; 60; 12.557186739472355], [2; 60; 12.76307885384349], [2; 60; 12.983175190082765], [2; 70; 15.422498579722426], [2; 70; 15.719157550402551], [2; 70; 16.04004490336079], [2; 70; 16.388850273948684], [2; 70; 16.77012225825515], [2; 70; 17.18954797931622], [2; 70; 17.654353779966794], [2; 80; 20.770165602213414], [2; 80; 21.440628945900723], [2; 80; 22.207006402932652], [2; 80; 23.096217388575134], [2; 80; 24.14746290569852], [2; 80; 25.42067651391004], [2; 90; 30.390187198416356], [2; 90; 32.736836768415536], [2; 90; 36.03155112274892], [2; 100; 45.82869972388798], [2; 100; 57.740543471437825]];
Intervals[4.9E-324=1.5673194839063487, 1.5673194839063487=3.145229285574036, 3.145229285574036=4.734021567693413, 4.734021567693413=6.3340028965032165, 6.3340028965032165=7.945495278129307, 7.945495278129307=9.568837293998852, 9.568837293998852=11.204385347250795, 11.204385347250795=12.852515033806142, 12.852515033806142=14.513622653806104, 14.513622653806104=17.86263110926113, 17.86263110926113=21.239318575751838, 21.239318575751838=26.347275815373298, 26.347275815373298=33.21711113358157, 33.21711113358157=40.148287512839374, 40.148287512839374=47.14305621839065, 47.14305621839065=54.203817205300616, 54.203817205300616=61.33313355717572, 61.33313355717572=68.53374780238792, 68.53374780238792=75.80860041759138, 75.80860041759138=83.16085089095984, 83.16085089095984=90.59390179536425, 90.59390179536425=98.11142641895812, 98.11142641895812=107.61889417409724, 107.61889417409724=117.24231808600354, 117.24231808600354=126.98757042358368, 126.98757042358368=138.83576328168755, 138.83576328168755=150.84628032260386, 150.84628032260386=163.02839936273946, 163.02839936273946=175.39236788517968, 175.39236788517968=187.94955462465202, 187.94955462465202=200.71263347849552, 200.71263347849552=213.69580866857828, 213.69580866857828=229.1183072483007, 229.1183072483007=244.83746479870325, 244.83746479870325=260.87750970206406, 260.87750970206406=277.2663599760127, 277.2663599760127=294.03648223426785, 294.03648223426785=311.22603021358407, 311.22603021358407=328.8803839935509, 328.8803839935509=349.6505495957643, 349.6505495957643=371.091178541665, 371.091178541665=393.29818494459766, 393.29818494459766=416.3944023331728, 416.3944023331728=440.54186523887137, 440.54186523887137=465.9625417527814, 465.9625417527814=496.3527289511978, 496.3527289511978=529.0895657196133, 529.0895657196133=565.1211168423623, 565.1211168423623=610.9498165662503, 610.9498165662503=668.6903600376882];

Jobs: [[2; 10; 1.5673194839063487], [2; 10; 1.5779098016676876], [2; 10; 1.5887922821193776], [2; 10; 1.5999813288098033], [2; 10; 1.611492381626091], [2; 10; 1.6233420158695444], [2; 10; 1.6355480532519435], [2; 10; 1.6481296865553472], [2; 10; 1.6611076199999617], [2; 20; 3.349008455455028], [2; 20; 3.3766874664907065], [2; 30; 5.107957239621459], [2; 40; 6.8698353182082705], [2; 40; 6.931176379257804], [2; 40; 6.99476870555127], [2; 40; 7.060760986909966], [2; 40; 7.129316351875107], [2; 40; 7.200614245212205], [2; 40; 7.274852615203452], [2; 40; 7.352250473368456], [2; 40; 7.433050904404416], [2; 40; 7.517524623593876], [2; 50; 9.50746775513912], [2; 50; 9.623423911906306], [2; 50; 9.745252337580144], [2; 60; 11.848192858103866], [2; 60; 12.010517040916307], [2; 60; 12.182119040135605], [2; 60; 12.363968522440231], [2; 60; 12.557186739472355], [2; 60; 12.76307885384349], [2; 60; 12.983175190082765], [2; 70; 15.422498579722426], [2; 70; 15.719157550402551], [2; 70; 16.04004490336079], [2; 70; 16.388850273948684], [2; 70; 16.77012225825515], [2; 70; 17.18954797931622], [2; 70; 17.654353779966794], [2; 80; 20.770165602213414], [2; 80; 21.440628945900723], [2; 80; 22.207006402932652], [2; 80; 23.096217388575134], [2; 80; 24.14746290569852], [2; 80; 25.42067651391004], [2; 90; 30.390187198416356], [2; 90; 32.736836768415536], [2; 90; 36.03155112274892], [2; 100; 45.82869972388798], [2; 100; 57.740543471437825]];
Intervals[4.9E-324=1.5673194839063487, 1.5673194839063487=3.145229285574036, 3.145229285574036=4.734021567693413, 4.734021567693413=6.3340028965032165, 6.3340028965032165=7.945495278129307, 7.945495278129307=9.568837293998852, 9.568837293998852=11.204385347250795, 11.204385347250795=12.852515033806142, 12.852515033806142=14.513622653806104, 14.513622653806104=17.86263110926113, 17.86263110926113=21.239318575751838, 21.239318575751838=26.347275815373298, 26.347275815373298=33.21711113358157, 33.21711113358157=40.148287512839374, 40.148287512839374=47.14305621839065, 47.14305621839065=54.203817205300616, 54.203817205300616=61.33313355717572, 61.33313355717572=68.53374780238792, 68.53374780238792=75.80860041759138, 75.80860041759138=83.16085089095984, 83.16085089095984=90.59390179536425, 90.59390179536425=98.11142641895812, 98.11142641895812=107.61889417409724, 107.61889417409724=117.24231808600354, 117.24231808600354=126.98757042358368, 126.98757042358368=138.83576328168755, 138.83576328168755=150.84628032260386, 150.84628032260386=163.02839936273946, 163.02839936273946=175.39236788517968, 175.39236788517968=187.94955462465202, 187.94955462465202=200.71263347849552, 200.71263347849552=213.69580866857828, 213.69580866857828=229.1183072483007, 229.1183072483007=244.83746479870325, 244.83746479870325=260.87750970206406, 260.87750970206406=277.2663599760127, 277.2663599760127=294.03648223426785, 294.03648223426785=311.22603021358407, 311.22603021358407=328.8803839935509, 328.8803839935509=349.6505495957643, 349.6505495957643=371.091178541665, 371.091178541665=393.29818494459766, 393.29818494459766=416.3944023331728, 416.3944023331728=440.54186523887137, 440.54186523887137=465.9625417527814, 465.9625417527814=496.3527289511978, 496.3527289511978=529.0895657196133, 529.0895657196133=565.1211168423623, 565.1211168423623=610.9498165662503, 610.9498165662503=668.6903600376882];
