1.0000000000000007
799929.0760937406
799929.0760937411
[2; 10; 5.428674797531429]
[2; 10; 5.446891963584513]
[2; 10; 5.465356145347983]
[2; 10; 5.48407326454572]
[2; 10; 5.503049447810779]
[2; 10; 5.522291035999731]
[2; 10; 5.541804594033634]
[2; 10; 5.561596921301383]
[2; 20; 11.163350125327979]
[2; 20; 11.204092640202925]
[2; 20; 11.24543653009476]
[2; 20; 11.287397502919722]
[2; 20; 11.329991859363568]
[2; 20; 11.3732365222949]
[2; 30; 17.125723601993457]
[2; 30; 17.192621639015236]
[2; 30; 17.2605773716395]
[2; 30; 17.32962041612205]
[2; 30; 17.39978158779915]
[2; 40; 23.294790619967607]
[2; 40; 23.391450609407045]
[2; 40; 23.48973516966735]
[2; 40; 23.589692693658986]
[2; 40; 23.691373660275932]
[2; 50; 29.74353844102482]
[2; 50; 29.87514873226091]
[2; 50; 30.009119801105516]
[2; 50; 30.145526765756326]
[2; 50; 30.284448206234902]
[2; 60; 36.51115964963545]
[2; 60; 36.684200906024365]
[2; 60; 36.86056996777171]
[2; 60; 37.04038047168725]
[2; 70; 43.42771029386655]
[2; 70; 43.64594365855133]
[2; 70; 43.86863089927701]
[2; 70; 44.095933562689744]
[2; 80; 50.6605962267293]
[2; 80; 50.93151365723565]
[2; 80; 51.20832079789242]
[2; 80; 51.49124543891596]
[2; 100; 64.72566021072166]
[2; 100; 65.09552915499347]
[2; 100; 65.47400003797645]
[2; 520; 342.47943170149784]
[2; 520; 344.542610574099]
[2; 520; 346.65642179967085]
[2; 520; 348.8230806848271]
[2; 520; 351.04494365054023]
[2; 520; 353.324520145678]
[2; 520; 355.664485823069]
[2; 520; 358.0676971402038]
[2; 520; 360.5372075712764]
[2; 540; 377.04075817106263]
[2; 540; 379.75337487667684]
[2; 540; 382.54577938712504]
[2; 540; 385.42217144624215]
[2; 540; 388.3870738949941]
[2; 540; 391.4453657496191]
[2; 540; 394.6023195487449]
[2; 560; 412.5993341451548]
[2; 560; 416.09610539409147]
[2; 560; 419.7145140182906]
[2; 560; 423.46216333377464]
[2; 560; 427.34735433024764]
[2; 560; 431.3791712540116]
[2; 580; 451.12356550647297]
[2; 580; 455.6351004514571]
[2; 580; 460.3327006861601]
[2; 580; 465.23022465825574]
[2; 580; 470.3430541000036]
[2; 600; 492.09136461853024]
[2; 600; 497.88120595009684]
[2; 600; 503.9535264307398]
[2; 600; 510.33336226670224]
[2; 600; 517.0490450636786]
[2; 600; 524.1327889492711]
[2; 600; 531.6214119730489]
[2; 600; 539.557229890346]
[2; 600; 547.9891735463808]
[2; 600; 556.9741995665239]
[2; 620; 585.4650602106884]
[2; 620; 596.1122052665866]
[2; 620; 607.5787022359398]
[2; 620; 619.9816774494111]
[2; 620; 633.4637431208818]
[2; 640; 669.1104125051431]
[2; 640; 685.8450619556737]
[2; 660; 726.402527111023]
[2; 660; 747.7794627179954]
[2; 660; 771.9178701104324]
[2; 660; 799.5094326446015]
[2; 660; 831.5233186107207]
[2; 680; 895.7154367577634]
[2; 680; 942.9434659556457]
[2; 680; 1002.0269543525187]
[2; 680; 1079.4008154020305]
[2; 680; 1188.0343216183478]
[2; 680; 1359.9598085987084]
[2; 700; 1763.8373425075895]


Jobs: [[2; 10; 5.428674797531429], [2; 10; 5.446891963584513], [2; 10; 5.465356145347983], [2; 10; 5.48407326454572], [2; 10; 5.503049447810779], [2; 10; 5.522291035999731], [2; 10; 5.541804594033634], [2; 10; 5.561596921301383], [2; 20; 11.163350125327979], [2; 20; 11.204092640202925], [2; 20; 11.24543653009476], [2; 20; 11.287397502919722], [2; 20; 11.329991859363568], [2; 20; 11.3732365222949], [2; 30; 17.125723601993457], [2; 30; 17.192621639015236], [2; 30; 17.2605773716395], [2; 30; 17.32962041612205], [2; 30; 17.39978158779915], [2; 40; 23.294790619967607], [2; 40; 23.391450609407045], [2; 40; 23.48973516966735], [2; 40; 23.589692693658986], [2; 40; 23.691373660275932], [2; 50; 29.74353844102482], [2; 50; 29.87514873226091], [2; 50; 30.009119801105516], [2; 50; 30.145526765756326], [2; 50; 30.284448206234902], [2; 60; 36.51115964963545], [2; 60; 36.684200906024365], [2; 60; 36.86056996777171], [2; 60; 37.04038047168725], [2; 70; 43.42771029386655], [2; 70; 43.64594365855133], [2; 70; 43.86863089927701], [2; 70; 44.095933562689744], [2; 80; 50.6605962267293], [2; 80; 50.93151365723565], [2; 80; 51.20832079789242], [2; 80; 51.49124543891596], [2; 100; 64.72566021072166], [2; 100; 65.09552915499347], [2; 100; 65.47400003797645], [2; 520; 342.47943170149784], [2; 520; 344.542610574099], [2; 520; 346.65642179967085], [2; 520; 348.8230806848271], [2; 520; 351.04494365054023], [2; 520; 353.324520145678], [2; 520; 355.664485823069], [2; 520; 358.0676971402038], [2; 520; 360.5372075712764], [2; 540; 377.04075817106263], [2; 540; 379.75337487667684], [2; 540; 382.54577938712504], [2; 540; 385.42217144624215], [2; 540; 388.3870738949941], [2; 540; 391.4453657496191], [2; 540; 394.6023195487449], [2; 560; 412.5993341451548], [2; 560; 416.09610539409147], [2; 560; 419.7145140182906], [2; 560; 423.46216333377464], [2; 560; 427.34735433024764], [2; 560; 431.3791712540116], [2; 580; 451.12356550647297], [2; 580; 455.6351004514571], [2; 580; 460.3327006861601], [2; 580; 465.23022465825574], [2; 580; 470.3430541000036], [2; 600; 492.09136461853024], [2; 600; 497.88120595009684], [2; 600; 503.9535264307398], [2; 600; 510.33336226670224], [2; 600; 517.0490450636786], [2; 600; 524.1327889492711], [2; 600; 531.6214119730489], [2; 600; 539.557229890346], [2; 600; 547.9891735463808], [2; 600; 556.9741995665239], [2; 620; 585.4650602106884], [2; 620; 596.1122052665866], [2; 620; 607.5787022359398], [2; 620; 619.9816774494111], [2; 620; 633.4637431208818], [2; 640; 669.1104125051431], [2; 640; 685.8450619556737], [2; 660; 726.402527111023], [2; 660; 747.7794627179954], [2; 660; 771.9178701104324], [2; 660; 799.5094326446015], [2; 660; 831.5233186107207], [2; 680; 895.7154367577634], [2; 680; 942.9434659556457], [2; 680; 1002.0269543525187], [2; 680; 1079.4008154020305], [2; 680; 1188.0343216183478], [2; 680; 1359.9598085987084], [2; 700; 1763.8373425075895]];
Intervals[4.9E-324=5.428674797531429, 5.428674797531429=10.875566761115943, 10.875566761115943=16.340922906463927, 16.340922906463927=21.824996171009648, 21.824996171009648=27.328045618820425, 27.328045618820425=32.850336654820154, 32.850336654820154=38.39214124885379, 38.39214124885379=43.95373817015518, 43.95373817015518=55.11708829548316, 55.11708829548316=66.32118093568609, 66.32118093568609=77.56661746578085, 77.56661746578085=88.85401496870057, 88.85401496870057=100.18400682806414, 100.18400682806414=111.55724335035904, 111.55724335035904=128.6829669523525, 128.6829669523525=145.87558859136774, 145.87558859136774=163.13616596300724, 163.13616596300724=180.4657863791293, 180.4657863791293=197.86556796692844, 197.86556796692844=221.16035858689605, 221.16035858689605=244.5518091963031, 244.5518091963031=268.0415443659705, 268.0415443659705=291.6312370596295, 291.6312370596295=315.3226107199054, 315.3226107199054=345.06614916093025, 345.06614916093025=374.9412978931912, 374.9412978931912=404.9504176942967, 404.9504176942967=435.095944460053, 435.095944460053=465.3803926662879, 465.3803926662879=501.8915523159233, 501.8915523159233=538.5757532219477, 538.5757532219477=575.4363231897194, 575.4363231897194=612.4767036614066, 612.4767036614066=655.9044139552732, 655.9044139552732=699.5503576138245, 699.5503576138245=743.4189885131016, 743.4189885131016=787.5149220757913, 787.5149220757913=838.1755183025207, 838.1755183025207=889.1070319597563, 889.1070319597563=940.3153527576487, 940.3153527576487=991.8065981965647, 991.8065981965647=1056.5322584072862, 1056.5322584072862=1121.6277875622798, 1121.6277875622798=1187.101787600256, 1187.101787600256=1529.581219301754, 1529.581219301754=1874.1238298758528, 1874.1238298758528=2220.7802516755237, 2220.7802516755237=2569.6033323603506, 2569.6033323603506=2920.6482760108906, 2920.6482760108906=3273.9727961565686, 3273.9727961565686=3629.6372819796375, 3629.6372819796375=3987.7049791198415, 3987.7049791198415=4348.242186691118, 4348.242186691118=4725.282944862181, 4725.282944862181=5105.036319738858, 5105.036319738858=5487.5820991259825, 5487.5820991259825=5873.004270572224, 5873.004270572224=6261.391344467219, 6261.391344467219=6652.836710216838, 6652.836710216838=7047.439029765583, 7047.439029765583=7460.038363910738, 7460.038363910738=7876.1344693048295, 7876.1344693048295=8295.84898332312, 8295.84898332312=8719.311146656893, 8719.311146656893=9146.658500987141, 9146.658500987141=9578.037672241153, 9578.037672241153=10029.161237747627, 10029.161237747627=10484.796338199083, 10484.796338199083=10945.129038885243, 10945.129038885243=11410.359263543498, 11410.359263543498=11880.702317643501, 11880.702317643501=12372.793682262032, 12372.793682262032=12870.674888212128, 12870.674888212128=13374.628414642868, 13374.628414642868=13884.96177690957, 13884.96177690957=14402.010821973248, 14402.010821973248=14926.14361092252, 14926.14361092252=15457.765022895568, 15457.765022895568=15997.322252785914, 15997.322252785914=16545.311426332297, 16545.311426332297=17102.28562589882, 17102.28562589882=17687.75068610951, 17687.75068610951=18283.862891376095, 18283.862891376095=18891.441593612035, 18891.441593612035=19511.423271061445, 19511.423271061445=20144.887014182328, 20144.887014182328=20813.99742668747, 20813.99742668747=21499.842488643146, 21499.842488643146=22226.245015754168, 22226.245015754168=22974.02447847216, 22974.02447847216=23745.942348582594, 23745.942348582594=24545.451781227195, 24545.451781227195=25376.975099837917, 25376.975099837917=26272.69053659568, 26272.69053659568=27215.634002551327, 27215.634002551327=28217.660956903845, 28217.660956903845=29297.061772305875, 29297.061772305875=30485.09609392422, 30485.09609392422=31845.05590252293, 31845.05590252293=33608.89324503052];

Jobs: [[2; 10; 5.428674797531429], [2; 10; 5.446891963584513], [2; 10; 5.465356145347983], [2; 10; 5.48407326454572], [2; 10; 5.503049447810779], [2; 10; 5.522291035999731], [2; 10; 5.541804594033634], [2; 10; 5.561596921301383], [2; 20; 11.163350125327979], [2; 20; 11.204092640202925], [2; 20; 11.24543653009476], [2; 20; 11.287397502919722], [2; 20; 11.329991859363568], [2; 20; 11.3732365222949], [2; 30; 17.125723601993457], [2; 30; 17.192621639015236], [2; 30; 17.2605773716395], [2; 30; 17.32962041612205], [2; 30; 17.39978158779915], [2; 40; 23.294790619967607], [2; 40; 23.391450609407045], [2; 40; 23.48973516966735], [2; 40; 23.589692693658986], [2; 40; 23.691373660275932], [2; 50; 29.74353844102482], [2; 50; 29.87514873226091], [2; 50; 30.009119801105516], [2; 50; 30.145526765756326], [2; 50; 30.284448206234902], [2; 60; 36.51115964963545], [2; 60; 36.684200906024365], [2; 60; 36.86056996777171], [2; 60; 37.04038047168725], [2; 70; 43.42771029386655], [2; 70; 43.64594365855133], [2; 70; 43.86863089927701], [2; 70; 44.095933562689744], [2; 80; 50.6605962267293], [2; 80; 50.93151365723565], [2; 80; 51.20832079789242], [2; 80; 51.49124543891596], [2; 100; 64.72566021072166], [2; 100; 65.09552915499347], [2; 100; 65.47400003797645], [2; 520; 342.47943170149784], [2; 520; 344.542610574099], [2; 520; 346.65642179967085], [2; 520; 348.8230806848271], [2; 520; 351.04494365054023], [2; 520; 353.324520145678], [2; 520; 355.664485823069], [2; 520; 358.0676971402038], [2; 520; 360.5372075712764], [2; 540; 377.04075817106263], [2; 540; 379.75337487667684], [2; 540; 382.54577938712504], [2; 540; 385.42217144624215], [2; 540; 388.3870738949941], [2; 540; 391.4453657496191], [2; 540; 394.6023195487449], [2; 560; 412.5993341451548], [2; 560; 416.09610539409147], [2; 560; 419.7145140182906], [2; 560; 423.46216333377464], [2; 560; 427.34735433024764], [2; 560; 431.3791712540116], [2; 580; 451.12356550647297], [2; 580; 455.6351004514571], [2; 580; 460.3327006861601], [2; 580; 465.23022465825574], [2; 580; 470.3430541000036], [2; 600; 492.09136461853024], [2; 600; 497.88120595009684], [2; 600; 503.9535264307398], [2; 600; 510.33336226670224], [2; 600; 517.0490450636786], [2; 600; 524.1327889492711], [2; 600; 531.6214119730489], [2; 600; 539.557229890346], [2; 600; 547.9891735463808], [2; 600; 556.9741995665239], [2; 620; 585.4650602106884], [2; 620; 596.1122052665866], [2; 620; 607.5787022359398], [2; 620; 619.9816774494111], [2; 620; 633.4637431208818], [2; 640; 669.1104125051431], [2; 640; 685.8450619556737], [2; 660; 726.402527111023], [2; 660; 747.7794627179954], [2; 660; 771.9178701104324], [2; 660; 799.5094326446015], [2; 660; 831.5233186107207], [2; 680; 895.7154367577634], [2; 680; 942.9434659556457], [2; 680; 1002.0269543525187], [2; 680; 1079.4008154020305], [2; 680; 1188.0343216183478], [2; 680; 1359.9598085987084], [2; 700; 1763.8373425075895]];
Intervals[4.9E-324=5.428674797531429, 5.428674797531429=10.875566761115943, 10.875566761115943=16.340922906463927, 16.340922906463927=21.824996171009648, 21.824996171009648=27.328045618820425, 27.328045618820425=32.850336654820154, 32.850336654820154=38.39214124885379, 38.39214124885379=43.95373817015518, 43.95373817015518=55.11708829548316, 55.11708829548316=66.32118093568609, 66.32118093568609=77.56661746578085, 77.56661746578085=88.85401496870057, 88.85401496870057=100.18400682806414, 100.18400682806414=111.55724335035904, 111.55724335035904=128.6829669523525, 128.6829669523525=145.87558859136774, 145.87558859136774=163.13616596300724, 163.13616596300724=180.4657863791293, 180.4657863791293=197.86556796692844, 197.86556796692844=221.16035858689605, 221.16035858689605=244.5518091963031, 244.5518091963031=268.0415443659705, 268.0415443659705=291.6312370596295, 291.6312370596295=315.3226107199054, 315.3226107199054=345.06614916093025, 345.06614916093025=374.9412978931912, 374.9412978931912=404.9504176942967, 404.9504176942967=435.095944460053, 435.095944460053=465.3803926662879, 465.3803926662879=501.8915523159233, 501.8915523159233=538.5757532219477, 538.5757532219477=575.4363231897194, 575.4363231897194=612.4767036614066, 612.4767036614066=655.9044139552732, 655.9044139552732=699.5503576138245, 699.5503576138245=743.4189885131016, 743.4189885131016=787.5149220757913, 787.5149220757913=838.1755183025207, 838.1755183025207=889.1070319597563, 889.1070319597563=940.3153527576487, 940.3153527576487=991.8065981965647, 991.8065981965647=1056.5322584072862, 1056.5322584072862=1121.6277875622798, 1121.6277875622798=1187.101787600256, 1187.101787600256=1529.581219301754, 1529.581219301754=1874.1238298758528, 1874.1238298758528=2220.7802516755237, 2220.7802516755237=2569.6033323603506, 2569.6033323603506=2920.6482760108906, 2920.6482760108906=3273.9727961565686, 3273.9727961565686=3629.6372819796375, 3629.6372819796375=3987.7049791198415, 3987.7049791198415=4348.242186691118, 4348.242186691118=4725.282944862181, 4725.282944862181=5105.036319738858, 5105.036319738858=5487.5820991259825, 5487.5820991259825=5873.004270572224, 5873.004270572224=6261.391344467219, 6261.391344467219=6652.836710216838, 6652.836710216838=7047.439029765583, 7047.439029765583=7460.038363910738, 7460.038363910738=7876.1344693048295, 7876.1344693048295=8295.84898332312, 8295.84898332312=8719.311146656893, 8719.311146656893=9146.658500987141, 9146.658500987141=9578.037672241153, 9578.037672241153=10029.161237747627, 10029.161237747627=10484.796338199083, 10484.796338199083=10945.129038885243, 10945.129038885243=11410.359263543498, 11410.359263543498=11880.702317643501, 11880.702317643501=12372.793682262032, 12372.793682262032=12870.674888212128, 12870.674888212128=13374.628414642868, 13374.628414642868=13884.96177690957, 13884.96177690957=14402.010821973248, 14402.010821973248=14926.14361092252, 14926.14361092252=15457.765022895568, 15457.765022895568=15997.322252785914, 15997.322252785914=16545.311426332297, 16545.311426332297=17102.28562589882, 17102.28562589882=17687.75068610951, 17687.75068610951=18283.862891376095, 18283.862891376095=18891.441593612035, 18891.441593612035=19511.423271061445, 19511.423271061445=20144.887014182328, 20144.887014182328=20813.99742668747, 20813.99742668747=21499.842488643146, 21499.842488643146=22226.245015754168, 22226.245015754168=22974.02447847216, 22974.02447847216=23745.942348582594, 23745.942348582594=24545.451781227195, 24545.451781227195=25376.975099837917, 25376.975099837917=26272.69053659568, 26272.69053659568=27215.634002551327, 27215.634002551327=28217.660956903845, 28217.660956903845=29297.061772305875, 29297.061772305875=30485.09609392422, 30485.09609392422=31845.05590252293, 31845.05590252293=33608.89324503052];
