1.163005329104173
52793.61160911366
61399.251644055126
[1; 20; 4.387668269716597]
[1; 20; 4.402392099092346]
[2; 10; 2.2086577881353673]
[2; 10; 2.2162217437108382]
[2; 10; 2.223890392165364]
[1; 20; 4.463332591927309]
[1; 20; 4.479104216238561]
[2; 10; 2.247550576398873]
[1; 20; 4.51132909553833]
[1; 20; 4.527793946207461]
[1; 20; 4.544501824335245]
[1; 40; 9.12291815559845]
[1; 40; 9.157344588053503]
[1; 40; 9.192296623762967]
[1; 40; 9.227788468568487]
[1; 40; 9.263834883245387]
[1; 40; 9.300451212018222]
[1; 40; 9.337653412901389]
[1; 40; 9.375458090005242]
[1; 40; 9.413882527960727]
[1; 40; 9.452944728629609]
[2; 20; 4.746331725141377]
[2; 20; 4.766529124722991]
[1; 40; 9.57414952563204]
[1; 40; 9.615958569198115]
[1; 40; 9.658507612591714]
[1; 60; 14.552729827910351]
[1; 60; 14.61887950895283]
[2; 30; 7.343124284445774]
[2; 30; 7.377438447690279]
[1; 60; 14.824806266573948]
[1; 60; 14.896080469289164]
[1; 60; 14.968745426393495]
[1; 60; 15.042849334281351]
[1; 80; 20.157923748541066]
[1; 80; 20.260772078581507]
[1; 80; 20.365752046313663]
[2; 40; 10.236471094659342]
[2; 40; 10.291212622650962]
[1; 80; 20.694288448863407]
[2; 40; 10.404311927252309]
[1; 80; 20.925528688672372]
[1; 80; 21.045105733992752]
[2; 40; 10.583731874625682]
[1; 80; 21.29271792913931]
[1; 80; 21.42099040831683]
[1; 80; 21.55241081496121]
[2; 50; 13.554448049797555]
[2; 50; 13.640784441539186]
[1; 100; 27.45872689176417]
[1; 100; 27.640578064858783]
[1; 100; 27.827344392859995]
[1; 100; 28.019263177481076]
[2; 60; 16.929953060135524]
[1; 120; 34.10351094283165]
[2; 60; 17.177140529296885]
[2; 60; 17.306296811444255]
[1; 120; 34.87885480657983]
[2; 60; 17.576751383313066]
[1; 120; 35.43701100001435]
[1; 120; 35.72989214127967]
[2; 60; 18.016351137526446]
[1; 120; 36.34604584874908]
[1; 140; 42.7823448351069]
[2; 70; 21.58743266859074]
[1; 140; 43.582199443696524]
[2; 70; 22.002677028769238]
[1; 140; 44.44543679268465]
[1; 140; 44.90366947515779]
[2; 70; 22.690701971388094]
[1; 140; 45.88014062386118]
[1; 140; 46.40155049516134]
[1; 140; 46.94750117469404]
[2; 80; 27.154336061751543]
[1; 160; 54.99619665591585]
[1; 160; 55.71991381628493]
[1; 160; 56.48329516776434]
[2; 80; 28.645154208129163]
[1; 160; 58.14551372924572]
[1; 180; 66.4359571698149]
[2; 90; 33.76263241445375]
[1; 180; 68.6897223679247]
[1; 180; 69.93889928317473]
[2; 90; 35.64210335475182]
[1; 180; 72.73938650049408]
[2; 90; 37.1605853212326]
[1; 180; 76.05018638995026]
[2; 90; 38.976112029907355]
[2; 90; 40.030027058976565]
[1; 180; 82.41610129248153]
[1; 200; 94.52944728629608]
[2; 100; 48.954161896305166]
[1; 200; 101.8287602315683]
[2; 100; 53.23179482284828]
[1; 200; 112.07705270992429]
[2; 100; 59.54982023546612]
[2; 100; 64.14809925022543]
[2; 100; 70.60411895970543]
[1; 200; 161.64308111220905]
[1; 200; 203.6575204631366]


Jobs: [[1; 20; 4.387668269716597], [2; 10; 2.2086577881353673], [2; 10; 2.2162217437108382], [2; 10; 2.223890392165364], [1; 20; 4.463332591927309], [2; 10; 2.247550576398873], [1; 20; 4.51132909553833], [1; 20; 4.544501824335245], [1; 40; 9.157344588053503], [1; 40; 9.227788468568487], [1; 40; 9.300451212018222], [1; 40; 9.375458090005242], [1; 40; 9.452944728629609], [2; 20; 4.746331725141377], [2; 20; 4.766529124722991], [1; 40; 9.57414952563204], [1; 40; 9.658507612591714], [1; 60; 14.61887950895283], [2; 30; 7.343124284445774], [2; 30; 7.377438447690279], [1; 60; 14.824806266573948], [1; 60; 14.968745426393495], [1; 80; 20.157923748541066], [1; 80; 20.365752046313663], [2; 40; 10.236471094659342], [2; 40; 10.291212622650962], [1; 80; 20.694288448863407], [2; 40; 10.404311927252309], [1; 80; 20.925528688672372], [2; 40; 10.583731874625682], [1; 80; 21.29271792913931], [1; 80; 21.55241081496121], [2; 50; 13.554448049797555], [2; 50; 13.640784441539186], [1; 100; 27.45872689176417], [1; 100; 27.827344392859995], [2; 60; 16.929953060135524], [1; 120; 34.10351094283165], [2; 60; 17.177140529296885], [2; 60; 17.306296811444255], [1; 120; 34.87885480657983], [2; 60; 17.576751383313066], [1; 120; 35.43701100001435], [2; 60; 18.016351137526446], [1; 120; 36.34604584874908], [2; 70; 21.58743266859074], [1; 140; 43.582199443696524], [2; 70; 22.002677028769238], [1; 140; 44.44543679268465], [2; 70; 22.690701971388094], [1; 140; 45.88014062386118], [1; 140; 46.94750117469404], [2; 80; 27.154336061751543], [1; 160; 54.99619665591585], [1; 160; 56.48329516776434], [2; 80; 28.645154208129163], [1; 160; 58.14551372924572], [2; 90; 33.76263241445375], [1; 180; 68.6897223679247], [2; 90; 35.64210335475182], [1; 180; 72.73938650049408], [2; 90; 37.1605853212326], [1; 180; 76.05018638995026], [2; 90; 38.976112029907355], [2; 90; 40.030027058976565], [1; 180; 82.41610129248153], [2; 100; 48.954161896305166], [1; 200; 101.8287602315683], [2; 100; 53.23179482284828], [1; 200; 112.07705270992429], [2; 100; 59.54982023546612], [2; 100; 64.14809925022543], [2; 100; 70.60411895970543], [1; 200; 161.64308111220905]];
Intervals[0.0=4.387668269716597, 4.402392099092346=6.611049887227713, 6.611049887227713=8.82727163093855, 8.82727163093855=11.051162023103915, 11.051162023103915=15.514494615031225, 15.530266239342476=17.77781681574135, 17.77781681574135=22.28914591127968, 22.28914591127968=26.833647735614925, 26.833647735614925=35.99099232366843, 35.99099232366843=45.21878079223691, 45.21878079223691=54.51923200425514, 54.51923200425514=63.89469009426038, 63.89469009426038=73.34763482288999, 73.34763482288999=78.09396654803136, 78.09396654803136=82.86049567275435, 82.86049567275435=92.43464519838639, 92.43464519838639=102.09315281097811, 102.09315281097811=116.71203231993094, 116.71203231993094=124.05515660437672, 124.05515660437672=131.432595052067, 131.432595052067=146.25740131864094, 146.25740131864094=161.22614674503444, 161.22614674503444=181.3840704935755, 181.3840704935755=201.74982253988918, 201.74982253988918=211.98629363454853, 211.98629363454853=222.2775062571995, 222.2775062571995=242.9717947060629, 242.9717947060629=253.3761066333152, 253.3761066333152=274.3016353219876, 274.42121236730793=285.00494424193363, 285.00494424193363=306.29766217107294, 306.29766217107294=327.85007298603415, 327.85007298603415=341.4045210358317, 341.4045210358317=355.0453054773709, 355.0453054773709=382.5040323691351, 382.5040323691351=410.33137676199505, 410.7051467197108=427.6350997798463, 427.6350997798463=461.73861072267795, 461.73861072267795=478.9157512519748, 478.9157512519748=496.2220480634191, 496.2220480634191=531.1009028699989, 531.1009028699989=548.677654253312, 548.677654253312=584.1146652533263, 584.4075463945917=602.4238975321182, 602.4238975321182=638.7699433808673, 645.2062423672251=666.7936750358158, 666.7936750358158=710.3758744795123, 710.3758744795123=732.3785515082815, 732.3785515082815=776.8239883009661, 777.2822209834393=799.9729229548274, 799.9729229548274=845.8530635786885, 845.8530635786885=892.8005647533826, 892.8005647533826=919.9549008151341, 919.9549008151341=974.9510974710499, 974.9510974710499=1031.4343926388142, 1031.4343926388142=1060.0795468469435, 1060.0795468469435=1118.2250605761892, 1126.5155040167583=1160.278136431212, 1160.278136431212=1228.9678587991368, 1230.2170357143868=1265.8591390691386, 1265.8591390691386=1338.5985255696326, 1338.5985255696326=1375.7591108908653, 1375.7591108908653=1451.8092972808156, 1451.8092972808156=1490.785409310723, 1490.785409310723=1530.8154363696997, 1530.8154363696997=1613.2315376621812, 1625.3448836559958=1674.2990455523009, 1674.2990455523009=1776.1278057838692, 1776.1278057838692=1829.3596006067175, 1829.3596006067175=1941.436653316642, 1941.436653316642=2000.986473552108, 2000.986473552108=2065.1345728023334, 2065.1345728023334=2135.738691762039, 2135.738691762039=2297.381772874248];

Jobs: [[1; 20; 4.402392099092346], [2; 10; 2.2086577881353673], [2; 10; 2.2162217437108382], [2; 10; 2.223890392165364], [1; 20; 4.479104216238561], [2; 10; 2.247550576398873], [1; 20; 4.527793946207461], [1; 40; 9.12291815559845], [1; 40; 9.192296623762967], [1; 40; 9.263834883245387], [1; 40; 9.337653412901389], [1; 40; 9.413882527960727], [2; 20; 4.746331725141377], [2; 20; 4.766529124722991], [1; 40; 9.615958569198115], [1; 60; 14.552729827910351], [2; 30; 7.343124284445774], [2; 30; 7.377438447690279], [1; 60; 14.896080469289164], [1; 60; 15.042849334281351], [1; 80; 20.260772078581507], [2; 40; 10.236471094659342], [2; 40; 10.291212622650962], [2; 40; 10.404311927252309], [1; 80; 21.045105733992752], [2; 40; 10.583731874625682], [1; 80; 21.42099040831683], [2; 50; 13.554448049797555], [2; 50; 13.640784441539186], [1; 100; 27.640578064858783], [1; 100; 28.019263177481076], [2; 60; 16.929953060135524], [2; 60; 17.177140529296885], [2; 60; 17.306296811444255], [2; 60; 17.576751383313066], [1; 120; 35.72989214127967], [2; 60; 18.016351137526446], [1; 140; 42.7823448351069], [2; 70; 21.58743266859074], [2; 70; 22.002677028769238], [1; 140; 44.90366947515779], [2; 70; 22.690701971388094], [1; 140; 46.40155049516134], [2; 80; 27.154336061751543], [1; 160; 55.71991381628493], [2; 80; 28.645154208129163], [1; 180; 66.4359571698149], [2; 90; 33.76263241445375], [1; 180; 69.93889928317473], [2; 90; 35.64210335475182], [2; 90; 37.1605853212326], [2; 90; 38.976112029907355], [2; 90; 40.030027058976565], [1; 200; 94.52944728629608], [2; 100; 48.954161896305166], [2; 100; 53.23179482284828], [2; 100; 59.54982023546612], [2; 100; 64.14809925022543], [2; 100; 70.60411895970543], [1; 200; 203.6575204631366]];
Intervals[0.0=4.402392099092346, 4.402392099092346=6.611049887227713, 6.611049887227713=8.82727163093855, 8.82727163093855=11.051162023103915, 11.051162023103915=15.530266239342476, 15.530266239342476=17.77781681574135, 17.77781681574135=22.30561076194881, 22.30561076194881=31.42852891754726, 31.42852891754726=40.620825541310225, 40.620825541310225=49.88466042455561, 49.88466042455561=59.222313837457, 59.222313837457=68.63619636541773, 73.34763482288999=78.09396654803136, 78.09396654803136=82.86049567275435, 82.86049567275435=92.47645424195247, 92.47645424195247=107.02918406986282, 116.71203231993094=124.05515660437672, 124.05515660437672=131.432595052067, 131.432595052067=146.32867552135616, 146.32867552135616=161.37152485563752, 161.37152485563752=181.63229693421903, 201.74982253988918=211.98629363454853, 211.98629363454853=222.2775062571995, 242.9717947060629=253.3761066333152, 253.3761066333152=274.42121236730793, 274.42121236730793=285.00494424193363, 285.00494424193363=306.42593465025044, 327.85007298603415=341.4045210358317, 341.4045210358317=355.0453054773709, 355.0453054773709=382.6858835422297, 382.6858835422297=410.7051467197108, 410.7051467197108=427.6350997798463, 461.73861072267795=478.9157512519748, 478.9157512519748=496.2220480634191, 531.1009028699989=548.677654253312, 548.677654253312=584.4075463945917, 584.4075463945917=602.4238975321182, 602.4238975321182=645.2062423672251, 645.2062423672251=666.7936750358158, 710.3758744795123=732.3785515082815, 732.3785515082815=777.2822209834393, 777.2822209834393=799.9729229548274, 799.9729229548274=846.3744734499887, 892.8005647533826=919.9549008151341, 919.9549008151341=975.674814631419, 1031.4343926388142=1060.0795468469435, 1060.0795468469435=1126.5155040167583, 1126.5155040167583=1160.278136431212, 1160.278136431212=1230.2170357143868, 1230.2170357143868=1265.8591390691386, 1338.5985255696326=1375.7591108908653, 1451.8092972808156=1490.785409310723, 1490.785409310723=1530.8154363696997, 1530.8154363696997=1625.3448836559958, 1625.3448836559958=1674.2990455523009, 1776.1278057838692=1829.3596006067175, 1941.436653316642=2000.986473552108, 2000.986473552108=2065.1345728023334, 2065.1345728023334=2135.738691762039, 2135.738691762039=2339.3962122251755];
