1.1377535775542413
334242.6512660343
380285.7722491452
[1; 20; 8.116970172536206]
[1; 20; 8.144208531619396]
[2; 10; 4.08590811465164]
[2; 20; 8.199802119766442]
[2; 20; 8.228175363568246]
[1; 40; 16.513890883151348]
[2; 20; 8.28612216967758]
[1; 40; 16.631431428679598]
[1; 60; 25.037209827176316]
[1; 60; 25.128587315328055]
[2; 30; 12.610656784981202]
[2; 30; 12.657711910430837]
[2; 30; 12.705477313637108]
[1; 60; 25.507943943882736]
[1; 60; 25.606431190848184]
[2; 40; 17.13763821882097]
[1; 80; 34.41075324682929]
[2; 40; 17.274198862553718]
[1; 80; 34.68827130604895]
[2; 40; 17.415218970542746]
[1; 100; 43.718705294165225]
[1; 100; 43.90239949067901]
[1; 100; 44.08922046242187]
[1; 100; 44.27926255462818]
[1; 100; 44.472624232578156]
[1; 100; 44.6694083186037]
[1; 100; 44.86972224610014]
[2; 50; 22.536839166006366]
[2; 60; 27.168836441649443]
[2; 60; 27.295795465180717]
[1; 120; 54.85032271465725]
[1; 120; 55.11403024309721]
[1; 120; 55.38288342576619]
[2; 60; 27.828530292287695]
[1; 120; 55.93674900281447]
[1; 140; 65.59250310616348]
[2; 70; 32.966183351160545]
[2; 70; 33.13969277520267]
[1; 140; 66.63382750660524]
[1; 140; 66.99597498541868]
[1; 140; 67.36612600535902]
[1; 140; 67.7445953286668]
[2; 80; 38.93240897441944]
[1; 160; 78.31753055114737]
[1; 160; 78.78095867726759]
[2; 80; 39.62777710670513]
[1; 160; 79.74179677106099]
[1; 160; 80.24019593988469]
[1; 160; 80.75129377025299]
[2; 80; 40.63783375686488]
[2; 80; 40.90696632698875]
[2; 80; 41.18337313268701]
[2; 80; 41.467405371144146]
[2; 90; 46.979368846098126]
[1; 180; 94.63472307568266]
[2; 90; 47.665295809192266]
[1; 180; 96.04738989847894]
[2; 90; 48.3931225050514]
[1; 180; 97.54837280644179]
[2; 90; 49.1675436033248]
[2; 100; 55.08211707426919]
[2; 100; 55.54893693406109]
[1; 200; 112.0639908293801]
[1; 200; 113.06461512159564]
[1; 200; 114.10196311328355]
[1; 200; 115.17846030287262]
[2; 100; 58.14838385999726]
[2; 100; 58.72990627611002]
[2; 520; 308.544141945528]
[2; 520; 311.82677281093356]
[2; 520; 315.25371504351125]
[1; 1080; 662.1987814648261]
[1; 1080; 669.9900701366163]
[1; 1120; 703.2785781580915]
[1; 1120; 712.1817837917054]
[2; 560; 360.7768357389972]
[2; 560; 365.7195983813976]
[2; 580; 384.19290110741287]
[2; 580; 389.9279690328956]
[1; 1160; 792.0431555940067]
[2; 580; 402.5148888929443]
[2; 600; 423.5753429434861]
[2; 600; 431.27839548226285]
[1; 1200; 879.1484741109341]
[2; 600; 448.5476068372182]
[1; 1200; 916.6033653251075]
[1; 1200; 937.9273250951836]
[2; 620; 496.71566862993416]
[2; 620; 510.14687254123135]
[2; 620; 525.1597289636671]
[2; 640; 559.5994277653147]
[1; 1280; 1159.203688177043]
[2; 640; 602.8102098497927]
[2; 660; 649.9429090874576]
[2; 660; 684.2121886238782]
[1; 1320; 1454.1678907607068]
[2; 700; 830.6957667764215]
[1; 1400; 1828.5979919069882]
[2; 700; 1046.6110826201757]
[2; 700; 1318.6473340464215]


Jobs: [[1; 20; 8.116970172536206], [2; 10; 4.08590811465164], [2; 20; 8.199802119766442], [2; 20; 8.228175363568246], [1; 40; 16.513890883151348], [2; 20; 8.28612216967758], [1; 40; 16.631431428679598], [1; 60; 25.128587315328055], [2; 30; 12.610656784981202], [2; 30; 12.657711910430837], [2; 30; 12.705477313637108], [1; 60; 25.507943943882736], [2; 40; 17.13763821882097], [1; 80; 34.41075324682929], [2; 40; 17.274198862553718], [1; 80; 34.68827130604895], [2; 40; 17.415218970542746], [1; 100; 43.718705294165225], [1; 100; 44.08922046242187], [1; 100; 44.472624232578156], [1; 100; 44.86972224610014], [2; 50; 22.536839166006366], [2; 60; 27.168836441649443], [2; 60; 27.295795465180717], [1; 120; 54.85032271465725], [1; 120; 55.38288342576619], [2; 60; 27.828530292287695], [1; 120; 55.93674900281447], [2; 70; 32.966183351160545], [2; 70; 33.13969277520267], [1; 140; 66.63382750660524], [1; 140; 67.36612600535902], [2; 80; 38.93240897441944], [1; 160; 78.31753055114737], [2; 80; 39.62777710670513], [1; 160; 79.74179677106099], [1; 160; 80.75129377025299], [2; 80; 40.63783375686488], [2; 80; 40.90696632698875], [2; 80; 41.18337313268701], [2; 80; 41.467405371144146], [2; 90; 46.979368846098126], [1; 180; 94.63472307568266], [2; 90; 47.665295809192266], [1; 180; 96.04738989847894], [2; 90; 48.3931225050514], [1; 180; 97.54837280644179], [2; 90; 49.1675436033248], [2; 100; 55.08211707426919], [2; 100; 55.54893693406109], [1; 200; 112.0639908293801], [1; 200; 114.10196311328355], [2; 100; 58.14838385999726], [2; 100; 58.72990627611002], [2; 520; 308.544141945528], [2; 520; 311.82677281093356], [2; 520; 315.25371504351125], [1; 1080; 662.1987814648261], [1; 1120; 703.2785781580915], [2; 560; 360.7768357389972], [2; 560; 365.7195983813976], [2; 580; 384.19290110741287], [2; 580; 389.9279690328956], [1; 1160; 792.0431555940067], [2; 580; 402.5148888929443], [2; 600; 423.5753429434861], [2; 600; 431.27839548226285], [1; 1200; 879.1484741109341], [2; 600; 448.5476068372182], [1; 1200; 916.6033653251075], [2; 620; 496.71566862993416], [2; 620; 510.14687254123135], [2; 620; 525.1597289636671], [2; 640; 559.5994277653147], [1; 1280; 1159.203688177043], [2; 640; 602.8102098497927], [2; 660; 649.9429090874576], [2; 660; 684.2121886238782], [1; 1320; 1454.1678907607068], [2; 700; 830.6957667764215], [1; 1400; 1828.5979919069882], [2; 700; 1046.6110826201757], [2; 700; 1318.6473340464215]];
Intervals[0.0=8.116970172536206, 8.144208531619396=12.230116646271036, 12.230116646271036=20.429918766037478, 20.429918766037478=28.658094129605722, 28.658094129605722=45.17198501275707, 45.17198501275707=53.458107182434645, 53.458107182434645=70.08953861111425, 70.08953861111425=95.2181259264423, 95.2181259264423=107.8287827114235, 107.8287827114235=120.48649462185433, 120.48649462185433=133.19197193549144, 133.19197193549144=158.69991587937417, 158.79840312633962=175.9360413451606, 175.9360413451606=210.34679459198986, 210.34679459198986=227.62099345454357, 227.62099345454357=262.3092647605925, 262.3092647605925=279.72448373113525, 279.72448373113525=323.44318902530046, 323.44318902530046=367.5324094877223, 367.5324094877223=412.00503372030045, 412.00503372030045=456.8747559664006, 456.8747559664006=479.41159513240694, 479.41159513240694=506.5804315740564, 506.5804315740564=533.876227039237, 533.876227039237=588.7265497538943, 588.7265497538943=644.1094331796605, 644.1094331796605=671.9379634719483, 671.9379634719483=727.8747124747628, 737.5304665781117=770.4966499292723, 770.4966499292723=803.6363427044749, 803.6363427044749=870.2701702110802, 870.2701702110802=937.6362962164392, 938.3769130185605=977.3093219929799, 977.3093219929799=1055.6268525441274, 1056.0902806702475=1095.7180577769525, 1095.7180577769525=1175.4598545480135, 1175.4598545480135=1256.2111483182664, 1256.2111483182664=1296.8489820751313, 1296.8489820751313=1337.75594840212, 1337.75594840212=1378.939321534807, 1378.939321534807=1420.4067269059512, 1420.4067269059512=1467.3860957520494, 1467.3860957520494=1562.020818827732, 1562.020818827732=1609.6861146369242, 1609.6861146369242=1705.7335045354032, 1705.7335045354032=1754.1266270404547, 1754.1266270404547=1851.6749998468965, 1851.6749998468965=1900.8425434502212, 1900.8425434502212=1955.9246605244905, 1955.9246605244905=2011.4735974585515, 2011.4735974585515=2123.5375882879316, 2123.5375882879316=2237.639551401215, 2239.71667288302=2297.8650567430172, 2297.8650567430172=2356.594963019127, 2356.594963019127=2665.139104964655, 2665.139104964655=2976.9658777755885, 2976.9658777755885=3292.2195928191, 3292.2195928191=3954.418374283926, 3954.418374283926=4657.696952442017, 4674.3914467474215=5035.168282486418, 5035.168282486418=5400.8878808678155, 5400.8878808678155=5785.080781975228, 5785.080781975228=6175.008751008124, 6175.008751008124=6967.051906602131, 6967.051906602131=7369.566795495075, 7369.566795495075=7793.142138438561, 7793.142138438561=8224.420533920824, 8224.420533920824=9103.569008031758, 9103.569008031758=9552.116614868977, 9552.116614868977=10468.719980194084, 10490.04393996416=10986.759608594095, 10986.759608594095=11496.906481135326, 11496.906481135326=12022.066210098992, 12022.066210098992=12581.665637864307, 12581.665637864307=13740.869326041351, 13740.869326041351=14343.679535891144, 14343.679535891144=14993.622444978602, 14993.622444978602=15677.83463360248, 15677.83463360248=17132.002524363186, 17132.002524363186=17962.698291139608, 17962.698291139608=19791.296283046595, 19791.296283046595=20837.90736566677, 20837.90736566677=22156.554699713193];

Jobs: [[1; 20; 8.144208531619396], [2; 10; 4.08590811465164], [2; 20; 8.199802119766442], [2; 20; 8.228175363568246], [2; 20; 8.28612216967758], [1; 60; 25.037209827176316], [2; 30; 12.610656784981202], [2; 30; 12.657711910430837], [2; 30; 12.705477313637108], [1; 60; 25.606431190848184], [2; 40; 17.13763821882097], [2; 40; 17.274198862553718], [2; 40; 17.415218970542746], [1; 100; 43.90239949067901], [1; 100; 44.27926255462818], [1; 100; 44.6694083186037], [2; 50; 22.536839166006366], [2; 60; 27.168836441649443], [2; 60; 27.295795465180717], [1; 120; 55.11403024309721], [2; 60; 27.828530292287695], [1; 140; 65.59250310616348], [2; 70; 32.966183351160545], [2; 70; 33.13969277520267], [1; 140; 66.99597498541868], [1; 140; 67.7445953286668], [2; 80; 38.93240897441944], [1; 160; 78.78095867726759], [2; 80; 39.62777710670513], [1; 160; 80.24019593988469], [2; 80; 40.63783375686488], [2; 80; 40.90696632698875], [2; 80; 41.18337313268701], [2; 80; 41.467405371144146], [2; 90; 46.979368846098126], [2; 90; 47.665295809192266], [2; 90; 48.3931225050514], [2; 90; 49.1675436033248], [2; 100; 55.08211707426919], [2; 100; 55.54893693406109], [1; 200; 113.06461512159564], [1; 200; 115.17846030287262], [2; 100; 58.14838385999726], [2; 100; 58.72990627611002], [2; 520; 308.544141945528], [2; 520; 311.82677281093356], [2; 520; 315.25371504351125], [1; 1080; 669.9900701366163], [1; 1120; 712.1817837917054], [2; 560; 360.7768357389972], [2; 560; 365.7195983813976], [2; 580; 384.19290110741287], [2; 580; 389.9279690328956], [2; 580; 402.5148888929443], [2; 600; 423.5753429434861], [2; 600; 431.27839548226285], [2; 600; 448.5476068372182], [1; 1200; 937.9273250951836], [2; 620; 496.71566862993416], [2; 620; 510.14687254123135], [2; 620; 525.1597289636671], [2; 640; 559.5994277653147], [2; 640; 602.8102098497927], [2; 660; 649.9429090874576], [2; 660; 684.2121886238782], [2; 700; 830.6957667764215], [2; 700; 1046.6110826201757], [2; 700; 1318.6473340464215]];
Intervals[0.0=8.144208531619396, 8.144208531619396=12.230116646271036, 12.230116646271036=20.429918766037478, 20.429918766037478=28.658094129605722, 45.17198501275707=53.458107182434645, 53.458107182434645=78.49531700961096, 95.2181259264423=107.8287827114235, 107.8287827114235=120.48649462185433, 120.48649462185433=133.19197193549144, 133.19197193549144=158.79840312633962, 158.79840312633962=175.9360413451606, 210.34679459198986=227.62099345454357, 262.3092647605925=279.72448373113525, 279.72448373113525=323.62688322181424, 323.62688322181424=367.90614577644243, 367.90614577644243=412.57555409504613, 456.8747559664006=479.41159513240694, 479.41159513240694=506.5804315740564, 506.5804315740564=533.876227039237, 533.876227039237=588.9902572823343, 644.1094331796605=671.9379634719483, 671.9379634719483=737.5304665781117, 737.5304665781117=770.4966499292723, 770.4966499292723=803.6363427044749, 803.6363427044749=870.6323176898936, 870.6323176898936=938.3769130185605, 938.3769130185605=977.3093219929799, 977.3093219929799=1056.0902806702475, 1056.0902806702475=1095.7180577769525, 1095.7180577769525=1175.9582537168371, 1256.2111483182664=1296.8489820751313, 1296.8489820751313=1337.75594840212, 1337.75594840212=1378.939321534807, 1378.939321534807=1420.4067269059512, 1420.4067269059512=1467.3860957520494, 1562.020818827732=1609.6861146369242, 1705.7335045354032=1754.1266270404547, 1851.6749998468965=1900.8425434502212, 1900.8425434502212=1955.9246605244905, 1955.9246605244905=2011.4735974585515, 2011.4735974585515=2124.538212580147, 2124.538212580147=2239.71667288302, 2239.71667288302=2297.8650567430172, 2297.8650567430172=2356.594963019127, 2356.594963019127=2665.139104964655, 2665.139104964655=2976.9658777755885, 2976.9658777755885=3292.2195928191, 3292.2195928191=3962.2096629557163, 3962.2096629557163=4674.3914467474215, 4674.3914467474215=5035.168282486418, 5035.168282486418=5400.8878808678155, 5400.8878808678155=5785.080781975228, 5785.080781975228=6175.008751008124, 6967.051906602131=7369.566795495075, 7369.566795495075=7793.142138438561, 7793.142138438561=8224.420533920824, 9103.569008031758=9552.116614868977, 9552.116614868977=10490.04393996416, 10490.04393996416=10986.759608594095, 10986.759608594095=11496.906481135326, 11496.906481135326=12022.066210098992, 12022.066210098992=12581.665637864307, 13740.869326041351=14343.679535891144, 14343.679535891144=14993.622444978602, 14993.622444978602=15677.83463360248, 17132.002524363186=17962.698291139608, 19791.296283046595=20837.90736566677, 20837.90736566677=22156.554699713193];
