1.188673388039074
62674.97339035028
74500.07296516647
[1; 20; 4.645916288630185]
[2; 10; 2.3307533642955924]
[2; 10; 2.338654283581653]
[2; 10; 2.3466634361096825]
[2; 10; 2.354783443497789]
[2; 10; 2.3630170190314366]
[2; 10; 2.3713669718744455]
[2; 10; 2.3798362115206437]
[2; 10; 2.38842775250265]
[2; 10; 2.39714471937564]
[1; 20; 4.8119807039907405]
[2; 10; 2.4149680111113163]
[2; 20; 4.848162368595063]
[2; 20; 4.866666984491409]
[2; 20; 4.885457390894006]
[2; 20; 4.9045414025830825]
[1; 40; 9.847854286467449]
[1; 40; 9.887246122958121]
[2; 20; 4.963637948014062]
[1; 60; 14.951942861462763]
[2; 30; 7.50699241440679]
[2; 30; 7.538534769801828]
[1; 60; 15.141228055199631]
[2; 30; 7.60324638793646]
[2; 30; 7.636448758405587]
[2; 30; 7.670238794755701]
[2; 30; 7.70463494450665]
[2; 30; 7.739656493738629]
[2; 30; 7.775323617331271]
[1; 80; 20.83108648789118]
[1; 80; 20.929813491152686]
[2; 40; 10.515219570672867]
[1; 80; 21.133028272845245]
[2; 40; 10.618824464907505]
[1; 80; 21.344372575906068]
[2; 40; 10.726637160537367]
[2; 40; 10.782216583602796]
[1; 80; 21.67793227442041]
[2; 50; 13.621162031359223]
[1; 100; 27.390383079369624]
[2; 50; 13.770857116875023]
[1; 100; 27.69644621207331]
[1; 100; 27.854715054556955]
[1; 100; 28.016664711296613]
[2; 50; 14.091223825386459]
[2; 60; 17.01133531620968]
[1; 120; 34.23140389472009]
[2; 60; 17.222677861746437]
[2; 60; 17.332379404535107]
[2; 60; 17.444930476442067]
[2; 60; 17.560463184283904]
[1; 120; 35.35823712373605]
[1; 120; 35.602094740881604]
[2; 70; 20.91414615423054]
[1; 140; 42.12922562143668]
[2; 70; 21.219505232260595]
[2; 70; 21.37905637525387]
[2; 70; 21.54351711803145]
[2; 70; 21.713158095681138]
[2; 70; 21.88827177165968]
[2; 70; 22.06917478339525]
[2; 70; 22.256210606005634]
[2; 70; 22.44975258670379]
[2; 70; 22.650207412792273]
[2; 70; 22.858019088847644]
[1; 140; 46.14734702878469]
[1; 160; 53.25189433796245]
[2; 80; 26.892224305182914]
[2; 80; 27.169483276413494]
[2; 80; 27.45854202774127]
[2; 80; 27.760308410632742]
[1; 160; 56.15158693769589]
[2; 80; 28.406127226215293]
[2; 80; 28.752577556274122]
[2; 80; 29.116572875384197]
[2; 80; 29.499729615710994]
[1; 160; 59.807771445851046]
[2; 80; 30.331141814981986]
[1; 160; 61.56782435216353]
[1; 180; 70.34622414285586]
[2; 90; 35.74982296723989]
[1; 180; 72.73264075436568]
[2; 90; 37.027670668634535]
[1; 180; 75.47983045107357]
[2; 90; 38.51032938156009]
[2; 90; 39.34777153289611]
[1; 180; 80.52632468617617]
[2; 90; 41.27015594980647]
[1; 180; 84.77220396592043]
[2; 90; 43.63346131735556]
[1; 200; 100.0932321920905]
[1; 200; 103.67098156441695]
[2; 100; 53.911082918013975]
[2; 100; 56.364895301545836]
[2; 100; 59.336824568135995]
[2; 100; 63.054785095415006]
[2; 100; 67.92370819103374]
[1; 200; 149.5194286146276]
[2; 100; 85.5785097368002]
[2; 100; 107.82216583602795]


Jobs: [[1; 20; 4.645916288630185], [2; 10; 2.3307533642955924], [2; 10; 2.338654283581653], [2; 10; 2.3466634361096825], [2; 10; 2.354783443497789], [2; 10; 2.3630170190314366], [2; 10; 2.3713669718744455], [2; 10; 2.3798362115206437], [2; 10; 2.38842775250265], [2; 10; 2.39714471937564], [1; 20; 4.8119807039907405], [2; 10; 2.4149680111113163], [2; 20; 4.848162368595063], [2; 20; 4.866666984491409], [2; 20; 4.885457390894006], [2; 20; 4.9045414025830825], [1; 40; 9.847854286467449], [2; 20; 4.963637948014062], [1; 60; 14.951942861462763], [2; 30; 7.50699241440679], [2; 30; 7.538534769801828], [1; 60; 15.141228055199631], [2; 30; 7.60324638793646], [2; 30; 7.636448758405587], [2; 30; 7.670238794755701], [2; 30; 7.70463494450665], [2; 30; 7.739656493738629], [2; 30; 7.775323617331271], [1; 80; 20.83108648789118], [2; 40; 10.515219570672867], [1; 80; 21.133028272845245], [2; 40; 10.618824464907505], [1; 80; 21.344372575906068], [2; 40; 10.726637160537367], [2; 40; 10.782216583602796], [1; 80; 21.67793227442041], [2; 50; 13.621162031359223], [1; 100; 27.390383079369624], [2; 50; 13.770857116875023], [1; 100; 27.69644621207331], [1; 100; 28.016664711296613], [2; 50; 14.091223825386459], [2; 60; 17.01133531620968], [1; 120; 34.23140389472009], [2; 60; 17.222677861746437], [2; 60; 17.332379404535107], [2; 60; 17.444930476442067], [2; 60; 17.560463184283904], [1; 120; 35.35823712373605], [2; 70; 20.91414615423054], [1; 140; 42.12922562143668], [2; 70; 21.219505232260595], [2; 70; 21.37905637525387], [2; 70; 21.54351711803145], [2; 70; 21.713158095681138], [2; 70; 21.88827177165968], [2; 70; 22.06917478339525], [2; 70; 22.256210606005634], [2; 70; 22.44975258670379], [2; 70; 22.650207412792273], [2; 70; 22.858019088847644], [1; 140; 46.14734702878469], [2; 80; 26.892224305182914], [2; 80; 27.169483276413494], [2; 80; 27.45854202774127], [2; 80; 27.760308410632742], [1; 160; 56.15158693769589], [2; 80; 28.406127226215293], [2; 80; 28.752577556274122], [2; 80; 29.116572875384197], [2; 80; 29.499729615710994], [1; 160; 59.807771445851046], [2; 80; 30.331141814981986], [1; 160; 61.56782435216353], [2; 90; 35.74982296723989], [1; 180; 72.73264075436568], [2; 90; 37.027670668634535], [1; 180; 75.47983045107357], [2; 90; 38.51032938156009], [2; 90; 39.34777153289611], [1; 180; 80.52632468617617], [2; 90; 41.27015594980647], [1; 180; 84.77220396592043], [2; 90; 43.63346131735556], [1; 200; 100.0932321920905], [2; 100; 53.911082918013975], [2; 100; 56.364895301545836], [2; 100; 59.336824568135995], [2; 100; 63.054785095415006], [2; 100; 67.92370819103374], [1; 200; 149.5194286146276], [2; 100; 85.5785097368002], [2; 100; 107.82216583602795]];
Intervals[0.0=4.645916288630185, 4.645916288630185=6.976669652925778, 6.976669652925778=9.315323936507431, 9.315323936507431=11.661987372617114, 11.661987372617114=14.016770816114903, 14.016770816114903=16.379787835146338, 16.379787835146338=18.751154807020782, 18.751154807020782=21.130991018541426, 21.130991018541426=23.519418771044077, 23.519418771044077=25.916563490419716, 25.916563490419716=30.728544194410457, 30.728544194410457=33.14351220552177, 33.14351220552177=37.991674574116836, 37.991674574116836=42.858341558608245, 42.858341558608245=47.74379894950225, 47.74379894950225=52.648340352085334, 52.648340352085334=62.49619463855278, 62.53558647504346=67.49922442305753, 67.49922442305753=82.4511672845203, 82.4511672845203=89.95815969892709, 89.95815969892709=97.49669446872892, 97.49669446872892=112.63792252392855, 112.63792252392855=120.24116891186502, 120.24116891186502=127.87761767027061, 127.87761767027061=135.5478564650263, 135.5478564650263=143.25249140953295, 143.25249140953295=150.9921479032716, 150.9921479032716=158.76747152060287, 158.76747152060287=179.59855800849405, 179.69728501175555=190.2125045824284, 190.2125045824284=211.34553285527366, 211.34553285527366=221.96435732018116, 221.96435732018116=243.30872989608724, 243.30872989608724=254.0353670566246, 254.0353670566246=264.8175836402274, 264.8175836402274=286.4955159146478, 286.4955159146478=300.11667794600703, 300.11667794600703=327.50706102537663, 327.50706102537663=341.2779181422517, 341.2779181422517=368.97436435432496, 368.97436435432496=396.99102906562155, 396.99102906562155=411.082252891008, 411.082252891008=428.0935882072177, 428.0935882072177=462.32499210193777, 462.32499210193777=479.5476699636842, 479.5476699636842=496.8800493682193, 496.8800493682193=514.3249798446614, 514.3249798446614=531.8854430289452, 531.8854430289452=567.2436801526813, 567.4875377698269=588.4016839240575, 588.4016839240575=630.5309095454942, 630.5309095454942=651.7504147777548, 651.7504147777548=673.1294711530087, 673.1294711530087=694.6729882710401, 694.6729882710401=716.3861463667213, 716.3861463667213=738.274418138381, 738.274418138381=760.3435929217762, 760.3435929217762=782.5998035277819, 782.5998035277819=805.0495561144857, 805.0495561144857=827.6997635272779, 827.6997635272779=850.5577826161256, 850.5577826161256=896.7051296449102, 903.809676954088=930.7019012592709, 930.7019012592709=957.8713845356845, 957.8713845356845=985.3299265634257, 985.3299265634257=1013.0902349740585, 1013.0902349740585=1069.2418219117544, 1069.2418219117544=1097.6479491379698, 1097.6479491379698=1126.400526694244, 1126.400526694244=1155.5170995696283, 1155.5170995696283=1185.0168291853392, 1185.0168291853392=1244.8246006311904, 1244.8246006311904=1275.1557424461723, 1275.1557424461723=1336.723566798336, 1345.5019665890281=1381.251789556268, 1381.251789556268=1453.9844303106338, 1453.9844303106338=1491.0121009792683, 1491.0121009792683=1566.491931430342, 1566.491931430342=1605.002260811902, 1605.002260811902=1644.3500323447981, 1644.3500323447981=1724.8763570309743, 1724.8763570309743=1766.1465129807807, 1766.1465129807807=1850.9187169467011, 1850.9187169467011=1894.5521782640567, 1894.5521782640567=1994.6454104561471, 1998.2231598284736=2052.1342427464874, 2052.1342427464874=2108.4991380480333, 2108.4991380480333=2167.835962616169, 2167.835962616169=2230.890747711584, 2230.890747711584=2298.8144559026177, 2298.8144559026177=2448.333884517245, 2448.333884517245=2533.9123942540455, 2533.9123942540455=2641.7345600900735];

Jobs: [[2; 10; 2.3307533642955924], [2; 10; 2.338654283581653], [2; 10; 2.3466634361096825], [2; 10; 2.354783443497789], [2; 10; 2.3630170190314366], [2; 10; 2.3713669718744455], [2; 10; 2.3798362115206437], [2; 10; 2.38842775250265], [2; 10; 2.39714471937564], [2; 10; 2.4149680111113163], [2; 20; 4.848162368595063], [2; 20; 4.866666984491409], [2; 20; 4.885457390894006], [2; 20; 4.9045414025830825], [1; 40; 9.887246122958121], [2; 20; 4.963637948014062], [2; 30; 7.50699241440679], [2; 30; 7.538534769801828], [2; 30; 7.60324638793646], [2; 30; 7.636448758405587], [2; 30; 7.670238794755701], [2; 30; 7.70463494450665], [2; 30; 7.739656493738629], [2; 30; 7.775323617331271], [1; 80; 20.929813491152686], [2; 40; 10.515219570672867], [2; 40; 10.618824464907505], [2; 40; 10.726637160537367], [2; 40; 10.782216583602796], [2; 50; 13.621162031359223], [2; 50; 13.770857116875023], [1; 100; 27.854715054556955], [2; 50; 14.091223825386459], [2; 60; 17.01133531620968], [2; 60; 17.222677861746437], [2; 60; 17.332379404535107], [2; 60; 17.444930476442067], [2; 60; 17.560463184283904], [1; 120; 35.602094740881604], [2; 70; 20.91414615423054], [2; 70; 21.219505232260595], [2; 70; 21.37905637525387], [2; 70; 21.54351711803145], [2; 70; 21.713158095681138], [2; 70; 21.88827177165968], [2; 70; 22.06917478339525], [2; 70; 22.256210606005634], [2; 70; 22.44975258670379], [2; 70; 22.650207412792273], [2; 70; 22.858019088847644], [1; 160; 53.25189433796245], [2; 80; 26.892224305182914], [2; 80; 27.169483276413494], [2; 80; 27.45854202774127], [2; 80; 27.760308410632742], [2; 80; 28.406127226215293], [2; 80; 28.752577556274122], [2; 80; 29.116572875384197], [2; 80; 29.499729615710994], [2; 80; 30.331141814981986], [1; 180; 70.34622414285586], [2; 90; 35.74982296723989], [2; 90; 37.027670668634535], [2; 90; 38.51032938156009], [2; 90; 39.34777153289611], [2; 90; 41.27015594980647], [2; 90; 43.63346131735556], [1; 200; 103.67098156441695], [2; 100; 53.911082918013975], [2; 100; 56.364895301545836], [2; 100; 59.336824568135995], [2; 100; 63.054785095415006], [2; 100; 67.92370819103374], [2; 100; 85.5785097368002], [2; 100; 107.82216583602795]];
Intervals[4.645916288630185=6.976669652925778, 6.976669652925778=9.315323936507431, 9.315323936507431=11.661987372617114, 11.661987372617114=14.016770816114903, 14.016770816114903=16.379787835146338, 16.379787835146338=18.751154807020782, 18.751154807020782=21.130991018541426, 21.130991018541426=23.519418771044077, 23.519418771044077=25.916563490419716, 30.728544194410457=33.14351220552177, 33.14351220552177=37.991674574116836, 37.991674574116836=42.858341558608245, 42.858341558608245=47.74379894950225, 47.74379894950225=52.648340352085334, 52.648340352085334=62.53558647504346, 62.53558647504346=67.49922442305753, 82.4511672845203=89.95815969892709, 89.95815969892709=97.49669446872892, 112.63792252392855=120.24116891186502, 120.24116891186502=127.87761767027061, 127.87761767027061=135.5478564650263, 135.5478564650263=143.25249140953295, 143.25249140953295=150.9921479032716, 150.9921479032716=158.76747152060287, 158.76747152060287=179.69728501175555, 179.69728501175555=190.2125045824284, 211.34553285527366=221.96435732018116, 243.30872989608724=254.0353670566246, 254.0353670566246=264.8175836402274, 286.4955159146478=300.11667794600703, 327.50706102537663=341.2779181422517, 341.2779181422517=369.1326331968086, 396.99102906562155=411.082252891008, 411.082252891008=428.0935882072177, 462.32499210193777=479.5476699636842, 479.5476699636842=496.8800493682193, 496.8800493682193=514.3249798446614, 514.3249798446614=531.8854430289452, 531.8854430289452=567.4875377698269, 567.4875377698269=588.4016839240575, 630.5309095454942=651.7504147777548, 651.7504147777548=673.1294711530087, 673.1294711530087=694.6729882710401, 694.6729882710401=716.3861463667213, 716.3861463667213=738.274418138381, 738.274418138381=760.3435929217762, 760.3435929217762=782.5998035277819, 782.5998035277819=805.0495561144857, 805.0495561144857=827.6997635272779, 827.6997635272779=850.5577826161256, 850.5577826161256=903.809676954088, 903.809676954088=930.7019012592709, 930.7019012592709=957.8713845356845, 957.8713845356845=985.3299265634257, 985.3299265634257=1013.0902349740585, 1069.2418219117544=1097.6479491379698, 1097.6479491379698=1126.400526694244, 1126.400526694244=1155.5170995696283, 1155.5170995696283=1185.0168291853392, 1244.8246006311904=1275.1557424461723, 1275.1557424461723=1345.5019665890281, 1345.5019665890281=1381.251789556268, 1453.9844303106338=1491.0121009792683, 1566.491931430342=1605.002260811902, 1605.002260811902=1644.3500323447981, 1724.8763570309743=1766.1465129807807, 1850.9187169467011=1894.5521782640567, 1894.5521782640567=1998.2231598284736, 1998.2231598284736=2052.1342427464874, 2052.1342427464874=2108.4991380480333, 2108.4991380480333=2167.835962616169, 2167.835962616169=2230.890747711584, 2230.890747711584=2298.8144559026177, 2448.333884517245=2533.9123942540455, 2533.9123942540455=2641.7345600900735];
