1.2021811952827868
557100.4598786728
669735.6967495332
[1; 20; 9.623901437084374]
[1; 20; 9.656196650390871]
[2; 10; 4.844464885363015]
[1; 20; 9.72211129606387]
[2; 10; 4.87787604381969]
[2; 10; 4.89493169323045]
[2; 10; 4.912228415378043]
[2; 20; 9.859544474414898]
[2; 20; 9.895138806497828]
[1; 40; 19.86250554376685]
[1; 40; 19.93579958626975]
[2; 20; 10.0050937936721]
[1; 60; 30.128547667029054]
[1; 60; 30.2435432384861]
[2; 30; 15.180157416988877]
[1; 60; 30.47891101787972]
[2; 30; 15.299691137085992]
[2; 30; 15.360890553131181]
[2; 30; 15.423081071638368]
[2; 40; 20.64838816887962]
[2; 40; 20.734067109502273]
[1; 80; 41.64237212346744]
[1; 100; 52.274469802031156]
[1; 100; 52.499793577456515]
[1; 100; 52.72905322616093]
[1; 100; 52.96237065964175]
[2; 50; 26.599936628256323]
[1; 100; 53.44169418557773]
[2; 50; 26.84398637636426]
[1; 120; 64.72662572853432]
[2; 60; 32.51669578534335]
[1; 120; 65.34605691353967]
[1; 120; 65.66482321131507]
[2; 60; 32.994950945866485]
[2; 60; 33.16075750379461]
[2; 70; 38.88493929922423]
[1; 140; 78.17283853078142]
[2; 70; 39.29214105072344]
[2; 70; 39.50226344732758]
[2; 70; 39.71695387785187]
[2; 70; 39.93638901541065]
[1; 140; 80.3215109184692]
[1; 160; 92.32057250766016]
[2; 80; 46.428666041566906]
[1; 160; 93.4067965402097]
[1; 180; 105.71568936598177]
[2; 90; 53.182134051043974]
[2; 90; 53.51453101826316]
[1; 180; 107.71079418775642]
[2; 90; 54.205117263822395]
[1; 200; 121.25356002696122]
[1; 200; 122.07286569090829]
[1; 200; 122.9147741277271]
[1; 200; 123.78039964853069]
[2; 100; 62.335468369691235]
[1; 1040; 653.0558721758958]
[1; 1040; 657.9662510798167]
[1; 1040; 663.0277288399118]
[1; 1080; 693.9505051381681]
[1; 1080; 699.5471218701248]
[2; 540; 352.66438261613064]
[1; 1080; 711.3064126572677]
[1; 1080; 717.491996287207]
[1; 1080; 723.8985138102917]
[2; 540; 365.2700777856634]
[2; 560; 382.37238193449855]
[1; 1120; 772.169934681239]
[1; 1120; 779.892146310484]
[2; 580; 408.0366484362815]
[2; 580; 412.3777896678984]
[1; 1160; 833.8195532239324]
[2; 580; 421.6477933227077]
[2; 580; 426.60881072043446]
[1; 1200; 893.4038689232161]
[2; 600; 452.3569896601623]
[1; 1200; 916.61947591596]
[1; 1200; 929.1774675995827]
[1; 1200; 942.4532250483603]
[2; 600; 478.26088260915964]
[1; 1200; 971.4698322319538]
[1; 1200; 987.3983982360945]
[1; 1240; 1037.9067165501383]
[2; 620; 528.3909354394721]
[2; 620; 538.5547821218947]
[1; 1240; 1099.0974370549086]
[1; 1280; 1159.2240628091267]
[1; 1320; 1223.2608884834947]
[2; 660; 626.9275026739074]
[1; 1320; 1287.7592755683982]
[2; 660; 662.8280486746391]
[1; 1320; 1368.44842922715]
[1; 1360; 1460.3128588742159]
[2; 680; 759.3932885847337]
[1; 1360; 1587.9155411835645]
[1; 1360; 1671.6409281370886]
[1; 1400; 1828.6301320836403]
[2; 700; 984.916047949645]
[2; 700; 1084.04037886618]
[2; 700; 1240.916461191026]
[1; 1400; 3126.9135412312557]


Jobs: [[1; 20; 9.623901437084374], [2; 10; 4.844464885363015], [1; 20; 9.72211129606387], [2; 10; 4.87787604381969], [2; 10; 4.89493169323045], [2; 10; 4.912228415378043], [2; 20; 9.859544474414898], [2; 20; 9.895138806497828], [1; 40; 19.86250554376685], [2; 20; 10.0050937936721], [1; 60; 30.128547667029054], [2; 30; 15.180157416988877], [1; 60; 30.47891101787972], [2; 30; 15.299691137085992], [2; 30; 15.360890553131181], [2; 30; 15.423081071638368], [2; 40; 20.64838816887962], [2; 40; 20.734067109502273], [1; 80; 41.64237212346744], [1; 100; 52.499793577456515], [1; 100; 52.96237065964175], [2; 50; 26.599936628256323], [1; 100; 53.44169418557773], [2; 50; 26.84398637636426], [1; 120; 64.72662572853432], [2; 60; 32.51669578534335], [1; 120; 65.34605691353967], [2; 60; 32.994950945866485], [2; 60; 33.16075750379461], [2; 70; 38.88493929922423], [1; 140; 78.17283853078142], [2; 70; 39.29214105072344], [2; 70; 39.50226344732758], [2; 70; 39.71695387785187], [2; 70; 39.93638901541065], [1; 140; 80.3215109184692], [2; 80; 46.428666041566906], [1; 160; 93.4067965402097], [2; 90; 53.182134051043974], [2; 90; 53.51453101826316], [1; 180; 107.71079418775642], [2; 90; 54.205117263822395], [1; 200; 121.25356002696122], [1; 200; 122.9147741277271], [2; 100; 62.335468369691235], [1; 1040; 653.0558721758958], [1; 1040; 663.0277288399118], [1; 1080; 699.5471218701248], [2; 540; 352.66438261613064], [1; 1080; 711.3064126572677], [1; 1080; 723.8985138102917], [2; 540; 365.2700777856634], [2; 560; 382.37238193449855], [1; 1120; 772.169934681239], [2; 580; 408.0366484362815], [2; 580; 412.3777896678984], [1; 1160; 833.8195532239324], [2; 580; 421.6477933227077], [2; 580; 426.60881072043446], [1; 1200; 893.4038689232161], [2; 600; 452.3569896601623], [1; 1200; 916.61947591596], [1; 1200; 942.4532250483603], [2; 600; 478.26088260915964], [1; 1200; 971.4698322319538], [1; 1240; 1037.9067165501383], [2; 620; 528.3909354394721], [2; 620; 538.5547821218947], [1; 1240; 1099.0974370549086], [1; 1320; 1223.2608884834947], [2; 660; 626.9275026739074], [1; 1320; 1287.7592755683982], [2; 660; 662.8280486746391], [1; 1320; 1368.44842922715], [2; 680; 759.3932885847337], [1; 1360; 1587.9155411835645], [1; 1400; 1828.6301320836403], [2; 700; 984.916047949645], [2; 700; 1084.04037886618], [2; 700; 1240.916461191026], [1; 1400; 3126.9135412312557]];
Intervals[0.0=9.623901437084374, 9.656196650390871=14.500661535753887, 14.500661535753887=24.222772831817757, 24.222772831817757=29.100648875637447, 29.100648875637447=33.995580568867894, 33.995580568867894=38.90780898424594, 38.90780898424594=48.767353458660835, 48.767353458660835=58.66249226515866, 58.66249226515866=78.52499780892552, 78.59829185142841=88.60338564510052, 88.60338564510052=118.73193331212957, 118.84692888358661=134.0270863005755, 134.0270863005755=164.5059973184552, 164.5059973184552=179.8056884555412, 179.8056884555412=195.1665790086724, 195.1665790086724=210.58966008031075, 210.58966008031075=231.23804824919037, 231.23804824919037=251.97211535869263, 251.97211535869263=293.6144874821601, 293.6144874821601=346.1142810596166, 346.1142810596166=399.07665171925834, 399.07665171925834=425.67658834751467, 425.67658834751467=479.1182825330924, 479.1182825330924=505.96226890945667, 505.96226890945667=570.688894637991, 570.688894637991=603.2055904233343, 603.2055904233343=668.551647336874, 668.8704136346494=701.8653645805158, 701.8653645805158=735.0261220843104, 735.0261220843104=773.9110613835346, 773.9110613835346=852.083899914316, 852.083899914316=891.3760409650395, 891.3760409650395=930.878304412367, 930.878304412367=970.5952582902189, 970.5952582902189=1010.5316473056296, 1010.5316473056296=1090.8531582240987, 1102.8522198132898=1149.2808858548567, 1149.2808858548567=1242.6876823950663, 1254.9965752208384=1308.1787092718823, 1308.1787092718823=1361.6932402901455, 1361.6932402901455=1469.4040344779019, 1469.4040344779019=1523.6091517417242, 1523.6091517417242=1644.8627117686854, 1644.8627117686854=1767.7774858964124, 1769.462417081163=1831.7978854508542, 1831.7978854508542=2484.85375762675, 2484.85375762675=3147.881486466662, 3147.881486466662=3847.428608336787, 3847.428608336787=4200.092990952918, 4200.092990952918=4911.399403610186, 4911.399403610186=5635.2979174204775, 5635.2979174204775=6000.567995206141, 6000.567995206141=6382.94037714064, 6382.94037714064=7155.110311821879, 7162.832523451124=7570.869171887405, 7570.869171887405=7983.246961555304, 7983.246961555304=8817.066514779235, 8817.066514779235=9238.714308101942, 9238.714308101942=9665.323118822376, 9665.323118822376=10558.726987745593, 10558.726987745593=11011.083977405755, 11011.083977405755=11927.703453321716, 11927.703453321716=12870.156678370076, 12870.156678370076=13348.417560979236, 13348.417560979236=14319.887393211191, 14319.887393211191=15357.79410976133, 15357.79410976133=15886.185045200802, 15886.185045200802=16424.739827322697, 16424.739827322697=17523.837264377606, 17523.837264377606=18747.0981528611, 18747.0981528611=19374.02565553501, 19374.02565553501=20661.784931103408, 20661.784931103408=21324.61297977805, 21324.61297977805=22693.061409005197, 22784.925838652263=23544.319127237, 23544.319127237=25132.234668420562, 25132.234668420562=26960.8648005042, 26960.8648005042=27945.780848453847, 27945.780848453847=29029.821227320026, 29029.821227320026=30270.737688511053, 30270.737688511053=33397.65122974231];

Jobs: [[1; 20; 9.656196650390871], [2; 10; 4.844464885363015], [2; 10; 4.87787604381969], [2; 10; 4.89493169323045], [2; 10; 4.912228415378043], [2; 20; 9.859544474414898], [2; 20; 9.895138806497828], [1; 40; 19.93579958626975], [2; 20; 10.0050937936721], [1; 60; 30.2435432384861], [2; 30; 15.180157416988877], [2; 30; 15.299691137085992], [2; 30; 15.360890553131181], [2; 30; 15.423081071638368], [2; 40; 20.64838816887962], [2; 40; 20.734067109502273], [1; 100; 52.274469802031156], [1; 100; 52.72905322616093], [2; 50; 26.599936628256323], [2; 50; 26.84398637636426], [2; 60; 32.51669578534335], [1; 120; 65.66482321131507], [2; 60; 32.994950945866485], [2; 60; 33.16075750379461], [2; 70; 38.88493929922423], [2; 70; 39.29214105072344], [2; 70; 39.50226344732758], [2; 70; 39.71695387785187], [2; 70; 39.93638901541065], [1; 160; 92.32057250766016], [2; 80; 46.428666041566906], [1; 180; 105.71568936598177], [2; 90; 53.182134051043974], [2; 90; 53.51453101826316], [2; 90; 54.205117263822395], [1; 200; 122.07286569090829], [1; 200; 123.78039964853069], [2; 100; 62.335468369691235], [1; 1040; 657.9662510798167], [1; 1080; 693.9505051381681], [2; 540; 352.66438261613064], [1; 1080; 717.491996287207], [2; 540; 365.2700777856634], [2; 560; 382.37238193449855], [1; 1120; 779.892146310484], [2; 580; 408.0366484362815], [2; 580; 412.3777896678984], [2; 580; 421.6477933227077], [2; 580; 426.60881072043446], [2; 600; 452.3569896601623], [1; 1200; 929.1774675995827], [2; 600; 478.26088260915964], [1; 1200; 987.3983982360945], [2; 620; 528.3909354394721], [2; 620; 538.5547821218947], [1; 1280; 1159.2240628091267], [2; 660; 626.9275026739074], [2; 660; 662.8280486746391], [1; 1360; 1460.3128588742159], [2; 680; 759.3932885847337], [1; 1360; 1671.6409281370886], [2; 700; 984.916047949645], [2; 700; 1084.04037886618], [2; 700; 1240.916461191026]];
Intervals[0.0=9.656196650390871, 9.656196650390871=14.500661535753887, 24.222772831817757=29.100648875637447, 29.100648875637447=33.995580568867894, 33.995580568867894=38.90780898424594, 38.90780898424594=48.767353458660835, 48.767353458660835=58.66249226515866, 58.66249226515866=78.59829185142841, 78.59829185142841=88.60338564510052, 88.60338564510052=118.84692888358661, 118.84692888358661=134.0270863005755, 164.5059973184552=179.8056884555412, 179.8056884555412=195.1665790086724, 195.1665790086724=210.58966008031075, 210.58966008031075=231.23804824919037, 231.23804824919037=251.97211535869263, 251.97211535869263=304.2465851607238, 304.2465851607238=356.9756383868847, 399.07665171925834=425.67658834751467, 479.1182825330924=505.96226890945667, 570.688894637991=603.2055904233343, 603.2055904233343=668.8704136346494, 668.8704136346494=701.8653645805158, 701.8653645805158=735.0261220843104, 735.0261220843104=773.9110613835346, 852.083899914316=891.3760409650395, 891.3760409650395=930.878304412367, 930.878304412367=970.5952582902189, 970.5952582902189=1010.5316473056296, 1010.5316473056296=1102.8522198132898, 1102.8522198132898=1149.2808858548567, 1149.2808858548567=1254.9965752208384, 1254.9965752208384=1308.1787092718823, 1308.1787092718823=1361.6932402901455, 1469.4040344779019=1523.6091517417242, 1523.6091517417242=1645.6820174326324, 1645.6820174326324=1769.462417081163, 1769.462417081163=1831.7978854508542, 1831.7978854508542=2489.764136530671, 2489.764136530671=3183.714641668839, 3847.428608336787=4200.092990952918, 4200.092990952918=4917.584987240125, 5635.2979174204775=6000.567995206141, 6000.567995206141=6382.94037714064, 6382.94037714064=7162.832523451124, 7162.832523451124=7570.869171887405, 7570.869171887405=7983.246961555304, 8817.066514779235=9238.714308101942, 9238.714308101942=9665.323118822376, 10558.726987745593=11011.083977405755, 11011.083977405755=11940.261445005337, 12870.156678370076=13348.417560979236, 13348.417560979236=14335.815959215332, 15357.79410976133=15886.185045200802, 15886.185045200802=16424.739827322697, 16424.739827322697=17583.963890131825, 18747.0981528611=19374.02565553501, 20661.784931103408=21324.61297977805, 21324.61297977805=22784.925838652263, 22784.925838652263=23544.319127237, 23544.319127237=25215.960055374086, 26960.8648005042=27945.780848453847, 27945.780848453847=29029.821227320026, 29029.821227320026=30270.737688511053];
