1.2074419176142825
67464.90802926371
81459.95792252538
[1; 20; 5.9989600576678495]
[2; 10; 3.019747400579326]
[1; 20; 6.0811478056854185]
[1; 40; 12.247948402481363]
[1; 40; 12.33606616886618]
[1; 40; 12.426775795402918]
[2; 30; 9.39016028123442]
[1; 60; 18.924790244155993]
[1; 60; 19.07381047614713]
[2; 40; 12.818425447626904]
[1; 80; 25.84873530471057]
[1; 100; 32.58475353558422]
[2; 50; 16.434056720670892]
[2; 50; 16.580797134363532]
[1; 120; 40.15901528829691]
[2; 70; 23.647106174349936]
[1; 140; 47.75340817678623]
[2; 70; 24.115486969852423]
[1; 140; 48.728235529680276]
[1; 140; 49.24665992418627]
[1; 140; 49.78787534705155]
[2; 80; 28.773540055199668]
[1; 160; 58.22416669815617]
[2; 80; 29.467143748711873]
[1; 160; 59.68037033963727]
[2; 90; 34.011972243604276]
[1; 180; 68.9558951511457]
[1; 180; 69.94111247572725]
[1; 180; 70.98516360128407]
[2; 100; 40.052492201005194]
[1; 200; 81.41841430891404]
[2; 100; 41.41122799507914]
[1; 200; 84.32864784129215]
[1; 1040; 446.9438938057223]
[2; 540; 236.80438586259208]
[2; 540; 241.95391269155587]
[1; 1160; 531.8444359580641]
[1; 1200; 563.9441614232297]
[1; 1200; 579.1932254351484]
[1; 1240; 616.1126127547032]
[2; 620; 318.0003995142744]
[1; 1240; 658.7341188513781]
[2; 640; 353.60572498454246]
[1; 1280; 739.4008277329993]
[1; 1280; 778.3869191277334]
[1; 1320; 853.0082650554488]
[1; 1320; 918.8752985596853]
[2; 680; 521.0000966975451]
[2; 700; 613.9372966807942]
[2; 700; 773.5125234036866]


Jobs: [[1; 20; 5.9989600576678495], [2; 10; 3.019747400579326], [1; 20; 6.0811478056854185], [1; 40; 12.33606616886618], [2; 30; 9.39016028123442], [1; 60; 18.924790244155993], [2; 40; 12.818425447626904], [1; 80; 25.84873530471057], [2; 50; 16.434056720670892], [2; 50; 16.580797134363532], [1; 120; 40.15901528829691], [2; 70; 23.647106174349936], [1; 140; 47.75340817678623], [2; 70; 24.115486969852423], [1; 140; 48.728235529680276], [1; 140; 49.78787534705155], [2; 80; 28.773540055199668], [1; 160; 58.22416669815617], [2; 80; 29.467143748711873], [1; 160; 59.68037033963727], [2; 90; 34.011972243604276], [1; 180; 68.9558951511457], [1; 180; 70.98516360128407], [2; 100; 40.052492201005194], [1; 200; 81.41841430891404], [2; 100; 41.41122799507914], [1; 200; 84.32864784129215], [2; 540; 236.80438586259208], [2; 540; 241.95391269155587], [1; 1160; 531.8444359580641], [1; 1200; 579.1932254351484], [2; 620; 318.0003995142744], [1; 1240; 658.7341188513781], [2; 640; 353.60572498454246], [1; 1280; 739.4008277329993], [1; 1320; 853.0082650554488], [2; 680; 521.0000966975451], [2; 700; 613.9372966807942], [2; 700; 773.5125234036866]];
Intervals[0.0=5.9989600576678495, 5.9989600576678495=9.018707458247174, 9.018707458247174=15.099855263932593, 15.099855263932593=27.43592143279877, 33.69343165613145=43.083591937365874, 43.083591937365874=62.00838218152187, 62.157402413513005=74.9758278611399, 74.9758278611399=100.82456316585048, 107.56058139672413=123.99463811739503, 123.99463811739503=140.57543525175856, 140.57543525175856=180.73445054005546, 180.73445054005546=204.3815567144054, 204.3815567144054=252.13496489119163, 252.13496489119163=276.25045186104404, 276.25045186104404=324.9786873907243, 324.9786873907243=374.76656273777587, 374.76656273777587=403.5401027929755, 403.5401027929755=461.7642694911317, 461.7642694911317=491.23141323984356, 491.23141323984356=550.9117835794808, 550.9117835794808=584.9237558230851, 584.9237558230851=653.8796509742308, 653.8796509742308=724.8648145755149, 724.8648145755149=764.91730677652, 764.91730677652=846.3357210854341, 846.3357210854341=887.7469490805132, 887.7469490805132=972.0755969218054, 1334.6908428862355=1571.4952287488277, 1571.4952287488277=1813.4491414403835, 1813.4491414403835=2345.2935773984477, 2345.2935773984477=2924.486802833596, 2993.5059156183165=3311.5063151325908, 3311.5063151325908=3970.2404339839686, 3970.2404339839686=4323.846158968511, 4323.846158968511=5063.246986701511, 5063.246986701511=5916.255251756959, 6021.10837665593=6542.108473353475, 6542.108473353475=7156.0457700342695, 7156.0457700342695=7929.558293437956];

Jobs: [[2; 10; 3.019747400579326], [1; 40; 12.247948402481363], [1; 40; 12.426775795402918], [2; 30; 9.39016028123442], [1; 60; 19.07381047614713], [2; 40; 12.818425447626904], [1; 100; 32.58475353558422], [2; 50; 16.434056720670892], [2; 50; 16.580797134363532], [2; 70; 23.647106174349936], [2; 70; 24.115486969852423], [1; 140; 49.24665992418627], [2; 80; 28.773540055199668], [2; 80; 29.467143748711873], [2; 90; 34.011972243604276], [1; 180; 69.94111247572725], [2; 100; 40.052492201005194], [2; 100; 41.41122799507914], [1; 1040; 446.9438938057223], [2; 540; 236.80438586259208], [2; 540; 241.95391269155587], [1; 1200; 563.9441614232297], [1; 1240; 616.1126127547032], [2; 620; 318.0003995142744], [2; 640; 353.60572498454246], [1; 1280; 778.3869191277334], [1; 1320; 918.8752985596853], [2; 680; 521.0000966975451], [2; 700; 613.9372966807942], [2; 700; 773.5125234036866]];
Intervals[5.9989600576678495=9.018707458247174, 9.018707458247174=21.266655860728537, 21.266655860728537=33.69343165613145, 33.69343165613145=43.083591937365874, 43.083591937365874=62.157402413513005, 62.157402413513005=74.9758278611399, 74.9758278611399=107.56058139672413, 107.56058139672413=123.99463811739503, 123.99463811739503=140.57543525175856, 180.73445054005546=204.3815567144054, 252.13496489119163=276.25045186104404, 276.25045186104404=325.4971117852303, 374.76656273777587=403.5401027929755, 461.7642694911317=491.23141323984356, 550.9117835794808=584.9237558230851, 584.9237558230851=654.8648682988123, 724.8648145755149=764.91730677652, 846.3357210854341=887.7469490805132, 887.7469490805132=1334.6908428862355, 1334.6908428862355=1571.4952287488277, 1571.4952287488277=1813.4491414403835, 1813.4491414403835=2377.3933028636134, 2377.3933028636134=2993.5059156183165, 2993.5059156183165=3311.5063151325908, 3970.2404339839686=4323.846158968511, 4323.846158968511=5102.233078096245, 5102.233078096245=6021.10837665593, 6021.10837665593=6542.108473353475, 6542.108473353475=7156.0457700342695, 7156.0457700342695=7929.558293437956];
