1.1521236236438017
61453.717681263726
70802.27990132073
[2; 10; 2.307771038600176]
[2; 10; 2.315515294756724]
[1; 20; 4.646729118349458]
[1; 20; 4.662642698448309]
[2; 10; 2.3393882693834147]
[2; 10; 2.347568015198973]
[2; 10; 2.3558633774688147]
[2; 20; 4.728554493329983]
[2; 20; 4.745625235223239]
[2; 20; 4.762945188872128]
[2; 20; 4.780520791624911]
[1; 40; 9.596717442073034]
[1; 40; 9.632931813305445]
[1; 40; 9.669699085027942]
[1; 60; 14.560551301295067]
[2; 30; 7.308714516141607]
[2; 30; 7.3376030160989885]
[2; 30; 7.366953740615785]
[2; 30; 7.39677978952634]
[2; 30; 7.427094799562598]
[2; 30; 7.457912973316694]
[2; 30; 7.48924911015069]
[2; 30; 7.521118639210936]
[2; 30; 7.553537654719404]
[1; 60; 15.173045907461887]
[2; 40; 10.160122768751702]
[2; 40; 10.20568446684133]
[1; 80; 20.50414915846316]
[1; 80; 20.598639659790773]
[2; 40; 10.34744819164721]
[2; 40; 10.396488963090354]
[1; 80; 20.892945702967445]
[2; 40; 10.497432062076713]
[2; 40; 10.54940039452063]
[2; 40; 10.602413347032392]
[2; 40; 10.65650822906208]
[2; 40; 10.711724283301544]
[1; 80; 21.536205635936582]
[2; 40; 10.82568735040877]
[1; 100; 27.211309407975044]
[2; 50; 13.680825592488409]
[1; 100; 27.515371551912242]
[2; 50; 13.836302829795507]
[2; 50; 13.916748258493753]
[2; 50; 13.999097797884664]
[2; 50; 14.083431746550078]
[2; 50; 14.169835329755148]
[1; 100; 28.516798199562952]
[2; 50; 14.34921937706349]
[1; 100; 28.884797474326014]
[1; 100; 29.076093098701154]
[2; 50; 14.636279573419815]
[1; 120; 35.369334293679636]
[2; 60; 17.809211159696346]
[2; 60; 17.937339386310203]
[2; 60; 18.06923632448498]
[2; 60; 18.20510034567828]
[2; 60; 18.345145082575844]
[1; 120; 36.979201983020914]
[1; 120; 37.277434233044815]
[2; 60; 18.792763086731526]
[1; 140; 44.22140656405987]
[1; 140; 44.60595983627581]
[2; 70; 22.502124204627417]
[2; 70; 22.70857724324855]
[2; 70; 22.922821756795198]
[1; 140; 46.2907746869813]
[2; 70; 23.376856572321824]
[2; 70; 23.617872084102956]
[2; 70; 23.869144901631163]
[2; 70; 24.1314642014833]
[2; 70; 24.405708863171107]
[2; 70; 24.692861193128593]
[2; 80; 28.564598088804114]
[2; 80; 28.926213668354706]
[2; 80; 29.30686539500531]
[2; 80; 29.708379198250388]
[1; 160; 60.26568392512163]
[2; 80; 30.582652187958]
[1; 160; 62.12116664896304]
[2; 80; 31.5698637315472]
[2; 80; 32.11427871342238]
[2; 80; 32.698302265065756]
[2; 80; 33.32726939661057]
[2; 80; 34.00760479141235]
[2; 90; 39.090522487157216]
[1; 180; 79.99985725548416]
[2; 90; 41.00033868133149]
[1; 180; 84.21797769780294]
[2; 90; 43.348193159874505]
[1; 180; 89.49495567980031]
[2; 90; 46.346939234529245]
[2; 90; 48.20275927485694]
[2; 90; 50.39675207238479]
[2; 90; 53.05400144051944]
[2; 100; 62.642543622438424]
[2; 100; 67.47963452600844]
[2; 100; 74.27094799562596]
[1; 200; 170.03802395706174]
[2; 100; 107.11724283301542]


Jobs: [[2; 10; 2.307771038600176], [2; 10; 2.315515294756724], [1; 20; 4.646729118349458], [2; 10; 2.3393882693834147], [2; 10; 2.347568015198973], [2; 10; 2.3558633774688147], [2; 20; 4.728554493329983], [2; 20; 4.745625235223239], [2; 20; 4.762945188872128], [2; 20; 4.780520791624911], [1; 40; 9.596717442073034], [1; 40; 9.669699085027942], [2; 30; 7.308714516141607], [2; 30; 7.3376030160989885], [2; 30; 7.366953740615785], [2; 30; 7.39677978952634], [2; 30; 7.427094799562598], [2; 30; 7.457912973316694], [2; 30; 7.48924911015069], [2; 30; 7.521118639210936], [2; 30; 7.553537654719404], [1; 60; 15.173045907461887], [2; 40; 10.160122768751702], [2; 40; 10.20568446684133], [1; 80; 20.50414915846316], [2; 40; 10.34744819164721], [2; 40; 10.396488963090354], [1; 80; 20.892945702967445], [2; 40; 10.497432062076713], [2; 40; 10.54940039452063], [2; 40; 10.602413347032392], [2; 40; 10.65650822906208], [2; 40; 10.711724283301544], [1; 80; 21.536205635936582], [2; 40; 10.82568735040877], [1; 100; 27.211309407975044], [2; 50; 13.680825592488409], [1; 100; 27.515371551912242], [2; 50; 13.836302829795507], [2; 50; 13.916748258493753], [2; 50; 13.999097797884664], [2; 50; 14.083431746550078], [2; 50; 14.169835329755148], [1; 100; 28.516798199562952], [2; 50; 14.34921937706349], [1; 100; 28.884797474326014], [2; 50; 14.636279573419815], [1; 120; 35.369334293679636], [2; 60; 17.809211159696346], [2; 60; 17.937339386310203], [2; 60; 18.06923632448498], [2; 60; 18.20510034567828], [2; 60; 18.345145082575844], [1; 120; 36.979201983020914], [2; 60; 18.792763086731526], [1; 140; 44.22140656405987], [2; 70; 22.502124204627417], [2; 70; 22.70857724324855], [2; 70; 22.922821756795198], [1; 140; 46.2907746869813], [2; 70; 23.376856572321824], [2; 70; 23.617872084102956], [2; 70; 23.869144901631163], [2; 70; 24.1314642014833], [2; 70; 24.405708863171107], [2; 70; 24.692861193128593], [2; 80; 28.564598088804114], [2; 80; 28.926213668354706], [2; 80; 29.30686539500531], [2; 80; 29.708379198250388], [1; 160; 60.26568392512163], [2; 80; 30.582652187958], [1; 160; 62.12116664896304], [2; 80; 31.5698637315472], [2; 80; 32.11427871342238], [2; 80; 32.698302265065756], [2; 80; 33.32726939661057], [2; 80; 34.00760479141235], [2; 90; 39.090522487157216], [1; 180; 79.99985725548416], [2; 90; 41.00033868133149], [1; 180; 84.21797769780294], [2; 90; 43.348193159874505], [1; 180; 89.49495567980031], [2; 90; 46.346939234529245], [2; 90; 48.20275927485694], [2; 90; 50.39675207238479], [2; 90; 53.05400144051944], [2; 100; 62.642543622438424], [2; 100; 67.47963452600844], [2; 100; 74.27094799562596], [1; 200; 170.03802395706174], [2; 100; 107.11724283301542]];
Intervals[4.9E-324=2.307771038600176, 2.307771038600176=4.6232863333569, 4.6232863333569=9.270015451706357, 9.285929031805209=11.625317301188623, 11.625317301188623=13.972885316387597, 13.972885316387597=16.32874869385641, 16.32874869385641=21.057303187186395, 21.057303187186395=25.802928422409636, 25.802928422409636=30.565873611281763, 30.565873611281763=35.346394402906675, 35.346394402906675=44.94311184497971, 44.94311184497971=54.612810930007655, 59.53987751750719=66.8485920336488, 66.8485920336488=74.1861950497478, 74.1861950497478=81.55314879036358, 81.55314879036358=88.94992857988991, 88.94992857988991=96.37702337945251, 96.37702337945251=103.8349363527692, 103.8349363527692=111.3241854629199, 111.3241854629199=118.84530410213084, 118.84530410213084=126.39884175685025, 126.39884175685025=141.57188766431213, 141.57188766431213=151.73201043306383, 151.73201043306383=161.93769489990515, 161.93769489990515=182.4418440583683, 182.53633455969592=192.88378275134312, 192.88378275134312=203.28027171443347, 203.28027171443347=224.1732174174009, 224.1732174174009=234.67064947947762, 234.67064947947762=245.22004987399825, 245.22004987399825=255.82246322103063, 255.82246322103063=266.47897145009273, 266.47897145009273=277.19069573339425, 277.19069573339425=298.72690136933085, 298.72690136933085=309.5525887197396, 309.5525887197396=336.76389812771464, 336.76389812771464=350.44472372020306, 350.44472372020306=377.9600952721153, 377.9600952721153=391.7963981019108, 391.7963981019108=405.71314636040455, 405.71314636040455=419.7122441582892, 419.7122441582892=433.7956759048393, 433.7956759048393=447.96551123459443, 447.96551123459443=476.4823094341574, 476.4823094341574=490.8315288112209, 490.8315288112209=519.7163262855469, 519.907621909922=534.5439014833419, 534.5439014833419=569.9132357770216, 569.9132357770216=587.7224469367179, 587.7224469367179=605.6597863230281, 605.6597863230281=623.7290226475131, 623.7290226475131=641.9341229931914, 641.9341229931914=660.2792680757673, 660.2792680757673=697.2584700587881, 697.5567023088121=716.3494653955436, 716.3494653955436=760.5708719596034, 760.9554252318194=783.4575494364468, 783.4575494364468=806.1661266796954, 806.1661266796954=829.0889484364906, 829.0889484364906=875.3797231234719, 875.3797231234719=898.7565796957937, 898.7565796957937=922.3744517798966, 922.3744517798966=946.2435966815278, 946.2435966815278=970.3750608830111, 970.3750608830111=994.7807697461822, 994.7807697461822=1019.4736309393107, 1019.4736309393107=1048.0382290281148, 1048.0382290281148=1076.9644426964694, 1076.9644426964694=1106.2713080914748, 1106.2713080914748=1135.9796872897252, 1135.9796872897252=1196.245371214847, 1196.245371214847=1226.828023402805, 1226.828023402805=1288.949190051768, 1288.949190051768=1320.5190537833153, 1320.5190537833153=1352.6333324967377, 1352.6333324967377=1385.3316347618033, 1385.3316347618033=1418.6589041584139, 1418.6589041584139=1452.6665089498263, 1452.6665089498263=1491.7570314369834, 1491.7570314369834=1571.7568886924676, 1571.7568886924676=1612.757227373799, 1612.757227373799=1696.975205071602, 1696.975205071602=1740.3233982314764, 1740.3233982314764=1829.8183539112767, 1829.8183539112767=1876.165293145806, 1876.165293145806=1924.368052420663, 1924.368052420663=1974.7648044930477, 1974.7648044930477=2027.818805933567, 2027.818805933567=2090.4613495560056, 2090.4613495560056=2157.940984082014, 2157.940984082014=2232.21193207764, 2232.21193207764=2402.249956034702, 2402.249956034702=2509.3671988677174];

Jobs: [[2; 10; 2.307771038600176], [2; 10; 2.315515294756724], [1; 20; 4.662642698448309], [2; 10; 2.3393882693834147], [2; 10; 2.347568015198973], [2; 10; 2.3558633774688147], [2; 20; 4.728554493329983], [2; 20; 4.745625235223239], [2; 20; 4.762945188872128], [2; 20; 4.780520791624911], [1; 40; 9.632931813305445], [1; 60; 14.560551301295067], [2; 30; 7.308714516141607], [2; 30; 7.3376030160989885], [2; 30; 7.366953740615785], [2; 30; 7.39677978952634], [2; 30; 7.427094799562598], [2; 30; 7.457912973316694], [2; 30; 7.48924911015069], [2; 30; 7.521118639210936], [2; 30; 7.553537654719404], [2; 40; 10.160122768751702], [2; 40; 10.20568446684133], [1; 80; 20.598639659790773], [2; 40; 10.34744819164721], [2; 40; 10.396488963090354], [2; 40; 10.497432062076713], [2; 40; 10.54940039452063], [2; 40; 10.602413347032392], [2; 40; 10.65650822906208], [2; 40; 10.711724283301544], [2; 40; 10.82568735040877], [2; 50; 13.680825592488409], [2; 50; 13.836302829795507], [2; 50; 13.916748258493753], [2; 50; 13.999097797884664], [2; 50; 14.083431746550078], [2; 50; 14.169835329755148], [2; 50; 14.34921937706349], [1; 100; 29.076093098701154], [2; 50; 14.636279573419815], [2; 60; 17.809211159696346], [2; 60; 17.937339386310203], [2; 60; 18.06923632448498], [2; 60; 18.20510034567828], [2; 60; 18.345145082575844], [1; 120; 37.277434233044815], [2; 60; 18.792763086731526], [1; 140; 44.60595983627581], [2; 70; 22.502124204627417], [2; 70; 22.70857724324855], [2; 70; 22.922821756795198], [2; 70; 23.376856572321824], [2; 70; 23.617872084102956], [2; 70; 23.869144901631163], [2; 70; 24.1314642014833], [2; 70; 24.405708863171107], [2; 70; 24.692861193128593], [2; 80; 28.564598088804114], [2; 80; 28.926213668354706], [2; 80; 29.30686539500531], [2; 80; 29.708379198250388], [2; 80; 30.582652187958], [2; 80; 31.5698637315472], [2; 80; 32.11427871342238], [2; 80; 32.698302265065756], [2; 80; 33.32726939661057], [2; 80; 34.00760479141235], [2; 90; 39.090522487157216], [2; 90; 41.00033868133149], [2; 90; 43.348193159874505], [2; 90; 46.346939234529245], [2; 90; 48.20275927485694], [2; 90; 50.39675207238479], [2; 90; 53.05400144051944], [2; 100; 62.642543622438424], [2; 100; 67.47963452600844], [2; 100; 74.27094799562596], [2; 100; 107.11724283301542]];
Intervals[4.9E-324=2.307771038600176, 2.307771038600176=4.6232863333569, 4.6232863333569=9.285929031805209, 9.285929031805209=11.625317301188623, 11.625317301188623=13.972885316387597, 13.972885316387597=16.32874869385641, 16.32874869385641=21.057303187186395, 21.057303187186395=25.802928422409636, 25.802928422409636=30.565873611281763, 30.565873611281763=35.346394402906675, 35.346394402906675=44.97932621621212, 44.97932621621212=59.53987751750719, 59.53987751750719=66.8485920336488, 66.8485920336488=74.1861950497478, 74.1861950497478=81.55314879036358, 81.55314879036358=88.94992857988991, 88.94992857988991=96.37702337945251, 96.37702337945251=103.8349363527692, 103.8349363527692=111.3241854629199, 111.3241854629199=118.84530410213084, 118.84530410213084=126.39884175685025, 141.57188766431213=151.73201043306383, 151.73201043306383=161.93769489990515, 161.93769489990515=182.53633455969592, 182.53633455969592=192.88378275134312, 192.88378275134312=203.28027171443347, 224.1732174174009=234.67064947947762, 234.67064947947762=245.22004987399825, 245.22004987399825=255.82246322103063, 255.82246322103063=266.47897145009273, 266.47897145009273=277.19069573339425, 298.72690136933085=309.5525887197396, 336.76389812771464=350.44472372020306, 377.9600952721153=391.7963981019108, 391.7963981019108=405.71314636040455, 405.71314636040455=419.7122441582892, 419.7122441582892=433.7956759048393, 433.7956759048393=447.96551123459443, 476.4823094341574=490.8315288112209, 490.8315288112209=519.907621909922, 519.907621909922=534.5439014833419, 569.9132357770216=587.7224469367179, 587.7224469367179=605.6597863230281, 605.6597863230281=623.7290226475131, 623.7290226475131=641.9341229931914, 641.9341229931914=660.2792680757673, 660.2792680757673=697.5567023088121, 697.5567023088121=716.3494653955436, 716.3494653955436=760.9554252318194, 760.9554252318194=783.4575494364468, 783.4575494364468=806.1661266796954, 806.1661266796954=829.0889484364906, 875.3797231234719=898.7565796957937, 898.7565796957937=922.3744517798966, 922.3744517798966=946.2435966815278, 946.2435966815278=970.3750608830111, 970.3750608830111=994.7807697461822, 994.7807697461822=1019.4736309393107, 1019.4736309393107=1048.0382290281148, 1048.0382290281148=1076.9644426964694, 1076.9644426964694=1106.2713080914748, 1106.2713080914748=1135.9796872897252, 1196.245371214847=1226.828023402805, 1288.949190051768=1320.5190537833153, 1320.5190537833153=1352.6333324967377, 1352.6333324967377=1385.3316347618033, 1385.3316347618033=1418.6589041584139, 1418.6589041584139=1452.6665089498263, 1452.6665089498263=1491.7570314369834, 1571.7568886924676=1612.757227373799, 1696.975205071602=1740.3233982314764, 1829.8183539112767=1876.165293145806, 1876.165293145806=1924.368052420663, 1924.368052420663=1974.7648044930477, 1974.7648044930477=2027.818805933567, 2027.818805933567=2090.4613495560056, 2090.4613495560056=2157.940984082014, 2157.940984082014=2232.21193207764, 2402.249956034702=2509.3671988677174];
