1.0000000000000007
45928.10112773664
45928.10112773667
[2; 10; 2.0942868313045073]
[2; 10; 2.1013146921345593]
[2; 10; 2.1084378472617797]
[2; 10; 2.115658581182626]
[2; 10; 2.122979257443894]
[2; 10; 2.130402322236029]
[2; 10; 2.137930308189596]
[2; 10; 2.1455658383887095]
[2; 10; 2.1533116306162894]
[2; 10; 2.1611705018472227]
[2; 10; 2.1691453730068235]
[2; 20; 4.354478548026766]
[2; 20; 4.370910698250389]
[2; 20; 4.387593725228257]
[2; 20; 4.404534409579425]
[2; 20; 4.421739796799469]
[2; 20; 4.439217210871298]
[2; 20; 4.456974268747096]
[2; 20; 4.475018895768417]
[2; 20; 4.493359342097474]
[2; 20; 4.5120042002393825]
[2; 30; 6.796443635613615]
[2; 30; 6.82536502075728]
[2; 30; 6.854785061189204]
[2; 30; 6.884719000124676]
[2; 30; 6.915182755285538]
[2; 30; 6.946192958223236]
[2; 30; 6.977766996501933]
[2; 30; 7.009923058992076]
[2; 30; 7.042680184550632]
[2; 30; 7.076058314392973]
[2; 30; 7.110078348493646]
[2; 30; 7.144762206389481]
[2; 30; 7.1801328927991355]
[2; 30; 7.216214568518999]
[2; 30; 7.253032627106973]
[2; 40; 9.720818370565292]
[2; 40; 9.771981514891962]
[2; 40; 9.824239094157743]
[2; 40; 9.877632746486315]
[2; 40; 9.932206410598281]
[2; 40; 9.988006493845957]
[2; 40; 10.045082055612834]
[2; 40; 10.103485007775218]
[2; 40; 10.163270334144505]
[2; 40; 10.224496331062818]
[2; 40; 10.287224871618093]
[2; 40; 10.351521696283793]
[2; 40; 10.417456733181568]
[2; 40; 10.485104451622187]
[2; 40; 10.554544253112729]
[2; 40; 10.62586090464059]
[2; 50; 13.373931274718748]
[2; 50; 13.468116992481528]
[2; 50; 13.565013251984583]
[2; 50; 13.664759578666818]
[2; 50; 13.76750598984091]
[2; 50; 13.87341404403851]
[2; 50; 13.98265802258089]
[2; 50; 14.095426263639846]
[2; 50; 14.2119226727392]
[2; 50; 14.332368438113757]
[2; 50; 14.45700398478044]
[2; 60; 17.50330944939399]
[2; 60; 17.663899240335155]
[2; 60; 17.83054964117468]
[2; 60; 18.00367260064689]
[2; 60; 18.183721270870276]
[2; 60; 18.37119553091999]
[2; 60; 18.566648450894228]
[2; 60; 18.770693892920367]
[2; 60; 18.984015494681806]
[2; 60; 19.207377344641145]
[2; 60; 19.44163674113058]
[2; 60; 19.687759536756804]
[2; 60; 19.94683871481553]
[2; 60; 20.22011703943863]
[2; 70; 23.927184033589594]
[2; 70; 24.28435884161604]
[2; 70; 24.66386324658352]
[2; 70; 25.068260748807255]
[2; 70; 25.500557094374507]
[2; 70; 25.96430488880704]
[2; 70; 26.46374043246569]
[2; 70; 27.003965287997495]
[2; 80; 31.532789809098023]
[2; 80; 32.266372039716366]
[2; 80; 33.073363554171245]
[2; 80; 33.967668119102306]
[2; 80; 34.967285586003115]
[2; 80; 36.09603360191505]
[2; 80; 37.386256314624404]
[2; 90; 43.74368266754381]
[2; 90; 45.73471650365027]
[2; 90; 48.14615258898749]
[2; 100; 56.8476906909568]
[2; 100; 61.23731843639996]
[2; 100; 67.4003901314621]
[2; 100; 77.15418653713569]
[2; 100; 97.2081837056529]


Jobs: [[2; 10; 2.0942868313045073], [2; 10; 2.1013146921345593], [2; 10; 2.1084378472617797], [2; 10; 2.115658581182626], [2; 10; 2.122979257443894], [2; 10; 2.130402322236029], [2; 10; 2.137930308189596], [2; 10; 2.1455658383887095], [2; 10; 2.1533116306162894], [2; 10; 2.1611705018472227], [2; 10; 2.1691453730068235], [2; 20; 4.354478548026766], [2; 20; 4.370910698250389], [2; 20; 4.387593725228257], [2; 20; 4.404534409579425], [2; 20; 4.421739796799469], [2; 20; 4.439217210871298], [2; 20; 4.456974268747096], [2; 20; 4.475018895768417], [2; 20; 4.493359342097474], [2; 20; 4.5120042002393825], [2; 30; 6.796443635613615], [2; 30; 6.82536502075728], [2; 30; 6.854785061189204], [2; 30; 6.884719000124676], [2; 30; 6.915182755285538], [2; 30; 6.946192958223236], [2; 30; 6.977766996501933], [2; 30; 7.009923058992076], [2; 30; 7.042680184550632], [2; 30; 7.076058314392973], [2; 30; 7.110078348493646], [2; 30; 7.144762206389481], [2; 30; 7.1801328927991355], [2; 30; 7.216214568518999], [2; 30; 7.253032627106973], [2; 40; 9.720818370565292], [2; 40; 9.771981514891962], [2; 40; 9.824239094157743], [2; 40; 9.877632746486315], [2; 40; 9.932206410598281], [2; 40; 9.988006493845957], [2; 40; 10.045082055612834], [2; 40; 10.103485007775218], [2; 40; 10.163270334144505], [2; 40; 10.224496331062818], [2; 40; 10.287224871618093], [2; 40; 10.351521696283793], [2; 40; 10.417456733181568], [2; 40; 10.485104451622187], [2; 40; 10.554544253112729], [2; 40; 10.62586090464059], [2; 50; 13.373931274718748], [2; 50; 13.468116992481528], [2; 50; 13.565013251984583], [2; 50; 13.664759578666818], [2; 50; 13.76750598984091], [2; 50; 13.87341404403851], [2; 50; 13.98265802258089], [2; 50; 14.095426263639846], [2; 50; 14.2119226727392], [2; 50; 14.332368438113757], [2; 50; 14.45700398478044], [2; 60; 17.50330944939399], [2; 60; 17.663899240335155], [2; 60; 17.83054964117468], [2; 60; 18.00367260064689], [2; 60; 18.183721270870276], [2; 60; 18.37119553091999], [2; 60; 18.566648450894228], [2; 60; 18.770693892920367], [2; 60; 18.984015494681806], [2; 60; 19.207377344641145], [2; 60; 19.44163674113058], [2; 60; 19.687759536756804], [2; 60; 19.94683871481553], [2; 60; 20.22011703943863], [2; 70; 23.927184033589594], [2; 70; 24.28435884161604], [2; 70; 24.66386324658352], [2; 70; 25.068260748807255], [2; 70; 25.500557094374507], [2; 70; 25.96430488880704], [2; 70; 26.46374043246569], [2; 70; 27.003965287997495], [2; 80; 31.532789809098023], [2; 80; 32.266372039716366], [2; 80; 33.073363554171245], [2; 80; 33.967668119102306], [2; 80; 34.967285586003115], [2; 80; 36.09603360191505], [2; 80; 37.386256314624404], [2; 90; 43.74368266754381], [2; 90; 45.73471650365027], [2; 90; 48.14615258898749], [2; 100; 56.8476906909568], [2; 100; 61.23731843639996], [2; 100; 67.4003901314621], [2; 100; 77.15418653713569], [2; 100; 97.2081837056529]];
Intervals[4.9E-324=2.0942868313045073, 2.0942868313045073=4.195601523439066, 4.195601523439066=6.3040393707008455, 6.3040393707008455=8.419697951883471, 8.419697951883471=10.542677209327366, 10.542677209327366=12.673079531563396, 12.673079531563396=14.811009839752991, 14.811009839752991=16.9565756781417, 16.9565756781417=19.10988730875799, 19.10988730875799=21.271057810605214, 21.271057810605214=23.440203183612038, 23.440203183612038=27.794681731638804, 27.794681731638804=32.165592429889195, 32.165592429889195=36.55318615511745, 36.55318615511745=40.95772056469688, 40.95772056469688=45.37946036149635, 45.37946036149635=49.81867757236765, 49.81867757236765=54.275651841114744, 54.275651841114744=58.75067073688316, 58.75067073688316=63.24403007898063, 63.24403007898063=67.75603427922002, 67.75603427922002=74.55247791483363, 74.55247791483363=81.3778429355909, 81.3778429355909=88.23262799678011, 88.23262799678011=95.11734699690479, 95.11734699690479=102.03252975219033, 102.03252975219033=108.97872271041356, 108.97872271041356=115.95648970691549, 115.95648970691549=122.96641276590756, 122.96641276590756=130.00909295045818, 130.00909295045818=137.08515126485116, 137.08515126485116=144.19522961334482, 144.19522961334482=151.3399918197343, 151.3399918197343=158.52012471253343, 158.52012471253343=165.73633928105244, 165.73633928105244=172.9893719081594, 172.9893719081594=182.7101902787247, 182.7101902787247=192.48217179361666, 192.48217179361666=202.3064108877744, 202.3064108877744=212.18404363426072, 212.18404363426072=222.116250044859, 222.116250044859=232.10425653870493, 232.10425653870493=242.14933859431775, 242.14933859431775=252.25282360209297, 252.25282360209297=262.4160939362375, 262.4160939362375=272.6405902673003, 272.6405902673003=282.9278151389184, 282.9278151389184=293.2793368352022, 293.2793368352022=303.6967935683837, 303.6967935683837=314.1818980200059, 314.1818980200059=324.73644227311866, 324.73644227311866=335.36230317775926, 335.36230317775926=348.736234452478, 348.736234452478=362.20435144495957, 362.20435144495957=375.76936469694414, 375.76936469694414=389.43412427561094, 389.43412427561094=403.20163026545185, 403.20163026545185=417.07504430949035, 417.07504430949035=431.05770233207124, 431.05770233207124=445.1531285957111, 445.1531285957111=459.3650512684503, 459.3650512684503=473.69741970656406, 473.69741970656406=488.1544236913445, 488.1544236913445=505.6577331407385, 505.6577331407385=523.3216323810736, 523.3216323810736=541.1521820222483, 541.1521820222483=559.1558546228952, 559.1558546228952=577.3395758937654, 577.3395758937654=595.7107714246854, 595.7107714246854=614.2774198755797, 614.2774198755797=633.0481137685, 633.0481137685=652.0321292631818, 652.0321292631818=671.2395066078229, 671.2395066078229=690.6811433489535, 690.6811433489535=710.3689028857103, 710.3689028857103=730.3157416005258, 730.3157416005258=750.5358586399644, 750.5358586399644=774.463042673554, 774.463042673554=798.74740151517, 798.74740151517=823.4112647617536, 823.4112647617536=848.4795255105608, 848.4795255105608=873.9800826049353, 873.9800826049353=899.9443874937424, 899.9443874937424=926.4081279262081, 926.4081279262081=953.4120932142056, 953.4120932142056=984.9448830233036, 984.9448830233036=1017.21125506302, 1017.21125506302=1050.2846186171912, 1050.2846186171912=1084.2522867362934, 1084.2522867362934=1119.2195723222965, 1119.2195723222965=1155.3156059242115, 1155.3156059242115=1192.701862238836, 1192.701862238836=1236.4455449063798, 1236.4455449063798=1282.1802614100302, 1282.1802614100302=1330.3264139990176, 1330.3264139990176=1387.1741046899745, 1387.1741046899745=1448.4114231263743, 1448.4114231263743=1515.8118132578363, 1515.8118132578363=1592.965999794972, 1592.965999794972=1690.1741835006248];

Jobs: [[2; 10; 2.0942868313045073], [2; 10; 2.1013146921345593], [2; 10; 2.1084378472617797], [2; 10; 2.115658581182626], [2; 10; 2.122979257443894], [2; 10; 2.130402322236029], [2; 10; 2.137930308189596], [2; 10; 2.1455658383887095], [2; 10; 2.1533116306162894], [2; 10; 2.1611705018472227], [2; 10; 2.1691453730068235], [2; 20; 4.354478548026766], [2; 20; 4.370910698250389], [2; 20; 4.387593725228257], [2; 20; 4.404534409579425], [2; 20; 4.421739796799469], [2; 20; 4.439217210871298], [2; 20; 4.456974268747096], [2; 20; 4.475018895768417], [2; 20; 4.493359342097474], [2; 20; 4.5120042002393825], [2; 30; 6.796443635613615], [2; 30; 6.82536502075728], [2; 30; 6.854785061189204], [2; 30; 6.884719000124676], [2; 30; 6.915182755285538], [2; 30; 6.946192958223236], [2; 30; 6.977766996501933], [2; 30; 7.009923058992076], [2; 30; 7.042680184550632], [2; 30; 7.076058314392973], [2; 30; 7.110078348493646], [2; 30; 7.144762206389481], [2; 30; 7.1801328927991355], [2; 30; 7.216214568518999], [2; 30; 7.253032627106973], [2; 40; 9.720818370565292], [2; 40; 9.771981514891962], [2; 40; 9.824239094157743], [2; 40; 9.877632746486315], [2; 40; 9.932206410598281], [2; 40; 9.988006493845957], [2; 40; 10.045082055612834], [2; 40; 10.103485007775218], [2; 40; 10.163270334144505], [2; 40; 10.224496331062818], [2; 40; 10.287224871618093], [2; 40; 10.351521696283793], [2; 40; 10.417456733181568], [2; 40; 10.485104451622187], [2; 40; 10.554544253112729], [2; 40; 10.62586090464059], [2; 50; 13.373931274718748], [2; 50; 13.468116992481528], [2; 50; 13.565013251984583], [2; 50; 13.664759578666818], [2; 50; 13.76750598984091], [2; 50; 13.87341404403851], [2; 50; 13.98265802258089], [2; 50; 14.095426263639846], [2; 50; 14.2119226727392], [2; 50; 14.332368438113757], [2; 50; 14.45700398478044], [2; 60; 17.50330944939399], [2; 60; 17.663899240335155], [2; 60; 17.83054964117468], [2; 60; 18.00367260064689], [2; 60; 18.183721270870276], [2; 60; 18.37119553091999], [2; 60; 18.566648450894228], [2; 60; 18.770693892920367], [2; 60; 18.984015494681806], [2; 60; 19.207377344641145], [2; 60; 19.44163674113058], [2; 60; 19.687759536756804], [2; 60; 19.94683871481553], [2; 60; 20.22011703943863], [2; 70; 23.927184033589594], [2; 70; 24.28435884161604], [2; 70; 24.66386324658352], [2; 70; 25.068260748807255], [2; 70; 25.500557094374507], [2; 70; 25.96430488880704], [2; 70; 26.46374043246569], [2; 70; 27.003965287997495], [2; 80; 31.532789809098023], [2; 80; 32.266372039716366], [2; 80; 33.073363554171245], [2; 80; 33.967668119102306], [2; 80; 34.967285586003115], [2; 80; 36.09603360191505], [2; 80; 37.386256314624404], [2; 90; 43.74368266754381], [2; 90; 45.73471650365027], [2; 90; 48.14615258898749], [2; 100; 56.8476906909568], [2; 100; 61.23731843639996], [2; 100; 67.4003901314621], [2; 100; 77.15418653713569], [2; 100; 97.2081837056529]];
Intervals[4.9E-324=2.0942868313045073, 2.0942868313045073=4.195601523439066, 4.195601523439066=6.3040393707008455, 6.3040393707008455=8.419697951883471, 8.419697951883471=10.542677209327366, 10.542677209327366=12.673079531563396, 12.673079531563396=14.811009839752991, 14.811009839752991=16.9565756781417, 16.9565756781417=19.10988730875799, 19.10988730875799=21.271057810605214, 21.271057810605214=23.440203183612038, 23.440203183612038=27.794681731638804, 27.794681731638804=32.165592429889195, 32.165592429889195=36.55318615511745, 36.55318615511745=40.95772056469688, 40.95772056469688=45.37946036149635, 45.37946036149635=49.81867757236765, 49.81867757236765=54.275651841114744, 54.275651841114744=58.75067073688316, 58.75067073688316=63.24403007898063, 63.24403007898063=67.75603427922002, 67.75603427922002=74.55247791483363, 74.55247791483363=81.3778429355909, 81.3778429355909=88.23262799678011, 88.23262799678011=95.11734699690479, 95.11734699690479=102.03252975219033, 102.03252975219033=108.97872271041356, 108.97872271041356=115.95648970691549, 115.95648970691549=122.96641276590756, 122.96641276590756=130.00909295045818, 130.00909295045818=137.08515126485116, 137.08515126485116=144.19522961334482, 144.19522961334482=151.3399918197343, 151.3399918197343=158.52012471253343, 158.52012471253343=165.73633928105244, 165.73633928105244=172.9893719081594, 172.9893719081594=182.7101902787247, 182.7101902787247=192.48217179361666, 192.48217179361666=202.3064108877744, 202.3064108877744=212.18404363426072, 212.18404363426072=222.116250044859, 222.116250044859=232.10425653870493, 232.10425653870493=242.14933859431775, 242.14933859431775=252.25282360209297, 252.25282360209297=262.4160939362375, 262.4160939362375=272.6405902673003, 272.6405902673003=282.9278151389184, 282.9278151389184=293.2793368352022, 293.2793368352022=303.6967935683837, 303.6967935683837=314.1818980200059, 314.1818980200059=324.73644227311866, 324.73644227311866=335.36230317775926, 335.36230317775926=348.736234452478, 348.736234452478=362.20435144495957, 362.20435144495957=375.76936469694414, 375.76936469694414=389.43412427561094, 389.43412427561094=403.20163026545185, 403.20163026545185=417.07504430949035, 417.07504430949035=431.05770233207124, 431.05770233207124=445.1531285957111, 445.1531285957111=459.3650512684503, 459.3650512684503=473.69741970656406, 473.69741970656406=488.1544236913445, 488.1544236913445=505.6577331407385, 505.6577331407385=523.3216323810736, 523.3216323810736=541.1521820222483, 541.1521820222483=559.1558546228952, 559.1558546228952=577.3395758937654, 577.3395758937654=595.7107714246854, 595.7107714246854=614.2774198755797, 614.2774198755797=633.0481137685, 633.0481137685=652.0321292631818, 652.0321292631818=671.2395066078229, 671.2395066078229=690.6811433489535, 690.6811433489535=710.3689028857103, 710.3689028857103=730.3157416005258, 730.3157416005258=750.5358586399644, 750.5358586399644=774.463042673554, 774.463042673554=798.74740151517, 798.74740151517=823.4112647617536, 823.4112647617536=848.4795255105608, 848.4795255105608=873.9800826049353, 873.9800826049353=899.9443874937424, 899.9443874937424=926.4081279262081, 926.4081279262081=953.4120932142056, 953.4120932142056=984.9448830233036, 984.9448830233036=1017.21125506302, 1017.21125506302=1050.2846186171912, 1050.2846186171912=1084.2522867362934, 1084.2522867362934=1119.2195723222965, 1119.2195723222965=1155.3156059242115, 1155.3156059242115=1192.701862238836, 1192.701862238836=1236.4455449063798, 1236.4455449063798=1282.1802614100302, 1282.1802614100302=1330.3264139990176, 1330.3264139990176=1387.1741046899745, 1387.1741046899745=1448.4114231263743, 1448.4114231263743=1515.8118132578363, 1515.8118132578363=1592.965999794972, 1592.965999794972=1690.1741835006248];
