1.0000000000000002
11387.11970271459
11387.119702714592
[2; 10; 1.6576441009659848]
[2; 10; 1.6688447387074905]
[2; 10; 1.680354376474298]
[2; 10; 1.692188247891241]
[2; 10; 1.7043626826460936]
[2; 20; 3.4337904225494458]
[2; 20; 3.4596093651082094]
[2; 20; 3.486222790692537]
[2; 20; 3.513674494111136]
[2; 30; 5.313017703736347]
[2; 30; 5.356928932271748]
[2; 30; 5.402328799704337]
[2; 30; 5.449307929924976]
[2; 30; 5.497965039582509]
[2; 30; 5.548407903479825]
[2; 40; 7.4676726209711495]
[2; 40; 7.540178831409368]
[2; 50; 9.51948202765153]
[2; 50; 9.617627936434761]
[2; 50; 9.719950807052417]
[2; 60; 11.792126407906723]
[2; 60; 11.926139316958356]
[2; 60; 12.06645971131617]
[2; 60; 12.213626162988227]
[2; 60; 12.368245439955203]
[2; 60; 12.53100417624664]
[2; 70; 14.819796951420596]
[2; 70; 15.031536943647762]
[2; 70; 15.25592132229645]
[2; 70; 15.49433360163269]
[2; 70; 15.748384223973432]
[2; 70; 16.019961459300244]
[2; 70; 16.311297125660396]
[2; 70; 16.62505255191268]
[2; 70; 16.964432642039604]
[2; 70; 17.333339665066713]
[2; 70; 17.736584352661605]
[2; 80; 20.77735037342112]
[2; 80; 21.339170439157343]
[2; 80; 21.967150182287227]
[2; 80; 22.676252326418812]
[2; 80; 23.486796113953453]
[2; 80; 24.427252325976454]
[2; 90; 28.731466258912782]
[2; 90; 30.24637877653736]
[2; 90; 32.14157359363048]
[2; 90; 34.62346057116514]
[2; 90; 38.10804930365297]
[2; 90; 43.622826793816124]
[2; 100; 61.06813081494112]


Jobs: [[2; 10; 1.6576441009659848], [2; 10; 1.6688447387074905], [2; 10; 1.680354376474298], [2; 10; 1.692188247891241], [2; 10; 1.7043626826460936], [2; 20; 3.4337904225494458], [2; 20; 3.4596093651082094], [2; 20; 3.486222790692537], [2; 20; 3.513674494111136], [2; 30; 5.313017703736347], [2; 30; 5.356928932271748], [2; 30; 5.402328799704337], [2; 30; 5.449307929924976], [2; 30; 5.497965039582509], [2; 30; 5.548407903479825], [2; 40; 7.4676726209711495], [2; 40; 7.540178831409368], [2; 50; 9.51948202765153], [2; 50; 9.617627936434761], [2; 50; 9.719950807052417], [2; 60; 11.792126407906723], [2; 60; 11.926139316958356], [2; 60; 12.06645971131617], [2; 60; 12.213626162988227], [2; 60; 12.368245439955203], [2; 60; 12.53100417624664], [2; 70; 14.819796951420596], [2; 70; 15.031536943647762], [2; 70; 15.25592132229645], [2; 70; 15.49433360163269], [2; 70; 15.748384223973432], [2; 70; 16.019961459300244], [2; 70; 16.311297125660396], [2; 70; 16.62505255191268], [2; 70; 16.964432642039604], [2; 70; 17.333339665066713], [2; 70; 17.736584352661605], [2; 80; 20.77735037342112], [2; 80; 21.339170439157343], [2; 80; 21.967150182287227], [2; 80; 22.676252326418812], [2; 80; 23.486796113953453], [2; 80; 24.427252325976454], [2; 90; 28.731466258912782], [2; 90; 30.24637877653736], [2; 90; 32.14157359363048], [2; 90; 34.62346057116514], [2; 90; 38.10804930365297], [2; 90; 43.622826793816124], [2; 100; 61.06813081494112]];
Intervals[4.9E-324=1.6576441009659848, 1.6576441009659848=3.326488839673475, 3.326488839673475=5.006843216147773, 5.006843216147773=6.699031464039014, 6.699031464039014=8.403394146685107, 8.403394146685107=11.837184569234553, 11.837184569234553=15.296793934342762, 15.296793934342762=18.7830167250353, 18.7830167250353=22.296691219146435, 22.296691219146435=27.60970892288278, 27.60970892288278=32.96663785515453, 32.96663785515453=38.368966654858866, 38.368966654858866=43.81827458478384, 43.81827458478384=49.316239624366354, 49.316239624366354=54.86464752784618, 54.86464752784618=62.33232014881733, 62.33232014881733=69.8724989802267, 69.8724989802267=79.39198100787823, 79.39198100787823=89.00960894431299, 89.00960894431299=98.7295597513654, 98.7295597513654=110.52168615927212, 110.52168615927212=122.44782547623048, 122.44782547623048=134.51428518754665, 134.51428518754665=146.72791135053487, 146.72791135053487=159.09615679049006, 159.09615679049006=171.6271609667367, 171.6271609667367=186.4469579181573, 186.4469579181573=201.47849486180505, 201.47849486180505=216.7344161841015, 216.7344161841015=232.22874978573418, 232.22874978573418=247.9771340097076, 247.9771340097076=263.99709546900783, 263.99709546900783=280.30839259466825, 280.30839259466825=296.93344514658094, 296.93344514658094=313.8978777886205, 313.8978777886205=331.23121745368724, 331.23121745368724=348.96780180634886, 348.96780180634886=369.74515217977, 369.74515217977=391.08432261892733, 391.08432261892733=413.0514728012146, 413.0514728012146=435.7277251276334, 435.7277251276334=459.21452124158685, 459.21452124158685=483.6417735675633, 483.6417735675633=512.373239826476, 512.373239826476=542.6196186030134, 542.6196186030134=574.7611921966438, 574.7611921966438=609.384652767809, 609.384652767809=647.492702071462, 647.492702071462=691.1155288652781, 691.1155288652781=752.1836596802192];

Jobs: [[2; 10; 1.6576441009659848], [2; 10; 1.6688447387074905], [2; 10; 1.680354376474298], [2; 10; 1.692188247891241], [2; 10; 1.7043626826460936], [2; 20; 3.4337904225494458], [2; 20; 3.4596093651082094], [2; 20; 3.486222790692537], [2; 20; 3.513674494111136], [2; 30; 5.313017703736347], [2; 30; 5.356928932271748], [2; 30; 5.402328799704337], [2; 30; 5.449307929924976], [2; 30; 5.497965039582509], [2; 30; 5.548407903479825], [2; 40; 7.4676726209711495], [2; 40; 7.540178831409368], [2; 50; 9.51948202765153], [2; 50; 9.617627936434761], [2; 50; 9.719950807052417], [2; 60; 11.792126407906723], [2; 60; 11.926139316958356], [2; 60; 12.06645971131617], [2; 60; 12.213626162988227], [2; 60; 12.368245439955203], [2; 60; 12.53100417624664], [2; 70; 14.819796951420596], [2; 70; 15.031536943647762], [2; 70; 15.25592132229645], [2; 70; 15.49433360163269], [2; 70; 15.748384223973432], [2; 70; 16.019961459300244], [2; 70; 16.311297125660396], [2; 70; 16.62505255191268], [2; 70; 16.964432642039604], [2; 70; 17.333339665066713], [2; 70; 17.736584352661605], [2; 80; 20.77735037342112], [2; 80; 21.339170439157343], [2; 80; 21.967150182287227], [2; 80; 22.676252326418812], [2; 80; 23.486796113953453], [2; 80; 24.427252325976454], [2; 90; 28.731466258912782], [2; 90; 30.24637877653736], [2; 90; 32.14157359363048], [2; 90; 34.62346057116514], [2; 90; 38.10804930365297], [2; 90; 43.622826793816124], [2; 100; 61.06813081494112]];
Intervals[4.9E-324=1.6576441009659848, 1.6576441009659848=3.326488839673475, 3.326488839673475=5.006843216147773, 5.006843216147773=6.699031464039014, 6.699031464039014=8.403394146685107, 8.403394146685107=11.837184569234553, 11.837184569234553=15.296793934342762, 15.296793934342762=18.7830167250353, 18.7830167250353=22.296691219146435, 22.296691219146435=27.60970892288278, 27.60970892288278=32.96663785515453, 32.96663785515453=38.368966654858866, 38.368966654858866=43.81827458478384, 43.81827458478384=49.316239624366354, 49.316239624366354=54.86464752784618, 54.86464752784618=62.33232014881733, 62.33232014881733=69.8724989802267, 69.8724989802267=79.39198100787823, 79.39198100787823=89.00960894431299, 89.00960894431299=98.7295597513654, 98.7295597513654=110.52168615927212, 110.52168615927212=122.44782547623048, 122.44782547623048=134.51428518754665, 134.51428518754665=146.72791135053487, 146.72791135053487=159.09615679049006, 159.09615679049006=171.6271609667367, 171.6271609667367=186.4469579181573, 186.4469579181573=201.47849486180505, 201.47849486180505=216.7344161841015, 216.7344161841015=232.22874978573418, 232.22874978573418=247.9771340097076, 247.9771340097076=263.99709546900783, 263.99709546900783=280.30839259466825, 280.30839259466825=296.93344514658094, 296.93344514658094=313.8978777886205, 313.8978777886205=331.23121745368724, 331.23121745368724=348.96780180634886, 348.96780180634886=369.74515217977, 369.74515217977=391.08432261892733, 391.08432261892733=413.0514728012146, 413.0514728012146=435.7277251276334, 435.7277251276334=459.21452124158685, 459.21452124158685=483.6417735675633, 483.6417735675633=512.373239826476, 512.373239826476=542.6196186030134, 542.6196186030134=574.7611921966438, 574.7611921966438=609.384652767809, 609.384652767809=647.492702071462, 647.492702071462=691.1155288652781, 691.1155288652781=752.1836596802192];
