1.1787212340500348
165840.8951140286
195480.18454477016
[1; 20; 8.096187121607029]
[1; 20; 8.150892748094476]
[2; 10; 4.103553788964495]
[2; 20; 8.264906014462365]
[1; 40; 16.648735628770616]
[1; 60; 25.156735798542368]
[1; 60; 25.3458912904685]
[2; 40; 17.02724489811159]
[2; 40; 17.16132321296477]
[2; 40; 17.299726957792473]
[2; 60; 26.16405958766935]
[2; 60; 26.385799478527836]
[1; 120; 53.230505460393736]
[1; 140; 62.65677014304389]
[1; 140; 63.23163500773774]
[2; 80; 36.47325434153895]
[1; 160; 73.65477150842666]
[2; 80; 37.19568404423064]
[1; 180; 84.55313641160424]
[1; 200; 94.94745042177959]
[2; 100; 47.9954562745712]
[2; 520; 252.4127105849326]
[1; 1040; 510.765088676489]
[1; 1040; 516.994545164707]
[1; 1080; 543.6756083560877]
[2; 540; 275.41502761681295]
[2; 560; 289.528612693165]
[1; 1120; 587.3305892390398]
[2; 560; 298.04900500861174]
[1; 1160; 627.0354584418513]
[1; 1160; 637.3165555540289]
[2; 580; 324.15346590945455]
[2; 580; 330.04845300000454]
[2; 600; 347.9969889324896]
[1; 1200; 710.2018426640856]
[1; 1200; 725.6458279156947]
[2; 620; 383.6391209619775]
[1; 1240; 786.4680978425671]
[2; 620; 403.86710728744043]
[1; 1280; 858.3273492813083]
[1; 1280; 886.0342552154663]
[1; 1320; 946.383088472977]
[2; 660; 492.1390381856345]
[1; 1320; 1029.0783957473748]
[1; 1360; 1116.1666305983426]
[1; 1360; 1186.1040346410107]
[1; 1360; 1277.6918391086863]
[1; 1400; 1447.6430634658248]
[1; 1400; 1657.1376328828662]
[2; 700; 1043.931293121043]


Jobs: [[1; 20; 8.096187121607029], [2; 10; 4.103553788964495], [2; 20; 8.264906014462365], [1; 40; 16.648735628770616], [1; 60; 25.3458912904685], [2; 40; 17.02724489811159], [2; 40; 17.16132321296477], [2; 40; 17.299726957792473], [2; 60; 26.16405958766935], [2; 60; 26.385799478527836], [1; 120; 53.230505460393736], [1; 140; 63.23163500773774], [2; 80; 36.47325434153895], [1; 160; 73.65477150842666], [2; 80; 37.19568404423064], [1; 180; 84.55313641160424], [2; 100; 47.9954562745712], [2; 520; 252.4127105849326], [1; 1040; 510.765088676489], [1; 1080; 543.6756083560877], [2; 540; 275.41502761681295], [2; 560; 289.528612693165], [1; 1120; 587.3305892390398], [2; 560; 298.04900500861174], [1; 1160; 627.0354584418513], [2; 580; 324.15346590945455], [2; 580; 330.04845300000454], [2; 600; 347.9969889324896], [1; 1200; 710.2018426640856], [2; 620; 383.6391209619775], [1; 1240; 786.4680978425671], [2; 620; 403.86710728744043], [1; 1280; 858.3273492813083], [1; 1320; 946.383088472977], [2; 660; 492.1390381856345], [1; 1320; 1029.0783957473748], [1; 1360; 1186.1040346410107], [1; 1400; 1447.6430634658248], [2; 700; 1043.931293121043]];
Intervals[0.0=8.096187121607029, 8.150892748094476=12.254446537058971, 12.254446537058971=20.519352551521337, 20.519352551521337=37.16808818029195, 37.16808818029195=62.513979470760454, 62.513979470760454=79.54122436887204, 79.54122436887204=96.70254758183681, 96.70254758183681=114.00227453962928, 114.00227453962928=140.16633412729863, 140.16633412729863=166.55213360582647, 166.55213360582647=219.7826390662202, 219.7826390662202=283.01427407395795, 283.01427407395795=319.4875284154969, 319.4875284154969=393.1422999239236, 393.1422999239236=430.3379839681542, 430.3379839681542=514.8911203797585, 525.2854343899338=573.280890664505, 573.280890664505=825.6936012494376, 825.6936012494376=1336.4586899259266, 1336.4586899259266=1880.1342982820142, 1880.1342982820142=2155.549325898827, 2155.549325898827=2445.0779385919923, 2445.0779385919923=3032.408527831032, 3032.408527831032=3330.457532839644, 3330.457532839644=3957.4929912814955, 3967.774088393673=4291.927554303127, 4291.927554303127=4621.976007303132, 4621.976007303132=4969.972996235621, 4969.972996235621=5680.174838899707, 5695.618824151316=6079.257945113294, 6079.257945113294=6865.726042955861, 6865.726042955861=7269.593150243301, 7269.593150243301=8127.92049952461, 8127.92049952461=9074.303587997587, 9074.303587997587=9566.442626183221, 9566.442626183221=10595.521021930595, 10595.521021930595=11781.625056571605, 11781.625056571605=13229.26812003743, 13617.438728773117=14661.37002189416];

Jobs: [[1; 20; 8.150892748094476], [2; 10; 4.103553788964495], [2; 20; 8.264906014462365], [1; 60; 25.156735798542368], [2; 40; 17.02724489811159], [2; 40; 17.16132321296477], [2; 40; 17.299726957792473], [2; 60; 26.16405958766935], [2; 60; 26.385799478527836], [1; 140; 62.65677014304389], [2; 80; 36.47325434153895], [2; 80; 37.19568404423064], [1; 200; 94.94745042177959], [2; 100; 47.9954562745712], [2; 520; 252.4127105849326], [1; 1040; 516.994545164707], [2; 540; 275.41502761681295], [2; 560; 289.528612693165], [2; 560; 298.04900500861174], [1; 1160; 637.3165555540289], [2; 580; 324.15346590945455], [2; 580; 330.04845300000454], [2; 600; 347.9969889324896], [1; 1200; 725.6458279156947], [2; 620; 383.6391209619775], [2; 620; 403.86710728744043], [1; 1280; 886.0342552154663], [2; 660; 492.1390381856345], [1; 1360; 1116.1666305983426], [1; 1360; 1277.6918391086863], [1; 1400; 1657.1376328828662], [2; 700; 1043.931293121043]];
Intervals[0.0=8.150892748094476, 8.150892748094476=12.254446537058971, 12.254446537058971=20.519352551521337, 20.519352551521337=45.67608835006371, 62.513979470760454=79.54122436887204, 79.54122436887204=96.70254758183681, 96.70254758183681=114.00227453962928, 114.00227453962928=140.16633412729863, 140.16633412729863=166.55213360582647, 166.55213360582647=229.20890374887037, 283.01427407395795=319.4875284154969, 393.1422999239236=430.3379839681542, 430.3379839681542=525.2854343899338, 525.2854343899338=573.280890664505, 573.280890664505=825.6936012494376, 825.6936012494376=1342.6881464141447, 1880.1342982820142=2155.549325898827, 2155.549325898827=2445.0779385919923, 3032.408527831032=3330.457532839644, 3330.457532839644=3967.774088393673, 3967.774088393673=4291.927554303127, 4291.927554303127=4621.976007303132, 4621.976007303132=4969.972996235621, 4969.972996235621=5695.618824151316, 5695.618824151316=6079.257945113294, 6865.726042955861=7269.593150243301, 7269.593150243301=8155.6274054587675, 9074.303587997587=9566.442626183221, 9566.442626183221=10682.609256781565, 10682.609256781565=11960.30109589025, 11960.30109589025=13617.438728773117, 13617.438728773117=14661.37002189416];
