1.1148018062731302
89055.24934127949
99278.95282376236
[1; 10; 2.6115389439596357]
[1; 10; 2.6203025631430585]
[2; 10; 2.629185012643547]
[1; 20; 5.276378282376229]
[2; 10; 2.6473178960781576]
[2; 10; 2.6565743276702523]
[2; 10; 2.6659615941102914]
[1; 30; 8.02644889901447]
[1; 30; 8.055425500144425]
[1; 30; 8.084825123875568]
[2; 20; 5.409772464823862]
[1; 40; 10.85991673998665]
[2; 20; 5.450448973095317]
[1; 40; 10.942504830218732]
[1; 40; 10.984754302697002]
[1; 40; 11.02766393484425]
[2; 20; 5.535625996208458]
[1; 50; 13.89442183978318]
[1; 50; 13.950675173246164]
[1; 50; 14.007850710429029]
[1; 50; 14.065975238089678]
[2; 30; 8.475046001113329]
[1; 60; 17.022220922188293]
[2; 30; 8.547796735472799]
[1; 70; 20.03195560863322]
[2; 40; 11.497482134146427]
[2; 40; 11.549041039654735]
[1; 80; 23.20307480440692]
[1; 80; 23.310002926791633]
[2; 40; 11.70946487805939]
[1; 80; 23.52992160264379]
[1; 90; 26.598428960367507]
[1; 90; 26.728179447647197]
[1; 90; 26.860499324255304]
[1; 90; 26.99547897445974]
[1; 90; 27.133213394224374]
[1; 90; 27.2738025018629]
[2; 50; 15.231861930475143]
[2; 50; 15.31331728638062]
[1; 100; 30.79308694252743]
[1; 100; 30.963217947283592]
[1; 100; 31.13717225991555]
[1; 100; 31.31510282090003]
[2; 60; 18.89830287794102]
[2; 60; 19.010129757924897]
[1; 120; 38.249302748531534]
[1; 120; 38.4839669178934]
[1; 130; 41.9515394518862]
[1; 130; 42.218753913956206]
[2; 70; 22.880797341508195]
[1; 140; 46.06466043360961]
[1; 140; 46.37591758096812]
[1; 150; 50.03117314548419]
[1; 150; 50.38351695946273]
[2; 80; 27.064533742645065]
[1; 160; 54.527089628586054]
[2; 80; 27.46854157032273]
[1; 170; 58.81967348903774]
[1; 170; 59.282839594230666]
[2; 90; 31.638148759833562]
[1; 180; 63.799265843169245]
[1; 180; 64.33996336747785]
[2; 90; 32.44973469669856]
[1; 190; 69.11667958181366]
[1; 190; 69.75081298136773]
[1; 200; 74.11460882386754]
[2; 100; 37.417106568286925]
[1; 200; 75.58260491536954]
[2; 100; 38.180930980858356]
[1; 200; 77.17428317131993]
[2; 100; 39.01121006426533]
[1; 200; 78.90911444734854]
[2; 110; 43.91064817927793]
[2; 110; 44.446196669702495]
[2; 110; 45.00886648629038]
[2; 120; 49.74671600276936]
[2; 120; 50.4282625575445]
[2; 120; 51.14876365192288]
[2; 130; 56.23831481833824]
[2; 130; 57.11718044294483]
[2; 130; 58.05369411374571]
[2; 140; 63.597494812249295]
[2; 140; 64.75406554289899]
[2; 150; 70.71390028731662]
[2; 150; 72.15743797105013]
[2; 160; 78.64167158694178]
[2; 160; 80.47119993541854]
[2; 160; 82.48380846252384]
[2; 160; 84.71417267450104]
[2; 160; 87.20718356952507]
[2; 170; 95.6486316190098]
[2; 170; 99.06751243886445]
[2; 170; 103.03436500703761]
[2; 170; 107.72406862824107]
[2; 180; 120.07481554916204]
[2; 190; 134.6873390022462]
[2; 190; 145.08753772726175]
[2; 190; 159.6894980988909]
[2; 190; 182.79884285999364]
[2; 200; 242.43380001655908]


Jobs: [[1; 10; 2.6115389439596357], [2; 10; 2.629185012643547], [1; 20; 5.276378282376229], [2; 10; 2.6473178960781576], [2; 10; 2.6565743276702523], [2; 10; 2.6659615941102914], [1; 30; 8.02644889901447], [1; 30; 8.084825123875568], [2; 20; 5.409772464823862], [1; 40; 10.85991673998665], [2; 20; 5.450448973095317], [1; 40; 10.942504830218732], [1; 40; 11.02766393484425], [2; 20; 5.535625996208458], [1; 50; 13.89442183978318], [1; 50; 14.007850710429029], [2; 30; 8.475046001113329], [1; 60; 17.022220922188293], [2; 30; 8.547796735472799], [1; 70; 20.03195560863322], [2; 40; 11.497482134146427], [2; 40; 11.549041039654735], [1; 80; 23.20307480440692], [2; 40; 11.70946487805939], [1; 80; 23.52992160264379], [1; 90; 26.728179447647197], [1; 90; 26.99547897445974], [1; 90; 27.2738025018629], [2; 50; 15.231861930475143], [2; 50; 15.31331728638062], [1; 100; 30.79308694252743], [1; 100; 31.13717225991555], [2; 60; 18.89830287794102], [2; 60; 19.010129757924897], [1; 120; 38.249302748531534], [1; 130; 41.9515394518862], [2; 70; 22.880797341508195], [1; 140; 46.06466043360961], [1; 150; 50.03117314548419], [2; 80; 27.064533742645065], [1; 160; 54.527089628586054], [2; 80; 27.46854157032273], [1; 170; 58.81967348903774], [2; 90; 31.638148759833562], [1; 180; 63.799265843169245], [2; 90; 32.44973469669856], [1; 190; 69.11667958181366], [1; 200; 74.11460882386754], [2; 100; 37.417106568286925], [1; 200; 75.58260491536954], [2; 100; 38.180930980858356], [1; 200; 77.17428317131993], [2; 100; 39.01121006426533], [1; 200; 78.90911444734854], [2; 110; 43.91064817927793], [2; 110; 44.446196669702495], [2; 110; 45.00886648629038], [2; 120; 49.74671600276936], [2; 120; 50.4282625575445], [2; 120; 51.14876365192288], [2; 130; 56.23831481833824], [2; 130; 57.11718044294483], [2; 130; 58.05369411374571], [2; 140; 63.597494812249295], [2; 140; 64.75406554289899], [2; 150; 70.71390028731662], [2; 150; 72.15743797105013], [2; 160; 78.64167158694178], [2; 160; 80.47119993541854], [2; 160; 82.48380846252384], [2; 160; 84.71417267450104], [2; 160; 87.20718356952507], [2; 170; 95.6486316190098], [2; 170; 99.06751243886445], [2; 170; 103.03436500703761], [2; 170; 107.72406862824107], [2; 180; 120.07481554916204], [2; 190; 134.6873390022462], [2; 190; 145.08753772726175], [2; 190; 159.6894980988909], [2; 190; 182.79884285999364], [2; 200; 242.43380001655908]];
Intervals[0.0=2.6115389439596357, 2.6203025631430585=5.249487575786606, 5.249487575786606=10.525865858162835, 10.525865858162835=13.173183754240991, 13.173183754240991=15.829758081911244, 15.829758081911244=18.495719676021537, 18.495719676021537=26.522168575036005, 26.522168575036005=34.60699369891157, 34.60699369891157=40.01676616373543, 40.01676616373543=50.876682903722084, 50.876682903722084=56.327131876817404, 56.327131876817404=67.26963670703614, 67.26963670703614=78.2973006418804, 78.2973006418804=83.83292663808885, 83.83292663808885=97.72734847787203, 97.72734847787203=111.73519918830105, 111.8495770494247=120.32462305053802, 120.32462305053802=137.3468439727263, 137.3468439727263=145.8946407081991, 145.8946407081991=165.9265963168323, 165.9265963168323=177.42407845097873, 177.42407845097873=188.97311949063345, 188.97311949063345=212.17619429504037, 212.2831224174251=223.99258729548447, 223.99258729548447=247.52250889812825, 247.52250889812825=274.2506883457755, 274.2506883457755=301.2461673202352, 301.2461673202352=328.5199698220981, 328.5199698220981=343.75183175257325, 343.75183175257325=359.06514903895385, 359.06514903895385=389.8582359814813, 389.8582359814813=420.99540824139683, 421.34346980713747=440.2417726850785, 440.2417726850785=459.2519024430034, 459.2519024430034=497.50120519153495, 497.50120519153495=539.4527446434212, 539.954623274853=562.8354206163613, 562.8354206163613=608.9000810499708, 608.9000810499708=658.931254195455, 659.5948551567922=686.6593888994372, 686.6593888994372=741.1864785280233, 741.1864785280233=768.655020098346, 768.655020098346=827.4746935873837, 827.9378596925767=859.5760084524103, 859.5760084524103=923.3752742955795, 923.9159718198881=956.3657065165867, 956.3657065165867=1025.4823860984004, 1025.4823860984004=1099.5969949222679, 1099.5969949222679=1137.0141014905548, 1137.0141014905548=1212.5967064059244, 1212.5967064059244=1250.7776373867828, 1250.7776373867828=1327.9519205581028, 1327.9519205581028=1366.963130622368, 1366.963130622368=1445.8722450697164, 1445.8722450697164=1489.7828932489942, 1489.7828932489942=1534.2290899186967, 1534.2290899186967=1579.237956404987, 1579.237956404987=1628.9846724077563, 1628.9846724077563=1679.4129349653008, 1679.4129349653008=1730.5616986172236, 1730.5616986172236=1786.8000134355618, 1786.8000134355618=1843.9171938785066, 1843.9171938785066=1901.9708879922523, 1901.9708879922523=1965.5683828045017, 1965.5683828045017=2030.3224483474007, 2030.3224483474007=2101.0363486347173, 2101.0363486347173=2173.1937866057674, 2173.1937866057674=2251.835458192709, 2251.835458192709=2332.3066581281278, 2332.3066581281278=2414.7904665906517, 2414.7904665906517=2499.504639265153, 2499.504639265153=2586.711822834678, 2586.711822834678=2682.360454453688, 2682.360454453688=2781.4279668925524, 2781.4279668925524=2884.46233189959, 2884.46233189959=2992.186400527831, 2992.186400527831=3112.261216076993, 3112.261216076993=3246.948555079239, 3246.948555079239=3392.036092806501, 3392.036092806501=3551.725590905392, 3551.725590905392=3734.5244337653858, 3734.5244337653858=3976.9582337819447];

Jobs: [[1; 10; 2.6203025631430585], [2; 10; 2.629185012643547], [2; 10; 2.6473178960781576], [2; 10; 2.6565743276702523], [2; 10; 2.6659615941102914], [1; 30; 8.055425500144425], [2; 20; 5.409772464823862], [2; 20; 5.450448973095317], [1; 40; 10.984754302697002], [2; 20; 5.535625996208458], [1; 50; 13.950675173246164], [1; 50; 14.065975238089678], [2; 30; 8.475046001113329], [2; 30; 8.547796735472799], [2; 40; 11.497482134146427], [2; 40; 11.549041039654735], [1; 80; 23.310002926791633], [2; 40; 11.70946487805939], [1; 90; 26.598428960367507], [1; 90; 26.860499324255304], [1; 90; 27.133213394224374], [2; 50; 15.231861930475143], [2; 50; 15.31331728638062], [1; 100; 30.963217947283592], [1; 100; 31.31510282090003], [2; 60; 18.89830287794102], [2; 60; 19.010129757924897], [1; 120; 38.4839669178934], [1; 130; 42.218753913956206], [2; 70; 22.880797341508195], [1; 140; 46.37591758096812], [1; 150; 50.38351695946273], [2; 80; 27.064533742645065], [2; 80; 27.46854157032273], [1; 170; 59.282839594230666], [2; 90; 31.638148759833562], [1; 180; 64.33996336747785], [2; 90; 32.44973469669856], [1; 190; 69.75081298136773], [2; 100; 37.417106568286925], [2; 100; 38.180930980858356], [2; 100; 39.01121006426533], [2; 110; 43.91064817927793], [2; 110; 44.446196669702495], [2; 110; 45.00886648629038], [2; 120; 49.74671600276936], [2; 120; 50.4282625575445], [2; 120; 51.14876365192288], [2; 130; 56.23831481833824], [2; 130; 57.11718044294483], [2; 130; 58.05369411374571], [2; 140; 63.597494812249295], [2; 140; 64.75406554289899], [2; 150; 70.71390028731662], [2; 150; 72.15743797105013], [2; 160; 78.64167158694178], [2; 160; 80.47119993541854], [2; 160; 82.48380846252384], [2; 160; 84.71417267450104], [2; 160; 87.20718356952507], [2; 170; 95.6486316190098], [2; 170; 99.06751243886445], [2; 170; 103.03436500703761], [2; 170; 107.72406862824107], [2; 180; 120.07481554916204], [2; 190; 134.6873390022462], [2; 190; 145.08753772726175], [2; 190; 159.6894980988909], [2; 190; 182.79884285999364], [2; 200; 242.43380001655908]];
Intervals[0.0=2.6203025631430585, 2.6203025631430585=5.249487575786606, 10.525865858162835=13.173183754240991, 13.173183754240991=15.829758081911244, 15.829758081911244=18.495719676021537, 18.495719676021537=26.55114517616596, 34.60699369891157=40.01676616373543, 50.876682903722084=56.327131876817404, 56.327131876817404=67.3118861795144, 78.2973006418804=83.83292663808885, 83.83292663808885=97.78360181133502, 97.78360181133502=111.8495770494247, 111.8495770494247=120.32462305053802, 137.3468439727263=145.8946407081991, 165.9265963168323=177.42407845097873, 177.42407845097873=188.97311949063345, 188.97311949063345=212.2831224174251, 212.2831224174251=223.99258729548447, 223.99258729548447=250.59101625585197, 250.59101625585197=277.4515155801073, 277.4515155801073=304.58472897433165, 328.5199698220981=343.75183175257325, 343.75183175257325=359.06514903895385, 359.06514903895385=390.0283669862374, 390.0283669862374=421.34346980713747, 421.34346980713747=440.2417726850785, 440.2417726850785=459.2519024430034, 459.2519024430034=497.7358693608968, 497.7358693608968=539.954623274853, 539.954623274853=562.8354206163613, 562.8354206163613=609.2113381973294, 609.2113381973294=659.5948551567922, 659.5948551567922=686.6593888994372, 741.1864785280233=768.655020098346, 768.655020098346=827.9378596925767, 827.9378596925767=859.5760084524103, 859.5760084524103=923.9159718198881, 923.9159718198881=956.3657065165867, 956.3657065165867=1026.1165194979544, 1099.5969949222679=1137.0141014905548, 1212.5967064059244=1250.7776373867828, 1327.9519205581028=1366.963130622368, 1445.8722450697164=1489.7828932489942, 1489.7828932489942=1534.2290899186967, 1534.2290899186967=1579.237956404987, 1579.237956404987=1628.9846724077563, 1628.9846724077563=1679.4129349653008, 1679.4129349653008=1730.5616986172236, 1730.5616986172236=1786.8000134355618, 1786.8000134355618=1843.9171938785066, 1843.9171938785066=1901.9708879922523, 1901.9708879922523=1965.5683828045017, 1965.5683828045017=2030.3224483474007, 2030.3224483474007=2101.0363486347173, 2101.0363486347173=2173.1937866057674, 2173.1937866057674=2251.835458192709, 2251.835458192709=2332.3066581281278, 2332.3066581281278=2414.7904665906517, 2414.7904665906517=2499.504639265153, 2499.504639265153=2586.711822834678, 2586.711822834678=2682.360454453688, 2682.360454453688=2781.4279668925524, 2781.4279668925524=2884.46233189959, 2884.46233189959=2992.186400527831, 2992.186400527831=3112.261216076993, 3112.261216076993=3246.948555079239, 3246.948555079239=3392.036092806501, 3392.036092806501=3551.725590905392, 3551.725590905392=3734.5244337653858, 3734.5244337653858=3976.9582337819447];
