1.3200721853317905
244011.75123185042
322113.125695266
[2; 10; 4.604228947981969]
[1; 20; 9.270679093499943]
[1; 40; 18.66923366366184]
[1; 60; 28.201067207980675]
[2; 40; 18.935973039632298]
[1; 80; 38.15042627206217]
[2; 40; 19.218641176665464]
[2; 60; 29.049724031836266]
[2; 70; 34.15821667359542]
[1; 140; 68.86739611918617]
[1; 140; 69.43657396466953]
[1; 180; 90.03220401153823]
[2; 90; 45.40756602000503]
[2; 90; 45.81301216977828]
[1; 200; 102.74075225004313]
[2; 520; 269.6461608745729]
[1; 1040; 544.5284970012118]
[2; 520; 274.98707161449335]
[1; 1040; 555.6443794810953]
[2; 520; 280.77796679528717]
[2; 540; 294.78152011349505]
[1; 1080; 596.2631938173696]
[2; 560; 312.81117701189896]
[2; 560; 316.62632346459264]
[1; 1120; 641.2693542607335]
[2; 560; 324.85403832547735]
[2; 560; 329.3046466955494]
[1; 1120; 668.019268920487]
[2; 560; 338.9955879640008]
[2; 560; 344.29324971146315]
[2; 580; 362.43620484991624]
[2; 600; 381.39965502063666]
[2; 600; 388.33570932559013]
[1; 1240; 817.9980917239525]
[2; 620; 417.34826055546563]
[2; 640; 440.17948718340915]
[2; 660; 464.4954913024832]
[1; 1320; 952.2253220294461]
[2; 660; 488.98675909275914]
[1; 1320; 1006.7538103008579]
[2; 660; 519.6259697667535]
[1; 1360; 1109.0172917717136]
[1; 1360; 1153.4244640495876]
[1; 1360; 1205.9236363933833]
[2; 680; 634.7539445645023]
[1; 1360; 1349.053437027865]
[2; 680; 726.611880859894]
[1; 1400; 1646.5232334777468]
[2; 700; 942.3992980284709]
[1; 1400; 2374.697425984445]


Jobs: [[2; 10; 4.604228947981969], [1; 20; 9.270679093499943], [1; 60; 28.201067207980675], [2; 40; 18.935973039632298], [1; 80; 38.15042627206217], [2; 40; 19.218641176665464], [2; 60; 29.049724031836266], [2; 70; 34.15821667359542], [1; 140; 68.86739611918617], [1; 180; 90.03220401153823], [2; 90; 45.40756602000503], [2; 90; 45.81301216977828], [1; 200; 102.74075225004313], [2; 520; 269.6461608745729], [1; 1040; 544.5284970012118], [2; 520; 274.98707161449335], [1; 1040; 555.6443794810953], [2; 520; 280.77796679528717], [2; 540; 294.78152011349505], [1; 1080; 596.2631938173696], [2; 560; 312.81117701189896], [2; 560; 316.62632346459264], [1; 1120; 641.2693542607335], [2; 560; 324.85403832547735], [2; 560; 329.3046466955494], [1; 1120; 668.019268920487], [2; 560; 338.9955879640008], [2; 560; 344.29324971146315], [2; 580; 362.43620484991624], [2; 600; 381.39965502063666], [2; 600; 388.33570932559013], [1; 1240; 817.9980917239525], [2; 620; 417.34826055546563], [2; 640; 440.17948718340915], [2; 660; 464.4954913024832], [1; 1320; 952.2253220294461], [2; 660; 488.98675909275914], [1; 1320; 1006.7538103008579], [2; 660; 519.6259697667535], [1; 1360; 1109.0172917717136], [1; 1360; 1205.9236363933833], [2; 680; 634.7539445645023], [1; 1360; 1349.053437027865], [2; 680; 726.611880859894], [1; 1400; 1646.5232334777468], [2; 700; 942.3992980284709], [1; 1400; 2374.697425984445]];
Intervals[4.9E-324=4.604228947981969, 4.604228947981969=13.874908041481913, 13.874908041481913=42.07597524946259, 42.07597524946259=61.01194828909489, 61.01194828909489=99.16237456115707, 99.16237456115707=118.38101573782254, 118.38101573782254=147.4307397696588, 147.4307397696588=181.58895644325423, 181.58895644325423=250.4563525624404, 250.4563525624404=340.4885565739786, 340.4885565739786=385.89612259398365, 385.89612259398365=431.70913476376194, 431.70913476376194=534.4498870138051, 534.4498870138051=804.096047888378, 804.096047888378=1348.6245448895897, 1348.6245448895897=1623.611616504083, 1623.611616504083=2179.2559959851783, 2179.2559959851783=2460.0339627804656, 2460.0339627804656=2754.8154828939605, 2754.8154828939605=3351.07867671133, 3351.07867671133=3663.889853723229, 3663.889853723229=3980.5161771878215, 3980.5161771878215=4621.785531448555, 4621.785531448555=4946.639569774033, 4946.639569774033=5275.944216469582, 5275.944216469582=5943.963485390069, 5943.963485390069=6282.95907335407, 6282.95907335407=6627.252323065533, 6627.252323065533=6989.688527915449, 6989.688527915449=7371.088182936086, 7371.088182936086=7759.423892261676, 7759.423892261676=8577.421983985629, 8577.421983985629=8994.770244541094, 8994.770244541094=9434.949731724504, 9434.949731724504=9899.445223026987, 9899.445223026987=10851.670545056433, 10851.670545056433=11340.657304149192, 11340.657304149192=12347.41111445005, 12347.41111445005=12867.037084216803, 12867.037084216803=13976.054375988517, 13976.054375988517=15181.9780123819, 15181.9780123819=15816.731956946402, 15816.731956946402=17165.785393974267, 17165.785393974267=17892.397274834162, 17892.397274834162=19538.92050831191, 19538.92050831191=20481.31980634038, 20481.31980634038=22856.017232324826];

Jobs: [[2; 10; 4.604228947981969], [1; 40; 18.66923366366184], [2; 40; 18.935973039632298], [2; 40; 19.218641176665464], [2; 60; 29.049724031836266], [2; 70; 34.15821667359542], [1; 140; 69.43657396466953], [2; 90; 45.40756602000503], [2; 90; 45.81301216977828], [2; 520; 269.6461608745729], [2; 520; 274.98707161449335], [2; 520; 280.77796679528717], [2; 540; 294.78152011349505], [2; 560; 312.81117701189896], [2; 560; 316.62632346459264], [2; 560; 324.85403832547735], [2; 560; 329.3046466955494], [2; 560; 338.9955879640008], [2; 560; 344.29324971146315], [2; 580; 362.43620484991624], [2; 600; 381.39965502063666], [2; 600; 388.33570932559013], [2; 620; 417.34826055546563], [2; 640; 440.17948718340915], [2; 660; 464.4954913024832], [2; 660; 488.98675909275914], [2; 660; 519.6259697667535], [1; 1360; 1153.4244640495876], [2; 680; 634.7539445645023], [2; 680; 726.611880859894], [2; 700; 942.3992980284709]];
Intervals[4.9E-324=4.604228947981969, 4.604228947981969=23.273462611643808, 42.07597524946259=61.01194828909489, 99.16237456115707=118.38101573782254, 118.38101573782254=147.4307397696588, 147.4307397696588=181.58895644325423, 181.58895644325423=251.02553040792378, 340.4885565739786=385.89612259398365, 385.89612259398365=431.70913476376194, 534.4498870138051=804.096047888378, 1348.6245448895897=1623.611616504083, 2179.2559959851783=2460.0339627804656, 2460.0339627804656=2754.8154828939605, 3351.07867671133=3663.889853723229, 3663.889853723229=3980.5161771878215, 4621.785531448555=4946.639569774033, 4946.639569774033=5275.944216469582, 5943.963485390069=6282.95907335407, 6282.95907335407=6627.252323065533, 6627.252323065533=6989.688527915449, 6989.688527915449=7371.088182936086, 7371.088182936086=7759.423892261676, 8577.421983985629=8994.770244541094, 8994.770244541094=9434.949731724504, 9434.949731724504=9899.445223026987, 10851.670545056433=11340.657304149192, 12347.41111445005=12867.037084216803, 12867.037084216803=14020.46154826639, 15181.9780123819=15816.731956946402, 17165.785393974267=17892.397274834162, 19538.92050831191=20481.31980634038];
