1.1634641354761508
675657.7435978127
786103.5525327959
[2; 10; 5.131593559444841]
[2; 10; 5.148813801120002]
[1; 20; 10.332535081413717]
[1; 20; 10.367920751732427]
[1; 20; 10.403796195909008]
[1; 20; 10.44017340165683]
[1; 20; 10.477064780294638]
[1; 40; 21.0289663728292]
[1; 40; 21.104883877372902]
[2; 20; 10.590954841876549]
[1; 40; 21.260072420333973]
[2; 20; 10.669700891866933]
[2; 30; 16.06494644342415]
[2; 30; 16.12626362728264]
[1; 60; 32.37705562204046]
[2; 40; 21.669019853086123]
[1; 80; 43.50933808640583]
[1; 80; 43.683377291481435]
[2; 40; 21.930117499344803]
[1; 80; 44.039992068929905]
[2; 40; 22.111366359224316]
[1; 80; 44.408544702122434]
[1; 80; 44.597519509221506]
[2; 50; 27.99359535792154]
[2; 50; 28.115839683097064]
[1; 100; 56.48049534727697]
[2; 60; 34.04026469944098]
[2; 70; 39.894161185451686]
[2; 70; 40.07800784308791]
[1; 140; 80.53058194717602]
[1; 140; 80.91224917471939]
[2; 80; 46.45786077296964]
[1; 160; 93.36897614095666]
[2; 80; 46.91560316431021]
[2; 80; 47.1513639231778]
[1; 160; 94.7838725415258]
[2; 80; 47.637494728316874]
[2; 90; 53.87425087832708]
[1; 180; 108.32470790918696]
[2; 90; 54.456720354742316]
[1; 180; 109.51518463772211]
[1; 180; 110.13045139387296]
[2; 100; 61.53321217773397]
[1; 200; 123.78194290022807]
[1; 200; 124.51439747894221]
[2; 100; 62.63225115201589]
[1; 200; 126.03301540809959]
[1; 200; 126.82074220467629]
[2; 100; 63.81426970594491]
[1; 200; 128.45731938384046]
[2; 100; 64.65402745049514]
[1; 1040; 676.9452792882196]
[1; 1040; 681.6140149541823]
[2; 520; 343.2071359029409]
[1; 1040; 691.3526737699152]
[2; 520; 348.2181659406868]
[2; 540; 364.3301554110695]
[1; 1080; 734.2656104128665]
[2; 540; 370.0237337238741]
[1; 1120; 773.646066594588]
[1; 1120; 780.0401257018742]
[2; 560; 393.3254752193581]
[1; 1120; 793.4917368493603]
[1; 1160; 829.1688900838354]
[2; 580; 418.38818453182586]
[2; 580; 422.3354759939247]
[1; 1160; 852.8721537416453]
[1; 1160; 861.4014411019486]
[1; 1160; 870.2824944007059]
[2; 600; 454.93526572832775]
[2; 600; 459.93495469396584]
[2; 600; 465.16193574224746]
[1; 1200; 941.2698623921787]
[2; 600; 476.3749472831686]
[2; 600; 482.4056501171323]
[2; 620; 505.04561490123064]
[1; 1240; 1023.9298156026202]
[1; 1240; 1038.5593609268615]
[1; 1240; 1054.0625325429771]
[1; 1240; 1070.5349202564105]
[2; 640; 561.593699505391]
[2; 640; 571.2782526709443]
[1; 1280; 1163.334798828023]
[1; 1280; 1185.7120875787866]
[1; 1280; 1209.9169479177558]
[2; 660; 637.4299041015095]
[1; 1320; 1304.518284585512]
[1; 1320; 1337.1446729757515]
[1; 1320; 1373.301097859989]
[2; 660; 706.8576435106626]
[2; 680; 751.7864562136267]
[2; 680; 778.6584380942795]
[1; 1360; 1619.6748207627732]
[2; 680; 846.697902856807]
[1; 1400; 1835.114655645875]
[1; 1400; 1950.1003142546856]
[2; 700; 1050.3409415180931]
[1; 1400; 2312.0995836188195]
[1; 1400; 2646.693323570091]
[2; 700; 1667.31231549109]


Jobs: [[2; 10; 5.131593559444841], [2; 10; 5.148813801120002], [1; 20; 10.332535081413717], [1; 20; 10.403796195909008], [1; 20; 10.477064780294638], [1; 40; 21.104883877372902], [2; 20; 10.590954841876549], [1; 40; 21.260072420333973], [2; 20; 10.669700891866933], [2; 30; 16.06494644342415], [2; 30; 16.12626362728264], [1; 60; 32.37705562204046], [2; 40; 21.669019853086123], [1; 80; 43.50933808640583], [2; 40; 21.930117499344803], [1; 80; 44.039992068929905], [2; 40; 22.111366359224316], [1; 80; 44.408544702122434], [2; 50; 27.99359535792154], [2; 50; 28.115839683097064], [1; 100; 56.48049534727697], [2; 60; 34.04026469944098], [2; 70; 39.894161185451686], [2; 70; 40.07800784308791], [1; 140; 80.53058194717602], [2; 80; 46.45786077296964], [1; 160; 93.36897614095666], [2; 80; 46.91560316431021], [2; 80; 47.1513639231778], [1; 160; 94.7838725415258], [2; 80; 47.637494728316874], [2; 90; 53.87425087832708], [1; 180; 108.32470790918696], [2; 90; 54.456720354742316], [1; 180; 109.51518463772211], [2; 100; 61.53321217773397], [1; 200; 123.78194290022807], [2; 100; 62.63225115201589], [1; 200; 126.03301540809959], [2; 100; 63.81426970594491], [1; 200; 128.45731938384046], [2; 100; 64.65402745049514], [1; 1040; 676.9452792882196], [2; 520; 343.2071359029409], [1; 1040; 691.3526737699152], [2; 520; 348.2181659406868], [2; 540; 364.3301554110695], [1; 1080; 734.2656104128665], [2; 540; 370.0237337238741], [1; 1120; 773.646066594588], [2; 560; 393.3254752193581], [1; 1120; 793.4917368493603], [2; 580; 418.38818453182586], [2; 580; 422.3354759939247], [1; 1160; 852.8721537416453], [1; 1160; 870.2824944007059], [2; 600; 454.93526572832775], [2; 600; 459.93495469396584], [2; 600; 465.16193574224746], [1; 1200; 941.2698623921787], [2; 600; 476.3749472831686], [2; 600; 482.4056501171323], [2; 620; 505.04561490123064], [1; 1240; 1023.9298156026202], [1; 1240; 1054.0625325429771], [2; 640; 561.593699505391], [2; 640; 571.2782526709443], [1; 1280; 1163.334798828023], [1; 1280; 1209.9169479177558], [2; 660; 637.4299041015095], [1; 1320; 1304.518284585512], [1; 1320; 1373.301097859989], [2; 660; 706.8576435106626], [2; 680; 751.7864562136267], [2; 680; 778.6584380942795], [1; 1360; 1619.6748207627732], [2; 680; 846.697902856807], [1; 1400; 1835.114655645875], [2; 700; 1050.3409415180931], [1; 1400; 2312.0995836188195], [2; 700; 1667.31231549109]];
Intervals[4.9E-324=5.131593559444841, 5.131593559444841=10.280407360564844, 10.280407360564844=20.61294244197856, 20.61294244197856=31.01673863788757, 31.01673863788757=41.49380341818221, 41.49380341818221=62.59868729555511, 62.59868729555511=73.18964213743166, 73.18964213743166=94.44971455776563, 94.44971455776563=105.11941544963257, 105.11941544963257=121.18436189305672, 121.18436189305672=137.31062552033936, 137.31062552033936=169.6876811423798, 169.6876811423798=191.35670099546593, 191.35670099546593=234.86603908187175, 235.04007828694736=256.97019578629215, 256.97019578629215=301.01018785522206, 301.01018785522206=323.12155421444635, 323.12155421444635=367.53009891656876, 367.71907372366786=395.7126690815894, 395.7126690815894=423.8285087646865, 423.8285087646865=480.3090041119635, 480.3090041119635=514.3492688114045, 514.3492688114045=554.2434299968562, 554.2434299968562=594.3214378399441, 594.3214378399441=674.8520197871201, 675.2336870146635=721.6915477876331, 721.6915477876331=815.0605239285898, 815.0605239285898=861.9761270929, 861.9761270929=909.1274910160778, 909.1274910160778=1003.9113635576036, 1003.9113635576036=1051.5488582859205, 1051.5488582859205=1105.4231091642475, 1105.4231091642475=1213.7478170734346, 1213.7478170734346=1268.204537428177, 1268.204537428177=1377.719722065899, 1378.33498882205=1439.868200999784, 1439.868200999784=1563.6501439000122, 1564.3825984787263=1627.0148496307422, 1627.0148496307422=1753.0478650388418, 1753.8355918354184=1817.6498615413634, 1817.6498615413634=1946.107180925204, 1946.107180925204=2010.761208375699, 2010.761208375699=2687.706487663919, 2692.375223329881=3035.582359232822, 3035.582359232822=3726.9350330027373, 3726.9350330027373=4075.1531989434243, 4075.1531989434243=4439.483354354494, 4439.483354354494=5173.74896476736, 5173.74896476736=5543.772698491234, 5543.772698491234=6317.418765085822, 6323.812824193108=6717.138299412466, 6717.138299412466=7510.630036261827, 7546.307189496301=7964.695374028127, 7964.695374028127=8387.03085002205, 8387.03085002205=9239.903003763697, 9239.903003763697=10110.185498164403, 10110.185498164403=10565.12076389273, 10565.12076389273=11025.055718586696, 11025.055718586696=11490.217654328944, 11490.217654328944=12431.487516721123, 12431.487516721123=12907.86246400429, 12907.86246400429=13390.268114121423, 13390.268114121423=13895.313729022653, 13895.313729022653=14919.243544625273, 14919.243544625273=15973.30607716825, 16004.408010205925=16566.001709711316, 16566.001709711316=17137.27996238226, 17137.27996238226=18300.614761210283, 18300.614761210283=19510.531709128038, 19510.531709128038=20147.96161322955, 20147.96161322955=21452.47989781506, 21452.47989781506=22825.78099567505, 22825.78099567505=23532.638639185712, 23532.638639185712=24284.42509539934, 24284.42509539934=25063.08353349362, 25063.08353349362=26682.75835425639, 26682.75835425639=27529.456257113197, 27529.456257113197=29364.57091275907, 29479.556571367884=30529.89751288598, 30529.89751288598=32841.9970965048, 33176.59083645607=34843.90315194716];

Jobs: [[2; 10; 5.131593559444841], [2; 10; 5.148813801120002], [1; 20; 10.367920751732427], [1; 20; 10.44017340165683], [1; 40; 21.0289663728292], [2; 20; 10.590954841876549], [2; 20; 10.669700891866933], [2; 30; 16.06494644342415], [2; 30; 16.12626362728264], [2; 40; 21.669019853086123], [1; 80; 43.683377291481435], [2; 40; 21.930117499344803], [2; 40; 22.111366359224316], [1; 80; 44.597519509221506], [2; 50; 27.99359535792154], [2; 50; 28.115839683097064], [2; 60; 34.04026469944098], [2; 70; 39.894161185451686], [2; 70; 40.07800784308791], [1; 140; 80.91224917471939], [2; 80; 46.45786077296964], [2; 80; 46.91560316431021], [2; 80; 47.1513639231778], [2; 80; 47.637494728316874], [2; 90; 53.87425087832708], [2; 90; 54.456720354742316], [1; 180; 110.13045139387296], [2; 100; 61.53321217773397], [1; 200; 124.51439747894221], [2; 100; 62.63225115201589], [1; 200; 126.82074220467629], [2; 100; 63.81426970594491], [2; 100; 64.65402745049514], [1; 1040; 681.6140149541823], [2; 520; 343.2071359029409], [2; 520; 348.2181659406868], [2; 540; 364.3301554110695], [2; 540; 370.0237337238741], [1; 1120; 780.0401257018742], [2; 560; 393.3254752193581], [1; 1160; 829.1688900838354], [2; 580; 418.38818453182586], [2; 580; 422.3354759939247], [1; 1160; 861.4014411019486], [2; 600; 454.93526572832775], [2; 600; 459.93495469396584], [2; 600; 465.16193574224746], [2; 600; 476.3749472831686], [2; 600; 482.4056501171323], [2; 620; 505.04561490123064], [1; 1240; 1038.5593609268615], [1; 1240; 1070.5349202564105], [2; 640; 561.593699505391], [2; 640; 571.2782526709443], [1; 1280; 1185.7120875787866], [2; 660; 637.4299041015095], [1; 1320; 1337.1446729757515], [2; 660; 706.8576435106626], [2; 680; 751.7864562136267], [2; 680; 778.6584380942795], [2; 680; 846.697902856807], [1; 1400; 1950.1003142546856], [2; 700; 1050.3409415180931], [1; 1400; 2646.693323570091], [2; 700; 1667.31231549109]];
Intervals[4.9E-324=5.131593559444841, 5.131593559444841=10.280407360564844, 10.280407360564844=20.64832811229727, 20.64832811229727=31.0885015139541, 31.0885015139541=52.1174678867833, 62.59868729555511=73.18964213743166, 94.44971455776563=105.11941544963257, 105.11941544963257=121.18436189305672, 121.18436189305672=137.31062552033936, 169.6876811423798=191.35670099546593, 191.35670099546593=235.04007828694736, 235.04007828694736=256.97019578629215, 301.01018785522206=323.12155421444635, 323.12155421444635=367.71907372366786, 367.71907372366786=395.7126690815894, 395.7126690815894=423.8285087646865, 480.3090041119635=514.3492688114045, 514.3492688114045=554.2434299968562, 554.2434299968562=594.3214378399441, 594.3214378399441=675.2336870146635, 675.2336870146635=721.6915477876331, 815.0605239285898=861.9761270929, 861.9761270929=909.1274910160778, 1003.9113635576036=1051.5488582859205, 1051.5488582859205=1105.4231091642475, 1213.7478170734346=1268.204537428177, 1268.204537428177=1378.33498882205, 1378.33498882205=1439.868200999784, 1439.868200999784=1564.3825984787263, 1564.3825984787263=1627.0148496307422, 1627.0148496307422=1753.8355918354184, 1753.8355918354184=1817.6498615413634, 1946.107180925204=2010.761208375699, 2010.761208375699=2692.375223329881, 2692.375223329881=3035.582359232822, 3726.9350330027373=4075.1531989434243, 4075.1531989434243=4439.483354354494, 5173.74896476736=5543.772698491234, 5543.772698491234=6323.812824193108, 6323.812824193108=6717.138299412466, 6717.138299412466=7546.307189496301, 7546.307189496301=7964.695374028127, 7964.695374028127=8387.03085002205, 8387.03085002205=9248.432291124, 10110.185498164403=10565.12076389273, 10565.12076389273=11025.055718586696, 11025.055718586696=11490.217654328944, 12431.487516721123=12907.86246400429, 12907.86246400429=13390.268114121423, 13390.268114121423=13895.313729022653, 13895.313729022653=14933.873089949515, 14933.873089949515=16004.408010205925, 16004.408010205925=16566.001709711316, 16566.001709711316=17137.27996238226, 17137.27996238226=18322.99204996105, 19510.531709128038=20147.96161322955, 20147.96161322955=21485.1062862053, 22825.78099567505=23532.638639185712, 23532.638639185712=24284.42509539934, 24284.42509539934=25063.08353349362, 26682.75835425639=27529.456257113197, 27529.456257113197=29479.556571367884, 29479.556571367884=30529.89751288598, 30529.89751288598=33176.59083645607, 33176.59083645607=34843.90315194716];
