1.1388517782078673
62234.17491680946
70875.50076930791
[1; 20; 4.634998944787227]
[1; 20; 4.650552749091632]
[1; 20; 4.666317455245877]
[1; 20; 4.68229811921389]
[2; 10; 2.349249985955456]
[2; 10; 2.35746421357804]
[1; 20; 4.731589090074646]
[1; 20; 4.748487765980342]
[1; 40; 9.53126093954166]
[1; 40; 9.566046871743607]
[1; 40; 9.601346257536472]
[2; 20; 4.818586254164361]
[1; 40; 9.673539541635064]
[1; 40; 9.710461806189489]
[1; 40; 9.74795430860986]
[1; 40; 9.786032641729056]
[1; 40; 9.82471301471793]
[2; 20; 4.932006142568096]
[1; 60; 14.855921989589463]
[2; 30; 7.458403798083938]
[2; 30; 7.4893518861830835]
[1; 60; 15.041640241682193]
[2; 30; 7.552823996246065]
[1; 60; 15.17075934893065]
[1; 60; 15.237008046723787]
[1; 60; 15.304429314390786]
[1; 60; 15.373059960272439]
[1; 60; 15.442938465889206]
[1; 60; 15.514105086183278]
[1; 60; 15.5866019572559]
[1; 60; 15.660473212274896]
[2; 40; 10.490510070865868]
[1; 80; 21.083368201125435]
[1; 80; 21.187743012149152]
[2; 40; 10.647107935261484]
[2; 40; 10.701430854851912]
[1; 80; 21.51375934593141]
[1; 80; 21.6269917439112]
[1; 100; 27.17830788153975]
[1; 100; 27.326018977330236]
[2; 50; 13.738497260860159]
[1; 100; 27.63136289852649]
[1; 100; 27.78925982828815]
[1; 100; 27.95082892283554]
[1; 100; 28.116222292366732]
[1; 100; 28.285601211044487]
[1; 100; 28.459136847935163]
[1; 120; 34.36441328526025]
[1; 120; 34.58330080000577]
[1; 120; 34.80787398088728]
[1; 120; 35.0383964206677]
[1; 120; 35.27514952413694]
[1; 120; 35.51843410524617]
[1; 120; 35.76857216422785]
[2; 60; 18.012954434653984]
[1; 120; 36.29081477159868]
[2; 60; 18.281844143244626]
[2; 70; 21.492892446954226]
[1; 140; 43.32426957746732]
[1; 140; 43.673673937319734]
[2; 70; 22.01731488010119]
[2; 70; 22.203911191050246]
[1; 140; 44.79399674279802]
[1; 140; 45.19396430556767]
[1; 140; 45.60861099284801]
[2; 70; 23.019453160036576]
[2; 70; 23.24295697437188]
[2; 70; 23.4754019642427]
[1; 160; 54.21127652462307]
[2; 80; 27.394017760380535]
[1; 160; 55.39015005721847]
[1; 160; 56.019637469853166]
[1; 160; 56.67875249548214]
[1; 160; 57.37002492248374]
[1; 160; 58.09630487036465]
[1; 160; 58.8608176066139]
[1; 160; 59.6672303846715]
[2; 80; 30.259867284023677]
[2; 90; 34.55052040045682]
[1; 180; 70.18091898682005]
[2; 90; 35.66581518806113]
[1; 180; 72.56172780665177]
[1; 180; 73.88132020245759]
[1; 180; 75.30246193837367]
[2; 90; 38.41983474471246]
[1; 180; 78.51061801566591]
[1; 180; 80.33709751969447]
[2; 90; 41.17317605284639]
[2; 90; 42.28649974719821]
[2; 90; 43.53092793735778]
[1; 200; 99.85802514910775]
[2; 100; 51.71368362061092]
[1; 200; 107.56879672965701]
[1; 200; 112.46488916946693]
[1; 200; 118.39478035082055]
[1; 200; 125.81322788629251]
[1; 200; 135.52819131155766]
[1; 200; 149.16807596167877]
[1; 200; 170.75482108761094]
[1; 200; 215.13759345931402]


Jobs: [[1; 20; 4.634998944787227], [1; 20; 4.666317455245877], [2; 10; 2.349249985955456], [2; 10; 2.35746421357804], [1; 20; 4.731589090074646], [1; 40; 9.53126093954166], [1; 40; 9.601346257536472], [2; 20; 4.818586254164361], [1; 40; 9.673539541635064], [1; 40; 9.74795430860986], [1; 40; 9.82471301471793], [2; 20; 4.932006142568096], [1; 60; 14.855921989589463], [2; 30; 7.458403798083938], [2; 30; 7.4893518861830835], [1; 60; 15.041640241682193], [2; 30; 7.552823996246065], [1; 60; 15.17075934893065], [1; 60; 15.304429314390786], [1; 60; 15.442938465889206], [1; 60; 15.5866019572559], [2; 40; 10.490510070865868], [1; 80; 21.083368201125435], [2; 40; 10.647107935261484], [2; 40; 10.701430854851912], [1; 80; 21.51375934593141], [1; 100; 27.17830788153975], [2; 50; 13.738497260860159], [1; 100; 27.63136289852649], [1; 100; 27.95082892283554], [1; 100; 28.285601211044487], [1; 120; 34.36441328526025], [1; 120; 34.80787398088728], [1; 120; 35.27514952413694], [1; 120; 35.76857216422785], [2; 60; 18.012954434653984], [1; 120; 36.29081477159868], [2; 60; 18.281844143244626], [2; 70; 21.492892446954226], [1; 140; 43.32426957746732], [2; 70; 22.01731488010119], [2; 70; 22.203911191050246], [1; 140; 44.79399674279802], [1; 140; 45.60861099284801], [2; 70; 23.019453160036576], [2; 70; 23.24295697437188], [2; 70; 23.4754019642427], [1; 160; 54.21127652462307], [2; 80; 27.394017760380535], [1; 160; 55.39015005721847], [1; 160; 56.67875249548214], [1; 160; 58.09630487036465], [1; 160; 59.6672303846715], [2; 80; 30.259867284023677], [2; 90; 34.55052040045682], [1; 180; 70.18091898682005], [2; 90; 35.66581518806113], [1; 180; 72.56172780665177], [1; 180; 75.30246193837367], [2; 90; 38.41983474471246], [1; 180; 78.51061801566591], [2; 90; 41.17317605284639], [2; 90; 42.28649974719821], [2; 90; 43.53092793735778], [1; 200; 99.85802514910775], [2; 100; 51.71368362061092], [1; 200; 107.56879672965701], [1; 200; 118.39478035082055], [1; 200; 135.52819131155766], [1; 200; 170.75482108761094]];
Intervals[0.0=4.634998944787227, 4.634998944787227=9.301316400033103, 9.33285086830552=11.682100854260977, 11.682100854260977=14.039565067839018, 14.039565067839018=18.771154157913664, 18.771154157913664=28.302415097455324, 28.302415097455324=37.903761354991794, 37.903761354991794=42.72234760915615, 42.72234760915615=52.39588715079122, 52.39588715079122=62.143841459401074, 62.143841459401074=71.968554474119, 71.968554474119=76.9005606166871, 76.9005606166871=91.75648260627656, 91.75648260627656=99.2148864043605, 99.2148864043605=106.70423829054359, 106.70423829054359=121.74587853222577, 121.74587853222577=129.29870252847184, 129.29870252847184=144.4694618774025, 144.4694618774025=159.77389119179327, 159.77389119179327=175.21682965768247, 175.21682965768247=190.80343161493838, 191.0833488339262=201.57385890479208, 201.57385890479208=222.6572271059175, 222.76160191694123=233.40870985220272, 233.40870985220272=244.11014070705463, 244.11014070705463=265.623900052986, 265.623900052986=292.80220793452577, 293.06315142829607=306.80164868915625, 306.80164868915625=334.43301158768276, 334.43301158768276=362.3838405105183, 362.3838405105183=390.6694417215628, 390.6694417215628=425.03385500682305, 425.03385500682305=459.8417289877103, 459.8417289877103=495.1168785118473, 495.1168785118473=530.8854506760752, 530.8854506760752=548.8984051107292, 548.8984051107292=585.1892198823278, 585.1892198823278=603.4710640255724, 603.4710640255724=624.9639564725267, 624.9639564725267=668.288226049994, 668.6376304098465=690.6549452899476, 690.6549452899476=712.8588564809978, 712.8588564809978=757.6528532237959, 757.6528532237959=803.2614642166438, 803.2614642166438=826.2809173766805, 826.2809173766805=849.5238743510523, 849.5238743510523=872.999276315295, 872.999276315295=927.210552839918, 927.210552839918=954.6045706002985, 954.6045706002985=1009.994720657517, 1009.994720657517=1066.6734731529991, 1066.6734731529991=1124.7697780233639, 1124.7697780233639=1184.4370084080354, 1184.4370084080354=1214.696875692059, 1214.696875692059=1249.2473960925158, 1249.2473960925158=1319.4283150793358, 1319.4283150793358=1355.0941302673968, 1355.0941302673968=1427.6558580740486, 1427.6558580740486=1502.9583200124223, 1502.9583200124223=1541.3781547571348, 1541.3781547571348=1619.8887727728006, 1621.7152522768292=1662.8884283296757, 1662.8884283296757=1705.1749280768738, 1705.1749280768738=1748.7058560142316, 1748.7058560142316=1848.5638811633394, 1848.5638811633394=1900.2775647839503, 1900.2775647839503=2007.8463615136072, 2007.8463615136072=2126.241141864428, 2126.241141864428=2261.7693331759856, 2261.7693331759856=2432.5241542635968];

Jobs: [[1; 20; 4.650552749091632], [1; 20; 4.68229811921389], [2; 10; 2.349249985955456], [2; 10; 2.35746421357804], [1; 20; 4.748487765980342], [1; 40; 9.566046871743607], [2; 20; 4.818586254164361], [1; 40; 9.710461806189489], [1; 40; 9.786032641729056], [2; 20; 4.932006142568096], [2; 30; 7.458403798083938], [2; 30; 7.4893518861830835], [2; 30; 7.552823996246065], [1; 60; 15.237008046723787], [1; 60; 15.373059960272439], [1; 60; 15.514105086183278], [1; 60; 15.660473212274896], [2; 40; 10.490510070865868], [1; 80; 21.187743012149152], [2; 40; 10.647107935261484], [2; 40; 10.701430854851912], [1; 80; 21.6269917439112], [1; 100; 27.326018977330236], [2; 50; 13.738497260860159], [1; 100; 27.78925982828815], [1; 100; 28.116222292366732], [1; 100; 28.459136847935163], [1; 120; 34.58330080000577], [1; 120; 35.0383964206677], [1; 120; 35.51843410524617], [2; 60; 18.012954434653984], [2; 60; 18.281844143244626], [2; 70; 21.492892446954226], [1; 140; 43.673673937319734], [2; 70; 22.01731488010119], [2; 70; 22.203911191050246], [1; 140; 45.19396430556767], [2; 70; 23.019453160036576], [2; 70; 23.24295697437188], [2; 70; 23.4754019642427], [2; 80; 27.394017760380535], [1; 160; 56.019637469853166], [1; 160; 57.37002492248374], [1; 160; 58.8608176066139], [2; 80; 30.259867284023677], [2; 90; 34.55052040045682], [2; 90; 35.66581518806113], [1; 180; 73.88132020245759], [2; 90; 38.41983474471246], [1; 180; 80.33709751969447], [2; 90; 41.17317605284639], [2; 90; 42.28649974719821], [2; 90; 43.53092793735778], [2; 100; 51.71368362061092], [1; 200; 112.46488916946693], [1; 200; 125.81322788629251], [1; 200; 149.16807596167877], [1; 200; 215.13759345931402]];
Intervals[0.0=4.650552749091632, 4.650552749091632=9.33285086830552, 9.33285086830552=11.682100854260977, 11.682100854260977=14.039565067839018, 14.039565067839018=18.78805283381936, 18.78805283381936=28.354099705562966, 37.903761354991794=42.72234760915615, 42.72234760915615=52.432809415345645, 52.432809415345645=62.2188420570747, 71.968554474119=76.9005606166871, 91.75648260627656=99.2148864043605, 99.2148864043605=106.70423829054359, 121.74587853222577=129.29870252847184, 129.29870252847184=144.53571057519562, 144.53571057519562=159.90877053546805, 159.90877053546805=175.42287562165131, 175.42287562165131=191.0833488339262, 191.0833488339262=201.57385890479208, 201.57385890479208=222.76160191694123, 222.76160191694123=233.40870985220272, 233.40870985220272=244.11014070705463, 244.11014070705463=265.7371324509658, 265.7371324509658=293.06315142829607, 293.06315142829607=306.80164868915625, 306.80164868915625=334.5909085174444, 334.5909085174444=362.70713080981113, 362.70713080981113=391.1662676577463, 391.1662676577463=425.74956845775205, 425.74956845775205=460.78796487841976, 460.78796487841976=496.30639898366593, 530.8854506760752=548.8984051107292, 585.1892198823278=603.4710640255724, 603.4710640255724=624.9639564725267, 624.9639564725267=668.6376304098465, 668.6376304098465=690.6549452899476, 690.6549452899476=712.8588564809978, 712.8588564809978=758.0528207865655, 803.2614642166438=826.2809173766805, 826.2809173766805=849.5238743510523, 849.5238743510523=872.999276315295, 927.210552839918=954.6045706002985, 954.6045706002985=1010.6242080701517, 1010.6242080701517=1067.9942329926355, 1067.9942329926355=1126.8550505992494, 1184.4370084080354=1214.696875692059, 1214.696875692059=1249.2473960925158, 1319.4283150793358=1355.0941302673968, 1355.0941302673968=1428.9754504698544, 1502.9583200124223=1541.3781547571348, 1541.3781547571348=1621.7152522768292, 1621.7152522768292=1662.8884283296757, 1662.8884283296757=1705.1749280768738, 1705.1749280768738=1748.7058560142316, 1848.5638811633394=1900.2775647839503, 1900.2775647839503=2012.7424539534172, 2012.7424539534172=2138.55568183971, 2138.55568183971=2287.7237578013887, 2287.7237578013887=2502.8613512607026];
