1.0000000000000004
10268.797823637622
10268.797823637626
[2; 10; 1.6014984828029777]
[2; 10; 1.6123197467516104]
[2; 10; 1.6234395446686742]
[2; 10; 1.6348725942049862]
[2; 10; 1.6466346719498521]
[2; 10; 1.6587427146670666]
[2; 20; 3.342429865423485]
[2; 20; 3.3681418748172103]
[2; 20; 3.394663768961812]
[2; 20; 3.4220412719797784]
[2; 20; 3.4503238873841657]
[2; 30; 5.219347971791724]
[2; 40; 7.0196478460126475]
[2; 40; 7.082326589697699]
[2; 40; 7.147305692632774]
[2; 40; 7.214737087162018]
[2; 40; 7.284787459218923]
[2; 40; 7.357640166774004]
[2; 40; 7.433497474826108]
[2; 40; 7.512583170943737]
[2; 40; 7.595145640843874]
[2; 50; 9.601826879221482]
[2; 50; 9.7147999125259]
[2; 50; 9.833284759451598]
[2; 50; 9.957769933586388]
[2; 50; 10.088808249290869]
[2; 50; 10.227028277799052]
[2; 60; 12.447778108058145]
[2; 60; 12.633593235733013]
[2; 60; 12.831025019491362]
[2; 70; 15.214974931346461]
[2; 70; 15.477353647070942]
[2; 70; 15.758821561317603]
[2; 70; 16.061949861790193]
[2; 70; 16.389834900029147]
[2; 70; 16.746246772353846]
[2; 80; 19.583809448493206]
[2; 80; 20.07360631893722]
[2; 80; 20.616397128110616]
[2; 80; 21.223106738012675]
[2; 80; 21.90819107385852]
[2; 80; 22.691281150447125]
[2; 90; 26.549868850519314]
[2; 90; 27.75831048144753]
[2; 90; 29.22191180403613]
[2; 90; 31.052914986457488]
[2; 90; 33.45073863671749]
[2; 100; 40.90811311119621]
[2; 100; 46.82809971436899]
[2; 100; 58.99970855670959]


Jobs: [[2; 10; 1.6014984828029777], [2; 10; 1.6123197467516104], [2; 10; 1.6234395446686742], [2; 10; 1.6348725942049862], [2; 10; 1.6466346719498521], [2; 10; 1.6587427146670666], [2; 20; 3.342429865423485], [2; 20; 3.3681418748172103], [2; 20; 3.394663768961812], [2; 20; 3.4220412719797784], [2; 20; 3.4503238873841657], [2; 30; 5.219347971791724], [2; 40; 7.0196478460126475], [2; 40; 7.082326589697699], [2; 40; 7.147305692632774], [2; 40; 7.214737087162018], [2; 40; 7.284787459218923], [2; 40; 7.357640166774004], [2; 40; 7.433497474826108], [2; 40; 7.512583170943737], [2; 40; 7.595145640843874], [2; 50; 9.601826879221482], [2; 50; 9.7147999125259], [2; 50; 9.833284759451598], [2; 50; 9.957769933586388], [2; 50; 10.088808249290869], [2; 50; 10.227028277799052], [2; 60; 12.447778108058145], [2; 60; 12.633593235733013], [2; 60; 12.831025019491362], [2; 70; 15.214974931346461], [2; 70; 15.477353647070942], [2; 70; 15.758821561317603], [2; 70; 16.061949861790193], [2; 70; 16.389834900029147], [2; 70; 16.746246772353846], [2; 80; 19.583809448493206], [2; 80; 20.07360631893722], [2; 80; 20.616397128110616], [2; 80; 21.223106738012675], [2; 80; 21.90819107385852], [2; 80; 22.691281150447125], [2; 90; 26.549868850519314], [2; 90; 27.75831048144753], [2; 90; 29.22191180403613], [2; 90; 31.052914986457488], [2; 90; 33.45073863671749], [2; 100; 40.90811311119621], [2; 100; 46.82809971436899], [2; 100; 58.99970855670959]];
Intervals[4.9E-324=1.6014984828029777, 1.6014984828029777=3.213818229554588, 3.213818229554588=4.8372577742232625, 4.8372577742232625=6.472130368428249, 6.472130368428249=8.1187650403781, 8.1187650403781=9.777507755045168, 9.777507755045168=13.119937620468653, 13.119937620468653=16.488079495285863, 16.488079495285863=19.882743264247676, 19.882743264247676=23.304784536227455, 23.304784536227455=26.75510842361162, 26.75510842361162=31.974456395403344, 31.974456395403344=38.99410424141599, 38.99410424141599=46.07643083111369, 46.07643083111369=53.22373652374647, 53.22373652374647=60.43847361090849, 60.43847361090849=67.7232610701274, 67.7232610701274=75.08090123690141, 75.08090123690141=82.51439871172752, 82.51439871172752=90.02698188267127, 90.02698188267127=97.62212752351513, 97.62212752351513=107.22395440273661, 107.22395440273661=116.93875431526251, 116.93875431526251=126.77203907471412, 126.77203907471412=136.7298090083005, 136.7298090083005=146.81861725759137, 146.81861725759137=157.04564553539043, 157.04564553539043=169.49342364344858, 169.49342364344858=182.12701687918158, 182.12701687918158=194.95804189867295, 194.95804189867295=210.1730168300194, 210.1730168300194=225.65037047709035, 225.65037047709035=241.40919203840795, 241.40919203840795=257.4711419001981, 257.4711419001981=273.86097680022726, 273.86097680022726=290.6072235725811, 290.6072235725811=310.1910330210743, 310.1910330210743=330.2646393400115, 330.2646393400115=350.88103646812215, 350.88103646812215=372.10414320613484, 372.10414320613484=394.01233427999335, 394.01233427999335=416.7036154304405, 416.7036154304405=443.2534842809598, 443.2534842809598=471.01179476240736, 471.01179476240736=500.2337065664435, 500.2337065664435=531.286621552901, 531.286621552901=564.7373601896185, 564.7373601896185=605.6454733008147, 605.6454733008147=652.4735730151838, 652.4735730151838=711.4732815718934];

Jobs: [[2; 10; 1.6014984828029777], [2; 10; 1.6123197467516104], [2; 10; 1.6234395446686742], [2; 10; 1.6348725942049862], [2; 10; 1.6466346719498521], [2; 10; 1.6587427146670666], [2; 20; 3.342429865423485], [2; 20; 3.3681418748172103], [2; 20; 3.394663768961812], [2; 20; 3.4220412719797784], [2; 20; 3.4503238873841657], [2; 30; 5.219347971791724], [2; 40; 7.0196478460126475], [2; 40; 7.082326589697699], [2; 40; 7.147305692632774], [2; 40; 7.214737087162018], [2; 40; 7.284787459218923], [2; 40; 7.357640166774004], [2; 40; 7.433497474826108], [2; 40; 7.512583170943737], [2; 40; 7.595145640843874], [2; 50; 9.601826879221482], [2; 50; 9.7147999125259], [2; 50; 9.833284759451598], [2; 50; 9.957769933586388], [2; 50; 10.088808249290869], [2; 50; 10.227028277799052], [2; 60; 12.447778108058145], [2; 60; 12.633593235733013], [2; 60; 12.831025019491362], [2; 70; 15.214974931346461], [2; 70; 15.477353647070942], [2; 70; 15.758821561317603], [2; 70; 16.061949861790193], [2; 70; 16.389834900029147], [2; 70; 16.746246772353846], [2; 80; 19.583809448493206], [2; 80; 20.07360631893722], [2; 80; 20.616397128110616], [2; 80; 21.223106738012675], [2; 80; 21.90819107385852], [2; 80; 22.691281150447125], [2; 90; 26.549868850519314], [2; 90; 27.75831048144753], [2; 90; 29.22191180403613], [2; 90; 31.052914986457488], [2; 90; 33.45073863671749], [2; 100; 40.90811311119621], [2; 100; 46.82809971436899], [2; 100; 58.99970855670959]];
Intervals[4.9E-324=1.6014984828029777, 1.6014984828029777=3.213818229554588, 3.213818229554588=4.8372577742232625, 4.8372577742232625=6.472130368428249, 6.472130368428249=8.1187650403781, 8.1187650403781=9.777507755045168, 9.777507755045168=13.119937620468653, 13.119937620468653=16.488079495285863, 16.488079495285863=19.882743264247676, 19.882743264247676=23.304784536227455, 23.304784536227455=26.75510842361162, 26.75510842361162=31.974456395403344, 31.974456395403344=38.99410424141599, 38.99410424141599=46.07643083111369, 46.07643083111369=53.22373652374647, 53.22373652374647=60.43847361090849, 60.43847361090849=67.7232610701274, 67.7232610701274=75.08090123690141, 75.08090123690141=82.51439871172752, 82.51439871172752=90.02698188267127, 90.02698188267127=97.62212752351513, 97.62212752351513=107.22395440273661, 107.22395440273661=116.93875431526251, 116.93875431526251=126.77203907471412, 126.77203907471412=136.7298090083005, 136.7298090083005=146.81861725759137, 146.81861725759137=157.04564553539043, 157.04564553539043=169.49342364344858, 169.49342364344858=182.12701687918158, 182.12701687918158=194.95804189867295, 194.95804189867295=210.1730168300194, 210.1730168300194=225.65037047709035, 225.65037047709035=241.40919203840795, 241.40919203840795=257.4711419001981, 257.4711419001981=273.86097680022726, 273.86097680022726=290.6072235725811, 290.6072235725811=310.1910330210743, 310.1910330210743=330.2646393400115, 330.2646393400115=350.88103646812215, 350.88103646812215=372.10414320613484, 372.10414320613484=394.01233427999335, 394.01233427999335=416.7036154304405, 416.7036154304405=443.2534842809598, 443.2534842809598=471.01179476240736, 471.01179476240736=500.2337065664435, 500.2337065664435=531.286621552901, 531.286621552901=564.7373601896185, 564.7373601896185=605.6454733008147, 605.6454733008147=652.4735730151838, 652.4735730151838=711.4732815718934];
