1.0425397299633352
87282.99503866775
90995.99007800382
[1; 10; 2.594098994212873]
[1; 10; 2.6028040896363835]
[1; 20; 5.22325444364777]
[1; 20; 5.241142440956982]
[2; 10; 2.629639013219414]
[1; 30; 7.916500890098527]
[1; 30; 7.944474623923371]
[1; 40; 10.630463984562748]
[1; 40; 10.668841443708457]
[1; 40; 10.707779166375822]
[1; 40; 10.747291624640603]
[2; 20; 5.393696915298679]
[1; 50; 13.535126703564947]
[1; 60; 16.304145591947943]
[1; 60; 16.36709658545049]
[2; 30; 8.21551560280098]
[2; 30; 8.247988334033979]
[1; 60; 16.56196127717773]
[1; 60; 16.629014483224672]
[2; 30; 8.348583471762234]
[1; 70; 19.560859018781613]
[1; 70; 19.6430484673574]
[1; 70; 19.72663691457753]
[1; 70; 19.81166657289585]
[2; 40; 11.370389427531034]
[1; 80; 22.841403080857685]
[1; 80; 22.94383226747286]
[1; 80; 23.048123847426098]
[1; 80; 23.154337900014834]
[1; 80; 23.262537312110105]
[1; 80; 23.372787951145114]
[1; 90; 26.420803707837933]
[1; 100; 29.499653018621053]
[2; 50; 14.82284664251959]
[1; 100; 29.794669119828267]
[1; 100; 29.946685369185474]
[1; 100; 30.101852312061535]
[1; 100; 30.26028603190199]
[2; 50; 15.211054410099026]
[1; 110; 33.646194576645016]
[1; 110; 33.83208892690064]
[2; 60; 18.557542271135663]
[1; 120; 37.32717534353186]
[1; 120; 37.5441986813081]
[2; 60; 18.883179436764852]
[1; 130; 41.160028592989846]
[1; 130; 41.41255042284347]
[1; 130; 41.67138558263893]
[1; 130; 41.93681557704826]
[2; 70; 22.72799856486168]
[2; 70; 22.878519498239424]
[2; 70; 23.033108778780658]
[1; 140; 46.383925649318925]
[1; 150; 50.047054045183565]
[1; 150; 50.4071171734466]
[1; 150; 50.77777105216336]
[1; 160; 54.57021134981018]
[1; 160; 54.98999870312421]
[2; 80; 27.711504323564682]
[1; 160; 55.86998769712394]
[2; 80; 28.165872036330207]
[1; 160; 56.80915449670739]
[1; 170; 60.88462018730599]
[1; 180; 65.0416887878541]
[1; 180; 65.63843486236652]
[1; 180; 66.25770195234823]
[1; 180; 66.90102084495992]
[1; 180; 67.5700754377039]
[2; 90; 34.13336163191369]
[2; 90; 34.49650975628401]
[1; 180; 69.75124527422842]
[1; 190; 74.4630487516851]
[1; 190; 75.3391649941865]
[1; 200; 80.27160616549742]
[2; 100; 40.643905162371006]
[1; 200; 82.35750944646325]
[1; 200; 83.48583471762234]
[1; 200; 84.67865065512365]
[1; 200; 85.94269747104747]
[2; 120; 52.371461432267914]
[2; 120; 53.23016260082671]
[2; 120; 54.148104415652575]
[2; 130; 59.727233052679885]
[2; 130; 60.87611430479272]
[2; 130; 62.11882563426521]
[2; 130; 63.46965601699717]
[2; 140; 69.94208410565786]
[2; 140; 71.69135632960298]
[2; 150; 78.88917039658243]
[2; 150; 81.21076022138968]
[2; 150; 83.83225293763549]
[2; 150; 86.82876712505563]
[2; 160; 96.32592739859689]
[2; 160; 100.71029032941253]
[2; 160; 106.02040148415753]
[2; 160; 112.66348814532083]
[2; 170; 128.94825505389613]
[2; 170; 141.92591901995797]
[2; 170; 162.46462088961667]
[2; 200; 240.81481849649225]


Jobs: [[1; 10; 2.594098994212873], [1; 20; 5.22325444364777], [2; 10; 2.629639013219414], [1; 30; 7.916500890098527], [1; 40; 10.630463984562748], [1; 40; 10.707779166375822], [2; 20; 5.393696915298679], [1; 50; 13.535126703564947], [1; 60; 16.36709658545049], [2; 30; 8.21551560280098], [2; 30; 8.247988334033979], [1; 60; 16.56196127717773], [2; 30; 8.348583471762234], [1; 70; 19.560859018781613], [1; 70; 19.72663691457753], [2; 40; 11.370389427531034], [1; 80; 22.841403080857685], [1; 80; 23.048123847426098], [1; 80; 23.262537312110105], [1; 90; 26.420803707837933], [2; 50; 14.82284664251959], [1; 100; 29.794669119828267], [1; 100; 30.101852312061535], [2; 50; 15.211054410099026], [1; 110; 33.646194576645016], [2; 60; 18.557542271135663], [1; 120; 37.32717534353186], [2; 60; 18.883179436764852], [1; 130; 41.160028592989846], [1; 130; 41.67138558263893], [2; 70; 22.72799856486168], [2; 70; 22.878519498239424], [2; 70; 23.033108778780658], [1; 140; 46.383925649318925], [1; 150; 50.4071171734466], [1; 160; 54.57021134981018], [2; 80; 27.711504323564682], [1; 160; 55.86998769712394], [2; 80; 28.165872036330207], [1; 160; 56.80915449670739], [1; 180; 65.0416887878541], [1; 180; 66.25770195234823], [1; 180; 67.5700754377039], [2; 90; 34.13336163191369], [2; 90; 34.49650975628401], [1; 180; 69.75124527422842], [1; 190; 75.3391649941865], [2; 100; 40.643905162371006], [1; 200; 82.35750944646325], [1; 200; 84.67865065512365], [2; 120; 52.371461432267914], [2; 120; 53.23016260082671], [2; 120; 54.148104415652575], [2; 130; 59.727233052679885], [2; 130; 60.87611430479272], [2; 130; 62.11882563426521], [2; 130; 63.46965601699717], [2; 140; 69.94208410565786], [2; 140; 71.69135632960298], [2; 150; 78.88917039658243], [2; 150; 81.21076022138968], [2; 150; 83.83225293763549], [2; 150; 86.82876712505563], [2; 160; 96.32592739859689], [2; 160; 100.71029032941253], [2; 160; 106.02040148415753], [2; 160; 112.66348814532083], [2; 170; 128.94825505389613], [2; 170; 141.92591901995797], [2; 170; 162.46462088961667], [2; 200; 240.81481849649225]];
Intervals[0.0=2.594098994212873, 2.594098994212873=7.817353437860643, 7.8439465305933656=10.47358554381278, 10.47358554381278=18.390086433911307, 18.390086433911307=29.020550418474055, 29.020550418474055=39.728329584849874, 39.83419323608521=45.22789015138389, 45.22789015138389=58.76301685494884, 58.76301685494884=75.13011344039933, 75.13011344039933=83.3456290432003, 83.3456290432003=91.59361737723428, 91.59361737723428=108.15557865441201, 108.22263186045896=116.5712153322212, 116.5712153322212=136.1320743510028, 136.1320743510028=155.85871126558035, 156.02593037247445=167.39631980000547, 167.39631980000547=190.23772288086315, 190.23772288086315=213.28584672828924, 213.28584672828924=236.54838404039936, 236.54838404039936=262.9691877482373, 266.3669309372593=281.18977757977893, 281.18977757977893=310.9844466996072, 310.9844466996072=341.0862990116687, 341.39674898086645=356.6078033909655, 356.6078033909655=390.25399796761053, 390.4398923178661=408.9974345890018, 408.9974345890018=446.32460993253363, 446.5416332703099=465.42481270707475, 465.42481270707475=506.58484130006457, 506.58484130006457=548.2562268827035, 548.7741787069665=571.5021772718281, 571.5021772718281=594.3806967700675, 594.3806967700675=617.4138055488481, 617.4138055488481=663.7977311981671, 663.7977311981671=714.2048483716137, 714.2048483716137=768.7750597214239, 773.2286293493194=800.940133672884, 800.940133672884=856.810121370008, 856.810121370008=884.9759934063383, 884.9759934063383=941.7851479030456, 941.7851479030456=1006.8268366908998, 1006.8268366908998=1073.084538643248, 1073.084538643248=1140.654614080952, 1140.654614080952=1174.7879757128655, 1174.7879757128655=1209.2844854691496, 1209.2844854691496=1279.035730743378, 1279.035730743378=1354.3748957375647, 1364.019140386332=1404.6630455487032, 1404.6630455487032=1487.0205549951663, 1487.0205549951663=1571.69920565029, 1574.091577737373=1626.463039169641, 1626.463039169641=1679.6932017704678, 1679.6932017704678=1733.8413061861204, 1733.8413061861204=1793.5685392388002, 1793.5685392388002=1854.444653543593, 1854.444653543593=1916.5634791778582, 1916.5634791778582=1980.0331351948553, 1980.0331351948553=2049.9752193005133, 2049.9752193005133=2121.6665756301163, 2121.6665756301163=2200.5557460266987, 2200.5557460266987=2281.7665062480883, 2281.7665062480883=2365.598759185724, 2365.598759185724=2452.4275263107793, 2452.4275263107793=2548.753453709376, 2548.753453709376=2649.4637440387887, 2649.4637440387887=2755.484145522946, 2755.484145522946=2868.147633668267, 2868.147633668267=2997.095888722163, 2997.095888722163=3139.0218077421214, 3139.0218077421214=3301.486428631738, 3301.486428631738=3542.30124712823];

Jobs: [[1; 10; 2.6028040896363835], [1; 20; 5.241142440956982], [2; 10; 2.629639013219414], [1; 30; 7.944474623923371], [1; 40; 10.668841443708457], [1; 40; 10.747291624640603], [2; 20; 5.393696915298679], [1; 60; 16.304145591947943], [2; 30; 8.21551560280098], [2; 30; 8.247988334033979], [1; 60; 16.629014483224672], [2; 30; 8.348583471762234], [1; 70; 19.6430484673574], [1; 70; 19.81166657289585], [2; 40; 11.370389427531034], [1; 80; 22.94383226747286], [1; 80; 23.154337900014834], [1; 80; 23.372787951145114], [1; 100; 29.499653018621053], [2; 50; 14.82284664251959], [1; 100; 29.946685369185474], [1; 100; 30.26028603190199], [2; 50; 15.211054410099026], [1; 110; 33.83208892690064], [2; 60; 18.557542271135663], [1; 120; 37.5441986813081], [2; 60; 18.883179436764852], [1; 130; 41.41255042284347], [1; 130; 41.93681557704826], [2; 70; 22.72799856486168], [2; 70; 22.878519498239424], [2; 70; 23.033108778780658], [1; 150; 50.047054045183565], [1; 150; 50.77777105216336], [1; 160; 54.98999870312421], [2; 80; 27.711504323564682], [2; 80; 28.165872036330207], [1; 170; 60.88462018730599], [1; 180; 65.63843486236652], [1; 180; 66.90102084495992], [2; 90; 34.13336163191369], [2; 90; 34.49650975628401], [1; 190; 74.4630487516851], [1; 200; 80.27160616549742], [2; 100; 40.643905162371006], [1; 200; 83.48583471762234], [1; 200; 85.94269747104747], [2; 120; 52.371461432267914], [2; 120; 53.23016260082671], [2; 120; 54.148104415652575], [2; 130; 59.727233052679885], [2; 130; 60.87611430479272], [2; 130; 62.11882563426521], [2; 130; 63.46965601699717], [2; 140; 69.94208410565786], [2; 140; 71.69135632960298], [2; 150; 78.88917039658243], [2; 150; 81.21076022138968], [2; 150; 83.83225293763549], [2; 150; 86.82876712505563], [2; 160; 96.32592739859689], [2; 160; 100.71029032941253], [2; 160; 106.02040148415753], [2; 160; 112.66348814532083], [2; 170; 128.94825505389613], [2; 170; 141.92591901995797], [2; 170; 162.46462088961667], [2; 200; 240.81481849649225]];
Intervals[0.0=2.6028040896363835, 2.6028040896363835=7.8439465305933656, 7.8439465305933656=10.47358554381278, 10.47358554381278=18.41806016773615, 18.41806016773615=29.08690161144461, 29.08690161144461=39.83419323608521, 39.83419323608521=45.22789015138389, 45.22789015138389=61.53203574333183, 75.13011344039933=83.3456290432003, 83.3456290432003=91.59361737723428, 91.59361737723428=108.22263186045896, 108.22263186045896=116.5712153322212, 116.5712153322212=136.2142637995786, 136.2142637995786=156.02593037247445, 156.02593037247445=167.39631980000547, 167.39631980000547=190.34015206747833, 190.34015206747833=213.49448996749317, 213.49448996749317=236.86727791863828, 236.86727791863828=266.3669309372593, 266.3669309372593=281.18977757977893, 281.18977757977893=311.13646294896444, 311.13646294896444=341.39674898086645, 341.39674898086645=356.6078033909655, 356.6078033909655=390.4398923178661, 390.4398923178661=408.9974345890018, 408.9974345890018=446.5416332703099, 446.5416332703099=465.42481270707475, 465.42481270707475=506.83736312991823, 506.83736312991823=548.7741787069665, 548.7741787069665=571.5021772718281, 571.5021772718281=594.3806967700675, 594.3806967700675=617.4138055488481, 617.4138055488481=667.4608595940317, 667.4608595940317=718.2386306461951, 718.2386306461951=773.2286293493194, 773.2286293493194=800.940133672884, 856.810121370008=884.9759934063383, 884.9759934063383=945.8606135936443, 945.8606135936443=1011.4990484560108, 1011.4990484560108=1078.4000693009707, 1140.654614080952=1174.7879757128655, 1174.7879757128655=1209.2844854691496, 1209.2844854691496=1283.7475342208347, 1283.7475342208347=1364.019140386332, 1364.019140386332=1404.6630455487032, 1404.6630455487032=1488.1488802663255, 1488.1488802663255=1574.091577737373, 1574.091577737373=1626.463039169641, 1626.463039169641=1679.6932017704678, 1679.6932017704678=1733.8413061861204, 1733.8413061861204=1793.5685392388002, 1793.5685392388002=1854.444653543593, 1854.444653543593=1916.5634791778582, 1916.5634791778582=1980.0331351948553, 1980.0331351948553=2049.9752193005133, 2049.9752193005133=2121.6665756301163, 2121.6665756301163=2200.5557460266987, 2200.5557460266987=2281.7665062480883, 2281.7665062480883=2365.598759185724, 2365.598759185724=2452.4275263107793, 2452.4275263107793=2548.753453709376, 2548.753453709376=2649.4637440387887, 2649.4637440387887=2755.484145522946, 2755.484145522946=2868.147633668267, 2868.147633668267=2997.095888722163, 2997.095888722163=3139.0218077421214, 3139.0218077421214=3301.486428631738, 3301.486428631738=3542.30124712823];
