1.2127945866151322
9721.558981240534
11790.25410590824
[1; 20; 3.145057799316365]
[2; 10; 1.5831544172423586]
[1; 20; 3.1881461371992805]
[2; 20; 3.2105986103051025]
[1; 40; 6.467394472427655]
[2; 20; 3.2574752757131726]
[2; 20; 3.2819684906973845]
[2; 20; 3.3072153943155196]
[1; 40; 6.666515065280574]
[1; 40; 6.720279605376649]
[2; 20; 3.3879108125012563]
[2; 30; 5.12493493509262]
[2; 30; 5.169501823672447]
[2; 30; 5.21566053232753]
[2; 30; 5.263513301938226]
[1; 80; 14.168458721410754]
[2; 40; 7.153012588210215]
[2; 40; 7.224547459631511]
[2; 40; 7.29903258118681]
[2; 40; 7.376687692340516]
[2; 40; 7.4577566857484205]
[1; 80; 15.085022352978976]
[2; 40; 7.63125474342303]
[1; 80; 15.44865599696814]
[2; 40; 7.822114683146211]
[1; 100; 19.81262262247367]
[2; 50; 10.042031070996005]
[2; 60; 12.222609650678026]
[2; 60; 12.405063559564026]
[2; 60; 12.598923990282438]
[1; 120; 25.61100088702065]
[2; 60; 13.026328330229703]
[2; 60; 13.263222411027279]
[2; 70; 15.771404477585854]
[2; 70; 16.093358387585102]
[1; 140; 32.88664621679031]
[1; 140; 33.651724709220716]
[1; 160; 39.4209877759507]
[2; 80; 20.243466128073955]
[2; 80; 20.839200938638054]
[2; 80; 21.51189275095572]
[1; 160; 44.56163494690853]
[2; 80; 23.172983995452206]
[2; 90; 27.25618906698082]
[2; 90; 28.693315234793523]
[2; 90; 30.491197312511304]
[1; 180; 65.6912932306813]
[1; 200; 80.33624856796804]
[2; 100; 45.98102396452885]
[1; 200; 115.86491997726104]


Jobs: [[1; 20; 3.145057799316365], [2; 10; 1.5831544172423586], [1; 20; 3.1881461371992805], [2; 20; 3.2105986103051025], [1; 40; 6.467394472427655], [2; 20; 3.2574752757131726], [2; 20; 3.2819684906973845], [2; 20; 3.3072153943155196], [1; 40; 6.666515065280574], [2; 20; 3.3879108125012563], [2; 30; 5.12493493509262], [2; 30; 5.169501823672447], [2; 30; 5.21566053232753], [2; 30; 5.263513301938226], [1; 80; 14.168458721410754], [2; 40; 7.153012588210215], [2; 40; 7.224547459631511], [2; 40; 7.29903258118681], [2; 40; 7.376687692340516], [2; 40; 7.4577566857484205], [1; 80; 15.085022352978976], [2; 40; 7.63125474342303], [1; 80; 15.44865599696814], [2; 40; 7.822114683146211], [1; 100; 19.81262262247367], [2; 50; 10.042031070996005], [2; 60; 12.222609650678026], [2; 60; 12.405063559564026], [2; 60; 12.598923990282438], [1; 120; 25.61100088702065], [2; 60; 13.026328330229703], [2; 60; 13.263222411027279], [2; 70; 15.771404477585854], [2; 70; 16.093358387585102], [1; 140; 32.88664621679031], [1; 160; 39.4209877759507], [2; 80; 20.243466128073955], [2; 80; 20.839200938638054], [2; 80; 21.51189275095572], [1; 160; 44.56163494690853], [2; 80; 23.172983995452206], [2; 90; 27.25618906698082], [2; 90; 28.693315234793523], [2; 90; 30.491197312511304], [1; 180; 65.6912932306813], [2; 100; 45.98102396452885], [1; 200; 115.86491997726104]];
Intervals[0.0=3.145057799316365, 3.145057799316365=4.728212216558724, 4.728212216558724=7.916358353758005, 7.916358353758005=11.126956964063108, 11.126956964063108=17.59435143649076, 17.59435143649076=20.851826712203934, 20.851826712203934=24.133795202901318, 24.133795202901318=27.441010597216838, 27.441010597216838=34.10752566249741, 34.161290202593484=37.54920101509474, 37.54920101509474=42.674135950187356, 42.674135950187356=47.843637773859804, 47.843637773859804=53.05929830618734, 53.05929830618734=58.32281160812556, 58.32281160812556=72.49127032953632, 72.49127032953632=79.64428291774654, 79.64428291774654=86.86883037737805, 86.86883037737805=94.16786295856485, 94.16786295856485=101.54455065090536, 101.54455065090536=109.00230733665379, 109.00230733665379=124.08732968963277, 124.08732968963277=131.7185844330558, 131.7185844330558=147.16724043002395, 147.16724043002395=154.98935511317018, 154.98935511317018=174.80197773564385, 174.80197773564385=184.84400880663986, 184.84400880663986=197.0666184573179, 197.0666184573179=209.4716820168819, 209.4716820168819=222.07060600716434, 222.07060600716434=247.681606894185, 247.681606894185=260.7079352244147, 260.7079352244147=273.971157635442, 273.971157635442=289.7425621130279, 289.7425621130279=305.835920500613, 305.835920500613=338.7225667174033, 338.7225667174033=378.14355449335403, 378.14355449335403=398.387020621428, 398.387020621428=419.22622156006605, 419.22622156006605=440.7381143110218, 440.7381143110218=485.29974925793033, 485.29974925793033=508.47273325338256, 508.47273325338256=535.7289223203634, 535.7289223203634=564.4222375551569, 564.4222375551569=594.9134348676682, 594.9134348676682=660.6047280983495, 675.2496834356363=721.2307074001651, 721.2307074001651=837.0956273774261];

Jobs: [[2; 10; 1.5831544172423586], [2; 20; 3.2105986103051025], [2; 20; 3.2574752757131726], [2; 20; 3.2819684906973845], [2; 20; 3.3072153943155196], [1; 40; 6.720279605376649], [2; 20; 3.3879108125012563], [2; 30; 5.12493493509262], [2; 30; 5.169501823672447], [2; 30; 5.21566053232753], [2; 30; 5.263513301938226], [2; 40; 7.153012588210215], [2; 40; 7.224547459631511], [2; 40; 7.29903258118681], [2; 40; 7.376687692340516], [2; 40; 7.4577566857484205], [2; 40; 7.63125474342303], [2; 40; 7.822114683146211], [2; 50; 10.042031070996005], [2; 60; 12.222609650678026], [2; 60; 12.405063559564026], [2; 60; 12.598923990282438], [2; 60; 13.026328330229703], [2; 60; 13.263222411027279], [2; 70; 15.771404477585854], [2; 70; 16.093358387585102], [1; 140; 33.651724709220716], [2; 80; 20.243466128073955], [2; 80; 20.839200938638054], [2; 80; 21.51189275095572], [2; 80; 23.172983995452206], [2; 90; 27.25618906698082], [2; 90; 28.693315234793523], [2; 90; 30.491197312511304], [1; 200; 80.33624856796804], [2; 100; 45.98102396452885]];
Intervals[3.145057799316365=4.728212216558724, 7.916358353758005=11.126956964063108, 17.59435143649076=20.851826712203934, 20.851826712203934=24.133795202901318, 24.133795202901318=27.441010597216838, 27.441010597216838=34.161290202593484, 34.161290202593484=37.54920101509474, 37.54920101509474=42.674135950187356, 42.674135950187356=47.843637773859804, 47.843637773859804=53.05929830618734, 53.05929830618734=58.32281160812556, 72.49127032953632=79.64428291774654, 79.64428291774654=86.86883037737805, 86.86883037737805=94.16786295856485, 94.16786295856485=101.54455065090536, 101.54455065090536=109.00230733665379, 124.08732968963277=131.7185844330558, 147.16724043002395=154.98935511317018, 174.80197773564385=184.84400880663986, 184.84400880663986=197.0666184573179, 197.0666184573179=209.4716820168819, 209.4716820168819=222.07060600716434, 247.681606894185=260.7079352244147, 260.7079352244147=273.971157635442, 273.971157635442=289.7425621130279, 289.7425621130279=305.835920500613, 305.835920500613=339.4876452098337, 378.14355449335403=398.387020621428, 398.387020621428=419.22622156006605, 419.22622156006605=440.7381143110218, 485.29974925793033=508.47273325338256, 508.47273325338256=535.7289223203634, 535.7289223203634=564.4222375551569, 564.4222375551569=594.9134348676682, 594.9134348676682=675.2496834356363, 675.2496834356363=721.2307074001651];
