1.0000000000000002
90601.32212997574
90601.32212997577
[2; 10; 3.3092647165754117]
[2; 10; 3.3316252915984266]
[2; 10; 3.354602743839269]
[2; 10; 3.378227485192228]
[2; 10; 3.4025321156946413]
[2; 10; 3.4275516327164346]
[2; 20; 6.906647330639154]
[2; 30; 10.439666212400635]
[2; 30; 10.521871693191226]
[2; 30; 10.60672916174785]
[2; 40; 14.259189407777194]
[2; 40; 14.380035757802364]
[2; 50; 18.13135727963414]
[2; 50; 18.2932529645064]
[2; 50; 18.461090348499273]
[2; 50; 18.63526186434934]
[2; 60; 22.579437662985907]
[2; 60; 22.80524701954276]
[2; 60; 23.040369233887784]
[2; 60; 23.28549794292953]
[2; 60; 23.541403026344575]
[2; 70; 27.777098852222256]
[2; 70; 28.103918232867724]
[2; 80; 32.51049454187485]
[2; 80; 32.922063480765125]
[2; 80; 33.35529820870202]
[2; 100; 42.26534610998194]
[2; 100; 42.86921835507017]
[2; 100; 43.509151780362544]
[2; 540; 238.62109734980348]
[2; 540; 242.5336140055027]
[2; 560; 255.8536814374878]
[2; 560; 260.5065829417555]
[2; 580; 275.00031846172203]
[2; 580; 280.6141132195458]
[2; 580; 286.71632243052056]
[2; 620; 313.6200751855844]
[2; 620; 321.4638060867823]
[2; 620; 330.1561953193635]
[2; 640; 350.8358156233585]
[2; 640; 362.1608362579091]
[2; 640; 375.10597426800274]
[2; 640; 390.1259345024982]
[2; 640; 407.8828742151541]
[2; 660; 442.80756218678346]
[2; 680; 484.81243986442456]
[2; 680; 522.2483693014564]
[2; 700; 591.7148455397471]
[2; 700; 677.3444112195933]
[2; 700; 853.4004817242148]


Jobs: [[2; 10; 3.3092647165754117], [2; 10; 3.3316252915984266], [2; 10; 3.354602743839269], [2; 10; 3.378227485192228], [2; 10; 3.4025321156946413], [2; 10; 3.4275516327164346], [2; 20; 6.906647330639154], [2; 30; 10.439666212400635], [2; 30; 10.521871693191226], [2; 30; 10.60672916174785], [2; 40; 14.259189407777194], [2; 40; 14.380035757802364], [2; 50; 18.13135727963414], [2; 50; 18.2932529645064], [2; 50; 18.461090348499273], [2; 50; 18.63526186434934], [2; 60; 22.579437662985907], [2; 60; 22.80524701954276], [2; 60; 23.040369233887784], [2; 60; 23.28549794292953], [2; 60; 23.541403026344575], [2; 70; 27.777098852222256], [2; 70; 28.103918232867724], [2; 80; 32.51049454187485], [2; 80; 32.922063480765125], [2; 80; 33.35529820870202], [2; 100; 42.26534610998194], [2; 100; 42.86921835507017], [2; 100; 43.509151780362544], [2; 540; 238.62109734980348], [2; 540; 242.5336140055027], [2; 560; 255.8536814374878], [2; 560; 260.5065829417555], [2; 580; 275.00031846172203], [2; 580; 280.6141132195458], [2; 580; 286.71632243052056], [2; 620; 313.6200751855844], [2; 620; 321.4638060867823], [2; 620; 330.1561953193635], [2; 640; 350.8358156233585], [2; 640; 362.1608362579091], [2; 640; 375.10597426800274], [2; 640; 390.1259345024982], [2; 640; 407.8828742151541], [2; 660; 442.80756218678346], [2; 680; 484.81243986442456], [2; 680; 522.2483693014564], [2; 700; 591.7148455397471], [2; 700; 677.3444112195933], [2; 700; 853.4004817242148]];
Intervals[4.9E-324=3.3092647165754117, 3.3092647165754117=6.640890008173838, 6.640890008173838=9.995492752013106, 9.995492752013106=13.373720237205335, 13.373720237205335=16.776252352899977, 16.776252352899977=20.20380398561641, 20.20380398561641=27.110451316255563, 27.110451316255563=37.5501175286562, 37.5501175286562=48.07198922184743, 48.07198922184743=58.67871838359528, 58.67871838359528=72.93790779137248, 72.93790779137248=87.31794354917484, 87.31794354917484=105.44930082880899, 105.44930082880899=123.74255379331538, 123.74255379331538=142.20364414181466, 142.20364414181466=160.838906006164, 160.838906006164=183.4183436691499, 183.4183436691499=206.22359068869264, 206.22359068869264=229.26395992258043, 229.26395992258043=252.54945786550996, 252.54945786550996=276.09086089185456, 276.09086089185456=303.8679597440768, 303.8679597440768=331.97187797694454, 331.97187797694454=364.4823725188194, 364.4823725188194=397.4044359995845, 397.4044359995845=430.75973420828655, 430.75973420828655=473.02508031826846, 473.02508031826846=515.8942986733387, 515.8942986733387=559.4034504537012, 559.4034504537012=798.0245478035047, 798.0245478035047=1040.5581618090073, 1040.5581618090073=1296.4118432464952, 1296.4118432464952=1556.9184261882506, 1556.9184261882506=1831.9187446499727, 1831.9187446499727=2112.5328578695185, 2112.5328578695185=2399.249180300039, 2399.249180300039=2712.8692554856234, 2712.8692554856234=3034.3330615724058, 3034.3330615724058=3364.4892568917694, 3364.4892568917694=3715.325072515128, 3715.325072515128=4077.485908773037, 4077.485908773037=4452.59188304104, 4452.59188304104=4842.717817543538, 4842.717817543538=5250.600691758693, 5250.600691758693=5693.408253945477, 5693.408253945477=6178.220693809902, 6178.220693809902=6700.469063111358, 6700.469063111358=7292.183908651105, 7292.183908651105=7969.528319870698, 7969.528319870698=8822.928801594913];

Jobs: [[2; 10; 3.3092647165754117], [2; 10; 3.3316252915984266], [2; 10; 3.354602743839269], [2; 10; 3.378227485192228], [2; 10; 3.4025321156946413], [2; 10; 3.4275516327164346], [2; 20; 6.906647330639154], [2; 30; 10.439666212400635], [2; 30; 10.521871693191226], [2; 30; 10.60672916174785], [2; 40; 14.259189407777194], [2; 40; 14.380035757802364], [2; 50; 18.13135727963414], [2; 50; 18.2932529645064], [2; 50; 18.461090348499273], [2; 50; 18.63526186434934], [2; 60; 22.579437662985907], [2; 60; 22.80524701954276], [2; 60; 23.040369233887784], [2; 60; 23.28549794292953], [2; 60; 23.541403026344575], [2; 70; 27.777098852222256], [2; 70; 28.103918232867724], [2; 80; 32.51049454187485], [2; 80; 32.922063480765125], [2; 80; 33.35529820870202], [2; 100; 42.26534610998194], [2; 100; 42.86921835507017], [2; 100; 43.509151780362544], [2; 540; 238.62109734980348], [2; 540; 242.5336140055027], [2; 560; 255.8536814374878], [2; 560; 260.5065829417555], [2; 580; 275.00031846172203], [2; 580; 280.6141132195458], [2; 580; 286.71632243052056], [2; 620; 313.6200751855844], [2; 620; 321.4638060867823], [2; 620; 330.1561953193635], [2; 640; 350.8358156233585], [2; 640; 362.1608362579091], [2; 640; 375.10597426800274], [2; 640; 390.1259345024982], [2; 640; 407.8828742151541], [2; 660; 442.80756218678346], [2; 680; 484.81243986442456], [2; 680; 522.2483693014564], [2; 700; 591.7148455397471], [2; 700; 677.3444112195933], [2; 700; 853.4004817242148]];
Intervals[4.9E-324=3.3092647165754117, 3.3092647165754117=6.640890008173838, 6.640890008173838=9.995492752013106, 9.995492752013106=13.373720237205335, 13.373720237205335=16.776252352899977, 16.776252352899977=20.20380398561641, 20.20380398561641=27.110451316255563, 27.110451316255563=37.5501175286562, 37.5501175286562=48.07198922184743, 48.07198922184743=58.67871838359528, 58.67871838359528=72.93790779137248, 72.93790779137248=87.31794354917484, 87.31794354917484=105.44930082880899, 105.44930082880899=123.74255379331538, 123.74255379331538=142.20364414181466, 142.20364414181466=160.838906006164, 160.838906006164=183.4183436691499, 183.4183436691499=206.22359068869264, 206.22359068869264=229.26395992258043, 229.26395992258043=252.54945786550996, 252.54945786550996=276.09086089185456, 276.09086089185456=303.8679597440768, 303.8679597440768=331.97187797694454, 331.97187797694454=364.4823725188194, 364.4823725188194=397.4044359995845, 397.4044359995845=430.75973420828655, 430.75973420828655=473.02508031826846, 473.02508031826846=515.8942986733387, 515.8942986733387=559.4034504537012, 559.4034504537012=798.0245478035047, 798.0245478035047=1040.5581618090073, 1040.5581618090073=1296.4118432464952, 1296.4118432464952=1556.9184261882506, 1556.9184261882506=1831.9187446499727, 1831.9187446499727=2112.5328578695185, 2112.5328578695185=2399.249180300039, 2399.249180300039=2712.8692554856234, 2712.8692554856234=3034.3330615724058, 3034.3330615724058=3364.4892568917694, 3364.4892568917694=3715.325072515128, 3715.325072515128=4077.485908773037, 4077.485908773037=4452.59188304104, 4452.59188304104=4842.717817543538, 4842.717817543538=5250.600691758693, 5250.600691758693=5693.408253945477, 5693.408253945477=6178.220693809902, 6178.220693809902=6700.469063111358, 6700.469063111358=7292.183908651105, 7292.183908651105=7969.528319870698, 7969.528319870698=8822.928801594913];
