1.1716686113667922
1476722.312953438
1730229.181792512
[1; 20; 13.31904051186793]
[2; 30; 20.04560342049021]
[2; 30; 20.113555138201672]
[2; 30; 20.182437714011932]
[2; 30; 20.252273695101522]
[1; 60; 40.646172834068935]
[2; 30; 20.394900039974935]
[1; 80; 54.58063889859613]
[1; 80; 54.77768262524055]
[1; 80; 54.97760294701836]
[2; 40; 27.590237084394907]
[1; 80; 55.38637336806666]
[2; 50; 34.74711283189633]
[2; 50; 34.87973668554989]
[2; 50; 35.01440881939953]
[2; 60; 42.181422291014556]
[2; 60; 42.3481490133903]
[1; 120; 85.03508682545537]
[1; 140; 99.60925588423727]
[1; 140; 100.01749510153972]
[2; 70; 50.21625510423951]
[2; 70; 50.42725025085323]
[2; 80; 57.87638500509018]
[2; 90; 65.39158717332208]
[2; 100; 72.97460397562472]
[2; 100; 73.29750465878027]
[2; 100; 73.62619741712543]
[2; 520; 384.59650606108937]
[2; 520; 386.3688652253594]
[2; 520; 388.1743534345158]
[2; 520; 390.01406979687835]
[2; 540; 406.96182650606295]
[2; 540; 408.94703756390675]
[1; 1080; 821.9431216897534]
[2; 540; 413.0367792481966]
[2; 540; 415.1441462330546]
[1; 1080; 834.5903811433528]
[2; 540; 419.49152150269055]
[2; 540; 421.7348343254628]
[2; 540; 424.026916480936]
[1; 1080; 852.7393083401089]
[2; 540; 428.7650395671586]
[1; 1120; 894.3722224742795]
[2; 560; 449.7860889095643]
[2; 560; 452.44760699972136]
[1; 1120; 910.3465214784528]
[2; 560; 457.9658045889625]
[1; 1120; 921.6563303555055]
[1; 1120; 927.5269111195755]
[2; 560; 466.7749909535302]
[1; 1160; 973.2944913076897]
[2; 580; 489.93550246560176]
[2; 580; 493.3144747760189]
[2; 580; 496.78863483674684]
[1; 1160; 1000.7255533580177]
[1; 1160; 1008.0840937523596]
[2; 580; 507.83197900774985]
[1; 1160; 1023.4770647315188]
[1; 1160; 1031.536271077068]
[1; 1160; 1039.855471238441]
[1; 1160; 1048.449707845111]
[2; 600; 546.8975681979983]
[2; 600; 551.6534379397901]
[1; 1200; 1113.1583513946223]
[2; 600; 561.6856919093373]
[2; 600; 566.9849264910637]
[1; 1200; 1144.97995759759]
[1; 1200; 1156.430516790189]
[2; 600; 584.176660690164]
[2; 620; 610.0714982391817]
[2; 620; 616.7761174845451]
[1; 1240; 1247.571074129813]
[2; 620; 631.1248637513881]
[2; 620; 638.8222670479983]
[2; 620; 646.9094833851651]
[2; 620; 655.4224265121328]
[2; 620; 664.4019317459424]
[2; 640; 695.6332081894961]
[2; 640; 706.0173243162875]
[2; 640; 717.050627122793]
[1; 1280; 1457.6152901188252]
[1; 1280; 1482.7515279087286]
[1; 1280; 1509.7165368775263]
[2; 660; 793.4213926567188]
[2; 660; 809.6181188269157]
[2; 660; 827.2240014583869]
[1; 1320; 1692.9372600922227]
[2; 680; 893.9311537671604]
[1; 1360; 1836.2061483558716]
[2; 680; 945.1214690275802]
[2; 680; 975.6300991680818]
[2; 700; 1040.223867914429]
[2; 700; 1081.8764200006422]
[2; 700; 1131.1190174993033]
[1; 1400; 2381.518154091126]
[1; 1400; 2530.740674108889]
[2; 700; 1363.078874943716]
[1; 1400; 3000.5248530461918]
[2; 700; 1717.371767208609]
[1; 1400; 4327.505680002569]


Jobs: [[1; 20; 13.31904051186793], [2; 30; 20.04560342049021], [2; 30; 20.113555138201672], [2; 30; 20.182437714011932], [2; 30; 20.252273695101522], [1; 60; 40.646172834068935], [2; 30; 20.394900039974935], [1; 80; 54.58063889859613], [1; 80; 54.97760294701836], [2; 40; 27.590237084394907], [1; 80; 55.38637336806666], [2; 50; 34.74711283189633], [2; 50; 34.87973668554989], [2; 50; 35.01440881939953], [2; 60; 42.181422291014556], [2; 60; 42.3481490133903], [1; 120; 85.03508682545537], [1; 140; 100.01749510153972], [2; 70; 50.21625510423951], [2; 70; 50.42725025085323], [2; 80; 57.87638500509018], [2; 90; 65.39158717332208], [2; 100; 72.97460397562472], [2; 100; 73.29750465878027], [2; 100; 73.62619741712543], [2; 520; 384.59650606108937], [2; 520; 386.3688652253594], [2; 520; 388.1743534345158], [2; 520; 390.01406979687835], [2; 540; 406.96182650606295], [2; 540; 408.94703756390675], [1; 1080; 821.9431216897534], [2; 540; 413.0367792481966], [2; 540; 415.1441462330546], [1; 1080; 834.5903811433528], [2; 540; 419.49152150269055], [2; 540; 421.7348343254628], [2; 540; 424.026916480936], [1; 1080; 852.7393083401089], [2; 540; 428.7650395671586], [1; 1120; 894.3722224742795], [2; 560; 449.7860889095643], [2; 560; 452.44760699972136], [1; 1120; 910.3465214784528], [2; 560; 457.9658045889625], [1; 1120; 921.6563303555055], [2; 560; 466.7749909535302], [1; 1160; 973.2944913076897], [2; 580; 489.93550246560176], [2; 580; 493.3144747760189], [2; 580; 496.78863483674684], [1; 1160; 1000.7255533580177], [2; 580; 507.83197900774985], [1; 1160; 1023.4770647315188], [1; 1160; 1039.855471238441], [2; 600; 546.8975681979983], [2; 600; 551.6534379397901], [1; 1200; 1113.1583513946223], [2; 600; 561.6856919093373], [2; 600; 566.9849264910637], [1; 1200; 1144.97995759759], [2; 600; 584.176660690164], [2; 620; 610.0714982391817], [2; 620; 616.7761174845451], [1; 1240; 1247.571074129813], [2; 620; 631.1248637513881], [2; 620; 638.8222670479983], [2; 620; 646.9094833851651], [2; 620; 655.4224265121328], [2; 620; 664.4019317459424], [2; 640; 695.6332081894961], [2; 640; 706.0173243162875], [2; 640; 717.050627122793], [1; 1280; 1457.6152901188252], [1; 1280; 1509.7165368775263], [2; 660; 793.4213926567188], [2; 660; 809.6181188269157], [2; 660; 827.2240014583869], [1; 1320; 1692.9372600922227], [2; 680; 893.9311537671604], [1; 1360; 1836.2061483558716], [2; 680; 945.1214690275802], [2; 680; 975.6300991680818], [2; 700; 1040.223867914429], [2; 700; 1081.8764200006422], [2; 700; 1131.1190174993033], [1; 1400; 2381.518154091126], [2; 700; 1363.078874943716], [1; 1400; 3000.5248530461918], [2; 700; 1717.371767208609], [1; 1400; 4327.505680002569]];
Intervals[0.0=13.31904051186793, 13.31904051186793=33.36464393235814, 33.36464393235814=53.47819907055981, 53.47819907055981=73.66063678457175, 73.66063678457175=93.91291047967327, 93.91291047967327=134.5590833137422, 134.5590833137422=154.95398335371715, 154.95398335371715=209.53462225231328, 209.53462225231328=264.5122251993316, 264.5122251993316=292.10246228372654, 292.10246228372654=347.4888356517932, 347.4888356517932=382.2359484836895, 382.2359484836895=417.11568516923944, 417.11568516923944=452.130093988639, 452.130093988639=494.3115162796535, 494.3115162796535=536.6596652930439, 536.6596652930439=621.6947521184992, 621.6947521184992=721.7122472200389, 721.7122472200389=771.9285023242784, 771.9285023242784=822.3557525751316, 822.3557525751316=880.2321375802218, 880.2321375802218=945.6237247535439, 945.6237247535439=1018.5983287291687, 1018.5983287291687=1091.8958333879489, 1091.8958333879489=1165.5220308050743, 1165.5220308050743=1550.1185368661636, 1550.1185368661636=1936.487402091523, 1936.487402091523=2324.661755526039, 2324.661755526039=2714.6758253229173, 2714.6758253229173=3121.6376518289803, 3121.6376518289803=3530.584689392887, 3530.584689392887=4352.52781108264, 4352.52781108264=4765.564590330837, 4765.564590330837=5180.708736563892, 5180.708736563892=6015.2991177072445, 6015.2991177072445=6434.790639209935, 6434.790639209935=6856.525473535397, 6856.525473535397=7280.552390016333, 7280.552390016333=8133.291698356443, 8133.291698356443=8562.056737923602, 8562.056737923602=9456.428960397881, 9456.428960397881=9906.215049307446, 9906.215049307446=10358.662656307168, 10358.662656307168=11269.009177785621, 11269.009177785621=11726.974982374584, 11726.974982374584=12648.63131273009, 12654.50189349416=13121.27688444769, 13121.27688444769=14094.57137575538, 14094.57137575538=14584.506878220982, 14584.506878220982=15077.821352997002, 15077.821352997002=15574.609987833748, 15574.609987833748=16575.335541191766, 16582.69408158611=17090.52606059386, 17090.52606059386=18114.00312532538, 18114.00312532538=19153.85859656382, 19170.512039516037=19717.409607714035, 19717.409607714035=20269.063045653824, 20269.063045653824=21382.221397048444, 21382.221397048444=21943.90708895778, 21943.90708895778=22510.892015448844, 22510.892015448844=23655.871973046433, 23667.32253223903=24251.499192929197, 24251.499192929197=24861.570691168377, 24861.570691168377=25478.34680865292, 25478.34680865292=26725.917882782735, 26725.917882782735=27357.042746534124, 27357.042746534124=27995.865013582123, 27995.865013582123=28642.77449696729, 28642.77449696729=29298.196923479423, 29298.196923479423=29962.598855225366, 29962.598855225366=30658.232063414864, 30658.232063414864=31364.24938773115, 31364.24938773115=32081.300014853943, 32081.300014853943=33538.91530497277, 33538.91530497277=35048.63184185029, 35048.63184185029=35842.05323450701, 35842.05323450701=36651.67135333393, 36651.67135333393=37478.895354792316, 37478.895354792316=39171.83261488454, 39171.83261488454=40065.7637686517, 40065.7637686517=41901.96991700757, 41901.96991700757=42847.09138603515, 42847.09138603515=43822.721485203234, 43822.721485203234=44862.94535311766, 44862.94535311766=45944.8217731183, 45944.8217731183=47075.940790617606, 47075.940790617606=49457.458944708735, 49606.6814647265=50969.76033967022, 50969.76033967022=53970.28519271641, 53970.28519271641=55687.656959925014, 55687.656959925014=60015.162639927585];

Jobs: [[2; 30; 20.04560342049021], [2; 30; 20.113555138201672], [2; 30; 20.182437714011932], [2; 30; 20.252273695101522], [2; 30; 20.394900039974935], [1; 80; 54.77768262524055], [2; 40; 27.590237084394907], [2; 50; 34.74711283189633], [2; 50; 34.87973668554989], [2; 50; 35.01440881939953], [2; 60; 42.181422291014556], [2; 60; 42.3481490133903], [1; 140; 99.60925588423727], [2; 70; 50.21625510423951], [2; 70; 50.42725025085323], [2; 80; 57.87638500509018], [2; 90; 65.39158717332208], [2; 100; 72.97460397562472], [2; 100; 73.29750465878027], [2; 100; 73.62619741712543], [2; 520; 384.59650606108937], [2; 520; 386.3688652253594], [2; 520; 388.1743534345158], [2; 520; 390.01406979687835], [2; 540; 406.96182650606295], [2; 540; 408.94703756390675], [2; 540; 413.0367792481966], [2; 540; 415.1441462330546], [2; 540; 419.49152150269055], [2; 540; 421.7348343254628], [2; 540; 424.026916480936], [2; 540; 428.7650395671586], [2; 560; 449.7860889095643], [2; 560; 452.44760699972136], [2; 560; 457.9658045889625], [1; 1120; 927.5269111195755], [2; 560; 466.7749909535302], [2; 580; 489.93550246560176], [2; 580; 493.3144747760189], [2; 580; 496.78863483674684], [1; 1160; 1008.0840937523596], [2; 580; 507.83197900774985], [1; 1160; 1031.536271077068], [1; 1160; 1048.449707845111], [2; 600; 546.8975681979983], [2; 600; 551.6534379397901], [2; 600; 561.6856919093373], [2; 600; 566.9849264910637], [1; 1200; 1156.430516790189], [2; 600; 584.176660690164], [2; 620; 610.0714982391817], [2; 620; 616.7761174845451], [2; 620; 631.1248637513881], [2; 620; 638.8222670479983], [2; 620; 646.9094833851651], [2; 620; 655.4224265121328], [2; 620; 664.4019317459424], [2; 640; 695.6332081894961], [2; 640; 706.0173243162875], [2; 640; 717.050627122793], [1; 1280; 1482.7515279087286], [2; 660; 793.4213926567188], [2; 660; 809.6181188269157], [2; 660; 827.2240014583869], [2; 680; 893.9311537671604], [2; 680; 945.1214690275802], [2; 680; 975.6300991680818], [2; 700; 1040.223867914429], [2; 700; 1081.8764200006422], [2; 700; 1131.1190174993033], [1; 1400; 2530.740674108889], [2; 700; 1363.078874943716], [2; 700; 1717.371767208609]];
Intervals[13.31904051186793=33.36464393235814, 33.36464393235814=53.47819907055981, 53.47819907055981=73.66063678457175, 73.66063678457175=93.91291047967327, 134.5590833137422=154.95398335371715, 154.95398335371715=209.7316659789577, 264.5122251993316=292.10246228372654, 347.4888356517932=382.2359484836895, 382.2359484836895=417.11568516923944, 417.11568516923944=452.130093988639, 452.130093988639=494.3115162796535, 494.3115162796535=536.6596652930439, 536.6596652930439=636.2689211772812, 721.7122472200389=771.9285023242784, 771.9285023242784=822.3557525751316, 822.3557525751316=880.2321375802218, 880.2321375802218=945.6237247535439, 945.6237247535439=1018.5983287291687, 1018.5983287291687=1091.8958333879489, 1091.8958333879489=1165.5220308050743, 1165.5220308050743=1550.1185368661636, 1550.1185368661636=1936.487402091523, 1936.487402091523=2324.661755526039, 2324.661755526039=2714.6758253229173, 2714.6758253229173=3121.6376518289803, 3121.6376518289803=3530.584689392887, 4352.52781108264=4765.564590330837, 4765.564590330837=5180.708736563892, 6015.2991177072445=6434.790639209935, 6434.790639209935=6856.525473535397, 6856.525473535397=7280.552390016333, 8133.291698356443=8562.056737923602, 9456.428960397881=9906.215049307446, 9906.215049307446=10358.662656307168, 11269.009177785621=11726.974982374584, 11726.974982374584=12654.50189349416, 12654.50189349416=13121.27688444769, 14094.57137575538=14584.506878220982, 14584.506878220982=15077.821352997002, 15077.821352997002=15574.609987833748, 15574.609987833748=16582.69408158611, 16582.69408158611=17090.52606059386, 17090.52606059386=18122.062331670928, 18122.062331670928=19170.512039516037, 19170.512039516037=19717.409607714035, 19717.409607714035=20269.063045653824, 21382.221397048444=21943.90708895778, 21943.90708895778=22510.892015448844, 22510.892015448844=23667.32253223903, 23667.32253223903=24251.499192929197, 24251.499192929197=24861.570691168377, 24861.570691168377=25478.34680865292, 26725.917882782735=27357.042746534124, 27357.042746534124=27995.865013582123, 27995.865013582123=28642.77449696729, 28642.77449696729=29298.196923479423, 29298.196923479423=29962.598855225366, 29962.598855225366=30658.232063414864, 30658.232063414864=31364.24938773115, 31364.24938773115=32081.300014853943, 32081.300014853943=33564.051542762674, 35048.63184185029=35842.05323450701, 35842.05323450701=36651.67135333393, 36651.67135333393=37478.895354792316, 39171.83261488454=40065.7637686517, 41901.96991700757=42847.09138603515, 42847.09138603515=43822.721485203234, 43822.721485203234=44862.94535311766, 44862.94535311766=45944.8217731183, 45944.8217731183=47075.940790617606, 47075.940790617606=49606.6814647265, 49606.6814647265=50969.76033967022, 53970.28519271641=55687.656959925014];
