1.0456596742248239
116736.62187287927
122066.77799770139
[1; 10; 2.8581106555316023]
[1; 10; 2.867701702767216]
[2; 10; 2.8774227998327175]
[2; 10; 2.8872770644212378]
[1; 30; 8.691803166321954]
[1; 30; 8.722194333752283]
[1; 30; 8.75301506453324]
[2; 20; 5.856184065316067]
[2; 20; 5.877325707397051]
[1; 40; 11.797551982700725]
[2; 20; 5.920542889653926]
[2; 20; 5.942634672274986]
[2; 20; 5.965059921264486]
[2; 20; 5.9878275462427055]
[2; 30; 9.01642020126242]
[2; 30; 9.05164095026235]
[2; 30; 9.087418559119335]
[2; 30; 9.123768620319476]
[2; 30; 9.16070735764559]
[1; 60; 18.396503319626667]
[2; 30; 9.236419116340578]
[1; 70; 21.642198796932593]
[1; 80; 24.83919356492726]
[2; 40; 12.473130188864177]
[2; 40; 12.527598697223633]
[1; 90; 28.311820361567648]
[1; 100; 31.598645439460036]
[2; 50; 15.871138809972614]
[1; 110; 35.07741320955307]
[1; 120; 38.445085893850475]
[2; 60; 19.31364640719452]
[2; 60; 19.40650190388321]
[1; 120; 39.002338529916734]
[1; 120; 39.195422560642236]
[1; 120; 39.39238779062488]
[2; 60; 19.796686420016638]
[2; 60; 19.899261755917777]
[1; 130; 43.341992723563266]
[1; 130; 43.57377249277762]
[1; 130; 43.81059112441161]
[1; 140; 47.44130838604295]
[2; 70; 23.853919091468157]
[2; 70; 23.99023015948018]
[2; 70; 24.1297113759214]
[1; 160; 55.47998641422603]
[1; 160; 55.814211261696]
[2; 80; 28.078319150875057]
[2; 90; 31.78553985179046]
[1; 180; 63.97600195645044]
[2; 90; 32.195721090636226]
[2; 90; 32.408944000497904]
[2; 90; 32.62792999461014]
[2; 90; 32.85295731237582]
[2; 90; 33.08432378955708]
[2; 90; 33.32234869127019]
[2; 100; 37.29708306740199]
[2; 100; 37.57752279342691]
[2; 100; 37.86659202089297]
[1; 200; 76.32953287893191]
[1; 200; 76.94512021216345]
[2; 100; 38.79052956776299]
[2; 100; 39.119278543581416]
[2; 100; 39.459463258169116]
[2; 110; 43.792978391074364]
[2; 110; 44.194771278576404]
[2; 110; 44.61172770752657]
[2; 110; 45.04487836655397]
[2; 110; 45.49535703444425]
[2; 120; 50.14299752729765]
[2; 120; 50.67647371105914]
[2; 120; 51.233402631539725]
[2; 130; 56.13362108668213]
[2; 130; 56.79407721907153]
[2; 130; 57.48675618376247]
[2; 130; 58.21451389942319]
[2; 130; 58.98058219602101]
[2; 130; 59.788635788786664]
[2; 140; 65.30771107477274]
[2; 140; 66.28259675848014]
[2; 140; 67.31842964196642]
[2; 150; 73.3095071084911]
[2; 150; 74.5737125647809]
[2; 160; 80.99188746060766]
[2; 160; 82.54980428214624]
[2; 160; 84.23495745262515]
[2; 170; 91.44589344705642]
[2; 170; 93.57330059694407]
[2; 170; 95.9135965393674]
[2; 170; 98.50710255164883]
[2; 170; 101.40601866149628]
[2; 170; 104.67941665185987]
[2; 180; 114.79880686762823]
[2; 180; 119.39557053550665]
[2; 180; 124.82996943200858]
[2; 190; 138.71248643003125]
[2; 200; 155.16211827105195]
[2; 200; 167.14332509099216]
[2; 200; 183.96503319626666]
[2; 200; 210.5873936315629]
[2; 200; 265.32349007890366]


Jobs: [[1; 10; 2.8581106555316023], [2; 10; 2.8774227998327175], [2; 10; 2.8872770644212378], [1; 30; 8.691803166321954], [1; 30; 8.75301506453324], [2; 20; 5.856184065316067], [2; 20; 5.877325707397051], [1; 40; 11.797551982700725], [2; 20; 5.920542889653926], [2; 20; 5.942634672274986], [2; 20; 5.965059921264486], [2; 20; 5.9878275462427055], [2; 30; 9.01642020126242], [2; 30; 9.05164095026235], [2; 30; 9.087418559119335], [2; 30; 9.123768620319476], [2; 30; 9.16070735764559], [1; 60; 18.396503319626667], [2; 30; 9.236419116340578], [1; 70; 21.642198796932593], [2; 40; 12.473130188864177], [2; 40; 12.527598697223633], [1; 90; 28.311820361567648], [2; 50; 15.871138809972614], [1; 110; 35.07741320955307], [2; 60; 19.31364640719452], [2; 60; 19.40650190388321], [1; 120; 39.002338529916734], [1; 120; 39.39238779062488], [2; 60; 19.796686420016638], [2; 60; 19.899261755917777], [1; 130; 43.341992723563266], [1; 130; 43.81059112441161], [2; 70; 23.853919091468157], [2; 70; 23.99023015948018], [2; 70; 24.1297113759214], [1; 160; 55.47998641422603], [2; 80; 28.078319150875057], [2; 90; 31.78553985179046], [1; 180; 63.97600195645044], [2; 90; 32.195721090636226], [2; 90; 32.408944000497904], [2; 90; 32.62792999461014], [2; 90; 32.85295731237582], [2; 90; 33.08432378955708], [2; 90; 33.32234869127019], [2; 100; 37.29708306740199], [2; 100; 37.57752279342691], [2; 100; 37.86659202089297], [1; 200; 76.32953287893191], [2; 100; 38.79052956776299], [2; 100; 39.119278543581416], [2; 100; 39.459463258169116], [2; 110; 43.792978391074364], [2; 110; 44.194771278576404], [2; 110; 44.61172770752657], [2; 110; 45.04487836655397], [2; 110; 45.49535703444425], [2; 120; 50.14299752729765], [2; 120; 50.67647371105914], [2; 120; 51.233402631539725], [2; 130; 56.13362108668213], [2; 130; 56.79407721907153], [2; 130; 57.48675618376247], [2; 130; 58.21451389942319], [2; 130; 58.98058219602101], [2; 130; 59.788635788786664], [2; 140; 65.30771107477274], [2; 140; 66.28259675848014], [2; 140; 67.31842964196642], [2; 150; 73.3095071084911], [2; 150; 74.5737125647809], [2; 160; 80.99188746060766], [2; 160; 82.54980428214624], [2; 160; 84.23495745262515], [2; 170; 91.44589344705642], [2; 170; 93.57330059694407], [2; 170; 95.9135965393674], [2; 170; 98.50710255164883], [2; 170; 101.40601866149628], [2; 170; 104.67941665185987], [2; 180; 114.79880686762823], [2; 180; 119.39557053550665], [2; 180; 124.82996943200858], [2; 190; 138.71248643003125], [2; 200; 155.16211827105195], [2; 200; 167.14332509099216], [2; 200; 183.96503319626666], [2; 200; 210.5873936315629], [2; 200; 265.32349007890366]];
Intervals[0.0=2.8581106555316023, 2.867701702767216=5.745124502599934, 5.745124502599934=8.632401567021171, 8.632401567021171=17.324204733343123, 17.324204733343123=26.077219797876364, 26.077219797876364=31.93340386319243, 31.93340386319243=37.81072957058948, 37.81072957058948=49.608281553290205, 49.608281553290205=55.52882444294413, 55.52882444294413=61.47145911521911, 61.47145911521911=67.4365190364836, 67.4365190364836=73.42434658272632, 73.42434658272632=82.44076678398874, 82.44076678398874=91.49240773425109, 91.49240773425109=100.57982629337042, 100.57982629337042=109.7035949136899, 109.7035949136899=118.86430227133549, 118.86430227133549=137.26080559096215, 137.26080559096215=146.49722470730273, 146.49722470730273=168.13942350423534, 171.33641827223=183.80954846109418, 183.80954846109418=196.3371471583178, 196.3371471583178=224.64896751988545, 227.93579259777783=243.80693140775045, 243.80693140775045=278.88434461730355, 282.2520173016009=301.56566370879546, 301.56566370879546=320.9721656126787, 320.9721656126787=359.97450414259544, 359.97450414259544=399.3668919332203, 399.3668919332203=419.1635783532369, 419.1635783532369=439.0628401091547, 439.0628401091547=482.40483283271794, 482.40483283271794=526.2154239571296, 530.0779209879753=553.9318400794434, 553.9318400794434=577.9220702389237, 577.9220702389237=602.051781614845, 602.051781614845=657.531768029071, 657.865992876541=685.944312027416, 685.944312027416=717.7298518792064, 717.7298518792064=781.7058538356569, 781.7058538356569=813.901574926293, 813.901574926293=846.3105189267909, 846.3105189267909=878.938448921401, 878.938448921401=911.7914062337768, 911.7914062337768=944.8757300233339, 944.8757300233339=978.1980787146041, 978.1980787146041=1015.4951617820061, 1015.4951617820061=1053.072684575433, 1053.072684575433=1090.939276596326, 1090.939276596326=1167.268809475258, 1167.8843968084893=1206.6749263762524, 1206.6749263762524=1245.7942049198339, 1245.7942049198339=1285.253668178003, 1285.253668178003=1329.0466465690772, 1329.0466465690772=1373.2414178476536, 1373.2414178476536=1417.8531455551802, 1417.8531455551802=1462.8980239217342, 1462.8980239217342=1508.3933809561784, 1508.3933809561784=1558.536378483476, 1558.536378483476=1609.2128521945351, 1609.2128521945351=1660.446254826075, 1660.446254826075=1716.579875912757, 1716.579875912757=1773.3739531318286, 1773.3739531318286=1830.860709315591, 1830.860709315591=1889.0752232150141, 1889.0752232150141=1948.0558054110352, 1948.0558054110352=2007.8444411998219, 2007.8444411998219=2073.1521522745948, 2073.1521522745948=2139.4347490330747, 2139.4347490330747=2206.753178675041, 2206.753178675041=2280.0626857835323, 2280.0626857835323=2354.6363983483134, 2354.6363983483134=2435.628285808921, 2435.628285808921=2518.1780900910676, 2518.1780900910676=2602.4130475436928, 2602.4130475436928=2693.858940990749, 2693.858940990749=2787.432241587693, 2787.432241587693=2883.3458381270607, 2883.3458381270607=2981.8529406787097, 2981.8529406787097=3083.258959340206, 3083.258959340206=3187.9383759920656, 3187.9383759920656=3302.737182859694, 3302.737182859694=3422.1327533952003, 3422.1327533952003=3546.962722827209, 3546.962722827209=3685.67520925724, 3685.67520925724=3840.837327528292, 3840.837327528292=4007.9806526192842, 4007.9806526192842=4191.945685815551, 4191.945685815551=4402.533079447114, 4402.533079447114=4667.856569526018];

Jobs: [[1; 10; 2.867701702767216], [2; 10; 2.8774227998327175], [2; 10; 2.8872770644212378], [1; 30; 8.722194333752283], [2; 20; 5.856184065316067], [2; 20; 5.877325707397051], [2; 20; 5.920542889653926], [2; 20; 5.942634672274986], [2; 20; 5.965059921264486], [2; 20; 5.9878275462427055], [2; 30; 9.01642020126242], [2; 30; 9.05164095026235], [2; 30; 9.087418559119335], [2; 30; 9.123768620319476], [2; 30; 9.16070735764559], [2; 30; 9.236419116340578], [1; 80; 24.83919356492726], [2; 40; 12.473130188864177], [2; 40; 12.527598697223633], [1; 100; 31.598645439460036], [2; 50; 15.871138809972614], [1; 120; 38.445085893850475], [2; 60; 19.31364640719452], [2; 60; 19.40650190388321], [1; 120; 39.195422560642236], [2; 60; 19.796686420016638], [2; 60; 19.899261755917777], [1; 130; 43.57377249277762], [1; 140; 47.44130838604295], [2; 70; 23.853919091468157], [2; 70; 23.99023015948018], [2; 70; 24.1297113759214], [1; 160; 55.814211261696], [2; 80; 28.078319150875057], [2; 90; 31.78553985179046], [2; 90; 32.195721090636226], [2; 90; 32.408944000497904], [2; 90; 32.62792999461014], [2; 90; 32.85295731237582], [2; 90; 33.08432378955708], [2; 90; 33.32234869127019], [2; 100; 37.29708306740199], [2; 100; 37.57752279342691], [2; 100; 37.86659202089297], [1; 200; 76.94512021216345], [2; 100; 38.79052956776299], [2; 100; 39.119278543581416], [2; 100; 39.459463258169116], [2; 110; 43.792978391074364], [2; 110; 44.194771278576404], [2; 110; 44.61172770752657], [2; 110; 45.04487836655397], [2; 110; 45.49535703444425], [2; 120; 50.14299752729765], [2; 120; 50.67647371105914], [2; 120; 51.233402631539725], [2; 130; 56.13362108668213], [2; 130; 56.79407721907153], [2; 130; 57.48675618376247], [2; 130; 58.21451389942319], [2; 130; 58.98058219602101], [2; 130; 59.788635788786664], [2; 140; 65.30771107477274], [2; 140; 66.28259675848014], [2; 140; 67.31842964196642], [2; 150; 73.3095071084911], [2; 150; 74.5737125647809], [2; 160; 80.99188746060766], [2; 160; 82.54980428214624], [2; 160; 84.23495745262515], [2; 170; 91.44589344705642], [2; 170; 93.57330059694407], [2; 170; 95.9135965393674], [2; 170; 98.50710255164883], [2; 170; 101.40601866149628], [2; 170; 104.67941665185987], [2; 180; 114.79880686762823], [2; 180; 119.39557053550665], [2; 180; 124.82996943200858], [2; 190; 138.71248643003125], [2; 200; 155.16211827105195], [2; 200; 167.14332509099216], [2; 200; 183.96503319626666], [2; 200; 210.5873936315629], [2; 200; 265.32349007890366]];
Intervals[0.0=2.867701702767216, 2.867701702767216=5.745124502599934, 5.745124502599934=8.632401567021171, 8.632401567021171=17.354595900773454, 26.077219797876364=31.93340386319243, 31.93340386319243=37.81072957058948, 49.608281553290205=55.52882444294413, 55.52882444294413=61.47145911521911, 61.47145911521911=67.4365190364836, 67.4365190364836=73.42434658272632, 73.42434658272632=82.44076678398874, 82.44076678398874=91.49240773425109, 91.49240773425109=100.57982629337042, 100.57982629337042=109.7035949136899, 109.7035949136899=118.86430227133549, 137.26080559096215=146.49722470730273, 146.49722470730273=171.33641827223, 171.33641827223=183.80954846109418, 183.80954846109418=196.3371471583178, 196.3371471583178=227.93579259777783, 227.93579259777783=243.80693140775045, 243.80693140775045=282.2520173016009, 282.2520173016009=301.56566370879546, 301.56566370879546=320.9721656126787, 320.9721656126787=360.1675881733209, 399.3668919332203=419.1635783532369, 419.1635783532369=439.0628401091547, 439.0628401091547=482.6366126019323, 482.6366126019323=530.0779209879753, 530.0779209879753=553.9318400794434, 553.9318400794434=577.9220702389237, 577.9220702389237=602.051781614845, 602.051781614845=657.865992876541, 657.865992876541=685.944312027416, 685.944312027416=717.7298518792064, 781.7058538356569=813.901574926293, 813.901574926293=846.3105189267909, 846.3105189267909=878.938448921401, 878.938448921401=911.7914062337768, 911.7914062337768=944.8757300233339, 944.8757300233339=978.1980787146041, 978.1980787146041=1015.4951617820061, 1015.4951617820061=1053.072684575433, 1053.072684575433=1090.939276596326, 1090.939276596326=1167.8843968084893, 1167.8843968084893=1206.6749263762524, 1206.6749263762524=1245.7942049198339, 1245.7942049198339=1285.253668178003, 1285.253668178003=1329.0466465690772, 1329.0466465690772=1373.2414178476536, 1373.2414178476536=1417.8531455551802, 1417.8531455551802=1462.8980239217342, 1462.8980239217342=1508.3933809561784, 1508.3933809561784=1558.536378483476, 1558.536378483476=1609.2128521945351, 1609.2128521945351=1660.446254826075, 1660.446254826075=1716.579875912757, 1716.579875912757=1773.3739531318286, 1773.3739531318286=1830.860709315591, 1830.860709315591=1889.0752232150141, 1889.0752232150141=1948.0558054110352, 1948.0558054110352=2007.8444411998219, 2007.8444411998219=2073.1521522745948, 2073.1521522745948=2139.4347490330747, 2139.4347490330747=2206.753178675041, 2206.753178675041=2280.0626857835323, 2280.0626857835323=2354.6363983483134, 2354.6363983483134=2435.628285808921, 2435.628285808921=2518.1780900910676, 2518.1780900910676=2602.4130475436928, 2602.4130475436928=2693.858940990749, 2693.858940990749=2787.432241587693, 2787.432241587693=2883.3458381270607, 2883.3458381270607=2981.8529406787097, 2981.8529406787097=3083.258959340206, 3083.258959340206=3187.9383759920656, 3187.9383759920656=3302.737182859694, 3302.737182859694=3422.1327533952003, 3422.1327533952003=3546.962722827209, 3546.962722827209=3685.67520925724, 3685.67520925724=3840.837327528292, 3840.837327528292=4007.9806526192842, 4007.9806526192842=4191.945685815551, 4191.945685815551=4402.533079447114, 4402.533079447114=4667.856569526018];
