1.1748125280741843
10627.44538603955
12485.25598094345
[1; 20; 3.23986031872948]
[1; 20; 3.261751930892803]
[1; 20; 3.284247482659253]
[1; 20; 3.307376748101912]
[2; 10; 1.6655858217727628]
[2; 10; 1.6778332161843783]
[1; 20; 3.3808979544484807]
[1; 40; 6.813811767696734]
[1; 40; 6.867466037956326]
[2; 20; 3.461425610200155]
[2; 20; 3.490033730764274]
[1; 40; 7.039223396100475]
[1; 60; 10.650655660291282]
[2; 30; 5.372877916051186]
[1; 60; 10.84434625510617]
[2; 40; 7.297771633804846]
[2; 40; 7.368628216928854]
[1; 80; 14.884638775367392]
[1; 80; 15.038099477879893]
[1; 80; 15.198091267682996]
[2; 50; 9.603197895976606]
[1; 100; 19.424668975554003]
[1; 100; 19.653215459749774]
[2; 50; 9.946456221162073]
[2; 50; 10.072374097538559]
[1; 100; 20.40984107143192]
[1; 120; 24.827355218799838]
[1; 140; 29.37909292161136]
[1; 140; 29.81765150249312]
[1; 140; 30.283627572307623]
[1; 140; 30.780168735631314]
[1; 140; 31.310965610360245]
[2; 80; 18.21736015887587]
[1; 160; 37.13555919743196]
[2; 80; 18.946818082593975]
[2; 80; 19.358833880715338]
[1; 160; 39.618399769372935]
[1; 180; 45.685426132456946]
[2; 90; 23.46038059003744]
[1; 180; 48.30156872539788]
[2; 90; 24.930374470288683]
[1; 180; 51.64297995978881]
[2; 90; 26.855431797137594]
[2; 90; 28.07778140582802]
[2; 90; 29.55822734393327]
[2; 100; 34.90033730764274]
[2; 100; 37.595248694699734]
[2; 100; 41.3789253646664]
[1; 200; 94.73409041296989]
[2; 100; 59.67873732697243]


Jobs: [[1; 20; 3.23986031872948], [1; 20; 3.284247482659253], [2; 10; 1.6655858217727628], [2; 10; 1.6778332161843783], [1; 20; 3.3808979544484807], [1; 40; 6.867466037956326], [2; 20; 3.461425610200155], [2; 20; 3.490033730764274], [1; 40; 7.039223396100475], [2; 30; 5.372877916051186], [1; 60; 10.84434625510617], [2; 40; 7.297771633804846], [2; 40; 7.368628216928854], [1; 80; 14.884638775367392], [1; 80; 15.198091267682996], [2; 50; 9.603197895976606], [1; 100; 19.424668975554003], [2; 50; 9.946456221162073], [2; 50; 10.072374097538559], [1; 100; 20.40984107143192], [1; 140; 29.37909292161136], [1; 140; 30.283627572307623], [1; 140; 31.310965610360245], [2; 80; 18.21736015887587], [1; 160; 37.13555919743196], [2; 80; 18.946818082593975], [2; 80; 19.358833880715338], [1; 160; 39.618399769372935], [2; 90; 23.46038059003744], [1; 180; 48.30156872539788], [2; 90; 24.930374470288683], [1; 180; 51.64297995978881], [2; 90; 26.855431797137594], [2; 90; 28.07778140582802], [2; 90; 29.55822734393327], [2; 100; 34.90033730764274], [2; 100; 37.595248694699734], [2; 100; 41.3789253646664], [1; 200; 94.73409041296989], [2; 100; 59.67873732697243]];
Intervals[0.0=3.23986031872948, 3.23986031872948=6.524107801388733, 6.569128678994716=8.234714500767478, 8.234714500767478=9.912547716951856, 9.912547716951856=13.293445671400336, 13.293445671400336=20.16091170935666, 20.16091170935666=23.622337319556816, 23.622337319556816=27.11237105032109, 27.11237105032109=34.15159444642157, 37.76302671061237=43.13590462666356, 43.13590462666356=53.980250881769734, 53.980250881769734=61.27802251557458, 61.27802251557458=68.64665073250343, 68.64665073250343=83.53128950787082, 83.53128950787082=98.72938077555382, 98.72938077555382=108.33257867153043, 108.33257867153043=127.75724764708443, 127.9857941312802=137.93225035244228, 137.93225035244228=148.00462444998084, 148.00462444998084=168.41446552141275, 168.41446552141275=197.7935584430241, 197.7935584430241=228.07718601533173, 228.07718601533173=259.388151625692, 259.388151625692=277.60551178456785, 277.60551178456785=314.7410709819998, 314.7410709819998=333.6878890645938, 333.6878890645938=353.0467229453091, 353.0467229453091=392.66512271468207, 398.73214907776605=422.1925296678035, 422.1925296678035=470.4940983932014, 470.4940983932014=495.4244728634901, 495.4244728634901=547.0674528232789, 547.0674528232789=573.9228846204165, 573.9228846204165=602.0006660262445, 602.0006660262445=631.5588933701778, 631.5588933701778=666.4592306778205, 666.4592306778205=704.0544793725203, 704.0544793725203=745.4334047371867, 745.4334047371867=840.1674951501566, 840.1674951501566=899.846232477129];

Jobs: [[1; 20; 3.261751930892803], [1; 20; 3.307376748101912], [2; 10; 1.6655858217727628], [2; 10; 1.6778332161843783], [1; 40; 6.813811767696734], [2; 20; 3.461425610200155], [2; 20; 3.490033730764274], [1; 60; 10.650655660291282], [2; 30; 5.372877916051186], [2; 40; 7.297771633804846], [2; 40; 7.368628216928854], [1; 80; 15.038099477879893], [2; 50; 9.603197895976606], [1; 100; 19.653215459749774], [2; 50; 9.946456221162073], [2; 50; 10.072374097538559], [1; 120; 24.827355218799838], [1; 140; 29.81765150249312], [1; 140; 30.780168735631314], [2; 80; 18.21736015887587], [2; 80; 18.946818082593975], [2; 80; 19.358833880715338], [1; 180; 45.685426132456946], [2; 90; 23.46038059003744], [2; 90; 24.930374470288683], [2; 90; 26.855431797137594], [2; 90; 28.07778140582802], [2; 90; 29.55822734393327], [2; 100; 34.90033730764274], [2; 100; 37.595248694699734], [2; 100; 41.3789253646664], [2; 100; 59.67873732697243]];
Intervals[0.0=3.261751930892803, 3.261751930892803=6.569128678994716, 6.569128678994716=8.234714500767478, 8.234714500767478=9.912547716951856, 9.912547716951856=16.72635948464859, 20.16091170935666=23.622337319556816, 23.622337319556816=27.11237105032109, 27.11237105032109=37.76302671061237, 37.76302671061237=43.13590462666356, 53.980250881769734=61.27802251557458, 61.27802251557458=68.64665073250343, 68.64665073250343=83.68475021038333, 98.72938077555382=108.33257867153043, 108.33257867153043=127.9857941312802, 127.9857941312802=137.93225035244228, 137.93225035244228=148.00462444998084, 148.00462444998084=172.83197966878066, 172.83197966878066=202.64963117127377, 202.64963117127377=233.4297999069051, 259.388151625692=277.60551178456785, 314.7410709819998=333.6878890645938, 333.6878890645938=353.0467229453091, 353.0467229453091=398.73214907776605, 398.73214907776605=422.1925296678035, 470.4940983932014=495.4244728634901, 547.0674528232789=573.9228846204165, 573.9228846204165=602.0006660262445, 602.0006660262445=631.5588933701778, 631.5588933701778=666.4592306778205, 666.4592306778205=704.0544793725203, 704.0544793725203=745.4334047371867, 840.1674951501566=899.846232477129];
