1.087918012089144
16636.301071112066
18098.931589800737
[1; 10; 1.8809283581199545]
[1; 10; 1.8936377190405218]
[2; 10; 1.9066977022146312]
[1; 20; 3.8402511864653484]
[2; 10; 1.9339399213873962]
[2; 10; 1.9481605785735812]
[2; 20; 3.925617904987756]
[1; 40; 7.911632305048377]
[1; 50; 9.967413984288111]
[2; 30; 6.028679895960445]
[1; 70; 14.183180564694204]
[2; 40; 8.173361566438793]
[1; 90; 18.54998514738628]
[1; 90; 18.715618778861824]
[1; 100; 20.985923661157546]
[1; 100; 21.183915765988708]
[1; 100; 21.389597714353837]
[1; 100; 21.603507882046188]
[1; 100; 21.826240159688]
[1; 110; 24.2642967957331]
[1; 120; 26.76104593288941]
[1; 120; 27.065174763489992]
[2; 60; 13.691808899087825]
[1; 130; 30.02739704466605]
[1; 130; 30.407531032581616]
[2; 70; 16.588748622176727]
[2; 70; 16.8160199956448]
[1; 160; 38.985785859008274]
[1; 170; 42.040733374875444]
[1; 180; 45.20935689055603]
[1; 180; 45.950625637503634]
[2; 90; 23.371516762429223]
[1; 180; 47.59309254992268]
[1; 180; 48.5085679363758]
[1; 190; 52.24874489277831]
[2; 100; 28.097337573375793]
[1; 200; 57.50199414366233]
[2; 110; 32.41707481969945]
[2; 120; 36.320327259370245]
[2; 140; 43.62070994401936]
[2; 140; 45.02879149730099]
[2; 150; 49.96961594436872]
[2; 150; 51.97049488499892]
[2; 160; 57.95837826602552]
[2; 160; 61.01432647086819]
[2; 170; 68.88973417137184]
[2; 190; 82.93971260681438]
[2; 190; 91.28696569064319]
[2; 190; 104.49748978555662]
[2; 200; 138.58798635999713]


Jobs: [[1; 10; 1.8809283581199545], [2; 10; 1.9066977022146312], [1; 20; 3.8402511864653484], [2; 10; 1.9339399213873962], [2; 10; 1.9481605785735812], [2; 20; 3.925617904987756], [1; 40; 7.911632305048377], [2; 30; 6.028679895960445], [1; 70; 14.183180564694204], [2; 40; 8.173361566438793], [1; 90; 18.54998514738628], [1; 100; 20.985923661157546], [1; 100; 21.389597714353837], [1; 100; 21.826240159688], [1; 120; 26.76104593288941], [2; 60; 13.691808899087825], [1; 130; 30.02739704466605], [2; 70; 16.588748622176727], [2; 70; 16.8160199956448], [1; 160; 38.985785859008274], [1; 180; 45.20935689055603], [2; 90; 23.371516762429223], [1; 180; 47.59309254992268], [1; 190; 52.24874489277831], [2; 100; 28.097337573375793], [1; 200; 57.50199414366233], [2; 110; 32.41707481969945], [2; 120; 36.320327259370245], [2; 140; 43.62070994401936], [2; 140; 45.02879149730099], [2; 150; 49.96961594436872], [2; 150; 51.97049488499892], [2; 160; 57.95837826602552], [2; 160; 61.01432647086819], [2; 170; 68.88973417137184], [2; 190; 82.93971260681438], [2; 190; 91.28696569064319], [2; 190; 104.49748978555662], [2; 200; 138.58798635999713]];
Intervals[0.0=1.8809283581199545, 1.8936377190405218=3.800335421255153, 3.800335421255153=7.640586607720501, 7.640586607720501=9.574526529107898, 9.574526529107898=11.52268710768148, 11.52268710768148=15.448305012669236, 15.448305012669236=23.359937317717613, 25.415718996957345=31.44439889291779, 31.44439889291779=45.62757945761199, 45.62757945761199=53.800941024050786, 53.800941024050786=72.35092617143707, 72.35092617143707=93.33684983259461, 93.33684983259461=114.72644754694845, 114.72644754694845=136.55268770663645, 136.55268770663645=163.31373363952585, 166.63345501017056=180.32526390925838, 180.32526390925838=210.35266095392444, 210.73279494183998=227.3215435640167, 227.3215435640167=244.13756355966152, 244.13756355966152=283.1233494186698, 283.1233494186698=328.33270630922584, 332.12892257204055=355.5004393344698, 355.5004393344698=403.09353188439246, 403.09353188439246=455.34227677717075, 455.34227677717075=483.43961435054655, 483.43961435054655=540.9416084942088, 540.9416084942088=573.3586833139083, 573.3586833139083=609.6790105732786, 609.6790105732786=653.2997205172979, 653.2997205172979=698.3285120145989, 698.3285120145989=748.2981279589676, 748.2981279589676=800.2686228439666, 800.2686228439666=858.2270011099921, 858.2270011099921=919.2413275808603, 919.2413275808603=988.1310617522322, 988.1310617522322=1071.0707743590465, 1071.0707743590465=1162.3577400496897, 1162.3577400496897=1266.8552298352463, 1266.8552298352463=1405.4432161952434];

Jobs: [[1; 10; 1.8936377190405218], [2; 10; 1.9066977022146312], [2; 10; 1.9339399213873962], [2; 10; 1.9481605785735812], [2; 20; 3.925617904987756], [1; 50; 9.967413984288111], [2; 30; 6.028679895960445], [2; 40; 8.173361566438793], [1; 90; 18.715618778861824], [1; 100; 21.183915765988708], [1; 100; 21.603507882046188], [1; 110; 24.2642967957331], [1; 120; 27.065174763489992], [2; 60; 13.691808899087825], [1; 130; 30.407531032581616], [2; 70; 16.588748622176727], [2; 70; 16.8160199956448], [1; 170; 42.040733374875444], [1; 180; 45.950625637503634], [2; 90; 23.371516762429223], [1; 180; 48.5085679363758], [2; 100; 28.097337573375793], [2; 110; 32.41707481969945], [2; 120; 36.320327259370245], [2; 140; 43.62070994401936], [2; 140; 45.02879149730099], [2; 150; 49.96961594436872], [2; 150; 51.97049488499892], [2; 160; 57.95837826602552], [2; 160; 61.01432647086819], [2; 170; 68.88973417137184], [2; 190; 82.93971260681438], [2; 190; 91.28696569064319], [2; 190; 104.49748978555662], [2; 200; 138.58798635999713]];
Intervals[0.0=1.8936377190405218, 1.8936377190405218=3.800335421255153, 7.640586607720501=9.574526529107898, 9.574526529107898=11.52268710768148, 11.52268710768148=15.448305012669236, 15.448305012669236=25.415718996957345, 25.415718996957345=31.44439889291779, 45.62757945761199=53.800941024050786, 53.800941024050786=72.51655980291261, 72.51655980291261=93.70047556890131, 93.70047556890131=115.3039834509475, 115.3039834509475=139.5682802466806, 139.5682802466806=166.63345501017056, 166.63345501017056=180.32526390925838, 180.32526390925838=210.73279494183998, 210.73279494183998=227.3215435640167, 227.3215435640167=244.13756355966152, 244.13756355966152=286.17829693453695, 286.17829693453695=332.12892257204055, 332.12892257204055=355.5004393344698, 355.5004393344698=404.0090072708456, 455.34227677717075=483.43961435054655, 540.9416084942088=573.3586833139083, 573.3586833139083=609.6790105732786, 609.6790105732786=653.2997205172979, 653.2997205172979=698.3285120145989, 698.3285120145989=748.2981279589676, 748.2981279589676=800.2686228439666, 800.2686228439666=858.2270011099921, 858.2270011099921=919.2413275808603, 919.2413275808603=988.1310617522322, 988.1310617522322=1071.0707743590465, 1071.0707743590465=1162.3577400496897, 1162.3577400496897=1266.8552298352463, 1266.8552298352463=1405.4432161952434];
