1.0000000000000002
32030.10759545853
32030.107595458532
[2; 10; 2.3399475868031883]
[2; 10; 2.355758523082345]
[2; 10; 2.372005646998586]
[2; 10; 2.388710462494553]
[2; 10; 2.405896020726691]
[2; 10; 2.4235870679810523]
[2; 10; 2.4418102113864983]
[2; 20; 4.921188210053947]
[2; 20; 4.959939319010662]
[2; 30; 7.4999108356586826]
[2; 30; 7.561896380797772]
[2; 30; 7.625983304027051]
[2; 30; 7.692299530969756]
[2; 30; 7.760984411070141]
[2; 30; 7.83219008035656]
[2; 40; 10.541444039944889]
[2; 40; 10.643794557793857]
[2; 40; 10.750239564808304]
[2; 50; 13.576343237681062]
[2; 60; 16.46493991434273]
[2; 60; 16.645887808715884]
[2; 60; 16.835061819562426]
[2; 60; 17.033139542015334]
[2; 70; 20.114361434884515]
[2; 70; 20.369000637051926]
[2; 70; 20.637044541848333]
[2; 70; 20.919778915861183]
[2; 70; 21.218673282603085]
[2; 80; 24.611904681392797]
[2; 80; 24.996527816891106]
[2; 80; 25.406379806109257]
[2; 80; 25.84450693644068]
[2; 80; 26.314509730717464]
[2; 90; 30.17326683177219]
[2; 90; 30.789217126354107]
[2; 90; 31.458756666584378]
[2; 90; 32.190616582172765]
[2; 90; 32.995713430213456]
[2; 100; 37.65324259320065]
[2; 520; 201.55886910960422]
[2; 560; 224.0702290353875]
[2; 580; 240.3679842736094]
[2; 580; 249.99277783356467]
[2; 580; 261.37142839739073]
[2; 580; 275.15265505183595]
[2; 600; 302.4758552319109]
[2; 620; 336.69331229449034]
[2; 620; 370.5789407952552]
[2; 700; 478.94337752106384]
[2; 700; 603.4308430465354]


Jobs: [[2; 10; 2.3399475868031883], [2; 10; 2.355758523082345], [2; 10; 2.372005646998586], [2; 10; 2.388710462494553], [2; 10; 2.405896020726691], [2; 10; 2.4235870679810523], [2; 10; 2.4418102113864983], [2; 20; 4.921188210053947], [2; 20; 4.959939319010662], [2; 30; 7.4999108356586826], [2; 30; 7.561896380797772], [2; 30; 7.625983304027051], [2; 30; 7.692299530969756], [2; 30; 7.760984411070141], [2; 30; 7.83219008035656], [2; 40; 10.541444039944889], [2; 40; 10.643794557793857], [2; 40; 10.750239564808304], [2; 50; 13.576343237681062], [2; 60; 16.46493991434273], [2; 60; 16.645887808715884], [2; 60; 16.835061819562426], [2; 60; 17.033139542015334], [2; 70; 20.114361434884515], [2; 70; 20.369000637051926], [2; 70; 20.637044541848333], [2; 70; 20.919778915861183], [2; 70; 21.218673282603085], [2; 80; 24.611904681392797], [2; 80; 24.996527816891106], [2; 80; 25.406379806109257], [2; 80; 25.84450693644068], [2; 80; 26.314509730717464], [2; 90; 30.17326683177219], [2; 90; 30.789217126354107], [2; 90; 31.458756666584378], [2; 90; 32.190616582172765], [2; 90; 32.995713430213456], [2; 100; 37.65324259320065], [2; 520; 201.55886910960422], [2; 560; 224.0702290353875], [2; 580; 240.3679842736094], [2; 580; 249.99277783356467], [2; 580; 261.37142839739073], [2; 580; 275.15265505183595], [2; 600; 302.4758552319109], [2; 620; 336.69331229449034], [2; 620; 370.5789407952552], [2; 700; 478.94337752106384], [2; 700; 603.4308430465354]];
Intervals[4.9E-324=2.3399475868031883, 2.3399475868031883=4.695706109885533, 4.695706109885533=7.067711756884119, 7.067711756884119=9.456422219378672, 9.456422219378672=11.862318240105363, 11.862318240105363=14.285905308086416, 14.285905308086416=16.727715519472916, 16.727715519472916=21.648903729526864, 21.648903729526864=26.608843048537526, 26.608843048537526=34.10875388419621, 34.10875388419621=41.67065026499398, 41.67065026499398=49.29663356902103, 49.29663356902103=56.98893309999079, 56.98893309999079=64.74991751106093, 64.74991751106093=72.58210759141748, 72.58210759141748=83.12355163136237, 83.12355163136237=93.76734618915623, 93.76734618915623=104.51758575396454, 104.51758575396454=118.0939289916456, 118.0939289916456=134.55886890598833, 134.55886890598833=151.20475671470422, 151.20475671470422=168.03981853426666, 168.03981853426666=185.072958076282, 185.072958076282=205.1873195111665, 205.1873195111665=225.55632014821842, 225.55632014821842=246.19336469006674, 246.19336469006674=267.1131436059279, 267.1131436059279=288.331816888531, 288.331816888531=312.9437215699238, 312.9437215699238=337.9402493868149, 337.9402493868149=363.3466291929242, 363.3466291929242=389.19113612936485, 389.19113612936485=415.5056458600823, 415.5056458600823=445.6789126918545, 445.6789126918545=476.46812981820864, 476.46812981820864=507.92688648479304, 507.92688648479304=540.1175030669658, 540.1175030669658=573.1132164971792, 573.1132164971792=610.7664590903798, 610.7664590903798=812.325328199984, 812.325328199984=1036.3955572353716, 1036.3955572353716=1276.763541508981, 1276.763541508981=1526.7563193425458, 1526.7563193425458=1788.1277477399365, 1788.1277477399365=2063.2804027917723, 2063.2804027917723=2365.756258023683, 2365.756258023683=2702.4495703181733, 2702.4495703181733=3073.0285111134285, 3073.0285111134285=3551.971888634492, 3551.971888634492=4155.402731681028];

Jobs: [[2; 10; 2.3399475868031883], [2; 10; 2.355758523082345], [2; 10; 2.372005646998586], [2; 10; 2.388710462494553], [2; 10; 2.405896020726691], [2; 10; 2.4235870679810523], [2; 10; 2.4418102113864983], [2; 20; 4.921188210053947], [2; 20; 4.959939319010662], [2; 30; 7.4999108356586826], [2; 30; 7.561896380797772], [2; 30; 7.625983304027051], [2; 30; 7.692299530969756], [2; 30; 7.760984411070141], [2; 30; 7.83219008035656], [2; 40; 10.541444039944889], [2; 40; 10.643794557793857], [2; 40; 10.750239564808304], [2; 50; 13.576343237681062], [2; 60; 16.46493991434273], [2; 60; 16.645887808715884], [2; 60; 16.835061819562426], [2; 60; 17.033139542015334], [2; 70; 20.114361434884515], [2; 70; 20.369000637051926], [2; 70; 20.637044541848333], [2; 70; 20.919778915861183], [2; 70; 21.218673282603085], [2; 80; 24.611904681392797], [2; 80; 24.996527816891106], [2; 80; 25.406379806109257], [2; 80; 25.84450693644068], [2; 80; 26.314509730717464], [2; 90; 30.17326683177219], [2; 90; 30.789217126354107], [2; 90; 31.458756666584378], [2; 90; 32.190616582172765], [2; 90; 32.995713430213456], [2; 100; 37.65324259320065], [2; 520; 201.55886910960422], [2; 560; 224.0702290353875], [2; 580; 240.3679842736094], [2; 580; 249.99277783356467], [2; 580; 261.37142839739073], [2; 580; 275.15265505183595], [2; 600; 302.4758552319109], [2; 620; 336.69331229449034], [2; 620; 370.5789407952552], [2; 700; 478.94337752106384], [2; 700; 603.4308430465354]];
Intervals[4.9E-324=2.3399475868031883, 2.3399475868031883=4.695706109885533, 4.695706109885533=7.067711756884119, 7.067711756884119=9.456422219378672, 9.456422219378672=11.862318240105363, 11.862318240105363=14.285905308086416, 14.285905308086416=16.727715519472916, 16.727715519472916=21.648903729526864, 21.648903729526864=26.608843048537526, 26.608843048537526=34.10875388419621, 34.10875388419621=41.67065026499398, 41.67065026499398=49.29663356902103, 49.29663356902103=56.98893309999079, 56.98893309999079=64.74991751106093, 64.74991751106093=72.58210759141748, 72.58210759141748=83.12355163136237, 83.12355163136237=93.76734618915623, 93.76734618915623=104.51758575396454, 104.51758575396454=118.0939289916456, 118.0939289916456=134.55886890598833, 134.55886890598833=151.20475671470422, 151.20475671470422=168.03981853426666, 168.03981853426666=185.072958076282, 185.072958076282=205.1873195111665, 205.1873195111665=225.55632014821842, 225.55632014821842=246.19336469006674, 246.19336469006674=267.1131436059279, 267.1131436059279=288.331816888531, 288.331816888531=312.9437215699238, 312.9437215699238=337.9402493868149, 337.9402493868149=363.3466291929242, 363.3466291929242=389.19113612936485, 389.19113612936485=415.5056458600823, 415.5056458600823=445.6789126918545, 445.6789126918545=476.46812981820864, 476.46812981820864=507.92688648479304, 507.92688648479304=540.1175030669658, 540.1175030669658=573.1132164971792, 573.1132164971792=610.7664590903798, 610.7664590903798=812.325328199984, 812.325328199984=1036.3955572353716, 1036.3955572353716=1276.763541508981, 1276.763541508981=1526.7563193425458, 1526.7563193425458=1788.1277477399365, 1788.1277477399365=2063.2804027917723, 2063.2804027917723=2365.756258023683, 2365.756258023683=2702.4495703181733, 2702.4495703181733=3073.0285111134285, 3073.0285111134285=3551.971888634492, 3551.971888634492=4155.402731681028];
