1.134290059294621
306424.7047595189
347574.4965310114
[2; 10; 3.942617004264751]
[2; 10; 3.955847361825139]
[1; 20; 7.93851423290642]
[2; 10; 3.9828505688466755]
[2; 10; 3.9966321685201147]
[1; 20; 8.02121304113918]
[1; 20; 8.04955678563946]
[1; 20; 8.078305446758485]
[1; 20; 8.107469257265697]
[1; 40; 16.274117646799734]
[1; 40; 16.334170285570483]
[2; 20; 8.19755962341731]
[2; 20; 8.228494103795024]
[1; 60; 24.77970262284725]
[2; 30; 12.437689049685002]
[1; 60; 24.972548531621324]
[1; 60; 25.07125528307511]
[1; 60; 25.171541371800448]
[1; 60; 25.2734515575493]
[2; 30; 12.688516217277556]
[1; 60; 25.482332530492695]
[1; 60; 25.58940241209119]
[1; 60; 25.698294797938143]
[1; 60; 25.809064679063557]
[2; 40; 17.281179631966392]
[2; 40; 17.357646024449448]
[1; 80; 34.870968086622554]
[1; 80; 35.02947466537787]
[1; 80; 35.19090309612103]
[1; 80; 35.35534895687267]
[1; 100; 44.40364044454097]
[1; 100; 44.61712276690181]
[2; 50; 22.4173853562624]
[1; 100; 45.05672864048821]
[2; 50; 22.641574082241302]
[1; 100; 45.51418863401646]
[1; 100; 45.750017655517844]
[2; 60; 27.594486994393026]
[1; 120; 55.48410780360356]
[1; 120; 55.78565778965675]
[1; 120; 56.09387209855185]
[1; 120; 56.40901282392418]
[1; 120; 56.7313570372188]
[2; 60; 28.530598959916325]
[1; 140; 66.96532033619528]
[1; 140; 67.36873561117456]
[1; 140; 67.78205107700387]
[2; 70; 34.102849947318134]
[1; 140; 68.64014281724597]
[2; 70; 34.54293525984663]
[1; 140; 69.54340617485275]
[1; 140; 70.01330830850193]
[1; 140; 70.49617396927682]
[1; 160; 81.13444829241016]
[1; 160; 81.71816942883683]
[1; 160; 82.3190599014304]
[1; 160; 82.93802344245759]
[1; 160; 83.5760333106405]
[1; 160; 84.23413940915835]
[1; 180; 95.52766086256418]
[2; 90; 48.158590733382944]
[2; 90; 48.566733843489274]
[2; 90; 48.98907446699024]
[1; 180; 98.85300012573323]
[1; 180; 99.75995904513053]
[1; 200; 111.890162576081]
[1; 200; 112.97654277584033]
[2; 100; 57.05319157794002]
[2; 520; 299.7353334416949]
[2; 540; 314.57517910378436]
[2; 540; 318.03232602184283]
[1; 1080; 643.2932782826425]
[2; 540; 325.4310644317418]
[2; 560; 341.6001318278665]
[2; 560; 345.9246432129544]
[1; 1120; 700.9536105686886]
[1; 1120; 710.5569081675432]
[1; 1160; 746.4487032114373]
[1; 1160; 757.5913713957442]
[1; 1200; 795.9627402103343]
[2; 600; 404.5068146550757]
[2; 600; 411.4824409055231]
[1; 1240; 865.8621872146495]
[1; 1240; 882.5174512033046]
[1; 1240; 900.5329643087656]
[1; 1240; 920.1158729748454]
[2; 620; 470.7607740512828]
[1; 1280; 996.2005477974282]
[2; 640; 511.5689175705747]
[1; 1280; 1053.247245285763]
[1; 1280; 1087.246187967688]
[2; 640; 563.0544495379365]
[2; 640; 585.6002259906284]
[1; 1320; 1262.7746120539682]
[1; 1320; 1329.3564234206485]
[1; 1320; 1412.6519948459]
[2; 660; 760.8666156596872]
[2; 680; 862.8191027748736]
[1; 1400; 2033.461532310116]
[1; 1400; 2562.0009887089986]


Jobs: [[2; 10; 3.942617004264751], [2; 10; 3.955847361825139], [1; 20; 7.93851423290642], [2; 10; 3.9828505688466755], [2; 10; 3.9966321685201147], [1; 20; 8.02121304113918], [1; 20; 8.078305446758485], [1; 40; 16.274117646799734], [2; 20; 8.19755962341731], [2; 20; 8.228494103795024], [1; 60; 24.77970262284725], [2; 30; 12.437689049685002], [1; 60; 24.972548531621324], [1; 60; 25.171541371800448], [2; 30; 12.688516217277556], [1; 60; 25.482332530492695], [1; 60; 25.698294797938143], [2; 40; 17.281179631966392], [2; 40; 17.357646024449448], [1; 80; 34.870968086622554], [1; 80; 35.19090309612103], [1; 100; 44.40364044454097], [2; 50; 22.4173853562624], [1; 100; 45.05672864048821], [2; 50; 22.641574082241302], [1; 100; 45.51418863401646], [2; 60; 27.594486994393026], [1; 120; 55.48410780360356], [1; 120; 56.09387209855185], [1; 120; 56.7313570372188], [2; 60; 28.530598959916325], [1; 140; 66.96532033619528], [1; 140; 67.78205107700387], [2; 70; 34.102849947318134], [1; 140; 68.64014281724597], [2; 70; 34.54293525984663], [1; 140; 69.54340617485275], [1; 140; 70.49617396927682], [1; 160; 81.71816942883683], [1; 160; 82.93802344245759], [1; 160; 84.23413940915835], [2; 90; 48.158590733382944], [2; 90; 48.566733843489274], [2; 90; 48.98907446699024], [1; 180; 98.85300012573323], [1; 200; 111.890162576081], [2; 100; 57.05319157794002], [2; 520; 299.7353334416949], [2; 540; 314.57517910378436], [2; 540; 318.03232602184283], [1; 1080; 643.2932782826425], [2; 540; 325.4310644317418], [2; 560; 341.6001318278665], [2; 560; 345.9246432129544], [1; 1120; 700.9536105686886], [1; 1160; 746.4487032114373], [1; 1200; 795.9627402103343], [2; 600; 404.5068146550757], [2; 600; 411.4824409055231], [1; 1240; 865.8621872146495], [1; 1240; 900.5329643087656], [2; 620; 470.7607740512828], [1; 1280; 996.2005477974282], [2; 640; 511.5689175705747], [1; 1280; 1053.247245285763], [2; 640; 563.0544495379365], [2; 640; 585.6002259906284], [1; 1320; 1262.7746120539682], [1; 1320; 1412.6519948459], [2; 660; 760.8666156596872], [2; 680; 862.8191027748736], [1; 1400; 2033.461532310116]];
Intervals[4.9E-324=3.942617004264751, 3.942617004264751=7.89846436608989, 7.89846436608989=15.83697859899631, 15.83697859899631=19.819829167842986, 19.819829167842986=23.8164613363631, 23.8164613363631=31.83767437750228, 31.83767437750228=39.915979824260766, 39.915979824260766=56.1900974710605, 56.30765766483874=64.50521728825605, 64.50521728825605=72.73371139205108, 72.73371139205108=97.51341401489833, 97.51341401489833=109.95110306458334, 109.95110306458334=134.92365159620465, 134.92365159620465=160.0951929680051, 160.29580990520773=172.9843261224853, 172.9843261224853=198.466658652978, 198.466658652978=224.16495345091613, 224.38279321364007=241.66397284560645, 241.66397284560645=259.0216188700559, 259.0216188700559=293.89258695667843, 293.89258695667843=329.08349005279945, 329.08349005279945=373.48713049734044, 374.02356525920817=396.44095061547057, 396.44095061547057=441.49767925595876, 441.49767925595876=464.13925333820004, 464.13925333820004=509.6534419722165, 509.8892709937179=537.4837579881109, 537.4837579881109=592.9678657917145, 592.9678657917145=649.0617378902664, 649.0617378902664=705.7930949274852, 705.7930949274852=734.3236938874015, 734.3236938874015=801.2890142235968, 801.2890142235968=869.0710653006007, 869.0710653006007=903.1739152479188, 903.1739152479188=971.8140580651648, 971.8140580651648=1006.3569933250114, 1006.3569933250114=1075.9003994998643, 1075.9003994998643=1146.3965734691412, 1146.3965734691412=1228.114742897978, 1228.114742897978=1311.0527663404355, 1311.0527663404355=1395.2869057495939, 1418.9275040005587=1467.0860947339415, 1467.0860947339415=1515.652828577431, 1515.652828577431=1564.641903044421, 1564.641903044421=1663.4949031701542, 1663.4949031701542=1775.3850657462351, 1777.3784048653918=1834.4315964433317, 1834.4315964433317=2134.1669298850265, 2134.1669298850265=2448.7421089888107, 2448.7421089888107=2766.7744350106536, 2766.7744350106536=3410.067713293296, 3410.067713293296=3735.498777725038, 3735.498777725038=4077.0989095529044, 4077.0989095529044=4423.023552765859, 4423.023552765859=5123.977163334547, 5123.977163334547=5870.425866545985, 5870.425866545985=6666.388606756319, 6666.388606756319=7070.895421411395, 7070.895421411395=7482.377862316917, 7482.377862316917=8348.240049531567, 8348.240049531567=9248.773013840333, 9285.011186495069=9755.771960546352, 9755.771960546352=10751.97250834378, 10751.97250834378=11263.541425914354, 11263.541425914354=12316.788671200118, 12350.787613882043=12913.84206341998, 12913.84206341998=13499.442289410608, 13499.442289410608=14762.216901464577, 14762.216901464577=16174.868896310476, 16174.868896310476=16935.735511970164, 16935.735511970164=17798.554614745037, 17798.554614745037=19832.016147055154];

Jobs: [[2; 10; 3.942617004264751], [2; 10; 3.955847361825139], [2; 10; 3.9828505688466755], [2; 10; 3.9966321685201147], [1; 20; 8.04955678563946], [1; 20; 8.107469257265697], [1; 40; 16.334170285570483], [2; 20; 8.19755962341731], [2; 20; 8.228494103795024], [2; 30; 12.437689049685002], [1; 60; 25.07125528307511], [1; 60; 25.2734515575493], [2; 30; 12.688516217277556], [1; 60; 25.58940241209119], [1; 60; 25.809064679063557], [2; 40; 17.281179631966392], [2; 40; 17.357646024449448], [1; 80; 35.02947466537787], [1; 80; 35.35534895687267], [1; 100; 44.61712276690181], [2; 50; 22.4173853562624], [2; 50; 22.641574082241302], [1; 100; 45.750017655517844], [2; 60; 27.594486994393026], [1; 120; 55.78565778965675], [1; 120; 56.40901282392418], [2; 60; 28.530598959916325], [1; 140; 67.36873561117456], [2; 70; 34.102849947318134], [2; 70; 34.54293525984663], [1; 140; 70.01330830850193], [1; 160; 81.13444829241016], [1; 160; 82.3190599014304], [1; 160; 83.5760333106405], [1; 180; 95.52766086256418], [2; 90; 48.158590733382944], [2; 90; 48.566733843489274], [2; 90; 48.98907446699024], [1; 180; 99.75995904513053], [1; 200; 112.97654277584033], [2; 100; 57.05319157794002], [2; 520; 299.7353334416949], [2; 540; 314.57517910378436], [2; 540; 318.03232602184283], [2; 540; 325.4310644317418], [2; 560; 341.6001318278665], [2; 560; 345.9246432129544], [1; 1120; 710.5569081675432], [1; 1160; 757.5913713957442], [2; 600; 404.5068146550757], [2; 600; 411.4824409055231], [1; 1240; 882.5174512033046], [1; 1240; 920.1158729748454], [2; 620; 470.7607740512828], [2; 640; 511.5689175705747], [1; 1280; 1087.246187967688], [2; 640; 563.0544495379365], [2; 640; 585.6002259906284], [1; 1320; 1329.3564234206485], [2; 660; 760.8666156596872], [2; 680; 862.8191027748736], [1; 1400; 2562.0009887089986]];
Intervals[4.9E-324=3.942617004264751, 3.942617004264751=7.89846436608989, 15.83697859899631=19.819829167842986, 19.819829167842986=23.8164613363631, 23.8164613363631=31.86601812200256, 31.86601812200256=39.973487379268256, 39.973487379268256=56.30765766483874, 56.30765766483874=64.50521728825605, 64.50521728825605=72.73371139205108, 97.51341401489833=109.95110306458334, 109.95110306458334=135.02235834765844, 135.02235834765844=160.29580990520773, 160.29580990520773=172.9843261224853, 172.9843261224853=198.5737285345765, 198.5737285345765=224.38279321364007, 224.38279321364007=241.66397284560645, 241.66397284560645=259.0216188700559, 259.0216188700559=294.0510935354337, 294.0510935354337=329.4064424923064, 329.4064424923064=374.02356525920817, 374.02356525920817=396.44095061547057, 441.49767925595876=464.13925333820004, 464.13925333820004=509.8892709937179, 509.8892709937179=537.4837579881109, 537.4837579881109=593.2694157777677, 593.2694157777677=649.6784286016918, 705.7930949274852=734.3236938874015, 734.3236938874015=801.6924294985761, 869.0710653006007=903.1739152479188, 971.8140580651648=1006.3569933250114, 1006.3569933250114=1076.3703016335135, 1076.3703016335135=1157.5047499259235, 1157.5047499259235=1239.823809827354, 1239.823809827354=1323.3998431379944, 1323.3998431379944=1418.9275040005587, 1418.9275040005587=1467.0860947339415, 1467.0860947339415=1515.652828577431, 1515.652828577431=1564.641903044421, 1564.641903044421=1664.4018620895515, 1664.4018620895515=1777.3784048653918, 1777.3784048653918=1834.4315964433317, 1834.4315964433317=2134.1669298850265, 2134.1669298850265=2448.7421089888107, 2448.7421089888107=2766.7744350106536, 3410.067713293296=3735.498777725038, 3735.498777725038=4077.0989095529044, 4077.0989095529044=4423.023552765859, 4423.023552765859=5133.580460933402, 5133.580460933402=5891.171832329146, 6666.388606756319=7070.895421411395, 7070.895421411395=7482.377862316917, 7482.377862316917=8364.895313520223, 8364.895313520223=9285.011186495069, 9285.011186495069=9755.771960546352, 10751.97250834378=11263.541425914354, 11263.541425914354=12350.787613882043, 12350.787613882043=12913.84206341998, 12913.84206341998=13499.442289410608, 13499.442289410608=14828.798712831256, 16174.868896310476=16935.735511970164, 16935.735511970164=17798.554614745037, 17798.554614745037=20360.555603454035];
