1.1470565037148135
189565.37766259152
217442.19932703045
[2; 20; 8.46518264543951]
[2; 20; 8.522381560557655]
[1; 40; 17.162316926328504]
[1; 60; 25.924773442956745]
[2; 40; 17.40752601147947]
[2; 40; 17.535527123164083]
[2; 50; 22.084222678172896]
[2; 60; 26.704929588361388]
[1; 120; 53.83042656491809]
[2; 60; 27.132280828178033]
[2; 60; 27.356524723186126]
[2; 70; 32.18643252140763]
[2; 70; 32.46632859231019]
[2; 80; 37.43568213159489]
[2; 90; 42.50154143490716]
[2; 90; 42.90252305397411]
[2; 100; 48.1323093946711]
[2; 100; 48.61366442114384]
[2; 100; 49.11487155195589]
[1; 1040; 516.2290578054382]
[2; 520; 260.95117943136034]
[2; 520; 263.91678762333186]
[2; 540; 277.29205187212335]
[2; 540; 280.67399556788797]
[2; 540; 284.22720815840023]
[1; 1120; 597.2658611468643]
[2; 560; 302.724301046277]
[1; 1120; 614.0990365567546]
[1; 1120; 623.2660453106251]
[2; 560; 316.5030752518155]
[2; 560; 321.69257260664267]
[2; 560; 327.2400864500432]
[1; 1160; 690.1817842212187]
[1; 1160; 703.4577535222268]
[2; 580; 358.9089910809142]
[2; 600; 379.3590968774596]
[2; 600; 388.1845479135882]
[1; 1200; 795.7863166924894]
[2; 600; 408.6521991459824]
[2; 620; 434.70082705927217]
[2; 640; 463.2082786536502]
[1; 1280; 959.5305469730367]
[2; 640; 498.9759921206897]
[1; 1320; 1075.98014295256]
[1; 1320; 1132.712917137681]
[2; 680; 620.0812270588856]
[2; 680; 667.9622531066001]
[2; 680; 735.1875882552441]
[2; 680; 841.5797032242126]
[2; 700; 1091.5099827640088]


Jobs: [[2; 20; 8.46518264543951], [2; 20; 8.522381560557655], [1; 40; 17.162316926328504], [2; 40; 17.40752601147947], [2; 40; 17.535527123164083], [2; 50; 22.084222678172896], [2; 60; 26.704929588361388], [1; 120; 53.83042656491809], [2; 60; 27.132280828178033], [2; 60; 27.356524723186126], [2; 70; 32.18643252140763], [2; 70; 32.46632859231019], [2; 80; 37.43568213159489], [2; 90; 42.50154143490716], [2; 90; 42.90252305397411], [2; 100; 48.1323093946711], [2; 100; 48.61366442114384], [2; 100; 49.11487155195589], [1; 1040; 516.2290578054382], [2; 520; 260.95117943136034], [2; 520; 263.91678762333186], [2; 540; 277.29205187212335], [2; 540; 280.67399556788797], [2; 540; 284.22720815840023], [1; 1120; 597.2658611468643], [2; 560; 302.724301046277], [1; 1120; 614.0990365567546], [2; 560; 316.5030752518155], [2; 560; 321.69257260664267], [2; 560; 327.2400864500432], [1; 1160; 690.1817842212187], [2; 580; 358.9089910809142], [2; 600; 379.3590968774596], [2; 600; 388.1845479135882], [1; 1200; 795.7863166924894], [2; 600; 408.6521991459824], [2; 620; 434.70082705927217], [2; 640; 463.2082786536502], [1; 1280; 959.5305469730367], [2; 640; 498.9759921206897], [1; 1320; 1075.98014295256], [2; 680; 620.0812270588856], [2; 680; 667.9622531066001], [2; 680; 735.1875882552441], [2; 680; 841.5797032242126], [2; 700; 1091.5099827640088]];
Intervals[4.9E-324=8.46518264543951, 8.46518264543951=16.987564205997167, 16.987564205997167=34.149881132325675, 42.91233764895391=60.31986366043338, 60.31986366043338=77.85539078359746, 77.85539078359746=99.93961346177035, 99.93961346177035=126.64454305013174, 126.64454305013174=180.47496961504984, 180.47496961504984=207.60725044322788, 207.60725044322788=234.963775166414, 234.963775166414=267.15020768782165, 267.15020768782165=299.61653628013187, 299.61653628013187=337.05221841172676, 337.05221841172676=379.5537598466339, 379.5537598466339=422.456282900608, 422.456282900608=470.5885922952791, 470.5885922952791=519.202256716423, 519.202256716423=568.3171282683788, 568.3171282683788=1084.546186073817, 1084.546186073817=1345.4973655051772, 1345.4973655051772=1609.414153128509, 1609.414153128509=1886.7062050006325, 1886.7062050006325=2167.3802005685206, 2167.3802005685206=2451.6074087269208, 2451.6074087269208=3048.873269873785, 3048.873269873785=3351.597570920062, 3351.597570920062=3965.6966074768166, 3974.863616230687=4291.366691482503, 4291.366691482503=4613.0592640891455, 4613.0592640891455=4940.299350539189, 4940.299350539189=5630.481134760407, 5643.757104061416=6002.66609514233, 6002.66609514233=6382.02519201979, 6382.02519201979=6770.209739933378, 6770.209739933378=7565.996056625867, 7565.996056625867=7974.648255771849, 7974.648255771849=8409.34908283112, 8409.34908283112=8872.55736148477, 8872.55736148477=9832.087908457808, 9832.087908457808=10331.063900578498, 10331.063900578498=11407.044043531057, 11463.776817716178=12083.858044775063, 12083.858044775063=12751.820297881663, 12751.820297881663=13487.007886136907, 13487.007886136907=14328.58758936112, 14328.58758936112=15420.097572125127];

Jobs: [[2; 20; 8.46518264543951], [2; 20; 8.522381560557655], [1; 60; 25.924773442956745], [2; 40; 17.40752601147947], [2; 40; 17.535527123164083], [2; 50; 22.084222678172896], [2; 60; 26.704929588361388], [2; 60; 27.132280828178033], [2; 60; 27.356524723186126], [2; 70; 32.18643252140763], [2; 70; 32.46632859231019], [2; 80; 37.43568213159489], [2; 90; 42.50154143490716], [2; 90; 42.90252305397411], [2; 100; 48.1323093946711], [2; 100; 48.61366442114384], [2; 100; 49.11487155195589], [2; 520; 260.95117943136034], [2; 520; 263.91678762333186], [2; 540; 277.29205187212335], [2; 540; 280.67399556788797], [2; 540; 284.22720815840023], [2; 560; 302.724301046277], [1; 1120; 623.2660453106251], [2; 560; 316.5030752518155], [2; 560; 321.69257260664267], [2; 560; 327.2400864500432], [1; 1160; 703.4577535222268], [2; 580; 358.9089910809142], [2; 600; 379.3590968774596], [2; 600; 388.1845479135882], [2; 600; 408.6521991459824], [2; 620; 434.70082705927217], [2; 640; 463.2082786536502], [2; 640; 498.9759921206897], [1; 1320; 1132.712917137681], [2; 680; 620.0812270588856], [2; 680; 667.9622531066001], [2; 680; 735.1875882552441], [2; 680; 841.5797032242126], [2; 700; 1091.5099827640088]];
Intervals[4.9E-324=8.46518264543951, 8.46518264543951=16.987564205997167, 16.987564205997167=42.91233764895391, 42.91233764895391=60.31986366043338, 60.31986366043338=77.85539078359746, 77.85539078359746=99.93961346177035, 99.93961346177035=126.64454305013174, 180.47496961504984=207.60725044322788, 207.60725044322788=234.963775166414, 234.963775166414=267.15020768782165, 267.15020768782165=299.61653628013187, 299.61653628013187=337.05221841172676, 337.05221841172676=379.5537598466339, 379.5537598466339=422.456282900608, 422.456282900608=470.5885922952791, 470.5885922952791=519.202256716423, 519.202256716423=568.3171282683788, 1084.546186073817=1345.4973655051772, 1345.4973655051772=1609.414153128509, 1609.414153128509=1886.7062050006325, 1886.7062050006325=2167.3802005685206, 2167.3802005685206=2451.6074087269208, 3048.873269873785=3351.597570920062, 3351.597570920062=3974.863616230687, 3974.863616230687=4291.366691482503, 4291.366691482503=4613.0592640891455, 4613.0592640891455=4940.299350539189, 4940.299350539189=5643.757104061416, 5643.757104061416=6002.66609514233, 6002.66609514233=6382.02519201979, 6382.02519201979=6770.209739933378, 7565.996056625867=7974.648255771849, 7974.648255771849=8409.34908283112, 8409.34908283112=8872.55736148477, 9832.087908457808=10331.063900578498, 10331.063900578498=11463.776817716178, 11463.776817716178=12083.858044775063, 12083.858044775063=12751.820297881663, 12751.820297881663=13487.007886136907, 13487.007886136907=14328.58758936112, 14328.58758936112=15420.097572125127];
