1.1367669258427664
9786.122879838318
11124.540822033365
[1; 20; 3.152004878568544]
[1; 20; 3.1733028548854936]
[2; 10; 1.597594196873891]
[2; 10; 1.6088452309217967]
[1; 40; 6.481680220042476]
[2; 20; 3.264670672537775]
[1; 40; 6.578435980562913]
[1; 40; 6.629041322945117]
[1; 40; 6.6812406479087905]
[1; 40; 6.735123947832134]
[2; 30; 5.093091490153354]
[1; 60; 10.272510680897263]
[2; 30; 5.180920672277118]
[2; 30; 5.2271813403325265]
[1; 60; 10.550279622667654]
[1; 60; 10.649816440907184]
[1; 80; 14.337625578392649]
[2; 40; 7.240505673109844]
[2; 40; 7.315155323928378]
[1; 80; 14.785963932992226]
[1; 80; 14.94846006440062]
[2; 40; 7.559171736087123]
[2; 50; 9.560139159484304]
[2; 50; 9.676737713762234]
[1; 100; 19.59848213867387]
[1; 100; 19.856386479399205]
[2; 50; 10.064212789156546]
[1; 100; 20.41601336979687]
[1; 100; 20.720774918242594]
[1; 100; 21.044589329283866]
[2; 60; 12.833786354969316]
[1; 120; 26.110204051349754]
[1; 120; 26.585038757751835]
[1; 120; 27.09641440759208]
[1; 120; 27.649554527603737]
[2; 80; 18.833879498651218]
[2; 80; 19.272032907133692]
[2; 80; 19.75403215400312]
[2; 80; 20.28818166988724]
[2; 80; 20.88523239170205]
[1; 160; 43.118820209278496]
[1; 180; 50.24257491474388]
[1; 180; 52.254383654316065]
[2; 90; 27.316394925709975]
[1; 200; 63.903767874955626]
[2; 100; 33.95394326768903]
[1; 200; 73.15155323928379]
[1; 200; 80.51370231325237]
[2; 100; 46.082590879339556]
[2; 100; 58.0604262825734]


Jobs: [[1; 20; 3.152004878568544], [2; 10; 1.597594196873891], [2; 10; 1.6088452309217967], [1; 40; 6.481680220042476], [2; 20; 3.264670672537775], [1; 40; 6.578435980562913], [1; 40; 6.6812406479087905], [2; 30; 5.093091490153354], [1; 60; 10.272510680897263], [2; 30; 5.180920672277118], [2; 30; 5.2271813403325265], [1; 60; 10.550279622667654], [1; 80; 14.337625578392649], [2; 40; 7.240505673109844], [2; 40; 7.315155323928378], [1; 80; 14.785963932992226], [2; 40; 7.559171736087123], [2; 50; 9.560139159484304], [2; 50; 9.676737713762234], [1; 100; 19.59848213867387], [2; 50; 10.064212789156546], [1; 100; 20.41601336979687], [1; 100; 21.044589329283866], [2; 60; 12.833786354969316], [1; 120; 26.110204051349754], [1; 120; 27.09641440759208], [2; 80; 18.833879498651218], [2; 80; 19.272032907133692], [2; 80; 19.75403215400312], [2; 80; 20.28818166988724], [2; 80; 20.88523239170205], [1; 160; 43.118820209278496], [1; 180; 52.254383654316065], [2; 90; 27.316394925709975], [1; 200; 63.903767874955626], [2; 100; 33.95394326768903], [1; 200; 73.15155323928379], [2; 100; 46.082590879339556], [2; 100; 58.0604262825734]];
Intervals[0.0=3.152004878568544, 3.1733028548854936=4.770897051759384, 4.770897051759384=6.379742282681181, 6.379742282681181=12.861422502723656, 12.861422502723656=16.12609317526143, 16.12609317526143=22.704529155824346, 22.704529155824346=29.385769803733137, 29.49025844603868=34.583349936192036, 34.583349936192036=44.8558606170893, 44.8558606170893=50.03678128936642, 50.03678128936642=55.263962629698945, 55.263962629698945=65.8142422523666, 65.8142422523666=80.15186783075924, 80.15186783075924=87.3923735038691, 87.3923735038691=94.70752882779747, 94.70752882779747=109.4934927607897, 109.6559888921981=117.21516062828522, 117.21516062828522=126.77529978776953, 126.77529978776953=136.45203750153175, 136.45203750153175=156.0505196402056, 156.30842398093097=166.37263677008752, 166.37263677008752=186.7886501398844, 186.7886501398844=207.83323946916826, 207.83323946916826=220.66702582413757, 220.66702582413757=246.7772298754873, 246.7772298754873=273.8736442830794, 274.90161910949314=293.7354986081444, 293.7354986081444=313.00753151527806, 313.00753151527806=332.7615636692812, 332.7615636692812=353.04974533916845, 353.04974533916845=373.9349777308705, 373.9349777308705=417.053797940149, 417.053797940149=469.3081815944651, 469.3081815944651=496.6245765201751, 496.6245765201751=560.5283443951307, 560.5283443951307=594.4822876628198, 594.4822876628198=667.6338409021035, 674.9959899760721=721.0785808554117, 721.0785808554117=779.1390071379851];

Jobs: [[1; 20; 3.1733028548854936], [2; 10; 1.597594196873891], [2; 10; 1.6088452309217967], [2; 20; 3.264670672537775], [1; 40; 6.629041322945117], [1; 40; 6.735123947832134], [2; 30; 5.093091490153354], [2; 30; 5.180920672277118], [2; 30; 5.2271813403325265], [1; 60; 10.649816440907184], [2; 40; 7.240505673109844], [2; 40; 7.315155323928378], [1; 80; 14.94846006440062], [2; 40; 7.559171736087123], [2; 50; 9.560139159484304], [2; 50; 9.676737713762234], [1; 100; 19.856386479399205], [2; 50; 10.064212789156546], [1; 100; 20.720774918242594], [2; 60; 12.833786354969316], [1; 120; 26.585038757751835], [1; 120; 27.649554527603737], [2; 80; 18.833879498651218], [2; 80; 19.272032907133692], [2; 80; 19.75403215400312], [2; 80; 20.28818166988724], [2; 80; 20.88523239170205], [1; 180; 50.24257491474388], [2; 90; 27.316394925709975], [2; 100; 33.95394326768903], [1; 200; 80.51370231325237], [2; 100; 46.082590879339556], [2; 100; 58.0604262825734]];
Intervals[0.0=3.1733028548854936, 3.1733028548854936=4.770897051759384, 4.770897051759384=6.379742282681181, 12.861422502723656=16.12609317526143, 16.12609317526143=22.755134498206548, 22.755134498206548=29.49025844603868, 29.49025844603868=34.583349936192036, 44.8558606170893=50.03678128936642, 50.03678128936642=55.263962629698945, 55.263962629698945=65.91377907060613, 80.15186783075924=87.3923735038691, 87.3923735038691=94.70752882779747, 94.70752882779747=109.6559888921981, 109.6559888921981=117.21516062828522, 117.21516062828522=126.77529978776953, 126.77529978776953=136.45203750153175, 136.45203750153175=156.30842398093097, 156.30842398093097=166.37263677008752, 166.37263677008752=187.09341168833012, 207.83323946916826=220.66702582413757, 220.66702582413757=247.2520645818894, 247.2520645818894=274.90161910949314, 274.90161910949314=293.7354986081444, 293.7354986081444=313.00753151527806, 313.00753151527806=332.7615636692812, 332.7615636692812=353.04974533916845, 353.04974533916845=373.9349777308705, 373.9349777308705=424.1775526456144, 469.3081815944651=496.6245765201751, 560.5283443951307=594.4822876628198, 594.4822876628198=674.9959899760721, 674.9959899760721=721.0785808554117, 721.0785808554117=779.1390071379851];
