1.1105896679523304
15109.110914544233
16780.02247363861
[1; 20; 3.6430318028194133]
[1; 20; 3.667647629268762]
[1; 20; 3.692942550174267]
[1; 40; 7.437900089449362]
[2; 20; 3.7457060009443737]
[1; 40; 7.546497891962781]
[1; 60; 11.404860912312062]
[2; 30; 5.746297029684619]
[1; 80; 15.44412086930227]
[1; 80; 15.568675610061904]
[2; 40; 7.848674092883539]
[2; 40; 7.915191451587306]
[1; 100; 19.96005664555704]
[1; 100; 20.138280867322894]
[1; 100; 20.323046058371375]
[1; 100; 20.51478423157007]
[2; 60; 12.42838161057727]
[1; 120; 25.105347344144295]
[1; 120; 25.364183604694237]
[1; 120; 25.634035598809497]
[1; 120; 25.915750854985472]
[2; 60; 13.105136618655225]
[2; 60; 13.25932884210409]
[2; 70; 15.657884564157957]
[1; 140; 31.712213355089304]
[1; 140; 32.12952717666054]
[1; 140; 32.56971238511909]
[1; 140; 33.03505686115154]
[1; 140; 33.52819011393885]
[2; 70; 17.02607635781031]
[1; 160; 39.55483881355407]
[2; 80; 20.118476419865086]
[2; 80; 20.4843468215401]
[2; 80; 20.878372809723533]
[2; 90; 23.96765162771451]
[1; 180; 48.97770003904087]
[1; 180; 50.117122546935484]
[1; 180; 51.370566614786995]
[2; 90; 26.379814000521403]
[1; 180; 54.31226462926551]
[1; 200; 62.294967557994404]
[1; 200; 64.52164938451376]
[1; 200; 67.10521956067697]
[2; 100; 35.0797875872472]
[1; 200; 73.85885100348533]
[1; 200; 78.48674092883539]
[1; 200; 84.54727868231411]
[1; 200; 93.05632110034024]
[1; 200; 106.52289612317561]
[2; 100; 67.10521956067697]


Jobs: [[1; 20; 3.6430318028194133], [1; 20; 3.692942550174267], [2; 20; 3.7457060009443737], [1; 40; 7.546497891962781], [2; 30; 5.746297029684619], [1; 80; 15.44412086930227], [2; 40; 7.848674092883539], [2; 40; 7.915191451587306], [1; 100; 19.96005664555704], [1; 100; 20.323046058371375], [2; 60; 12.42838161057727], [1; 120; 25.105347344144295], [1; 120; 25.634035598809497], [2; 60; 13.105136618655225], [2; 60; 13.25932884210409], [2; 70; 15.657884564157957], [1; 140; 31.712213355089304], [1; 140; 32.56971238511909], [1; 140; 33.52819011393885], [2; 70; 17.02607635781031], [1; 160; 39.55483881355407], [2; 80; 20.118476419865086], [2; 80; 20.4843468215401], [2; 80; 20.878372809723533], [2; 90; 23.96765162771451], [1; 180; 48.97770003904087], [1; 180; 51.370566614786995], [2; 90; 26.379814000521403], [1; 180; 54.31226462926551], [1; 200; 64.52164938451376], [2; 100; 35.0797875872472], [1; 200; 73.85885100348533], [1; 200; 84.54727868231411], [1; 200; 106.52289612317561], [2; 100; 67.10521956067697]];
Intervals[0.0=3.6430318028194133, 3.6430318028194133=7.335974352993681, 11.105547718718125=14.851253719662498, 14.851253719662498=22.39775161162528, 26.25611463197456=32.00241166165918, 32.00241166165918=47.44653253096145, 47.57108727172108=55.419761364604625, 55.419761364604625=63.33495281619193, 63.33495281619193=83.29500946174898, 83.29500946174898=103.61805552012035, 103.9880179150849=116.41639952566217, 116.41639952566217=141.52174686980646, 141.52174686980646=167.15578246861597, 167.69633398534188=180.8014706039971, 180.8014706039971=194.06079944610119, 194.06079944610119=209.71868401025915, 209.71868401025915=241.43089736534847, 241.43089736534847=274.00060975046756, 274.00060975046756=307.52879986440644, 307.52879986440644=324.55487622221676, 324.55487622221676=364.1097150357708, 364.1097150357708=384.2281914556359, 384.2281914556359=404.712538277176, 404.712538277176=425.59091108689955, 425.59091108689955=449.5585627146141, 449.5585627146141=498.53626275365497, 498.53626275365497=549.906829368442, 549.906829368442=576.2866433689634, 576.2866433689634=630.5989079982289, 630.5989079982289=695.1205573827427, 705.6868304876348=740.766618074882, 740.766618074882=814.6254690783674, 814.6254690783674=899.1727477606814, 899.1727477606814=1005.6956438838571, 1005.6956438838571=1072.8008634445341];

Jobs: [[1; 20; 3.667647629268762], [1; 40; 7.437900089449362], [2; 20; 3.7457060009443737], [1; 60; 11.404860912312062], [2; 30; 5.746297029684619], [1; 80; 15.568675610061904], [2; 40; 7.848674092883539], [2; 40; 7.915191451587306], [1; 100; 20.138280867322894], [1; 100; 20.51478423157007], [2; 60; 12.42838161057727], [1; 120; 25.364183604694237], [1; 120; 25.915750854985472], [2; 60; 13.105136618655225], [2; 60; 13.25932884210409], [2; 70; 15.657884564157957], [1; 140; 32.12952717666054], [1; 140; 33.03505686115154], [2; 70; 17.02607635781031], [2; 80; 20.118476419865086], [2; 80; 20.4843468215401], [2; 80; 20.878372809723533], [2; 90; 23.96765162771451], [1; 180; 50.117122546935484], [2; 90; 26.379814000521403], [1; 200; 62.294967557994404], [1; 200; 67.10521956067697], [2; 100; 35.0797875872472], [1; 200; 78.48674092883539], [1; 200; 93.05632110034024], [2; 100; 67.10521956067697]];
Intervals[0.0=3.667647629268762, 3.667647629268762=11.105547718718125, 11.105547718718125=14.851253719662498, 14.851253719662498=26.25611463197456, 26.25611463197456=32.00241166165918, 32.00241166165918=47.57108727172108, 47.57108727172108=55.419761364604625, 55.419761364604625=63.33495281619193, 63.33495281619193=83.47323368351482, 83.47323368351482=103.9880179150849, 103.9880179150849=116.41639952566217, 116.41639952566217=141.7805831303564, 141.7805831303564=167.69633398534188, 167.69633398534188=180.8014706039971, 180.8014706039971=194.06079944610119, 194.06079944610119=209.71868401025915, 209.71868401025915=241.84821118691968, 241.84821118691968=274.8832680480712, 307.52879986440644=324.55487622221676, 364.1097150357708=384.2281914556359, 384.2281914556359=404.712538277176, 404.712538277176=425.59091108689955, 425.59091108689955=449.5585627146141, 449.5585627146141=499.6756852615496, 549.906829368442=576.2866433689634, 576.2866433689634=638.5816109269578, 638.5816109269578=705.6868304876348, 705.6868304876348=740.766618074882, 740.766618074882=819.2533590037174, 819.2533590037174=912.3096801040576, 1005.6956438838571=1072.8008634445341];
