1.0000000000000004
66486.04830020812
66486.04830020815
[2; 10; 2.9849026440674282]
[2; 10; 3.005071516981933]
[2; 20; 6.0515936061130775]
[2; 20; 6.09421186664488]
[2; 20; 6.138056624960142]
[2; 30; 9.274786522753935]
[2; 30; 9.344524378303658]
[2; 30; 9.416408159944174]
[2; 40; 12.654074878621765]
[2; 40; 12.756128276765812]
[2; 40; 12.861555605493521]
[2; 40; 12.970557036509083]
[2; 50; 16.354187688109015]
[2; 50; 16.500214947704734]
[2; 50; 16.651601522717723]
[2; 50; 16.808701381057283]
[2; 60; 20.36628343578039]
[2; 70; 23.99828641208521]
[2; 70; 24.245708868718108]
[2; 70; 24.503661302312338]
[2; 70; 24.77295386822228]
[2; 80; 28.633701496367223]
[2; 80; 28.970599479789318]
[2; 80; 29.32393429631835]
[2; 80; 29.69516274708457]
[2; 80; 30.085933385179334]
[2; 80; 30.49812067900436]
[2; 90; 34.80060036255283]
[2; 100; 39.24454321826862]
[2; 100; 39.85783826630368]
[2; 100; 40.51136160438672]
[2; 100; 41.20997064436024]
[2; 100; 41.95940654586716]
[2; 520; 222.3858798101633]
[2; 520; 226.92561523038273]
[2; 560; 249.69572837318302]
[2; 580; 264.6298438167852]
[2; 600; 280.6017046882944]
[2; 600; 288.18918169283785]
[2; 600; 296.6701565652343]
[2; 620; 316.45492692067256]
[2; 620; 327.76634519905554]
[2; 640; 351.88721155582016]
[2; 640; 367.9036807229355]
[2; 640; 387.3019907912369]
[2; 640; 411.5697793757927]
[2; 640; 443.3501050279883]
[2; 660; 503.21899120357193]
[2; 660; 576.0419463540486]
[2; 680; 747.7603245561179]


Jobs: [[2; 10; 2.9849026440674282], [2; 10; 3.005071516981933], [2; 20; 6.0515936061130775], [2; 20; 6.09421186664488], [2; 20; 6.138056624960142], [2; 30; 9.274786522753935], [2; 30; 9.344524378303658], [2; 30; 9.416408159944174], [2; 40; 12.654074878621765], [2; 40; 12.756128276765812], [2; 40; 12.861555605493521], [2; 40; 12.970557036509083], [2; 50; 16.354187688109015], [2; 50; 16.500214947704734], [2; 50; 16.651601522717723], [2; 50; 16.808701381057283], [2; 60; 20.36628343578039], [2; 70; 23.99828641208521], [2; 70; 24.245708868718108], [2; 70; 24.503661302312338], [2; 70; 24.77295386822228], [2; 80; 28.633701496367223], [2; 80; 28.970599479789318], [2; 80; 29.32393429631835], [2; 80; 29.69516274708457], [2; 80; 30.085933385179334], [2; 80; 30.49812067900436], [2; 90; 34.80060036255283], [2; 100; 39.24454321826862], [2; 100; 39.85783826630368], [2; 100; 40.51136160438672], [2; 100; 41.20997064436024], [2; 100; 41.95940654586716], [2; 520; 222.3858798101633], [2; 520; 226.92561523038273], [2; 560; 249.69572837318302], [2; 580; 264.6298438167852], [2; 600; 280.6017046882944], [2; 600; 288.18918169283785], [2; 600; 296.6701565652343], [2; 620; 316.45492692067256], [2; 620; 327.76634519905554], [2; 640; 351.88721155582016], [2; 640; 367.9036807229355], [2; 640; 387.3019907912369], [2; 640; 411.5697793757927], [2; 640; 443.3501050279883], [2; 660; 503.21899120357193], [2; 660; 576.0419463540486], [2; 680; 747.7603245561179]];
Intervals[4.9E-324=2.9849026440674282, 2.9849026440674282=5.989974161049361, 5.989974161049361=12.041567767162437, 12.041567767162437=18.135779633807317, 18.135779633807317=24.27383625876746, 24.27383625876746=33.548622781521395, 33.548622781521395=42.893147159825055, 42.893147159825055=52.30955531976923, 52.30955531976923=64.963630198391, 64.963630198391=77.71975847515681, 77.71975847515681=90.58131408065033, 90.58131408065033=103.55187111715941, 103.55187111715941=119.90605880526843, 119.90605880526843=136.40627375297316, 136.40627375297316=153.0578752756909, 153.0578752756909=169.86657665674818, 169.86657665674818=190.23286009252857, 190.23286009252857=214.23114650461378, 214.23114650461378=238.4768553733319, 238.4768553733319=262.98051667564425, 262.98051667564425=287.7534705438665, 287.7534705438665=316.38717204023374, 316.38717204023374=345.35777152002305, 345.35777152002305=374.6817058163414, 374.6817058163414=404.37686856342594, 404.37686856342594=434.46280194860526, 434.46280194860526=464.96092262760965, 464.96092262760965=499.76152299016246, 499.76152299016246=539.0060662084311, 539.0060662084311=578.8639044747348, 578.8639044747348=619.3752660791215, 619.3752660791215=660.5852367234818, 660.5852367234818=702.544643269349, 702.544643269349=924.9305230795122, 924.9305230795122=1151.856138309895, 1151.856138309895=1401.551866683078, 1401.551866683078=1666.1817104998631, 1666.1817104998631=1946.7834151881575, 1946.7834151881575=2234.9725968809953, 2234.9725968809953=2531.6427534462296, 2531.6427534462296=2848.0976803669023, 2848.0976803669023=3175.864025565958, 3175.864025565958=3527.751237121778, 3527.751237121778=3895.6549178447135, 3895.6549178447135=4282.956908635951, 4282.956908635951=4694.526688011743, 4694.526688011743=5137.876793039732, 5137.876793039732=5641.095784243304, 5641.095784243304=6217.137730597352, 6217.137730597352=6964.89805515347];

Jobs: [[2; 10; 2.9849026440674282], [2; 10; 3.005071516981933], [2; 20; 6.0515936061130775], [2; 20; 6.09421186664488], [2; 20; 6.138056624960142], [2; 30; 9.274786522753935], [2; 30; 9.344524378303658], [2; 30; 9.416408159944174], [2; 40; 12.654074878621765], [2; 40; 12.756128276765812], [2; 40; 12.861555605493521], [2; 40; 12.970557036509083], [2; 50; 16.354187688109015], [2; 50; 16.500214947704734], [2; 50; 16.651601522717723], [2; 50; 16.808701381057283], [2; 60; 20.36628343578039], [2; 70; 23.99828641208521], [2; 70; 24.245708868718108], [2; 70; 24.503661302312338], [2; 70; 24.77295386822228], [2; 80; 28.633701496367223], [2; 80; 28.970599479789318], [2; 80; 29.32393429631835], [2; 80; 29.69516274708457], [2; 80; 30.085933385179334], [2; 80; 30.49812067900436], [2; 90; 34.80060036255283], [2; 100; 39.24454321826862], [2; 100; 39.85783826630368], [2; 100; 40.51136160438672], [2; 100; 41.20997064436024], [2; 100; 41.95940654586716], [2; 520; 222.3858798101633], [2; 520; 226.92561523038273], [2; 560; 249.69572837318302], [2; 580; 264.6298438167852], [2; 600; 280.6017046882944], [2; 600; 288.18918169283785], [2; 600; 296.6701565652343], [2; 620; 316.45492692067256], [2; 620; 327.76634519905554], [2; 640; 351.88721155582016], [2; 640; 367.9036807229355], [2; 640; 387.3019907912369], [2; 640; 411.5697793757927], [2; 640; 443.3501050279883], [2; 660; 503.21899120357193], [2; 660; 576.0419463540486], [2; 680; 747.7603245561179]];
Intervals[4.9E-324=2.9849026440674282, 2.9849026440674282=5.989974161049361, 5.989974161049361=12.041567767162437, 12.041567767162437=18.135779633807317, 18.135779633807317=24.27383625876746, 24.27383625876746=33.548622781521395, 33.548622781521395=42.893147159825055, 42.893147159825055=52.30955531976923, 52.30955531976923=64.963630198391, 64.963630198391=77.71975847515681, 77.71975847515681=90.58131408065033, 90.58131408065033=103.55187111715941, 103.55187111715941=119.90605880526843, 119.90605880526843=136.40627375297316, 136.40627375297316=153.0578752756909, 153.0578752756909=169.86657665674818, 169.86657665674818=190.23286009252857, 190.23286009252857=214.23114650461378, 214.23114650461378=238.4768553733319, 238.4768553733319=262.98051667564425, 262.98051667564425=287.7534705438665, 287.7534705438665=316.38717204023374, 316.38717204023374=345.35777152002305, 345.35777152002305=374.6817058163414, 374.6817058163414=404.37686856342594, 404.37686856342594=434.46280194860526, 434.46280194860526=464.96092262760965, 464.96092262760965=499.76152299016246, 499.76152299016246=539.0060662084311, 539.0060662084311=578.8639044747348, 578.8639044747348=619.3752660791215, 619.3752660791215=660.5852367234818, 660.5852367234818=702.544643269349, 702.544643269349=924.9305230795122, 924.9305230795122=1151.856138309895, 1151.856138309895=1401.551866683078, 1401.551866683078=1666.1817104998631, 1666.1817104998631=1946.7834151881575, 1946.7834151881575=2234.9725968809953, 2234.9725968809953=2531.6427534462296, 2531.6427534462296=2848.0976803669023, 2848.0976803669023=3175.864025565958, 3175.864025565958=3527.751237121778, 3527.751237121778=3895.6549178447135, 3895.6549178447135=4282.956908635951, 4282.956908635951=4694.526688011743, 4694.526688011743=5137.876793039732, 5137.876793039732=5641.095784243304, 5641.095784243304=6217.137730597352, 6217.137730597352=6964.89805515347];
