1.112877309101509
1460119.1791337512
1624933.503041873
[2; 10; 6.634467949907859]
[1; 20; 13.313462864065741]
[1; 20; 13.358593591803094]
[1; 20; 13.404342557089599]
[2; 20; 13.450724734832447]
[2; 20; 13.497755623550619]
[1; 60; 40.63635380828547]
[1; 60; 40.78148487523208]
[1; 80; 54.57161563906303]
[1; 80; 54.77078388488198]
[1; 80; 54.97289192976736]
[1; 100; 68.97252070159334]
[1; 100; 69.23279683086355]
[1; 100; 69.49704670852516]
[2; 50; 34.88268886790825]
[1; 100; 70.03790150947273]
[2; 70; 49.2203138261196]
[2; 80; 56.476796774103825]
[1; 160; 113.41090053348404]
[2; 80; 56.9378522501539]
[1; 180; 128.64175111067587]
[1; 180; 129.1822690182717]
[1; 180; 129.73198742341413]
[1; 180; 130.29118393579162]
[1; 180; 130.86014828827675]
[2; 100; 73.02176835239611]
[2; 100; 73.34922460852277]
[1; 1040; 766.2994014727244]
[1; 1040; 769.8307850016198]
[1; 1040; 773.428177365405]
[1; 1040; 777.0937685112956]
[2; 520; 390.4149268387905]
[1; 1040; 784.6388400710313]
[1; 1040; 788.5232540732453]
[2; 520; 396.242874513224]
[2; 520; 398.26455682745836]
[1; 1080; 831.4507535378632]
[2; 540; 417.9134453698523]
[1; 1080; 840.296638244726]
[1; 1080; 844.8635574865415]
[1; 1080; 849.5314066757223]
[1; 1080; 854.3041551723139]
[1; 1080; 859.1859991725436]
[2; 540; 432.0906894274526]
[2; 560; 450.74555407763035]
[1; 1120; 906.9219084779056]
[1; 1120; 912.4859857560782]
[1; 1120; 918.1891712281808]
[1; 1120; 924.0376675807317]
[2; 560; 465.019040153879]
[1; 1120; 936.1974523934812]
[2; 560; 471.26165137249734]
[1; 1120; 949.0236688663941]
[1; 1120; 955.7071543419784]
[1; 1160; 996.9609454212027]
[2; 580; 502.1459019403467]
[1; 1160; 1011.8431536154803]
[2; 580; 509.8134341866895]
[1; 1160; 1027.6557569639044]
[1; 1200; 1071.6658565225266]
[2; 600; 540.2615003989256]
[1; 1200; 1089.680411996376]
[1; 1200; 1099.1563694717631]
[1; 1200; 1108.9707849329384]
[1; 1200; 1119.1453971699636]
[1; 1200; 1129.7039961802093]
[1; 1200; 1140.6726821199106]
[2; 600; 576.0400828500736]
[1; 1200; 1163.9581181481196]
[1; 1240; 1215.5529667812318]
[1; 1240; 1228.9117613460696]
[1; 1240; 1242.8778633372535]
[1; 1240; 1257.5012973997832]
[1; 1240; 1272.838190601173]
[2; 620; 644.4758885125444]
[1; 1240; 1305.913613963697]
[1; 1240; 1323.8050648160781]
[1; 1280; 1386.0326411688463]
[1; 1280; 1406.7227458561717]
[2; 640; 714.3531697900542]
[1; 1280; 1452.1319185075067]
[1; 1280; 1477.1735968250675]
[1; 1280; 1504.0371667065551]
[1; 1280; 1532.9680247924468]
[2; 660; 806.5724338379619]
[2; 660; 824.1120852782069]
[1; 1320; 1686.568635823074]
[1; 1320; 1728.7502165715903]
[2; 680; 914.6492819686065]
[1; 1360; 1883.1320737994886]
[2; 680; 971.959897280662]
[1; 1360; 2013.403591542698]
[1; 1360; 2094.0241200212845]
[2; 680; 1094.6677741885305]
[2; 680; 1152.3858836234785]
[2; 700; 1260.610167597493]
[1; 1400; 2715.902275678946]
[1; 1400; 2989.2372431330796]
[2; 700; 1710.9112232926464]
[1; 1400; 4311.226129455586]


Jobs: [[2; 10; 6.634467949907859], [1; 20; 13.313462864065741], [1; 20; 13.404342557089599], [2; 20; 13.450724734832447], [2; 20; 13.497755623550619], [1; 60; 40.63635380828547], [1; 80; 54.57161563906303], [1; 80; 54.97289192976736], [1; 100; 69.23279683086355], [2; 50; 34.88268886790825], [1; 100; 70.03790150947273], [2; 70; 49.2203138261196], [2; 80; 56.476796774103825], [1; 160; 113.41090053348404], [2; 80; 56.9378522501539], [1; 180; 128.64175111067587], [1; 180; 129.73198742341413], [1; 180; 130.86014828827675], [2; 100; 73.02176835239611], [2; 100; 73.34922460852277], [1; 1040; 766.2994014727244], [1; 1040; 773.428177365405], [2; 520; 390.4149268387905], [1; 1040; 784.6388400710313], [2; 520; 396.242874513224], [2; 520; 398.26455682745836], [1; 1080; 831.4507535378632], [2; 540; 417.9134453698523], [1; 1080; 840.296638244726], [1; 1080; 849.5314066757223], [1; 1080; 859.1859991725436], [2; 540; 432.0906894274526], [2; 560; 450.74555407763035], [1; 1120; 906.9219084779056], [1; 1120; 918.1891712281808], [2; 560; 465.019040153879], [1; 1120; 936.1974523934812], [2; 560; 471.26165137249734], [1; 1120; 949.0236688663941], [1; 1160; 996.9609454212027], [2; 580; 502.1459019403467], [1; 1160; 1011.8431536154803], [2; 580; 509.8134341866895], [1; 1160; 1027.6557569639044], [2; 600; 540.2615003989256], [1; 1200; 1089.680411996376], [1; 1200; 1108.9707849329384], [1; 1200; 1129.7039961802093], [2; 600; 576.0400828500736], [1; 1200; 1163.9581181481196], [1; 1240; 1228.9117613460696], [1; 1240; 1257.5012973997832], [2; 620; 644.4758885125444], [1; 1240; 1305.913613963697], [1; 1280; 1386.0326411688463], [2; 640; 714.3531697900542], [1; 1280; 1452.1319185075067], [1; 1280; 1504.0371667065551], [2; 660; 806.5724338379619], [2; 660; 824.1120852782069], [1; 1320; 1686.568635823074], [2; 680; 914.6492819686065], [1; 1360; 1883.1320737994886], [2; 680; 971.959897280662], [1; 1360; 2013.403591542698], [2; 680; 1094.6677741885305], [2; 680; 1152.3858836234785], [2; 700; 1260.610167597493], [1; 1400; 2715.902275678946], [2; 700; 1710.9112232926464], [1; 1400; 4311.226129455586]];
Intervals[4.9E-324=6.634467949907859, 6.634467949907859=19.9479308139736, 19.9479308139736=33.3522733710632, 33.3522733710632=46.80299810589565, 46.80299810589565=60.300753729446264, 60.300753729446264=100.93710753773173, 100.93710753773173=155.50872317679477, 155.50872317679477=210.48161510656212, 210.48161510656212=279.71441193742567, 294.3225898996788=329.20527876758706, 329.20527876758706=399.24318027705976, 399.24318027705976=448.46349410317936, 448.46349410317936=504.9402908772832, 504.9402908772832=618.3511914107672, 618.3511914107672=675.2890436609212, 675.2890436609212=803.930794771597, 803.930794771597=933.6627821950111, 933.6627821950111=1064.5229304832878, 1064.5229304832878=1137.544698835684, 1137.544698835684=1210.8939234442066, 1210.8939234442066=1977.193324916931, 1977.193324916931=2750.621502282336, 2757.8184769571217=3148.233403795912, 3148.233403795912=3932.8722438669433, 3936.7566578691576=4332.999532382381, 4332.999532382381=4731.26408920984, 4731.26408920984=5562.714842747703, 5562.714842747703=5980.628288117556, 5980.628288117556=6820.924926362281, 6820.924926362281=7670.456333038004, 7670.456333038004=8529.642332210547, 8529.642332210547=8961.733021638, 8961.733021638=9412.47857571563, 9412.47857571563=10319.400484193535, 10319.400484193535=11237.589655421716, 11249.00222905244=11714.021269206318, 11714.021269206318=12650.218721599798, 12650.218721599798=13121.480372972295, 13121.480372972295=14070.504041838689, 14070.504041838689=15067.464987259891, 15067.464987259891=15569.610889200238, 15569.610889200238=16581.45404281572, 16581.45404281572=17091.26747700241, 17091.26747700241=18118.923233966314, 18162.933333524936=18703.194833923862, 18703.194833923862=19792.875245920237, 19792.875245920237=20901.846030853176, 20901.846030853176=22031.550027033387, 22062.1692826855=22638.209365535575, 22638.209365535575=23802.167483683694, 23802.167483683694=25031.079245029763, 25031.079245029763=26288.580542429547, 26369.478386255236=27013.95427476778, 27013.95427476778=28319.867888731478, 28319.867888731478=29705.900529900326, 29744.48208544003=30458.835255230086, 30458.835255230086=31910.967173737594, 31910.967173737594=33415.004340444146, 33468.9768768476=34275.54931068556, 34275.54931068556=35099.66139596376, 35099.66139596376=36786.230031786836, 36828.411612535354=37743.060894503964, 37743.060894503964=39626.192968303454, 39626.192968303454=40598.15286558412, 40598.15286558412=42611.55645712682, 42692.1769856054=43786.84475979393, 43786.84475979393=44939.23064341741, 44939.23064341741=46199.8408110149, 46199.8408110149=48915.74308669385, 49189.07805414798=50899.98927744063, 50899.98927744063=55211.21540689622];

Jobs: [[2; 10; 6.634467949907859], [1; 20; 13.358593591803094], [2; 20; 13.450724734832447], [2; 20; 13.497755623550619], [1; 60; 40.78148487523208], [1; 80; 54.77078388488198], [1; 100; 68.97252070159334], [1; 100; 69.49704670852516], [2; 50; 34.88268886790825], [2; 70; 49.2203138261196], [2; 80; 56.476796774103825], [2; 80; 56.9378522501539], [1; 180; 129.1822690182717], [1; 180; 130.29118393579162], [2; 100; 73.02176835239611], [2; 100; 73.34922460852277], [1; 1040; 769.8307850016198], [1; 1040; 777.0937685112956], [2; 520; 390.4149268387905], [1; 1040; 788.5232540732453], [2; 520; 396.242874513224], [2; 520; 398.26455682745836], [2; 540; 417.9134453698523], [1; 1080; 844.8635574865415], [1; 1080; 854.3041551723139], [2; 540; 432.0906894274526], [2; 560; 450.74555407763035], [1; 1120; 912.4859857560782], [1; 1120; 924.0376675807317], [2; 560; 465.019040153879], [2; 560; 471.26165137249734], [1; 1120; 955.7071543419784], [2; 580; 502.1459019403467], [2; 580; 509.8134341866895], [1; 1200; 1071.6658565225266], [2; 600; 540.2615003989256], [1; 1200; 1099.1563694717631], [1; 1200; 1119.1453971699636], [1; 1200; 1140.6726821199106], [2; 600; 576.0400828500736], [1; 1240; 1215.5529667812318], [1; 1240; 1242.8778633372535], [1; 1240; 1272.838190601173], [2; 620; 644.4758885125444], [1; 1240; 1323.8050648160781], [1; 1280; 1406.7227458561717], [2; 640; 714.3531697900542], [1; 1280; 1477.1735968250675], [1; 1280; 1532.9680247924468], [2; 660; 806.5724338379619], [2; 660; 824.1120852782069], [1; 1320; 1728.7502165715903], [2; 680; 914.6492819686065], [2; 680; 971.959897280662], [1; 1360; 2094.0241200212845], [2; 680; 1094.6677741885305], [2; 680; 1152.3858836234785], [2; 700; 1260.610167597493], [1; 1400; 2989.2372431330796], [2; 700; 1710.9112232926464]];
Intervals[4.9E-324=6.634467949907859, 6.634467949907859=19.993061541710954, 33.3522733710632=46.80299810589565, 46.80299810589565=60.300753729446264, 60.300753729446264=101.08223860467834, 101.08223860467834=155.85302248956032, 155.85302248956032=224.82554319115366, 224.82554319115366=294.3225898996788, 294.3225898996788=329.20527876758706, 399.24318027705976=448.46349410317936, 448.46349410317936=504.9402908772832, 618.3511914107672=675.2890436609212, 675.2890436609212=804.4713126791928, 804.4713126791928=934.7624966149845, 1064.5229304832878=1137.544698835684, 1137.544698835684=1210.8939234442066, 1210.8939234442066=1980.7247084458263, 1980.7247084458263=2757.8184769571217, 2757.8184769571217=3148.233403795912, 3148.233403795912=3936.7566578691576, 3936.7566578691576=4332.999532382381, 4332.999532382381=4731.26408920984, 5562.714842747703=5980.628288117556, 5980.628288117556=6825.491845604097, 6825.491845604097=7679.79600077641, 8529.642332210547=8961.733021638, 8961.733021638=9412.47857571563, 9412.47857571563=10324.964561471708, 10324.964561471708=11249.00222905244, 11249.00222905244=11714.021269206318, 12650.218721599798=13121.480372972295, 13121.480372972295=14077.187527314274, 15067.464987259891=15569.610889200238, 16581.45404281572=17091.26747700241, 17091.26747700241=18162.933333524936, 18162.933333524936=18703.194833923862, 18703.194833923862=19802.351203395625, 19802.351203395625=20921.496600565588, 20921.496600565588=22062.1692826855, 22062.1692826855=22638.209365535575, 22638.209365535575=23853.762332316808, 23853.762332316808=25096.64019565406, 25096.64019565406=26369.478386255236, 26369.478386255236=27013.95427476778, 27013.95427476778=28337.75933958386, 28337.75933958386=29744.48208544003, 29744.48208544003=30458.835255230086, 30458.835255230086=31936.008852055154, 31936.008852055154=33468.9768768476, 33468.9768768476=34275.54931068556, 34275.54931068556=35099.66139596376, 35099.66139596376=36828.411612535354, 36828.411612535354=37743.060894503964, 39626.192968303454=40598.15286558412, 40598.15286558412=42692.1769856054, 42692.1769856054=43786.84475979393, 43786.84475979393=44939.23064341741, 44939.23064341741=46199.8408110149, 46199.8408110149=49189.07805414798, 49189.07805414798=50899.98927744063];
