1.1627323444836826
298322.4340977702
346869.14321057923
[2; 10; 3.9075568321539116]
[2; 10; 3.9206695372482714]
[2; 10; 3.933960044101396]
[2; 10; 3.947432615166551]
[2; 10; 3.9610916603904993]
[2; 10; 3.9749417439179595]
[1; 40; 15.955950364700541]
[2; 20; 8.006468192716076]
[1; 40; 16.07074532141342]
[1; 40; 16.129398196487504]
[2; 20; 8.094458405153816]
[2; 20; 8.124661887985493]
[2; 20; 8.155321279962525]
[1; 40; 16.372897524310964]
[2; 30; 12.327085478942177]
[2; 30; 12.375238645483117]
[2; 30; 12.42415314067828]
[2; 30; 12.473850282290666]
[2; 30; 12.524352251180652]
[1; 80; 33.53515236611382]
[2; 40; 16.837151984926965]
[2; 40; 16.90789715189019]
[2; 40; 16.979846517134227]
[2; 40; 17.053036415336408]
[2; 40; 17.127504767905364]
[1; 100; 43.00822793564456]
[1; 100; 43.20109252411199]
[2; 50; 21.69873191261606]
[2; 50; 21.79872748135442]
[1; 100; 43.801184346644796]
[1; 100; 44.00877599926276]
[1; 120; 53.06443188682081]
[2; 60; 26.661643435252007]
[2; 60; 26.79363392029166]
[1; 120; 53.85655511559692]
[2; 60; 27.065669107257296]
[2; 60; 27.205908238249382]
[1; 120; 54.698199732860495]
[2; 60; 27.495354518256978]
[1; 120; 55.28957745486743]
[1; 120; 55.5950509328106]
[2; 60; 27.953694616640604]
[2; 70; 32.79900572890366]
[2; 70; 32.9897019075863]
[1; 140; 66.36982357505799]
[2; 70; 33.38482571680939]
[2; 70; 33.58964572222574]
[2; 70; 33.79958645828794]
[2; 70; 34.014876252932986]
[2; 70; 34.23575826189989]
[1; 140; 68.92498349087738]
[1; 160; 79.3036651041394]
[1; 160; 79.8506042158244]
[2; 80; 40.20647547112797]
[1; 160; 80.99148127179325]
[1; 160; 81.5870282572142]
[1; 160; 82.20048759424307]
[1; 180; 93.18692687263604]
[2; 90; 46.9603562071742]
[1; 180; 94.67817022536445]
[1; 180; 95.46066992739928]
[1; 180; 96.26969722914701]
[1; 180; 97.1068670516645]
[2; 90; 48.986969264626254]
[2; 100; 54.92935122936056]
[2; 100; 55.447583261579425]
[1; 200; 111.97188596288488]
[2; 100; 56.545839554136656]
[1; 200; 114.25765490292915]
[2; 520; 300.230458076242]
[2; 520; 303.52995807431125]
[2; 540; 318.7863596581837]
[1; 1080; 645.0742630287608]
[1; 1080; 652.9417977179851]
[1; 1120; 685.6969376102323]
[2; 560; 347.36015025525205]
[2; 560; 352.1190998441951]
[1; 1120; 714.3001048154911]
[2; 580; 375.42720178958353]
[1; 1160; 762.5883989259663]
[1; 1160; 775.0920704176242]
[2; 580; 394.2291767493684]
[2; 580; 401.3985460514532]
[2; 600; 423.2272083632008]
[1; 1200; 863.7337471429474]
[2; 600; 441.2582116748459]
[1; 1200; 903.0473808170643]
[1; 1200; 925.6328630824106]
[1; 1200; 950.6619984937198]
[1; 1240; 1011.2598387153531]
[1; 1240; 1043.9034230654718]
[1; 1240; 1081.216883075179]
[2; 640; 580.3927090826535]
[2; 640; 606.8098155433872]
[1; 1280; 1277.6096674531902]
[2; 660; 700.0449128009282]
[2; 660; 754.1005223593323]
[2; 680; 855.1463853359022]
[1; 1360; 1957.796493524014]
[2; 680; 1233.3345068006388]


Jobs: [[2; 10; 3.9075568321539116], [2; 10; 3.9206695372482714], [2; 10; 3.933960044101396], [2; 10; 3.947432615166551], [2; 10; 3.9610916603904993], [2; 10; 3.9749417439179595], [1; 40; 15.955950364700541], [2; 20; 8.006468192716076], [1; 40; 16.07074532141342], [2; 20; 8.094458405153816], [2; 20; 8.124661887985493], [2; 20; 8.155321279962525], [1; 40; 16.372897524310964], [2; 30; 12.327085478942177], [2; 30; 12.375238645483117], [2; 30; 12.42415314067828], [2; 30; 12.473850282290666], [2; 30; 12.524352251180652], [1; 80; 33.53515236611382], [2; 40; 16.837151984926965], [2; 40; 16.90789715189019], [2; 40; 16.979846517134227], [2; 40; 17.053036415336408], [2; 40; 17.127504767905364], [1; 100; 43.00822793564456], [2; 50; 21.69873191261606], [2; 50; 21.79872748135442], [1; 100; 43.801184346644796], [1; 120; 53.06443188682081], [2; 60; 26.661643435252007], [2; 60; 26.79363392029166], [1; 120; 53.85655511559692], [2; 60; 27.065669107257296], [2; 60; 27.205908238249382], [1; 120; 54.698199732860495], [2; 60; 27.495354518256978], [1; 120; 55.28957745486743], [2; 60; 27.953694616640604], [2; 70; 32.79900572890366], [2; 70; 32.9897019075863], [1; 140; 66.36982357505799], [2; 70; 33.38482571680939], [2; 70; 33.58964572222574], [2; 70; 33.79958645828794], [2; 70; 34.014876252932986], [2; 70; 34.23575826189989], [1; 140; 68.92498349087738], [1; 160; 79.8506042158244], [2; 80; 40.20647547112797], [1; 160; 80.99148127179325], [1; 160; 82.20048759424307], [2; 90; 46.9603562071742], [1; 180; 94.67817022536445], [1; 180; 96.26969722914701], [2; 90; 48.986969264626254], [2; 100; 54.92935122936056], [2; 100; 55.447583261579425], [1; 200; 111.97188596288488], [2; 100; 56.545839554136656], [1; 200; 114.25765490292915], [2; 520; 300.230458076242], [2; 520; 303.52995807431125], [2; 540; 318.7863596581837], [1; 1080; 645.0742630287608], [1; 1120; 685.6969376102323], [2; 560; 347.36015025525205], [2; 560; 352.1190998441951], [1; 1120; 714.3001048154911], [2; 580; 375.42720178958353], [1; 1160; 762.5883989259663], [2; 580; 394.2291767493684], [2; 580; 401.3985460514532], [2; 600; 423.2272083632008], [1; 1200; 863.7337471429474], [2; 600; 441.2582116748459], [1; 1200; 903.0473808170643], [1; 1200; 950.6619984937198], [1; 1240; 1043.9034230654718], [2; 640; 580.3927090826535], [2; 640; 606.8098155433872], [1; 1280; 1277.6096674531902], [2; 660; 700.0449128009282], [2; 660; 754.1005223593323], [2; 680; 855.1463853359022], [1; 1360; 1957.796493524014], [2; 680; 1233.3345068006388]];
Intervals[4.9E-324=3.9075568321539116, 3.9075568321539116=7.8282263694021825, 7.8282263694021825=11.762186413503578, 11.762186413503578=15.70961902867013, 15.70961902867013=19.670710689060627, 19.670710689060627=23.645652432978586, 23.645652432978586=39.60160279767913, 39.60160279767913=47.608070990395206, 47.608070990395206=63.678816311808625, 63.737469186882706=71.83192759203652, 71.83192759203652=79.95658948002202, 79.95658948002202=88.11191075998454, 88.11191075998454=104.4848082842955, 104.4848082842955=116.81189376323768, 116.81189376323768=129.1871324087208, 129.1871324087208=141.61128554939907, 141.61128554939907=154.08513583168974, 154.08513583168974=166.6094880828704, 166.6094880828704=200.1446404489842, 200.1446404489842=216.98179243391118, 216.98179243391118=233.88968958580136, 233.88968958580136=250.8695361029356, 250.8695361029356=267.922572518272, 267.922572518272=285.0500772861773, 285.0500772861773=328.0583052218219, 328.2511698102893=349.94990172290534, 349.94990172290534=371.74862920425977, 371.74862920425977=415.54981355090456, 415.54981355090456=468.61424543772534, 468.61424543772534=495.27588887297736, 495.27588887297736=522.069522793269, 522.069522793269=575.926077908866, 575.926077908866=602.9917470161233, 602.9917470161233=630.1976552543728, 630.1976552543728=684.8958549872333, 684.8958549872333=712.3912095054902, 712.3912095054902=767.6807869603576, 767.9862604383009=795.9399550549415, 795.9399550549415=828.7389607838452, 828.7389607838452=861.7286626914315, 861.7286626914315=928.0984862664895, 928.0984862664895=961.4833119832989, 961.4833119832989=995.0729577055247, 995.0729577055247=1028.8725441638126, 1028.8725441638126=1062.8874204167455, 1062.8874204167455=1097.1231786786454, 1097.1231786786454=1166.0481621695228, 1166.0481621695228=1245.8987663853472, 1245.8987663853472=1286.1052418564752, 1286.1052418564752=1367.0967231282684, 1367.0967231282684=1449.2972107225114, 1460.8791969863255=1507.8395531934998, 1507.8395531934998=1602.5177234188643, 1602.5177234188643=1698.7874206480112, 1700.4070901725636=1749.3940594371898, 1749.3940594371898=1804.3234106665502, 1804.3234106665502=1859.7709939281297, 1859.7709939281297=1971.7428798910146, 1971.7428798910146=2028.2887194451512, 2028.2887194451512=2142.5463743480805, 2142.5463743480805=2442.7768324243225, 2442.7768324243225=2746.3067904986337, 2746.3067904986337=3065.0931501568175, 3065.0931501568175=3710.1674131855784, 3710.1674131855784=4395.86435079581, 4395.86435079581=4743.224501051062, 4743.224501051062=5095.343600895258, 5095.343600895258=5809.643705710749, 5809.643705710749=6185.070907500332, 6185.070907500332=6947.659306426299, 6960.162977917957=7354.392154667325, 7354.392154667325=7755.790700718778, 7755.790700718778=8179.017909081978, 8179.017909081978=9042.751656224926, 9042.751656224926=9484.009867899771, 9484.009867899771=10387.057248716836, 10387.057248716836=11337.719247210556, 11337.719247210556=12381.622670276029, 12502.119452772715=13082.512161855368, 13082.512161855368=13689.321977398755, 13689.321977398755=14966.931644851946, 14966.931644851946=15666.976557652873, 15666.976557652873=16421.077080012205, 16421.077080012205=17276.223465348106, 17276.223465348106=19234.01995887212, 19234.01995887212=20467.354465672757];

Jobs: [[2; 10; 3.9075568321539116], [2; 10; 3.9206695372482714], [2; 10; 3.933960044101396], [2; 10; 3.947432615166551], [2; 10; 3.9610916603904993], [2; 10; 3.9749417439179595], [2; 20; 8.006468192716076], [1; 40; 16.129398196487504], [2; 20; 8.094458405153816], [2; 20; 8.124661887985493], [2; 20; 8.155321279962525], [2; 30; 12.327085478942177], [2; 30; 12.375238645483117], [2; 30; 12.42415314067828], [2; 30; 12.473850282290666], [2; 30; 12.524352251180652], [2; 40; 16.837151984926965], [2; 40; 16.90789715189019], [2; 40; 16.979846517134227], [2; 40; 17.053036415336408], [2; 40; 17.127504767905364], [1; 100; 43.20109252411199], [2; 50; 21.69873191261606], [2; 50; 21.79872748135442], [1; 100; 44.00877599926276], [2; 60; 26.661643435252007], [2; 60; 26.79363392029166], [2; 60; 27.065669107257296], [2; 60; 27.205908238249382], [2; 60; 27.495354518256978], [1; 120; 55.5950509328106], [2; 60; 27.953694616640604], [2; 70; 32.79900572890366], [2; 70; 32.9897019075863], [2; 70; 33.38482571680939], [2; 70; 33.58964572222574], [2; 70; 33.79958645828794], [2; 70; 34.014876252932986], [2; 70; 34.23575826189989], [1; 160; 79.3036651041394], [2; 80; 40.20647547112797], [1; 160; 81.5870282572142], [1; 180; 93.18692687263604], [2; 90; 46.9603562071742], [1; 180; 95.46066992739928], [1; 180; 97.1068670516645], [2; 90; 48.986969264626254], [2; 100; 54.92935122936056], [2; 100; 55.447583261579425], [2; 100; 56.545839554136656], [2; 520; 300.230458076242], [2; 520; 303.52995807431125], [2; 540; 318.7863596581837], [1; 1080; 652.9417977179851], [2; 560; 347.36015025525205], [2; 560; 352.1190998441951], [2; 580; 375.42720178958353], [1; 1160; 775.0920704176242], [2; 580; 394.2291767493684], [2; 580; 401.3985460514532], [2; 600; 423.2272083632008], [2; 600; 441.2582116748459], [1; 1200; 925.6328630824106], [1; 1240; 1011.2598387153531], [1; 1240; 1081.216883075179], [2; 640; 580.3927090826535], [2; 640; 606.8098155433872], [2; 660; 700.0449128009282], [2; 660; 754.1005223593323], [2; 680; 855.1463853359022], [2; 680; 1233.3345068006388]];
Intervals[4.9E-324=3.9075568321539116, 3.9075568321539116=7.8282263694021825, 7.8282263694021825=11.762186413503578, 11.762186413503578=15.70961902867013, 15.70961902867013=19.670710689060627, 19.670710689060627=23.645652432978586, 39.60160279767913=47.608070990395206, 47.608070990395206=63.737469186882706, 63.737469186882706=71.83192759203652, 71.83192759203652=79.95658948002202, 79.95658948002202=88.11191075998454, 104.4848082842955=116.81189376323768, 116.81189376323768=129.1871324087208, 129.1871324087208=141.61128554939907, 141.61128554939907=154.08513583168974, 154.08513583168974=166.6094880828704, 200.1446404489842=216.98179243391118, 216.98179243391118=233.88968958580136, 233.88968958580136=250.8695361029356, 250.8695361029356=267.922572518272, 267.922572518272=285.0500772861773, 285.0500772861773=328.2511698102893, 328.2511698102893=349.94990172290534, 349.94990172290534=371.74862920425977, 371.74862920425977=415.7574052035225, 468.61424543772534=495.27588887297736, 495.27588887297736=522.069522793269, 575.926077908866=602.9917470161233, 602.9917470161233=630.1976552543728, 684.8958549872333=712.3912095054902, 712.3912095054902=767.9862604383009, 767.9862604383009=795.9399550549415, 795.9399550549415=828.7389607838452, 828.7389607838452=861.7286626914315, 928.0984862664895=961.4833119832989, 961.4833119832989=995.0729577055247, 995.0729577055247=1028.8725441638126, 1028.8725441638126=1062.8874204167455, 1062.8874204167455=1097.1231786786454, 1097.1231786786454=1176.4268437827848, 1245.8987663853472=1286.1052418564752, 1286.1052418564752=1367.6922701136893, 1367.6922701136893=1460.8791969863255, 1460.8791969863255=1507.8395531934998, 1507.8395531934998=1603.300223120899, 1603.300223120899=1700.4070901725636, 1700.4070901725636=1749.3940594371898, 1749.3940594371898=1804.3234106665502, 1804.3234106665502=1859.7709939281297, 1971.7428798910146=2028.2887194451512, 2142.5463743480805=2442.7768324243225, 2442.7768324243225=2746.3067904986337, 2746.3067904986337=3065.0931501568175, 3065.0931501568175=3718.0349478748026, 4395.86435079581=4743.224501051062, 4743.224501051062=5095.343600895258, 5809.643705710749=6185.070907500332, 6185.070907500332=6960.162977917957, 6960.162977917957=7354.392154667325, 7354.392154667325=7755.790700718778, 7755.790700718778=8179.017909081978, 9042.751656224926=9484.009867899771, 9484.009867899771=10409.642730982181, 10409.642730982181=11420.902569697535, 11420.902569697535=12502.119452772715, 12502.119452772715=13082.512161855368, 13082.512161855368=13689.321977398755, 14966.931644851946=15666.976557652873, 15666.976557652873=16421.077080012205, 16421.077080012205=17276.223465348106, 19234.01995887212=20467.354465672757];
