1.093591224707567
18599.07762670812
20339.788080222843
[1; 10; 1.9521677449621013]
[2; 10; 1.965358467692771]
[2; 10; 1.97891309235042]
[1; 30; 5.97854867763017]
[1; 40; 8.02874839741503]
[1; 40; 8.087785432294512]
[2; 20; 4.074299066245492]
[2; 20; 4.105641059969234]
[1; 50; 10.344925683538724]
[1; 60; 12.514027327823298]
[2; 30; 6.308726865761499]
[2; 30; 6.36219320197674]
[1; 80; 17.11338506171341]
[2; 40; 8.633095613988289]
[2; 40; 8.712302750434905]
[1; 100; 21.986247850339407]
[1; 110; 24.41969190956026]
[2; 60; 13.453039106981928]
[2; 70; 15.857030011121475]
[2; 70; 16.025734481800942]
[2; 70; 16.201855556360048]
[2; 70; 16.38598331415667]
[1; 150; 35.52595130430762]
[1; 160; 38.356519803040825]
[2; 80; 19.421048459143364]
[1; 160; 39.35323575685692]
[1; 160; 39.89238817543761]
[1; 160; 40.4623564408517]
[2; 80; 20.533180628518895]
[1; 170; 44.314884736181064]
[1; 170; 45.04148739852459]
[1; 170; 45.81821740769453]
[1; 200; 54.88406814164968]
[2; 100; 27.969894426184094]
[1; 200; 57.08173114236194]
[2; 120; 34.99381519339583]
[2; 120; 35.80791509266991]
[2; 140; 42.82072858823045]
[2; 140; 43.97860214370978]
[2; 150; 48.50659967843361]
[2; 150; 50.072398316449224]
[2; 150; 51.86219456664678]
[2; 150; 53.93885597302616]
[2; 160; 60.1535279708042]
[2; 160; 63.32521895521342]
[2; 170; 71.49890447863032]
[2; 180; 81.55044005719616]
[2; 180; 89.75787339473463]
[2; 200; 114.16346228472388]
[2; 200; 143.83694926140308]


Jobs: [[1; 10; 1.9521677449621013], [2; 10; 1.965358467692771], [2; 10; 1.97891309235042], [1; 30; 5.97854867763017], [1; 40; 8.087785432294512], [2; 20; 4.074299066245492], [2; 20; 4.105641059969234], [1; 50; 10.344925683538724], [2; 30; 6.308726865761499], [2; 30; 6.36219320197674], [1; 80; 17.11338506171341], [2; 40; 8.633095613988289], [2; 40; 8.712302750434905], [1; 100; 21.986247850339407], [2; 60; 13.453039106981928], [2; 70; 15.857030011121475], [2; 70; 16.025734481800942], [2; 70; 16.201855556360048], [2; 70; 16.38598331415667], [1; 150; 35.52595130430762], [2; 80; 19.421048459143364], [1; 160; 39.35323575685692], [1; 160; 40.4623564408517], [2; 80; 20.533180628518895], [1; 170; 44.314884736181064], [1; 170; 45.81821740769453], [2; 100; 27.969894426184094], [1; 200; 57.08173114236194], [2; 120; 34.99381519339583], [2; 120; 35.80791509266991], [2; 140; 42.82072858823045], [2; 140; 43.97860214370978], [2; 150; 48.50659967843361], [2; 150; 50.072398316449224], [2; 150; 51.86219456664678], [2; 150; 53.93885597302616], [2; 160; 60.1535279708042], [2; 160; 63.32521895521342], [2; 170; 71.49890447863032], [2; 180; 81.55044005719616], [2; 180; 89.75787339473463], [2; 200; 114.16346228472388], [2; 200; 143.83694926140308]];
Intervals[0.0=1.9521677449621013, 1.9521677449621013=3.917526212654872, 3.917526212654872=5.896439305005292, 5.896439305005292=11.874987982635462, 11.874987982635462=19.962773414929973, 19.962773414929973=24.037072481175464, 24.037072481175464=28.142713541144698, 28.142713541144698=38.48763922468342, 40.656740868967994=46.96546773472949, 46.96546773472949=53.32766093670623, 53.32766093670623=70.44104599841964, 70.44104599841964=79.07414161240793, 79.07414161240793=87.78644436284283, 87.78644436284283=109.77269221318224, 112.20613627240309=125.65917537938502, 125.65917537938502=141.51620539050649, 141.51620539050649=157.54193987230744, 157.54193987230744=173.74379542866748, 173.74379542866748=190.12977874282416, 190.12977874282416=225.65573004713178, 228.486298545865=247.90734700500838, 247.90734700500838=287.2605827618653, 287.2605827618653=327.722939202717, 327.722939202717=348.2561198312359, 348.2561198312359=392.57100456741694, 392.57100456741694=438.38922197511147, 448.1816753714101=476.1515697975942, 476.1515697975942=533.2333009399562, 533.2333009399562=568.227116133352, 568.227116133352=604.0350312260218, 604.0350312260218=646.8557598142522, 646.8557598142522=690.834361957962, 690.834361957962=739.3409616363956, 739.3409616363956=789.4133599528449, 789.4133599528449=841.2755545194916, 841.2755545194916=895.2144104925178, 895.2144104925178=955.367938463322, 955.367938463322=1018.6931574185355, 1018.6931574185355=1090.1920618971658, 1090.1920618971658=1171.7425019543618, 1171.7425019543618=1261.5003753490964, 1261.5003753490964=1375.6638376338203, 1375.6638376338203=1519.5007868952234];

Jobs: [[2; 10; 1.965358467692771], [2; 10; 1.97891309235042], [1; 40; 8.02874839741503], [2; 20; 4.074299066245492], [2; 20; 4.105641059969234], [1; 60; 12.514027327823298], [2; 30; 6.308726865761499], [2; 30; 6.36219320197674], [2; 40; 8.633095613988289], [2; 40; 8.712302750434905], [1; 110; 24.41969190956026], [2; 60; 13.453039106981928], [2; 70; 15.857030011121475], [2; 70; 16.025734481800942], [2; 70; 16.201855556360048], [2; 70; 16.38598331415667], [1; 160; 38.356519803040825], [2; 80; 19.421048459143364], [1; 160; 39.89238817543761], [2; 80; 20.533180628518895], [1; 170; 45.04148739852459], [1; 200; 54.88406814164968], [2; 100; 27.969894426184094], [2; 120; 34.99381519339583], [2; 120; 35.80791509266991], [2; 140; 42.82072858823045], [2; 140; 43.97860214370978], [2; 150; 48.50659967843361], [2; 150; 50.072398316449224], [2; 150; 51.86219456664678], [2; 150; 53.93885597302616], [2; 160; 60.1535279708042], [2; 160; 63.32521895521342], [2; 170; 71.49890447863032], [2; 180; 81.55044005719616], [2; 180; 89.75787339473463], [2; 200; 114.16346228472388], [2; 200; 143.83694926140308]];
Intervals[1.9521677449621013=3.917526212654872, 3.917526212654872=5.896439305005292, 5.896439305005292=13.925187702420324, 19.962773414929973=24.037072481175464, 24.037072481175464=28.142713541144698, 28.142713541144698=40.656740868967994, 40.656740868967994=46.96546773472949, 46.96546773472949=53.32766093670623, 70.44104599841964=79.07414161240793, 79.07414161240793=87.78644436284283, 87.78644436284283=112.20613627240309, 112.20613627240309=125.65917537938502, 125.65917537938502=141.51620539050649, 141.51620539050649=157.54193987230744, 157.54193987230744=173.74379542866748, 173.74379542866748=190.12977874282416, 190.12977874282416=228.486298545865, 228.486298545865=247.90734700500838, 247.90734700500838=287.79973518044596, 327.722939202717=348.2561198312359, 348.2561198312359=393.29760722976044, 393.29760722976044=448.1816753714101, 448.1816753714101=476.1515697975942, 533.2333009399562=568.227116133352, 568.227116133352=604.0350312260218, 604.0350312260218=646.8557598142522, 646.8557598142522=690.834361957962, 690.834361957962=739.3409616363956, 739.3409616363956=789.4133599528449, 789.4133599528449=841.2755545194916, 841.2755545194916=895.2144104925178, 895.2144104925178=955.367938463322, 955.367938463322=1018.6931574185355, 1018.6931574185355=1090.1920618971658, 1090.1920618971658=1171.7425019543618, 1171.7425019543618=1261.5003753490964, 1261.5003753490964=1375.6638376338203, 1375.6638376338203=1519.5007868952234];
