1.2572479539217005
544732.1152847875
684863.3373772389
[2; 10; 4.776073394198805]
[2; 10; 4.792100606243889]
[1; 20; 9.616690278624603]
[1; 20; 9.649624406510476]
[1; 20; 9.683014376400331]
[1; 20; 9.716871345490897]
[1; 20; 9.75120686523662]
[2; 10; 4.893016449827551]
[2; 10; 4.910680922344952]
[2; 10; 4.928603274352062]
[2; 10; 4.946790167091969]
[2; 10; 4.965248510368962]
[1; 40; 19.935941898970274]
[2; 20; 10.006017008932526]
[2; 20; 10.044650662451101]
[1; 40; 20.16777595493877]
[2; 20; 10.123745656513218]
[1; 60; 30.492723210696536]
[2; 30; 15.308088438848257]
[2; 30; 15.370827207321089]
[2; 30; 15.434607303900346]
[2; 30; 15.499459356771503]
[1; 60; 31.13083059499431]
[1; 80; 41.686689157478924]
[2; 40; 20.93436470530237]
[1; 80; 42.05399168806849]
[1; 100; 52.80322141623176]
[2; 50; 26.52161967880398]
[1; 100; 53.28768170145778]
[1; 100; 53.536693176409685]
[2; 50; 26.895212685297526]
[1; 120; 64.85884459247119]
[1; 120; 65.17523420716648]
[1; 120; 65.49788914014043]
[2; 60; 32.91351489429501]
[1; 120; 66.16288779508581]
[1; 140; 77.58999127259892]
[1; 140; 77.99836716961242]
[1; 140; 78.4154786683147]
[1; 140; 78.84165811743706]
[2; 70; 39.63862811435067]
[2; 70; 39.861321709023066]
[2; 80; 45.81612072542381]
[1; 160; 92.1649990116478]
[1; 160; 92.71036672798489]
[1; 180; 104.92748593302629]
[1; 180; 105.57122894428022]
[1; 180; 106.23106625530278]
[1; 180; 106.90771549381499]
[1; 180; 107.60194089086609]
[2; 100; 60.17475405193929]
[2; 100; 60.581352561792635]
[2; 100; 60.99916819630728]
[2; 100; 61.4287539569551]
[1; 200; 123.74140526759152]
[2; 520; 324.09338316847175]
[2; 520; 326.5302670239195]
[1; 1040; 658.0842740400564]
[2; 520; 331.6331266669926]
[2; 540; 347.16569143963073]
[1; 1080; 700.0699190056272]
[2; 540; 353.00149890610203]
[2; 540; 356.071231238221]
[2; 560; 372.5561849215929]
[2; 560; 375.9743225042813]
[2; 560; 379.52145956038675]
[1; 1120; 766.4127287547494]
[2; 560; 387.03868225260675]
[1; 1120; 782.0581061240548]
[2; 580; 409.30315059171016]
[2; 580; 413.8013475875797]
[1; 1160; 837.0080764340502]
[2; 580; 423.42806686722264]
[2; 580; 428.59233274387964]
[1; 1200; 897.9685409788652]
[2; 600; 454.89263581371074]
[2; 600; 461.1248162196326]
[1; 1200; 935.4264074412653]
[2; 600; 474.69502713603475]
[1; 1240; 996.3675593104693]
[2; 620; 506.35217866583423]
[2; 620; 515.0841046099855]
[1; 1240; 1048.9026326740243]
[1; 1240; 1069.0787652082083]
[1; 1280; 1126.0931087389888]
[2; 640; 575.290513986711]
[2; 660; 607.070201398488]
[1; 1320; 1244.5064136149253]
[2; 660; 639.0789488424218]
[2; 660; 657.886082666019]
[2; 660; 679.1227213716151]
[2; 680; 724.7124711398259]
[1; 1360; 1507.4626875819215]
[2; 680; 788.0381171878714]
[2; 680; 829.588687469779]
[1; 1400; 1814.9960863108854]
[1; 1400; 1955.145265310137]
[1; 1400; 2151.915809024952]
[1; 1400; 2463.3286753665384]
[1; 1400; 3103.599650903956]


Jobs: [[2; 10; 4.776073394198805], [2; 10; 4.792100606243889], [1; 20; 9.616690278624603], [1; 20; 9.683014376400331], [1; 20; 9.75120686523662], [2; 10; 4.893016449827551], [2; 10; 4.910680922344952], [2; 10; 4.928603274352062], [2; 10; 4.946790167091969], [2; 10; 4.965248510368962], [1; 40; 19.935941898970274], [2; 20; 10.006017008932526], [2; 20; 10.044650662451101], [1; 40; 20.16777595493877], [2; 20; 10.123745656513218], [1; 60; 30.492723210696536], [2; 30; 15.308088438848257], [2; 30; 15.370827207321089], [2; 30; 15.434607303900346], [2; 30; 15.499459356771503], [1; 60; 31.13083059499431], [2; 40; 20.93436470530237], [1; 80; 42.05399168806849], [2; 50; 26.52161967880398], [1; 100; 53.28768170145778], [2; 50; 26.895212685297526], [1; 120; 64.85884459247119], [1; 120; 65.49788914014043], [2; 60; 32.91351489429501], [1; 120; 66.16288779508581], [1; 140; 77.99836716961242], [1; 140; 78.84165811743706], [2; 70; 39.63862811435067], [2; 70; 39.861321709023066], [2; 80; 45.81612072542381], [1; 160; 92.1649990116478], [1; 180; 104.92748593302629], [1; 180; 106.23106625530278], [1; 180; 107.60194089086609], [2; 100; 60.17475405193929], [2; 100; 60.581352561792635], [2; 100; 60.99916819630728], [2; 100; 61.4287539569551], [1; 200; 123.74140526759152], [2; 520; 324.09338316847175], [2; 520; 326.5302670239195], [1; 1040; 658.0842740400564], [2; 520; 331.6331266669926], [2; 540; 347.16569143963073], [1; 1080; 700.0699190056272], [2; 540; 353.00149890610203], [2; 540; 356.071231238221], [2; 560; 372.5561849215929], [2; 560; 375.9743225042813], [2; 560; 379.52145956038675], [1; 1120; 766.4127287547494], [2; 560; 387.03868225260675], [1; 1120; 782.0581061240548], [2; 580; 409.30315059171016], [2; 580; 413.8013475875797], [1; 1160; 837.0080764340502], [2; 580; 423.42806686722264], [2; 580; 428.59233274387964], [1; 1200; 897.9685409788652], [2; 600; 454.89263581371074], [2; 600; 461.1248162196326], [1; 1200; 935.4264074412653], [2; 600; 474.69502713603475], [1; 1240; 996.3675593104693], [2; 620; 506.35217866583423], [2; 620; 515.0841046099855], [1; 1240; 1048.9026326740243], [1; 1280; 1126.0931087389888], [2; 640; 575.290513986711], [2; 660; 607.070201398488], [1; 1320; 1244.5064136149253], [2; 660; 639.0789488424218], [2; 660; 657.886082666019], [2; 660; 679.1227213716151], [2; 680; 724.7124711398259], [1; 1360; 1507.4626875819215], [2; 680; 788.0381171878714], [2; 680; 829.588687469779], [1; 1400; 1814.9960863108854], [1; 1400; 2151.915809024952], [1; 1400; 3103.599650903956]];
Intervals[4.9E-324=4.776073394198805, 4.776073394198805=9.568174000442696, 9.568174000442696=19.1848642790673, 19.1848642790673=28.867878655467628, 28.867878655467628=38.619085520704246, 38.619085520704246=43.512101970531795, 43.512101970531795=48.42278289287675, 48.42278289287675=53.35138616722881, 53.35138616722881=58.29817633432078, 58.29817633432078=63.26342484468974, 63.26342484468974=83.19936674366001, 83.19936674366001=93.20538375259254, 93.20538375259254=103.25003441504364, 103.25003441504364=123.41781036998242, 123.41781036998242=133.54155602649564, 133.54155602649564=164.03427923719218, 164.03427923719218=179.34236767604042, 179.34236767604042=194.71319488336152, 194.71319488336152=210.14780218726187, 210.14780218726187=225.64726154403337, 225.64726154403337=256.7780921390277, 267.3339507015123=288.2683154068147, 288.2683154068147=330.3223070948832, 341.0715368230464=367.5931565018504, 367.5931565018504=420.88083820330814, 421.1298496782601=448.0250623635576, 448.0250623635576=512.8839069560288, 512.8839069560288=578.3817960961692, 578.3817960961692=611.2953109904641, 611.2953109904641=677.4581987855499, 677.4581987855499=755.4565659551623, 755.4565659551623=834.2982240725994, 834.2982240725994=873.9368521869501, 873.9368521869501=913.7981738959732, 913.7981738959732=959.614294621397, 959.614294621397=1051.7792936330447, 1051.7792936330447=1156.706779566071, 1156.706779566071=1262.9378458213737, 1262.9378458213737=1370.5397867122397, 1370.5397867122397=1430.714540764179, 1430.714540764179=1491.2958933259715, 1491.2958933259715=1552.2950615222787, 1552.2950615222787=1613.7238154792337, 1613.7238154792337=1737.4652207468253, 1737.4652207468253=2061.5586039152968, 2061.5586039152968=2388.088870939216, 2388.088870939216=3046.1731449792724, 3046.1731449792724=3377.806271646265, 3377.806271646265=3724.971963085896, 3724.971963085896=4425.041882091523, 4425.041882091523=4778.043380997625, 4778.043380997625=5134.114612235846, 5134.114612235846=5506.670797157439, 5506.670797157439=5882.64511966172, 5882.64511966172=6262.1665792221065, 6262.1665792221065=7028.5793079768555, 7028.5793079768555=7415.6179902294625, 7415.6179902294625=8197.676096353518, 8197.676096353518=8606.979246945228, 8606.979246945228=9020.780594532807, 9020.780594532807=9857.788670966858, 9857.788670966858=10281.21673783408, 10281.21673783408=10709.80907057796, 10709.80907057796=11607.777611556825, 11607.777611556825=12062.670247370535, 12062.670247370535=12523.795063590169, 12523.795063590169=13459.221471031435, 13459.221471031435=13933.91649816747, 13933.91649816747=14930.284057477938, 14930.284057477938=15436.636236143773, 15436.636236143773=15951.720340753758, 15951.720340753758=17000.622973427784, 17000.622973427784=18126.71608216677, 18126.71608216677=18702.006596153482, 18702.006596153482=19309.07679755197, 19309.07679755197=20553.583211166897, 20553.583211166897=21192.66216000932, 21192.66216000932=21850.54824267534, 21850.54824267534=22529.670964046956, 22529.670964046956=23254.38343518678, 23254.38343518678=24761.846122768704, 24761.846122768704=25549.884239956576, 25549.884239956576=26379.472927426355, 26379.472927426355=28194.46901373724, 28194.46901373724=30346.384822762193, 30346.384822762193=33449.98447366615];

Jobs: [[2; 10; 4.776073394198805], [2; 10; 4.792100606243889], [1; 20; 9.649624406510476], [1; 20; 9.716871345490897], [2; 10; 4.893016449827551], [2; 10; 4.910680922344952], [2; 10; 4.928603274352062], [2; 10; 4.946790167091969], [2; 10; 4.965248510368962], [2; 20; 10.006017008932526], [2; 20; 10.044650662451101], [2; 20; 10.123745656513218], [2; 30; 15.308088438848257], [2; 30; 15.370827207321089], [2; 30; 15.434607303900346], [2; 30; 15.499459356771503], [1; 80; 41.686689157478924], [2; 40; 20.93436470530237], [1; 100; 52.80322141623176], [2; 50; 26.52161967880398], [1; 100; 53.536693176409685], [2; 50; 26.895212685297526], [1; 120; 65.17523420716648], [2; 60; 32.91351489429501], [1; 140; 77.58999127259892], [1; 140; 78.4154786683147], [2; 70; 39.63862811435067], [2; 70; 39.861321709023066], [2; 80; 45.81612072542381], [1; 160; 92.71036672798489], [1; 180; 105.57122894428022], [1; 180; 106.90771549381499], [2; 100; 60.17475405193929], [2; 100; 60.581352561792635], [2; 100; 60.99916819630728], [2; 100; 61.4287539569551], [2; 520; 324.09338316847175], [2; 520; 326.5302670239195], [2; 520; 331.6331266669926], [2; 540; 347.16569143963073], [2; 540; 353.00149890610203], [2; 540; 356.071231238221], [2; 560; 372.5561849215929], [2; 560; 375.9743225042813], [2; 560; 379.52145956038675], [2; 560; 387.03868225260675], [2; 580; 409.30315059171016], [2; 580; 413.8013475875797], [2; 580; 423.42806686722264], [2; 580; 428.59233274387964], [2; 600; 454.89263581371074], [2; 600; 461.1248162196326], [2; 600; 474.69502713603475], [2; 620; 506.35217866583423], [2; 620; 515.0841046099855], [1; 1240; 1069.0787652082083], [2; 640; 575.290513986711], [2; 660; 607.070201398488], [2; 660; 639.0789488424218], [2; 660; 657.886082666019], [2; 660; 679.1227213716151], [2; 680; 724.7124711398259], [2; 680; 788.0381171878714], [2; 680; 829.588687469779], [1; 1400; 1955.145265310137], [1; 1400; 2463.3286753665384]];
Intervals[4.9E-324=4.776073394198805, 4.776073394198805=9.568174000442696, 9.568174000442696=19.21779840695317, 19.21779840695317=28.93466975244407, 38.619085520704246=43.512101970531795, 43.512101970531795=48.42278289287675, 48.42278289287675=53.35138616722881, 53.35138616722881=58.29817633432078, 58.29817633432078=63.26342484468974, 83.19936674366001=93.20538375259254, 93.20538375259254=103.25003441504364, 123.41781036998242=133.54155602649564, 164.03427923719218=179.34236767604042, 179.34236767604042=194.71319488336152, 194.71319488336152=210.14780218726187, 210.14780218726187=225.64726154403337, 225.64726154403337=267.3339507015123, 267.3339507015123=288.2683154068147, 288.2683154068147=341.0715368230464, 341.0715368230464=367.5931565018504, 367.5931565018504=421.1298496782601, 421.1298496782601=448.0250623635576, 448.0250623635576=513.200296570724, 578.3817960961692=611.2953109904641, 611.2953109904641=688.8853022630631, 688.8853022630631=767.3007809313777, 834.2982240725994=873.9368521869501, 873.9368521869501=913.7981738959732, 913.7981738959732=959.614294621397, 959.614294621397=1052.3246613493818, 1052.3246613493818=1157.895890293662, 1157.895890293662=1264.803605787477, 1370.5397867122397=1430.714540764179, 1430.714540764179=1491.2958933259715, 1491.2958933259715=1552.2950615222787, 1552.2950615222787=1613.7238154792337, 1737.4652207468253=2061.5586039152968, 2061.5586039152968=2388.088870939216, 3046.1731449792724=3377.806271646265, 3377.806271646265=3724.971963085896, 4425.041882091523=4778.043380997625, 4778.043380997625=5134.114612235846, 5134.114612235846=5506.670797157439, 5506.670797157439=5882.64511966172, 5882.64511966172=6262.1665792221065, 7028.5793079768555=7415.6179902294625, 8197.676096353518=8606.979246945228, 8606.979246945228=9020.780594532807, 9857.788670966858=10281.21673783408, 10281.21673783408=10709.80907057796, 11607.777611556825=12062.670247370535, 12062.670247370535=12523.795063590169, 13459.221471031435=13933.91649816747, 14930.284057477938=15436.636236143773, 15436.636236143773=15951.720340753758, 15951.720340753758=17020.799105961967, 18126.71608216677=18702.006596153482, 18702.006596153482=19309.07679755197, 20553.583211166897=21192.66216000932, 21192.66216000932=21850.54824267534, 21850.54824267534=22529.670964046956, 22529.670964046956=23254.38343518678, 24761.846122768704=25549.884239956576, 25549.884239956576=26379.472927426355, 26379.472927426355=28334.618192736492, 28334.618192736492=30797.94686810303];
