1.1737333810350523
69513.97992792708
81590.87869000861
[1; 20; 4.809102632759904]
[2; 10; 2.412620341003342]
[1; 20; 4.841597555174117]
[1; 20; 4.858178498142454]
[1; 20; 4.87498893831493]
[1; 20; 4.8920344928690636]
[2; 20; 4.909320977474482]
[2; 20; 4.926854415508949]
[1; 40; 9.889282095613426]
[2; 20; 4.9626873429761575]
[2; 20; 4.98100000832662]
[2; 20; 4.999586001447579]
[2; 30; 7.527678813730532]
[1; 60; 15.112821381538884]
[1; 60; 15.171172622039599]
[1; 60; 15.230435616778978]
[1; 60; 15.290635592806842]
[1; 60; 15.351798786289308]
[2; 30; 7.70697624781122]
[2; 30; 7.738562569014458]
[2; 40; 10.3608975399416]
[1; 80; 20.80886246835938]
[2; 40; 10.448705942991765]
[1; 80; 20.98748805051663]
[1; 80; 21.079137632539283]
[1; 80; 21.17240936778776]
[1; 80; 21.267354177550494]
[1; 80; 21.364025297821293]
[1; 80; 21.46247841797594]
[1; 80; 21.56277182981783]
[2; 40; 10.832483293963218]
[1; 80; 21.76912668234115]
[2; 40; 10.937659612361927]
[2; 40; 10.991807324634062]
[2; 50; 13.808804331102008]
[2; 50; 13.879258633986838]
[1; 100; 27.90234634989524]
[1; 100; 28.049203509337197]
[1; 100; 28.19920210209932]
[2; 50; 14.176230822503307]
[2; 50; 14.254554129224365]
[1; 100; 28.669275148701928]
[1; 100; 28.833103134353465]
[2; 50; 14.500370610850343]
[1; 100; 29.172347234631502]
[2; 60; 17.608853103133807]
[1; 120; 35.4337711585638]
[2; 60; 17.827618988916623]
[1; 120; 35.88234752758295]
[1; 120; 36.11535631319209]
[2; 60; 18.17726891435717]
[2; 60; 18.30009202465027]
[2; 60; 18.426303544162923]
[2; 60; 18.55607052063172]
[2; 70; 21.80450069107072]
[1; 140; 43.92966732012073]
[2; 70; 22.129988986622447]
[1; 140; 44.600452722225135]
[1; 140; 44.95165184918127]
[2; 70; 22.657090413200038]
[1; 140; 45.68869517231751]
[1; 140; 46.075905966079446]
[2; 70; 23.238293064759]
[2; 70; 23.44578880338234]
[2; 70; 23.66089979900702]
[2; 70; 23.884129018222918]
[1; 140; 48.23205653769927]
[1; 140; 48.71440910177777]
[1; 160; 56.247605612304625]
[2; 80; 28.42301465493975]
[2; 80; 28.73538048684106]
[2; 80; 29.061946858209424]
[1; 160; 58.807766969207556]
[2; 80; 29.762502773221588]
[1; 160; 60.278566626193346]
[1; 160; 61.07179662612888]
[1; 160; 61.908500552115655]
[2; 80; 31.396513603574064]
[2; 80; 31.865187380785528]
[2; 80; 32.3631613670453]
[1; 160; 65.78759861695211]
[2; 80; 33.46104525247532]
[2; 80; 34.06956081853979]
[2; 90; 39.065517843150175]
[1; 180; 79.72598510676853]
[1; 180; 81.45969919224623]
[1; 180; 83.35478643954417]
[1; 180; 85.43951431856054]
[1; 180; 87.74980088966875]
[2; 90; 45.16607288238318]
[2; 90; 46.6240389297372]
[2; 100; 53.656196044939854]
[1; 200; 111.60938539958094]
[1; 200; 116.68938893852601]
[1; 200; 122.84202362775281]
[2; 100; 65.26956453188215]
[1; 200; 140.61901403076158]
[2; 100; 77.38562569014456]
[1; 200; 177.168855792819]
[2; 100; 111.60938539958094]


Jobs: [[1; 20; 4.809102632759904], [2; 10; 2.412620341003342], [1; 20; 4.841597555174117], [1; 20; 4.87498893831493], [2; 20; 4.909320977474482], [2; 20; 4.926854415508949], [1; 40; 9.889282095613426], [2; 20; 4.9626873429761575], [2; 20; 4.98100000832662], [2; 20; 4.999586001447579], [2; 30; 7.527678813730532], [1; 60; 15.112821381538884], [1; 60; 15.230435616778978], [1; 60; 15.351798786289308], [2; 30; 7.70697624781122], [2; 30; 7.738562569014458], [2; 40; 10.3608975399416], [1; 80; 20.80886246835938], [2; 40; 10.448705942991765], [1; 80; 20.98748805051663], [1; 80; 21.17240936778776], [1; 80; 21.364025297821293], [1; 80; 21.56277182981783], [2; 40; 10.832483293963218], [1; 80; 21.76912668234115], [2; 40; 10.937659612361927], [2; 40; 10.991807324634062], [2; 50; 13.808804331102008], [2; 50; 13.879258633986838], [1; 100; 27.90234634989524], [1; 100; 28.19920210209932], [2; 50; 14.176230822503307], [2; 50; 14.254554129224365], [1; 100; 28.669275148701928], [2; 50; 14.500370610850343], [1; 100; 29.172347234631502], [2; 60; 17.608853103133807], [1; 120; 35.4337711585638], [2; 60; 17.827618988916623], [1; 120; 35.88234752758295], [2; 60; 18.17726891435717], [2; 60; 18.30009202465027], [2; 60; 18.426303544162923], [2; 60; 18.55607052063172], [2; 70; 21.80450069107072], [1; 140; 43.92966732012073], [2; 70; 22.129988986622447], [1; 140; 44.600452722225135], [2; 70; 22.657090413200038], [1; 140; 45.68869517231751], [2; 70; 23.238293064759], [2; 70; 23.44578880338234], [2; 70; 23.66089979900702], [2; 70; 23.884129018222918], [1; 140; 48.23205653769927], [1; 160; 56.247605612304625], [2; 80; 28.42301465493975], [2; 80; 28.73538048684106], [2; 80; 29.061946858209424], [1; 160; 58.807766969207556], [2; 80; 29.762502773221588], [1; 160; 60.278566626193346], [1; 160; 61.908500552115655], [2; 80; 31.396513603574064], [2; 80; 31.865187380785528], [2; 80; 32.3631613670453], [1; 160; 65.78759861695211], [2; 80; 33.46104525247532], [2; 80; 34.06956081853979], [2; 90; 39.065517843150175], [1; 180; 79.72598510676853], [1; 180; 83.35478643954417], [1; 180; 87.74980088966875], [2; 90; 45.16607288238318], [2; 90; 46.6240389297372], [2; 100; 53.656196044939854], [1; 200; 111.60938539958094], [1; 200; 122.84202362775281], [2; 100; 65.26956453188215], [1; 200; 140.61901403076158], [2; 100; 77.38562569014456], [1; 200; 177.168855792819], [2; 100; 111.60938539958094]];
Intervals[0.0=4.809102632759904, 4.809102632759904=7.221722973763246, 7.221722973763246=12.063320528937362, 12.063320528937362=16.938309467252292, 16.971935964774765=21.881256942249248, 21.881256942249248=26.808111357758197, 26.808111357758197=36.697393453371625, 36.697393453371625=41.660080796347785, 41.660080796347785=46.6410808046744, 46.6410808046744=51.640666806121985, 51.640666806121985=59.168345619852516, 59.168345619852516=74.2811670013914, 74.2811670013914=89.51160261817037, 89.51160261817037=104.86340140445968, 104.86340140445968=112.5703776522709, 112.5703776522709=120.30894022128537, 120.30894022128537=130.66983776122697, 130.66983776122697=151.47870022958637, 151.47870022958637=161.92740617257812, 161.92740617257812=182.91489422309473, 182.91489422309473=204.0873035908825, 204.0873035908825=225.45132888870378, 225.45132888870378=247.0141007185216, 247.0141007185216=257.8465840124848, 257.8465840124848=279.61571069482596, 279.61571069482596=290.5533703071879, 290.5533703071879=301.54517763182196, 301.54517763182196=315.35398196292397, 315.35398196292397=329.23324059691083, 329.23324059691083=357.1355869468061, 357.1355869468061=385.3347890489054, 385.3347890489054=399.51101987140873, 399.51101987140873=413.7655740006331, 413.7655740006331=442.43484914933504, 442.59867713498653=457.09904774583686, 457.09904774583686=486.27139498046836, 486.27139498046836=503.88024808360217, 503.88024808360217=539.314019242166, 539.314019242166=557.1416382310825, 557.1416382310825=593.0239857586655, 593.2569945442747=611.4342634586319, 611.4342634586319=629.7343554832821, 629.7343554832821=648.160659027445, 648.160659027445=666.7167295480767, 666.7167295480767=688.5212302391475, 688.5212302391475=732.4508975592682, 732.4508975592682=754.5808865458907, 754.5808865458907=799.1813392681158, 799.532538395072=822.1896288082721, 822.1896288082721=867.8783239805896, 868.2655347743515=891.5038278391105, 891.5038278391105=914.9496166424929, 914.9496166424929=938.6105164414998, 938.6105164414998=962.4946454597227, 962.4946454597227=1010.726701997422, 1010.726701997422=1066.9743076097266, 1066.9743076097266=1095.3973222646664, 1095.3973222646664=1124.1327027515074, 1124.1327027515074=1153.1946496097169, 1153.1946496097169=1212.0024165789243, 1212.0024165789243=1241.7649193521459, 1241.7649193521459=1302.0434859783393, 1302.0434859783393=1363.9519865304549, 1363.9519865304549=1395.3485001340289, 1395.3485001340289=1427.2136875148144, 1427.2136875148144=1459.5768488818596, 1459.5768488818596=1525.3644474988118, 1525.3644474988118=1558.8254927512871, 1558.8254927512871=1592.8950535698268, 1592.8950535698268=1631.960571412977, 1631.960571412977=1711.6865565197456, 1711.6865565197456=1795.0413429592898, 1795.0413429592898=1882.7911438489584, 1882.7911438489584=1927.9572167313415, 1927.9572167313415=1974.5812556610788, 1974.5812556610788=2028.2374517060186, 2028.2374517060186=2139.8468371055997, 2139.8468371055997=2262.6888607333526, 2262.6888607333526=2327.958425265235, 2327.958425265235=2468.5774392959966, 2468.5774392959966=2545.963064986141, 2545.963064986141=2723.13192077896, 2723.13192077896=2834.741306178541];

Jobs: [[2; 10; 2.412620341003342], [1; 20; 4.858178498142454], [1; 20; 4.8920344928690636], [2; 20; 4.909320977474482], [2; 20; 4.926854415508949], [2; 20; 4.9626873429761575], [2; 20; 4.98100000832662], [2; 20; 4.999586001447579], [2; 30; 7.527678813730532], [1; 60; 15.171172622039599], [1; 60; 15.290635592806842], [2; 30; 7.70697624781122], [2; 30; 7.738562569014458], [2; 40; 10.3608975399416], [2; 40; 10.448705942991765], [1; 80; 21.079137632539283], [1; 80; 21.267354177550494], [1; 80; 21.46247841797594], [2; 40; 10.832483293963218], [2; 40; 10.937659612361927], [2; 40; 10.991807324634062], [2; 50; 13.808804331102008], [2; 50; 13.879258633986838], [1; 100; 28.049203509337197], [2; 50; 14.176230822503307], [2; 50; 14.254554129224365], [1; 100; 28.833103134353465], [2; 50; 14.500370610850343], [2; 60; 17.608853103133807], [2; 60; 17.827618988916623], [1; 120; 36.11535631319209], [2; 60; 18.17726891435717], [2; 60; 18.30009202465027], [2; 60; 18.426303544162923], [2; 60; 18.55607052063172], [2; 70; 21.80450069107072], [2; 70; 22.129988986622447], [1; 140; 44.95165184918127], [2; 70; 22.657090413200038], [1; 140; 46.075905966079446], [2; 70; 23.238293064759], [2; 70; 23.44578880338234], [2; 70; 23.66089979900702], [2; 70; 23.884129018222918], [1; 140; 48.71440910177777], [2; 80; 28.42301465493975], [2; 80; 28.73538048684106], [2; 80; 29.061946858209424], [2; 80; 29.762502773221588], [1; 160; 61.07179662612888], [2; 80; 31.396513603574064], [2; 80; 31.865187380785528], [2; 80; 32.3631613670453], [2; 80; 33.46104525247532], [2; 80; 34.06956081853979], [2; 90; 39.065517843150175], [1; 180; 81.45969919224623], [1; 180; 85.43951431856054], [2; 90; 45.16607288238318], [2; 90; 46.6240389297372], [2; 100; 53.656196044939854], [1; 200; 116.68938893852601], [2; 100; 65.26956453188215], [2; 100; 77.38562569014456], [2; 100; 111.60938539958094]];
Intervals[4.809102632759904=7.221722973763246, 7.221722973763246=12.0799014719057, 12.0799014719057=16.971935964774765, 16.971935964774765=21.881256942249248, 21.881256942249248=26.808111357758197, 36.697393453371625=41.660080796347785, 41.660080796347785=46.6410808046744, 46.6410808046744=51.640666806121985, 51.640666806121985=59.168345619852516, 59.168345619852516=74.33951824189211, 74.33951824189211=89.63015383469894, 104.86340140445968=112.5703776522709, 112.5703776522709=120.30894022128537, 120.30894022128537=130.66983776122697, 151.47870022958637=161.92740617257812, 161.92740617257812=183.0065438051174, 183.0065438051174=204.27389798266788, 204.27389798266788=225.73637640064382, 247.0141007185216=257.8465840124848, 279.61571069482596=290.5533703071879, 290.5533703071879=301.54517763182196, 301.54517763182196=315.35398196292397, 315.35398196292397=329.23324059691083, 329.23324059691083=357.282444106248, 385.3347890489054=399.51101987140873, 399.51101987140873=413.7655740006331, 413.7655740006331=442.59867713498653, 442.59867713498653=457.09904774583686, 486.27139498046836=503.88024808360217, 539.314019242166=557.1416382310825, 557.1416382310825=593.2569945442747, 593.2569945442747=611.4342634586319, 611.4342634586319=629.7343554832821, 629.7343554832821=648.160659027445, 648.160659027445=666.7167295480767, 666.7167295480767=688.5212302391475, 732.4508975592682=754.5808865458907, 754.5808865458907=799.532538395072, 799.532538395072=822.1896288082721, 822.1896288082721=868.2655347743515, 868.2655347743515=891.5038278391105, 891.5038278391105=914.9496166424929, 914.9496166424929=938.6105164414998, 938.6105164414998=962.4946454597227, 962.4946454597227=1011.2090545615005, 1066.9743076097266=1095.3973222646664, 1095.3973222646664=1124.1327027515074, 1124.1327027515074=1153.1946496097169, 1212.0024165789243=1241.7649193521459, 1241.7649193521459=1302.8367159782747, 1363.9519865304549=1395.3485001340289, 1395.3485001340289=1427.2136875148144, 1427.2136875148144=1459.5768488818596, 1525.3644474988118=1558.8254927512871, 1558.8254927512871=1592.8950535698268, 1592.8950535698268=1631.960571412977, 1631.960571412977=1713.4202706052233, 1713.4202706052233=1798.8597849237838, 1882.7911438489584=1927.9572167313415, 1927.9572167313415=1974.5812556610788, 1974.5812556610788=2028.2374517060186, 2028.2374517060186=2144.9268406445444, 2262.6888607333526=2327.958425265235, 2468.5774392959966=2545.963064986141, 2723.13192077896=2834.741306178541];
