1.154472972210791
53980.392445086094
62318.904107183465
[1; 20; 4.420302660630894]
[2; 10; 2.217568001103152]
[1; 20; 4.450170476515311]
[1; 20; 4.4654109053261735]
[2; 10; 2.2404311386273026]
[1; 20; 4.496529755347981]
[2; 10; 2.2562093425491807]
[2; 10; 2.2642673014567114]
[2; 10; 2.272441622538351]
[1; 40; 9.122941114462158]
[2; 20; 4.578302704422215]
[1; 40; 9.190772163483183]
[1; 40; 9.225454651224428]
[1; 40; 9.260666651527039]
[2; 20; 4.648211237946096]
[1; 40; 9.332736994882204]
[1; 40; 9.369625666848181]
[2; 20; 4.703552284248138]
[1; 40; 9.445190427434117]
[1; 40; 9.483900656851445]
[1; 40; 9.523253392503431]
[1; 60; 14.344901298270468]
[1; 60; 14.405944166796761]
[1; 60; 14.468039521192942]
[2; 30; 7.265609767261702]
[1; 60; 14.59551780349857]
[1; 60; 14.660969431472006]
[1; 60; 14.727611117474133]
[2; 30; 7.397740625905506]
[2; 30; 7.432310009405596]
[1; 60; 14.935069507364332]
[1; 60; 15.006873829963398]
[2; 30; 7.5400396255193005]
[1; 80; 20.206312433942937]
[1; 80; 20.307853397546406]
[1; 80; 20.411466688017104]
[1; 80; 20.517227470773218]
[1; 80; 20.625214867538997]
[1; 80; 20.735512231402367]
[2; 40; 10.424103722896367]
[1; 80; 20.96339324989018]
[1; 80; 21.08116759328778]
[1; 80; 21.20163402308335]
[2; 40; 10.662451053491717]
[1; 80; 21.451087896468742]
[2; 40; 10.790157217303449]
[1; 100; 27.14089039214687]
[1; 100; 27.310525361012907]
[1; 100; 27.48448244193391]
[2; 50; 13.831479054026342]
[2; 50; 13.923080922587944]
[2; 50; 14.017158647455842]
[1; 100; 28.227663523964775]
[1; 100; 28.426456436471852]
[1; 100; 28.630970348933285]
[1; 100; 28.84149975046087]
[1; 100; 29.05836127482055]
[1; 120; 35.13827509827715]
[1; 120; 35.41496582189193]
[1; 120; 35.700582719369386]
[1; 120; 35.9956422380935]
[2; 60; 18.1503522993575]
[2; 60; 18.308189372189617]
[2; 60; 18.471663998576854]
[1; 140; 43.495989302457176]
[1; 140; 43.906353059266536]
[1; 140; 44.332654992421716]
[2; 70; 22.38800547702936]
[2; 70; 22.618825928919957]
[1; 140; 45.718939596218796]
[2; 70; 23.110692878665645]
[2; 70; 23.37333687311878]
[2; 70; 23.64834253591784]
[1; 160; 54.712606588728576]
[1; 160; 55.40524475849373]
[1; 160; 56.1343447480265]
[1; 160; 56.903403941108664]
[2; 80; 28.8582097772296]
[1; 160; 58.577985672954306]
[2; 80; 29.74670728020609]
[1; 160; 60.468889813678686]
[2; 80; 30.7558309006444]
[2; 90; 35.22954375525086]
[1; 180; 71.81440100058748]
[1; 180; 73.28040405879653]
[1; 180; 74.87395311982215]
[1; 180; 76.6158288586128]
[2; 90; 39.266006707014654]
[1; 180; 80.6555209905829]
[1; 180; 83.02909186101985]
[2; 100; 47.61626696251715]
[1; 200; 98.63654167874007]
[2; 100; 51.29306867693303]
[1; 200; 107.25543948234372]
[1; 200; 112.91065409585909]
[1; 200; 119.98547412697836]
[1; 200; 129.2504338795426]
[1; 200; 142.25850985277165]
[1; 200; 162.84534235288118]
[1; 200; 205.17227470773213]


Jobs: [[1; 20; 4.420302660630894], [2; 10; 2.217568001103152], [1; 20; 4.450170476515311], [2; 10; 2.2404311386273026], [1; 20; 4.496529755347981], [2; 10; 2.2562093425491807], [2; 10; 2.2642673014567114], [2; 10; 2.272441622538351], [1; 40; 9.122941114462158], [2; 20; 4.578302704422215], [1; 40; 9.190772163483183], [1; 40; 9.260666651527039], [2; 20; 4.648211237946096], [1; 40; 9.332736994882204], [2; 20; 4.703552284248138], [1; 40; 9.445190427434117], [1; 40; 9.523253392503431], [1; 60; 14.405944166796761], [2; 30; 7.265609767261702], [1; 60; 14.59551780349857], [1; 60; 14.727611117474133], [2; 30; 7.397740625905506], [2; 30; 7.432310009405596], [1; 60; 14.935069507364332], [2; 30; 7.5400396255193005], [1; 80; 20.206312433942937], [1; 80; 20.411466688017104], [1; 80; 20.625214867538997], [2; 40; 10.424103722896367], [1; 80; 20.96339324989018], [1; 80; 21.20163402308335], [2; 40; 10.662451053491717], [1; 80; 21.451087896468742], [2; 40; 10.790157217303449], [1; 100; 27.14089039214687], [1; 100; 27.48448244193391], [2; 50; 13.831479054026342], [2; 50; 13.923080922587944], [2; 50; 14.017158647455842], [1; 100; 28.227663523964775], [1; 100; 28.630970348933285], [1; 100; 29.05836127482055], [1; 120; 35.41496582189193], [1; 120; 35.9956422380935], [2; 60; 18.1503522993575], [2; 60; 18.308189372189617], [2; 60; 18.471663998576854], [1; 140; 43.495989302457176], [1; 140; 44.332654992421716], [2; 70; 22.38800547702936], [2; 70; 22.618825928919957], [1; 140; 45.718939596218796], [2; 70; 23.110692878665645], [2; 70; 23.37333687311878], [2; 70; 23.64834253591784], [1; 160; 54.712606588728576], [1; 160; 56.1343447480265], [2; 80; 28.8582097772296], [1; 160; 58.577985672954306], [2; 80; 29.74670728020609], [1; 160; 60.468889813678686], [2; 80; 30.7558309006444], [2; 90; 35.22954375525086], [1; 180; 71.81440100058748], [1; 180; 74.87395311982215], [2; 90; 39.266006707014654], [1; 180; 80.6555209905829], [2; 100; 47.61626696251715], [1; 200; 98.63654167874007], [2; 100; 51.29306867693303], [1; 200; 107.25543948234372], [1; 200; 119.98547412697836], [1; 200; 142.25850985277165], [1; 200; 205.17227470773213]];
Intervals[0.0=4.420302660630894, 4.420302660630894=6.637870661734047, 6.637870661734047=11.088041138249357, 11.10328156706022=13.343712705687523, 13.343712705687523=17.840242461035505, 17.840242461035505=20.096451803584685, 20.096451803584685=22.360719105041397, 22.360719105041397=24.63316072757975, 24.63316072757975=33.75610184204191, 33.75610184204191=38.33440454646412, 38.33440454646412=47.5251767099473, 47.5251767099473=56.78584336147434, 56.78584336147434=61.434054599420435, 61.434054599420435=70.76679159430265, 70.80368026626861=75.50723255051675, 75.50723255051675=84.95242297795086, 84.95242297795086=94.4756763704543, 94.4756763704543=108.88162053725105, 113.80407402683161=121.06968379409332, 121.06968379409332=135.6652015975919, 135.6652015975919=150.39281271506604, 150.39281271506604=157.79055334097154, 157.79055334097154=165.22286335037714, 165.22286335037714=180.15793285774146, 180.22973718034055=187.76977680585986, 187.76977680585986=207.9760892398028, 207.9760892398028=228.3875559278199, 228.3875559278199=249.0127707953589, 249.33036990558185=259.7544736284782, 259.7544736284782=280.7178668783684, 280.7178668783684=301.9195009014517, 301.9195009014517=312.58195195494346, 312.58195195494346=334.0330398514122, 334.0330398514122=344.8231970687156, 344.8231970687156=371.96408746086246, 371.96408746086246=399.44856990279635, 399.44856990279635=413.28004895682267, 413.28004895682267=427.2031298794106, 427.2031298794106=441.22028852686645, 441.22028852686645=469.44795205083125, 469.44795205083125=498.0789223997645, 498.0789223997645=527.1372836745851, 527.1372836745851=562.552249496477, 562.552249496477=598.5478917345705, 598.5478917345705=616.698244033928, 616.698244033928=635.0064334061176, 635.0064334061176=653.4780974046945, 653.4780974046945=696.9740867071516, 696.9740867071516=741.3067416995733, 741.3067416995733=763.6947471766026, 763.6947471766026=786.3135731055226, 786.3135731055226=832.0325127017413, 832.0325127017413=855.143205580407, 855.143205580407=878.5165424535257, 878.5165424535257=902.1648849894436, 902.1648849894436=956.8774915781722, 956.8774915781722=1013.0118363261987, 1014.473533689046=1043.3317434662756, 1043.3317434662756=1101.90972913923, 1101.90972913923=1131.656436419436, 1131.656436419436=1192.1253262331147, 1192.1253262331147=1222.8811571337592, 1222.8811571337592=1258.11070088901, 1258.11070088901=1329.9251018895975, 1329.9251018895975=1404.7990550094196, 1408.0069338064193=1447.272940513434, 1447.272940513434=1527.928461504017, 1530.3020323744538=1577.918299336971, 1577.918299336971=1676.554841015711, 1676.554841015711=1727.847909692644, 1727.847909692644=1835.1033491749877, 1835.1033491749877=1955.088823301966, 1955.088823301966=2097.3473331547375, 2097.3473331547375=2302.5196078624695];

Jobs: [[2; 10; 2.217568001103152], [1; 20; 4.4654109053261735], [2; 10; 2.2404311386273026], [2; 10; 2.2562093425491807], [2; 10; 2.2642673014567114], [2; 10; 2.272441622538351], [2; 20; 4.578302704422215], [1; 40; 9.225454651224428], [2; 20; 4.648211237946096], [1; 40; 9.369625666848181], [2; 20; 4.703552284248138], [1; 40; 9.483900656851445], [1; 60; 14.344901298270468], [1; 60; 14.468039521192942], [2; 30; 7.265609767261702], [1; 60; 14.660969431472006], [2; 30; 7.397740625905506], [2; 30; 7.432310009405596], [1; 60; 15.006873829963398], [2; 30; 7.5400396255193005], [1; 80; 20.307853397546406], [1; 80; 20.517227470773218], [1; 80; 20.735512231402367], [2; 40; 10.424103722896367], [1; 80; 21.08116759328778], [2; 40; 10.662451053491717], [2; 40; 10.790157217303449], [1; 100; 27.310525361012907], [2; 50; 13.831479054026342], [2; 50; 13.923080922587944], [2; 50; 14.017158647455842], [1; 100; 28.426456436471852], [1; 100; 28.84149975046087], [1; 120; 35.13827509827715], [1; 120; 35.700582719369386], [2; 60; 18.1503522993575], [2; 60; 18.308189372189617], [2; 60; 18.471663998576854], [1; 140; 43.906353059266536], [2; 70; 22.38800547702936], [2; 70; 22.618825928919957], [2; 70; 23.110692878665645], [2; 70; 23.37333687311878], [2; 70; 23.64834253591784], [1; 160; 55.40524475849373], [1; 160; 56.903403941108664], [2; 80; 28.8582097772296], [2; 80; 29.74670728020609], [2; 80; 30.7558309006444], [2; 90; 35.22954375525086], [1; 180; 73.28040405879653], [1; 180; 76.6158288586128], [2; 90; 39.266006707014654], [1; 180; 83.02909186101985], [2; 100; 47.61626696251715], [2; 100; 51.29306867693303], [1; 200; 112.91065409585909], [1; 200; 129.2504338795426], [1; 200; 162.84534235288118]];
Intervals[4.420302660630894=6.637870661734047, 6.637870661734047=11.10328156706022, 11.10328156706022=13.343712705687523, 17.840242461035505=20.096451803584685, 20.096451803584685=22.360719105041397, 22.360719105041397=24.63316072757975, 33.75610184204191=38.33440454646412, 38.33440454646412=47.55985919768855, 56.78584336147434=61.434054599420435, 61.434054599420435=70.80368026626861, 70.80368026626861=75.50723255051675, 75.50723255051675=84.9911332073682, 84.9911332073682=99.33603450563866, 99.33603450563866=113.80407402683161, 113.80407402683161=121.06968379409332, 121.06968379409332=135.73065322556533, 150.39281271506604=157.79055334097154, 157.79055334097154=165.22286335037714, 165.22286335037714=180.22973718034055, 180.22973718034055=187.76977680585986, 187.76977680585986=208.07763020340627, 208.07763020340627=228.59485767417948, 228.59485767417948=249.33036990558185, 249.33036990558185=259.7544736284782, 259.7544736284782=280.83564122176597, 301.9195009014517=312.58195195494346, 334.0330398514122=344.8231970687156, 344.8231970687156=372.13372242972855, 399.44856990279635=413.28004895682267, 413.28004895682267=427.2031298794106, 427.2031298794106=441.22028852686645, 441.22028852686645=469.6467449633383, 469.6467449633383=498.48824471379913, 498.48824471379913=533.6265198120763, 533.6265198120763=569.3271025314457, 598.5478917345705=616.698244033928, 616.698244033928=635.0064334061176, 635.0064334061176=653.4780974046945, 653.4780974046945=697.384450463961, 741.3067416995733=763.6947471766026, 763.6947471766026=786.3135731055226, 832.0325127017413=855.143205580407, 855.143205580407=878.5165424535257, 878.5165424535257=902.1648849894436, 902.1648849894436=957.5701297479374, 957.5701297479374=1014.473533689046, 1014.473533689046=1043.3317434662756, 1101.90972913923=1131.656436419436, 1192.1253262331147=1222.8811571337592, 1222.8811571337592=1258.11070088901, 1258.11070088901=1331.3911049478065, 1331.3911049478065=1408.0069338064193, 1408.0069338064193=1447.272940513434, 1447.272940513434=1530.3020323744538, 1530.3020323744538=1577.918299336971, 1676.554841015711=1727.847909692644, 1727.847909692644=1840.7585637885031, 1840.7585637885031=1970.0089976680458, 1970.0089976680458=2132.854340020927];
