1.1373009335696547
14354.469509333043
16325.351573861613
[1; 10; 1.7906706395175511]
[1; 10; 1.8027701324882668]
[2; 10; 1.8152034228480578]
[1; 30; 5.483960900176977]
[1; 50; 9.205692021360973]
[2; 30; 5.564030018566119]
[2; 30; 5.605866401620021]
[1; 60; 11.29798029107486]
[1; 70; 13.28476850016228]
[1; 80; 15.305038122113142]
[1; 80; 15.431531776792761]
[2; 40; 7.781156852678884]
[1; 80; 15.697644965117162]
[2; 40; 7.91890496296295]
[1; 80; 15.983119051170126]
[1; 90; 18.150651110963146]
[2; 50; 10.181601136703813]
[2; 50; 10.283423902873343]
[1; 100; 20.7788921126573]
[1; 100; 20.99996074863219]
[1; 110; 23.353822830238695]
[1; 110; 23.61922990159253]
[1; 120; 26.0695949334165]
[2; 60; 13.193774079346365]
[1; 120; 26.72160321840893]
[1; 120; 27.073243585882523]
[1; 120; 27.444156027449903]
[2; 70; 16.23782321918676]
[2; 70; 16.480214525365483]
[1; 140; 33.475518952669596]
[1; 160; 38.885023435405664]
[2; 80; 19.77779332532738]
[1; 160; 40.27493627109003]
[1; 160; 41.049643500053456]
[1; 180; 47.12357441921666]
[1; 180; 48.14831942072704]
[2; 90; 24.63422356413314]
[1; 180; 50.500665572718]
[2; 90; 25.933102406687546]
[2; 100; 29.662527410416022]
[1; 200; 61.24007443990381]
[2; 100; 31.714524994450528]
[2; 100; 32.98443519836591]
[2; 100; 34.48575201807517]
[2; 110; 39.93447530265726]
[2; 110; 42.43671238618009]
[2; 140; 58.180897915440426]
[2; 150; 68.61039006862477]
[2; 190; 99.48310155167961]
[2; 190; 125.34085375379047]


Jobs: [[1; 10; 1.7906706395175511], [2; 10; 1.8152034228480578], [1; 30; 5.483960900176977], [2; 30; 5.564030018566119], [2; 30; 5.605866401620021], [1; 60; 11.29798029107486], [1; 80; 15.305038122113142], [2; 40; 7.781156852678884], [1; 80; 15.697644965117162], [2; 40; 7.91890496296295], [1; 80; 15.983119051170126], [2; 50; 10.181601136703813], [2; 50; 10.283423902873343], [1; 100; 20.7788921126573], [1; 110; 23.353822830238695], [1; 120; 26.0695949334165], [2; 60; 13.193774079346365], [1; 120; 26.72160321840893], [1; 120; 27.444156027449903], [2; 70; 16.23782321918676], [2; 70; 16.480214525365483], [1; 140; 33.475518952669596], [2; 80; 19.77779332532738], [1; 160; 40.27493627109003], [1; 180; 47.12357441921666], [2; 90; 24.63422356413314], [1; 180; 50.500665572718], [2; 90; 25.933102406687546], [2; 100; 29.662527410416022], [1; 200; 61.24007443990381], [2; 100; 31.714524994450528], [2; 100; 32.98443519836591], [2; 100; 34.48575201807517], [2; 110; 39.93447530265726], [2; 110; 42.43671238618009], [2; 140; 58.180897915440426], [2; 150; 68.61039006862477], [2; 190; 99.48310155167961], [2; 190; 125.34085375379047]];
Intervals[0.0=1.7906706395175511, 1.8027701324882668=3.6179735553363246, 3.6179735553363246=9.101934455513302, 12.823665576697298=18.387695595263416, 18.387695595263416=23.993561996883436, 23.993561996883436=35.29154228795829, 35.29154228795829=50.59658041007144, 52.709862273838475=60.49101912651736, 60.49101912651736=76.18866409163452, 76.18866409163452=84.10756905459748, 84.10756905459748=100.0906881057676, 102.25822016556063=112.43982130226445, 112.43982130226445=122.72324520513779, 122.72324520513779=143.50213731779507, 143.50213731779507=166.85596014803377, 166.85596014803377=192.92555508145028, 192.92555508145028=206.11932916079664, 206.11932916079664=232.84093237920558, 232.84093237920558=260.28508840665546, 260.28508840665546=276.5229116258422, 276.5229116258422=293.00312615120765, 293.00312615120765=326.4786451038772, 331.88814958661334=351.6659429119407, 351.6659429119407=391.94087918303075, 391.94087918303075=439.0644536022474, 440.8639058327212=465.4981293968543, 465.4981293968543=515.9987949695724, 515.9987949695724=541.9318973762599, 541.9318973762599=571.594424786676, 571.594424786676=632.8344992265797, 632.8344992265797=664.5490242210303, 664.5490242210303=697.5334594193962, 697.5334594193962=732.0192114374713, 732.0192114374713=771.9536867401285, 771.9536867401285=814.3903991263087, 814.3903991263087=872.5712970417492, 872.5712970417492=941.1816871103739, 941.1816871103739=1040.6647886620535, 1040.6647886620535=1166.005642415844];

Jobs: [[1; 10; 1.8027701324882668], [2; 10; 1.8152034228480578], [1; 50; 9.205692021360973], [2; 30; 5.564030018566119], [2; 30; 5.605866401620021], [1; 70; 13.28476850016228], [1; 80; 15.431531776792761], [2; 40; 7.781156852678884], [2; 40; 7.91890496296295], [1; 90; 18.150651110963146], [2; 50; 10.181601136703813], [2; 50; 10.283423902873343], [1; 100; 20.99996074863219], [1; 110; 23.61922990159253], [2; 60; 13.193774079346365], [1; 120; 27.073243585882523], [2; 70; 16.23782321918676], [2; 70; 16.480214525365483], [1; 160; 38.885023435405664], [2; 80; 19.77779332532738], [1; 160; 41.049643500053456], [1; 180; 48.14831942072704], [2; 90; 24.63422356413314], [2; 90; 25.933102406687546], [2; 100; 29.662527410416022], [2; 100; 31.714524994450528], [2; 100; 32.98443519836591], [2; 100; 34.48575201807517], [2; 110; 39.93447530265726], [2; 110; 42.43671238618009], [2; 140; 58.180897915440426], [2; 150; 68.61039006862477], [2; 190; 99.48310155167961], [2; 190; 125.34085375379047]];
Intervals[0.0=1.8027701324882668, 1.8027701324882668=3.6179735553363246, 3.6179735553363246=12.823665576697298, 12.823665576697298=18.387695595263416, 18.387695595263416=23.993561996883436, 23.993561996883436=37.278330497045715, 37.278330497045715=52.709862273838475, 52.709862273838475=60.49101912651736, 76.18866409163452=84.10756905459748, 84.10756905459748=102.25822016556063, 102.25822016556063=112.43982130226445, 112.43982130226445=122.72324520513779, 122.72324520513779=143.72320595377, 143.72320595377=167.3424358553625, 192.92555508145028=206.11932916079664, 206.11932916079664=233.19257274667916, 260.28508840665546=276.5229116258422, 276.5229116258422=293.00312615120765, 293.00312615120765=331.88814958661334, 331.88814958661334=351.6659429119407, 351.6659429119407=392.71558641199414, 392.71558641199414=440.8639058327212, 440.8639058327212=465.4981293968543, 515.9987949695724=541.9318973762599, 541.9318973762599=571.594424786676, 632.8344992265797=664.5490242210303, 664.5490242210303=697.5334594193962, 697.5334594193962=732.0192114374713, 732.0192114374713=771.9536867401285, 771.9536867401285=814.3903991263087, 814.3903991263087=872.5712970417492, 872.5712970417492=941.1816871103739, 941.1816871103739=1040.6647886620535, 1040.6647886620535=1166.005642415844];
