1.0000000000000007
1219535.6717033403
1219535.6717033412
[2; 10; 6.248006910856569]
[2; 10; 6.268973534137753]
[2; 10; 6.290224454401741]
[2; 10; 6.311766487118818]
[2; 10; 6.333606683594703]
[2; 20; 12.711504683381378]
[2; 20; 12.756422034299751]
[2; 30; 19.202971606711994]
[2; 30; 19.272297015215603]
[2; 30; 19.342634489092315]
[2; 40; 25.88534689445052]
[2; 40; 25.981934904590982]
[2; 40; 26.079980871000927]
[2; 40; 26.179523747643852]
[2; 50; 32.85075499068123]
[2; 50; 32.97907955521549]
[2; 50; 33.10943300331108]
[2; 60; 39.890246574242255]
[2; 70; 46.72703852769587]
[2; 70; 46.918544924024914]
[2; 70; 47.113229913079195]
[2; 80; 54.06992798353291]
[2; 80; 54.300015555172244]
[2; 80; 54.53407023916775]
[2; 80; 54.772213304759184]
[2; 90; 61.891392810717754]
[2; 90; 62.16893640125992]
[2; 90; 62.45152635945499]
[2; 90; 62.73932547702744]
[2; 100; 70.0361157257149]
[2; 100; 70.36804540349216]
[2; 100; 70.70635851481222]
[2; 100; 71.05127303907751]
[2; 520; 371.29569228600843]
[2; 520; 373.1615311173038]
[2; 520; 375.0654494369436]
[2; 520; 377.0088284269753]
[2; 520; 378.9931219674909]
[2; 520; 381.0198616908746]
[2; 520; 383.09066247558883]
[2; 520; 385.20722842564504]
[2; 540; 402.27025782559036]
[2; 540; 404.5689949120798]
[2; 540; 406.92119308481966]
[2; 540; 409.3290668349597]
[2; 540; 411.7949640669183]
[2; 560; 429.6666129152772]
[2; 560; 432.35209896424436]
[2; 560; 435.10600823811194]
[2; 560; 437.9314510972468]
[2; 560; 440.83174390510266]
[2; 560; 443.81042712519786]
[2; 560; 446.8712854152862]
[2; 560; 450.01836998599697]
[2; 560; 453.2560235335306]
[2; 560; 456.5889081060873]
[2; 560; 460.0220363232157]
[2; 580; 480.1165495253007]
[2; 580; 483.8971504550857]
[2; 580; 487.7997153624257]
[2; 580; 491.83130079563807]
[2; 580; 495.99956140495914]
[2; 580; 500.3128175669865]
[2; 580; 504.780132672037]
[2; 580; 509.41140175925887]
[2; 580; 514.2174535341439]
[2; 580; 519.2101682378187]
[2; 600; 542.4854631527214]
[2; 600; 548.0784910746355]
[2; 600; 553.9095509681147]
[2; 600; 559.996956536692]
[2; 600; 566.3611031383791]
[2; 620; 592.125612474627]
[2; 620; 599.3473682685247]
[2; 620; 606.934849291529]
[2; 620; 614.9217500658946]
[2; 620; 623.3463825620453]
[2; 620; 632.2525341531348]
[2; 640; 662.3902251189983]
[2; 640; 672.7417443779409]
[2; 640; 683.7722580630085]
[2; 640; 695.5637521488107]
[2; 640; 708.2131289742836]
[2; 640; 721.8359396218332]
[2; 640; 736.5713364261893]
[2; 640; 752.5887503121522]
[2; 640; 770.0970563496018]
[2; 640; 789.357411651272]
[2; 660; 836.0360822345009]
[2; 660; 860.6393687430306]
[2; 660; 888.4209069323504]
[2; 680; 948.0609183195259]
[2; 680; 986.023089732089]
[2; 680; 1030.9028349917503]
[2; 680; 1085.2588360085522]
[2; 680; 1153.259601865634]
[2; 700; 1278.849812507483]
[2; 700; 1407.5563477207472]
[2; 700; 1611.2497984322893]
[2; 700; 2030.0475376837128]


Jobs: [[2; 10; 6.248006910856569], [2; 10; 6.268973534137753], [2; 10; 6.290224454401741], [2; 10; 6.311766487118818], [2; 10; 6.333606683594703], [2; 20; 12.711504683381378], [2; 20; 12.756422034299751], [2; 30; 19.202971606711994], [2; 30; 19.272297015215603], [2; 30; 19.342634489092315], [2; 40; 25.88534689445052], [2; 40; 25.981934904590982], [2; 40; 26.079980871000927], [2; 40; 26.179523747643852], [2; 50; 32.85075499068123], [2; 50; 32.97907955521549], [2; 50; 33.10943300331108], [2; 60; 39.890246574242255], [2; 70; 46.72703852769587], [2; 70; 46.918544924024914], [2; 70; 47.113229913079195], [2; 80; 54.06992798353291], [2; 80; 54.300015555172244], [2; 80; 54.53407023916775], [2; 80; 54.772213304759184], [2; 90; 61.891392810717754], [2; 90; 62.16893640125992], [2; 90; 62.45152635945499], [2; 90; 62.73932547702744], [2; 100; 70.0361157257149], [2; 100; 70.36804540349216], [2; 100; 70.70635851481222], [2; 100; 71.05127303907751], [2; 520; 371.29569228600843], [2; 520; 373.1615311173038], [2; 520; 375.0654494369436], [2; 520; 377.0088284269753], [2; 520; 378.9931219674909], [2; 520; 381.0198616908746], [2; 520; 383.09066247558883], [2; 520; 385.20722842564504], [2; 540; 402.27025782559036], [2; 540; 404.5689949120798], [2; 540; 406.92119308481966], [2; 540; 409.3290668349597], [2; 540; 411.7949640669183], [2; 560; 429.6666129152772], [2; 560; 432.35209896424436], [2; 560; 435.10600823811194], [2; 560; 437.9314510972468], [2; 560; 440.83174390510266], [2; 560; 443.81042712519786], [2; 560; 446.8712854152862], [2; 560; 450.01836998599697], [2; 560; 453.2560235335306], [2; 560; 456.5889081060873], [2; 560; 460.0220363232157], [2; 580; 480.1165495253007], [2; 580; 483.8971504550857], [2; 580; 487.7997153624257], [2; 580; 491.83130079563807], [2; 580; 495.99956140495914], [2; 580; 500.3128175669865], [2; 580; 504.780132672037], [2; 580; 509.41140175925887], [2; 580; 514.2174535341439], [2; 580; 519.2101682378187], [2; 600; 542.4854631527214], [2; 600; 548.0784910746355], [2; 600; 553.9095509681147], [2; 600; 559.996956536692], [2; 600; 566.3611031383791], [2; 620; 592.125612474627], [2; 620; 599.3473682685247], [2; 620; 606.934849291529], [2; 620; 614.9217500658946], [2; 620; 623.3463825620453], [2; 620; 632.2525341531348], [2; 640; 662.3902251189983], [2; 640; 672.7417443779409], [2; 640; 683.7722580630085], [2; 640; 695.5637521488107], [2; 640; 708.2131289742836], [2; 640; 721.8359396218332], [2; 640; 736.5713364261893], [2; 640; 752.5887503121522], [2; 640; 770.0970563496018], [2; 640; 789.357411651272], [2; 660; 836.0360822345009], [2; 660; 860.6393687430306], [2; 660; 888.4209069323504], [2; 680; 948.0609183195259], [2; 680; 986.023089732089], [2; 680; 1030.9028349917503], [2; 680; 1085.2588360085522], [2; 680; 1153.259601865634], [2; 700; 1278.849812507483], [2; 700; 1407.5563477207472], [2; 700; 1611.2497984322893], [2; 700; 2030.0475376837128]];
Intervals[4.9E-324=6.248006910856569, 6.248006910856569=12.51698044499432, 12.51698044499432=18.807204899396062, 18.807204899396062=25.11897138651488, 25.11897138651488=31.45257807010958, 31.45257807010958=44.16408275349096, 44.16408275349096=56.92050478779071, 56.92050478779071=76.1234763945027, 76.1234763945027=95.3957734097183, 95.3957734097183=114.73840789881062, 114.73840789881062=140.62375479326113, 140.62375479326113=166.6056896978521, 166.6056896978521=192.68567056885303, 192.68567056885303=218.86519431649688, 218.86519431649688=251.7159493071781, 251.7159493071781=284.6950288623936, 284.6950288623936=317.8044618657047, 317.8044618657047=357.69470843994696, 357.69470843994696=404.42174696764283, 404.42174696764283=451.34029189166773, 451.34029189166773=498.4535218047469, 498.4535218047469=552.5234497882798, 552.5234497882798=606.823465343452, 606.823465343452=661.3575355826197, 661.3575355826197=716.1297488873788, 716.1297488873788=778.0211416980966, 778.0211416980966=840.1900780993565, 840.1900780993565=902.6416044588115, 902.6416044588115=965.3809299358389, 965.3809299358389=1035.4170456615539, 1035.4170456615539=1105.7850910650461, 1105.7850910650461=1176.4914495798585, 1176.4914495798585=1247.542722618936, 1247.542722618936=1618.8384149049446, 1618.8384149049446=1991.9999460222484, 1991.9999460222484=2367.065395459192, 2367.065395459192=2744.0742238861676, 2744.0742238861676=3123.0673458536585, 3123.0673458536585=3504.087207544533, 3504.087207544533=3887.177870020122, 3887.177870020122=4272.385098445767, 4272.385098445767=4674.655356271357, 4674.655356271357=5079.224351183437, 5079.224351183437=5486.145544268256, 5486.145544268256=5895.474611103216, 5895.474611103216=6307.269575170135, 6307.269575170135=6736.936188085412, 6736.936188085412=7169.288287049657, 7169.288287049657=7604.394295287769, 7604.394295287769=8042.325746385016, 8042.325746385016=8483.15749029012, 8483.15749029012=8926.967917415317, 8926.967917415317=9373.839202830603, 9373.839202830603=9823.8575728166, 9823.8575728166=10277.113596350131, 10277.113596350131=10733.702504456218, 10733.702504456218=11193.724540779434, 11193.724540779434=11673.841090304735, 11673.841090304735=12157.738240759822, 12157.738240759822=12645.537956122247, 12645.537956122247=13137.369256917886, 13137.369256917886=13633.368818322844, 13633.368818322844=14133.68163588983, 14133.68163588983=14638.461768561867, 14638.461768561867=15147.873170321125, 15147.873170321125=15662.090623855269, 15662.090623855269=16181.300792093087, 16181.300792093087=16723.78625524581, 16723.78625524581=17271.864746320447, 17271.864746320447=17825.77429728856, 17825.77429728856=18385.771253825253, 18385.771253825253=18952.132356963633, 18952.132356963633=19544.257969438262, 19544.257969438262=20143.605337706787, 20143.605337706787=20750.540186998318, 20750.540186998318=21365.461937064214, 21365.461937064214=21988.80831962626, 21988.80831962626=22621.060853779396, 22621.060853779396=23283.451078898393, 23283.451078898393=23956.192823276335, 23956.192823276335=24639.965081339342, 24639.965081339342=25335.52883348815, 25335.52883348815=26043.741962462434, 26043.741962462434=26765.577902084267, 26765.577902084267=27502.149238510458, 27502.149238510458=28254.73798882261, 28254.73798882261=29024.83504517221, 29024.83504517221=29814.192456823483, 29814.192456823483=30650.228539057982, 30650.228539057982=31510.867907801014, 31510.867907801014=32399.288814733365, 32399.288814733365=33347.34973305289, 33347.34973305289=34333.37282278498, 34333.37282278498=35364.27565777673, 35364.27565777673=36449.53449378528, 36449.53449378528=37602.79409565091, 37602.79409565091=38881.643908158396, 38881.643908158396=40289.20025587914, 40289.20025587914=41900.45005431143, 41900.45005431143=43930.49759199515];

Jobs: [[2; 10; 6.248006910856569], [2; 10; 6.268973534137753], [2; 10; 6.290224454401741], [2; 10; 6.311766487118818], [2; 10; 6.333606683594703], [2; 20; 12.711504683381378], [2; 20; 12.756422034299751], [2; 30; 19.202971606711994], [2; 30; 19.272297015215603], [2; 30; 19.342634489092315], [2; 40; 25.88534689445052], [2; 40; 25.981934904590982], [2; 40; 26.079980871000927], [2; 40; 26.179523747643852], [2; 50; 32.85075499068123], [2; 50; 32.97907955521549], [2; 50; 33.10943300331108], [2; 60; 39.890246574242255], [2; 70; 46.72703852769587], [2; 70; 46.918544924024914], [2; 70; 47.113229913079195], [2; 80; 54.06992798353291], [2; 80; 54.300015555172244], [2; 80; 54.53407023916775], [2; 80; 54.772213304759184], [2; 90; 61.891392810717754], [2; 90; 62.16893640125992], [2; 90; 62.45152635945499], [2; 90; 62.73932547702744], [2; 100; 70.0361157257149], [2; 100; 70.36804540349216], [2; 100; 70.70635851481222], [2; 100; 71.05127303907751], [2; 520; 371.29569228600843], [2; 520; 373.1615311173038], [2; 520; 375.0654494369436], [2; 520; 377.0088284269753], [2; 520; 378.9931219674909], [2; 520; 381.0198616908746], [2; 520; 383.09066247558883], [2; 520; 385.20722842564504], [2; 540; 402.27025782559036], [2; 540; 404.5689949120798], [2; 540; 406.92119308481966], [2; 540; 409.3290668349597], [2; 540; 411.7949640669183], [2; 560; 429.6666129152772], [2; 560; 432.35209896424436], [2; 560; 435.10600823811194], [2; 560; 437.9314510972468], [2; 560; 440.83174390510266], [2; 560; 443.81042712519786], [2; 560; 446.8712854152862], [2; 560; 450.01836998599697], [2; 560; 453.2560235335306], [2; 560; 456.5889081060873], [2; 560; 460.0220363232157], [2; 580; 480.1165495253007], [2; 580; 483.8971504550857], [2; 580; 487.7997153624257], [2; 580; 491.83130079563807], [2; 580; 495.99956140495914], [2; 580; 500.3128175669865], [2; 580; 504.780132672037], [2; 580; 509.41140175925887], [2; 580; 514.2174535341439], [2; 580; 519.2101682378187], [2; 600; 542.4854631527214], [2; 600; 548.0784910746355], [2; 600; 553.9095509681147], [2; 600; 559.996956536692], [2; 600; 566.3611031383791], [2; 620; 592.125612474627], [2; 620; 599.3473682685247], [2; 620; 606.934849291529], [2; 620; 614.9217500658946], [2; 620; 623.3463825620453], [2; 620; 632.2525341531348], [2; 640; 662.3902251189983], [2; 640; 672.7417443779409], [2; 640; 683.7722580630085], [2; 640; 695.5637521488107], [2; 640; 708.2131289742836], [2; 640; 721.8359396218332], [2; 640; 736.5713364261893], [2; 640; 752.5887503121522], [2; 640; 770.0970563496018], [2; 640; 789.357411651272], [2; 660; 836.0360822345009], [2; 660; 860.6393687430306], [2; 660; 888.4209069323504], [2; 680; 948.0609183195259], [2; 680; 986.023089732089], [2; 680; 1030.9028349917503], [2; 680; 1085.2588360085522], [2; 680; 1153.259601865634], [2; 700; 1278.849812507483], [2; 700; 1407.5563477207472], [2; 700; 1611.2497984322893], [2; 700; 2030.0475376837128]];
Intervals[4.9E-324=6.248006910856569, 6.248006910856569=12.51698044499432, 12.51698044499432=18.807204899396062, 18.807204899396062=25.11897138651488, 25.11897138651488=31.45257807010958, 31.45257807010958=44.16408275349096, 44.16408275349096=56.92050478779071, 56.92050478779071=76.1234763945027, 76.1234763945027=95.3957734097183, 95.3957734097183=114.73840789881062, 114.73840789881062=140.62375479326113, 140.62375479326113=166.6056896978521, 166.6056896978521=192.68567056885303, 192.68567056885303=218.86519431649688, 218.86519431649688=251.7159493071781, 251.7159493071781=284.6950288623936, 284.6950288623936=317.8044618657047, 317.8044618657047=357.69470843994696, 357.69470843994696=404.42174696764283, 404.42174696764283=451.34029189166773, 451.34029189166773=498.4535218047469, 498.4535218047469=552.5234497882798, 552.5234497882798=606.823465343452, 606.823465343452=661.3575355826197, 661.3575355826197=716.1297488873788, 716.1297488873788=778.0211416980966, 778.0211416980966=840.1900780993565, 840.1900780993565=902.6416044588115, 902.6416044588115=965.3809299358389, 965.3809299358389=1035.4170456615539, 1035.4170456615539=1105.7850910650461, 1105.7850910650461=1176.4914495798585, 1176.4914495798585=1247.542722618936, 1247.542722618936=1618.8384149049446, 1618.8384149049446=1991.9999460222484, 1991.9999460222484=2367.065395459192, 2367.065395459192=2744.0742238861676, 2744.0742238861676=3123.0673458536585, 3123.0673458536585=3504.087207544533, 3504.087207544533=3887.177870020122, 3887.177870020122=4272.385098445767, 4272.385098445767=4674.655356271357, 4674.655356271357=5079.224351183437, 5079.224351183437=5486.145544268256, 5486.145544268256=5895.474611103216, 5895.474611103216=6307.269575170135, 6307.269575170135=6736.936188085412, 6736.936188085412=7169.288287049657, 7169.288287049657=7604.394295287769, 7604.394295287769=8042.325746385016, 8042.325746385016=8483.15749029012, 8483.15749029012=8926.967917415317, 8926.967917415317=9373.839202830603, 9373.839202830603=9823.8575728166, 9823.8575728166=10277.113596350131, 10277.113596350131=10733.702504456218, 10733.702504456218=11193.724540779434, 11193.724540779434=11673.841090304735, 11673.841090304735=12157.738240759822, 12157.738240759822=12645.537956122247, 12645.537956122247=13137.369256917886, 13137.369256917886=13633.368818322844, 13633.368818322844=14133.68163588983, 14133.68163588983=14638.461768561867, 14638.461768561867=15147.873170321125, 15147.873170321125=15662.090623855269, 15662.090623855269=16181.300792093087, 16181.300792093087=16723.78625524581, 16723.78625524581=17271.864746320447, 17271.864746320447=17825.77429728856, 17825.77429728856=18385.771253825253, 18385.771253825253=18952.132356963633, 18952.132356963633=19544.257969438262, 19544.257969438262=20143.605337706787, 20143.605337706787=20750.540186998318, 20750.540186998318=21365.461937064214, 21365.461937064214=21988.80831962626, 21988.80831962626=22621.060853779396, 22621.060853779396=23283.451078898393, 23283.451078898393=23956.192823276335, 23956.192823276335=24639.965081339342, 24639.965081339342=25335.52883348815, 25335.52883348815=26043.741962462434, 26043.741962462434=26765.577902084267, 26765.577902084267=27502.149238510458, 27502.149238510458=28254.73798882261, 28254.73798882261=29024.83504517221, 29024.83504517221=29814.192456823483, 29814.192456823483=30650.228539057982, 30650.228539057982=31510.867907801014, 31510.867907801014=32399.288814733365, 32399.288814733365=33347.34973305289, 33347.34973305289=34333.37282278498, 34333.37282278498=35364.27565777673, 35364.27565777673=36449.53449378528, 36449.53449378528=37602.79409565091, 37602.79409565091=38881.643908158396, 38881.643908158396=40289.20025587914, 40289.20025587914=41900.45005431143, 41900.45005431143=43930.49759199515];
