1.205993692959153
145839.97686912701
175882.09228547596
[1; 20; 7.756673688090751]
[1; 40; 15.618170470606586]
[2; 20; 7.862942697452875]
[1; 60; 23.75495207336497]
[1; 60; 23.92585688521568]
[2; 30; 12.050894310856291]
[2; 50; 20.235843235113908]
[2; 60; 24.469811622074484]
[1; 120; 49.32499047492468]
[2; 60; 24.86139491759198]
[1; 120; 50.133740618640786]
[2; 60; 25.279311542605612]
[2; 70; 29.74899978992785]
[1; 160; 68.60486837630302]
[1; 160; 69.23430599791111]
[2; 80; 34.94374920201958]
[1; 180; 79.38681777335096]
[1; 180; 80.18073861885914]
[1; 180; 81.00740244739518]
[2; 100; 45.482915561105145]
[2; 100; 45.98276784380705]
[1; 200; 93.01068806672406]
[1; 200; 94.10503185075619]
[2; 520; 247.657194993879]
[2; 520; 250.7924290279502]
[1; 1040; 508.18541575314424]
[2; 520; 257.57386248458937]
[2; 540; 271.3022165380988]
[2; 540; 275.35210042636203]
[2; 540; 279.65517203349776]
[1; 1120; 589.5358477436881]
[2; 560; 299.8511283891861]
[2; 560; 305.3041582557087]
[1; 1120; 622.3536529579495]
[1; 1160; 657.7388921516845]
[1; 1200; 695.2158856660991]
[1; 1200; 711.3894631787714]
[2; 600; 364.5907620999006]
[2; 600; 374.44930528507086]
[1; 1200; 770.9375721332013]
[2; 620; 411.1754884185114]
[1; 1240; 851.7452288436353]
[2; 640; 457.21328306562276]
[1; 1280; 956.0475299545043]
[2; 640; 503.2283326369839]
[2; 660; 551.4711468050488]
[1; 1360; 1224.1118592050825]
[1; 1360; 1347.309434534775]
[1; 1360; 1542.2842988384325]
[1; 1400; 2000.3081134120994]


Jobs: [[1; 20; 7.756673688090751], [2; 20; 7.862942697452875], [1; 60; 23.75495207336497], [2; 30; 12.050894310856291], [2; 50; 20.235843235113908], [2; 60; 24.469811622074484], [1; 120; 49.32499047492468], [2; 60; 24.86139491759198], [1; 120; 50.133740618640786], [2; 60; 25.279311542605612], [2; 70; 29.74899978992785], [1; 160; 68.60486837630302], [2; 80; 34.94374920201958], [1; 180; 79.38681777335096], [1; 180; 81.00740244739518], [2; 100; 45.482915561105145], [2; 100; 45.98276784380705], [1; 200; 93.01068806672406], [2; 520; 247.657194993879], [2; 520; 250.7924290279502], [1; 1040; 508.18541575314424], [2; 520; 257.57386248458937], [2; 540; 271.3022165380988], [2; 540; 275.35210042636203], [2; 540; 279.65517203349776], [1; 1120; 589.5358477436881], [2; 560; 299.8511283891861], [2; 560; 305.3041582557087], [1; 1120; 622.3536529579495], [1; 1200; 695.2158856660991], [2; 600; 364.5907620999006], [2; 600; 374.44930528507086], [1; 1200; 770.9375721332013], [2; 620; 411.1754884185114], [1; 1240; 851.7452288436353], [2; 640; 457.21328306562276], [1; 1280; 956.0475299545043], [2; 640; 503.2283326369839], [2; 660; 551.4711468050488], [1; 1360; 1224.1118592050825], [1; 1360; 1542.2842988384325]];
Intervals[0.0=7.756673688090751, 15.618170470606586=23.481113168059462, 23.481113168059462=47.23606524142443, 47.406970053275145=59.45786436413144, 59.45786436413144=79.69370759924534, 79.69370759924534=104.16351922131983, 104.16351922131983=153.4885096962445, 153.4885096962445=178.3499046138365, 178.3499046138365=228.48364523247727, 228.48364523247727=253.7629567750829, 253.7629567750829=283.51195656501073, 283.51195656501073=352.1168249413138, 352.74626256292186=387.69001176494146, 387.69001176494146=467.07682953829243, 467.07682953829243=548.0842319856877, 548.0842319856877=593.5671475467929, 593.5671475467929=639.5499153906, 639.5499153906=732.560603457324, 733.6549472413561=981.3121422352351, 981.3121422352351=1232.1045712631853, 1232.1045712631853=1740.2899870163296, 1740.2899870163296=1997.863849500919, 1997.863849500919=2269.166066039018, 2269.166066039018=2544.51816646538, 2544.51816646538=2824.173338498878, 2824.173338498878=3413.709186242566, 3413.709186242566=3713.560314631752, 3713.560314631752=4018.864472887461, 4018.864472887461=4641.21812584541, 4641.21812584541=5336.434011511509, 5387.992828217917=5752.583590317818, 5752.583590317818=6127.032895602889, 6127.032895602889=6897.9704677360905, 6897.9704677360905=7309.145956154602, 7309.145956154602=8160.891184998237, 8160.891184998237=8618.104468063859, 8618.104468063859=9574.151998018364, 9574.151998018364=10077.380330655347, 10077.380330655347=10628.851477460395, 10628.851477460395=11852.963336665478, 11852.963336665478=13395.24763550391];

Jobs: [[1; 40; 15.618170470606586], [2; 20; 7.862942697452875], [1; 60; 23.92585688521568], [2; 30; 12.050894310856291], [2; 50; 20.235843235113908], [2; 60; 24.469811622074484], [2; 60; 24.86139491759198], [2; 60; 25.279311542605612], [2; 70; 29.74899978992785], [1; 160; 69.23430599791111], [2; 80; 34.94374920201958], [1; 180; 80.18073861885914], [2; 100; 45.482915561105145], [2; 100; 45.98276784380705], [1; 200; 94.10503185075619], [2; 520; 247.657194993879], [2; 520; 250.7924290279502], [2; 520; 257.57386248458937], [2; 540; 271.3022165380988], [2; 540; 275.35210042636203], [2; 540; 279.65517203349776], [2; 560; 299.8511283891861], [2; 560; 305.3041582557087], [1; 1160; 657.7388921516845], [1; 1200; 711.3894631787714], [2; 600; 364.5907620999006], [2; 600; 374.44930528507086], [2; 620; 411.1754884185114], [2; 640; 457.21328306562276], [2; 640; 503.2283326369839], [2; 660; 551.4711468050488], [1; 1360; 1347.309434534775], [1; 1400; 2000.3081134120994]];
Intervals[0.0=15.618170470606586, 15.618170470606586=23.481113168059462, 23.481113168059462=47.406970053275145, 47.406970053275145=59.45786436413144, 59.45786436413144=79.69370759924534, 79.69370759924534=104.16351922131983, 153.4885096962445=178.3499046138365, 228.48364523247727=253.7629567750829, 253.7629567750829=283.51195656501073, 283.51195656501073=352.74626256292186, 352.74626256292186=387.69001176494146, 387.69001176494146=467.8707503838006, 548.0842319856877=593.5671475467929, 593.5671475467929=639.5499153906, 639.5499153906=733.6549472413561, 733.6549472413561=981.3121422352351, 981.3121422352351=1232.1045712631853, 1740.2899870163296=1997.863849500919, 1997.863849500919=2269.166066039018, 2269.166066039018=2544.51816646538, 2544.51816646538=2824.173338498878, 3413.709186242566=3713.560314631752, 3713.560314631752=4018.864472887461, 4018.864472887461=4676.6033650391455, 4676.6033650391455=5387.992828217917, 5387.992828217917=5752.583590317818, 5752.583590317818=6127.032895602889, 6897.9704677360905=7309.145956154602, 8160.891184998237=8618.104468063859, 9574.151998018364=10077.380330655347, 10077.380330655347=10628.851477460395, 10628.851477460395=11976.16091199517, 11976.16091199517=13976.46902540727];
