1.0862328394394798
68049.65450341292
73917.7694341178
[1; 20; 4.775094481365964]
[1; 20; 4.791118408444036]
[1; 20; 4.807359612002918]
[1; 20; 4.823823300825985]
[1; 20; 4.840514863935932]
[2; 10; 2.4287199393938628]
[1; 30; 7.311906179887177]
[1; 30; 7.338020352194736]
[1; 30; 7.364511630156419]
[1; 30; 7.391389648069483]
[1; 30; 7.4186643957506035]
[1; 30; 7.446346235781849]
[1; 30; 7.474445921797969]
[1; 40; 10.00396615718733]
[1; 40; 10.042591892280853]
[1; 40; 10.08182116514651]
[2; 20; 5.060835337443379]
[2; 20; 5.081078894295428]
[1; 50; 12.754125720616965]
[1; 50; 12.806397311799344]
[2; 30; 7.71572189912598]
[2; 30; 7.748141279463231]
[2; 30; 7.7811124906002815]
[2; 30; 7.814652183112348]
[1; 60; 15.697555469406813]
[1; 60; 15.767014584068633]
[1; 80; 21.116959508139246]
[2; 40; 10.606473503440661]
[1; 80; 21.31070390387936]
[1; 80; 21.410288078719216]
[2; 40; 10.755880077112757]
[1; 90; 24.317081626414872]
[1; 90; 24.435703414000464]
[1; 90; 24.55667421438386]
[1; 90; 24.680076659574027]
[1; 90; 24.80599759773071]
[1; 90; 24.934528377173546]
[1; 90; 25.065765154309688]
[1; 90; 25.19980922791059]
[1; 100; 28.151963780509817]
[1; 100; 28.30750264846341]
[2; 50; 14.233268449582248]
[1; 100; 28.62920635538465]
[2; 50; 14.39782948485257]
[1; 100; 28.966051449943162]
[1; 110; 32.054604939353446]
[1; 110; 32.251263876949494]
[1; 110; 32.452839509311204]
[1; 110; 32.659551066632496]
[1; 110; 32.87163201609451]
[2; 60; 18.048726156929458]
[2; 60; 18.170680708730774]
[1; 120; 36.5919994164114]
[1; 120; 36.84969804358505]
[1; 120; 37.11481290011872]
[1; 130; 40.50336954868453]
[1; 130; 40.80791759708797]
[1; 130; 41.121836991911756]
[1; 140; 44.633770801877155]
[1; 140; 44.9937361115506]
[2; 70; 22.68280101696856]
[2; 70; 22.87503730985018]
[1; 140; 46.1479213248621]
[2; 70; 23.27998906982203]
[1; 150; 50.34338331857711]
[1; 150; 50.818348947372186]
[1; 150; 51.31176183381201]
[1; 150; 51.82491349402744]
[1; 150; 52.35922861933667]
[1; 160; 56.44403573258599]
[2; 80; 28.532174765403138]
[1; 160; 57.71286356629313]
[2; 80; 29.19595036329704]
[1; 160; 59.10406726441136]
[1; 170; 63.59306816113056]
[1; 170; 64.42991502522693]
[1; 170; 65.31262629017664]
[2; 90; 35.07130052682702]
[1; 190; 75.14464102122957]
[1; 190; 76.31896571570685]
[1; 190; 77.57031870932214]
[2; 100; 41.530526775775904]
[2; 100; 42.285792244001144]
[2; 100; 43.099179227741416]
[1; 200; 87.95799239168045]
[1; 200; 89.87071896552682]
[1; 200; 91.96148108600954]
[2; 100; 47.1307324727105]
[2; 110; 53.245663503295255]
[2; 130; 64.77853132224907]
[2; 130; 66.86958979242515]
[2; 130; 69.25978768760793]
[2; 140; 77.57408828453991]
[2; 140; 81.10494405984088]
[2; 150; 91.4799985410285]
[2; 160; 103.69280464899914]
[2; 160; 111.69968772125156]
[2; 170; 130.62525258035328]
[2; 190; 167.12018554419285]
[2; 190; 210.55823962946548]


Jobs: [[1; 20; 4.775094481365964], [1; 20; 4.807359612002918], [1; 20; 4.840514863935932], [2; 10; 2.4287199393938628], [1; 30; 7.311906179887177], [1; 30; 7.364511630156419], [1; 30; 7.4186643957506035], [1; 30; 7.474445921797969], [1; 40; 10.042591892280853], [2; 20; 5.060835337443379], [2; 20; 5.081078894295428], [1; 50; 12.754125720616965], [2; 30; 7.71572189912598], [2; 30; 7.748141279463231], [2; 30; 7.7811124906002815], [2; 30; 7.814652183112348], [1; 60; 15.697555469406813], [1; 80; 21.116959508139246], [2; 40; 10.606473503440661], [1; 80; 21.31070390387936], [2; 40; 10.755880077112757], [1; 90; 24.317081626414872], [1; 90; 24.55667421438386], [1; 90; 24.80599759773071], [1; 90; 25.065765154309688], [1; 100; 28.151963780509817], [2; 50; 14.233268449582248], [1; 100; 28.62920635538465], [2; 50; 14.39782948485257], [1; 100; 28.966051449943162], [1; 110; 32.251263876949494], [1; 110; 32.659551066632496], [2; 60; 18.048726156929458], [2; 60; 18.170680708730774], [1; 120; 36.5919994164114], [1; 120; 37.11481290011872], [1; 130; 40.80791759708797], [1; 140; 44.633770801877155], [2; 70; 22.68280101696856], [2; 70; 22.87503730985018], [1; 140; 46.1479213248621], [2; 70; 23.27998906982203], [1; 150; 50.34338331857711], [1; 150; 51.31176183381201], [1; 150; 52.35922861933667], [2; 80; 28.532174765403138], [1; 160; 57.71286356629313], [2; 80; 29.19595036329704], [1; 160; 59.10406726441136], [1; 170; 64.42991502522693], [2; 90; 35.07130052682702], [1; 190; 75.14464102122957], [1; 190; 77.57031870932214], [2; 100; 41.530526775775904], [2; 100; 42.285792244001144], [2; 100; 43.099179227741416], [1; 200; 87.95799239168045], [1; 200; 91.96148108600954], [2; 100; 47.1307324727105], [2; 110; 53.245663503295255], [2; 130; 64.77853132224907], [2; 130; 66.86958979242515], [2; 130; 69.25978768760793], [2; 140; 77.57408828453991], [2; 140; 81.10494405984088], [2; 150; 91.4799985410285], [2; 160; 103.69280464899914], [2; 160; 111.69968772125156], [2; 170; 130.62525258035328], [2; 190; 167.12018554419285], [2; 190; 210.55823962946548]];
Intervals[0.0=4.775094481365964, 4.775094481365964=9.58245409336888, 9.58245409336888=14.422968957304814, 14.422968957304814=16.851688896698676, 16.851688896698676=24.163595076585853, 24.163595076585853=31.52810670674227, 31.52810670674227=38.946771102492875, 38.946771102492875=46.42121702429084, 46.42121702429084=56.46380891657169, 59.11323245507858=64.17406779252195, 64.17406779252195=69.25514668681738, 69.25514668681738=82.00927240743435, 82.06154399861673=89.77726589774271, 89.77726589774271=97.52540717720593, 97.52540717720593=105.30651966780621, 105.30651966780621=113.12117185091856, 113.12117185091856=128.81872732032537, 128.81872732032537=149.9356868284646, 149.9356868284646=160.54216033190528, 160.54216033190528=181.85286423578464, 181.9524484106245=192.70832848773725, 192.70832848773725=217.02541011415212, 217.02541011415212=241.58208432853598, 241.58208432853598=266.3880819262667, 266.3880819262667=291.4538470805764, 291.4538470805764=319.6058108610862, 320.26594881485926=334.4992172644415, 334.4992172644415=363.12842361982615, 363.12842361982615=377.52625310467874, 377.52625310467874=406.4923045546219, 406.4923045546219=438.7435684315714, 438.7435684315714=471.4031194982039, 474.9053295694379=492.95405572636736, 492.95405572636736=511.12473643509816, 511.12473643509816=547.7167358515096, 547.7167358515096=584.8315487516284, 584.8315487516284=625.6394663487164, 625.6394663487164=670.2732371505936, 674.59337713083=697.2761781477986, 697.2761781477986=720.1512154576488, 720.1512154576488=766.2991367825109, 766.2991367825109=789.5791258523329, 789.5791258523329=839.9225091709101, 839.9225091709101=891.2342710047221, 891.2342710047221=943.5934996240588, 948.6664240263186=977.1985987917218, 977.1985987917218=1034.911462358015, 1034.911462358015=1064.107412721312, 1064.107412721312=1123.2114799857234, 1123.2114799857234=1187.6413950109504, 1193.0131071726191=1228.084407699446, 1228.084407699446=1303.2290487206756, 1303.2290487206756=1380.7993674299978, 1380.7993674299978=1422.3298942057736, 1422.3298942057736=1464.6156864497748, 1464.6156864497748=1507.7148656775162, 1507.7148656775162=1595.6728580691965, 1595.6728580691965=1687.6343391552061, 1687.6343391552061=1734.7650716279165, 1734.7650716279165=1788.0107351312117, 1788.0107351312117=1852.7892664534609, 1852.7892664534609=1919.658856245886, 1919.658856245886=1988.918643933494, 1988.918643933494=2066.492732218034, 2066.492732218034=2147.5976762778746, 2147.5976762778746=2239.0776748189032, 2239.0776748189032=2342.7704794679025, 2342.7704794679025=2454.470167189154, 2454.470167189154=2585.0954197695073, 2585.0954197695073=2752.2156053137, 2752.2156053137=2962.7738449431654];

Jobs: [[1; 20; 4.791118408444036], [1; 20; 4.823823300825985], [2; 10; 2.4287199393938628], [1; 30; 7.338020352194736], [1; 30; 7.391389648069483], [1; 30; 7.446346235781849], [1; 40; 10.00396615718733], [1; 40; 10.08182116514651], [2; 20; 5.060835337443379], [2; 20; 5.081078894295428], [1; 50; 12.806397311799344], [2; 30; 7.71572189912598], [2; 30; 7.748141279463231], [2; 30; 7.7811124906002815], [2; 30; 7.814652183112348], [1; 60; 15.767014584068633], [2; 40; 10.606473503440661], [1; 80; 21.410288078719216], [2; 40; 10.755880077112757], [1; 90; 24.435703414000464], [1; 90; 24.680076659574027], [1; 90; 24.934528377173546], [1; 90; 25.19980922791059], [1; 100; 28.30750264846341], [2; 50; 14.233268449582248], [2; 50; 14.39782948485257], [1; 110; 32.054604939353446], [1; 110; 32.452839509311204], [1; 110; 32.87163201609451], [2; 60; 18.048726156929458], [2; 60; 18.170680708730774], [1; 120; 36.84969804358505], [1; 130; 40.50336954868453], [1; 130; 41.121836991911756], [1; 140; 44.9937361115506], [2; 70; 22.68280101696856], [2; 70; 22.87503730985018], [2; 70; 23.27998906982203], [1; 150; 50.818348947372186], [1; 150; 51.82491349402744], [1; 160; 56.44403573258599], [2; 80; 28.532174765403138], [2; 80; 29.19595036329704], [1; 170; 63.59306816113056], [1; 170; 65.31262629017664], [2; 90; 35.07130052682702], [1; 190; 76.31896571570685], [2; 100; 41.530526775775904], [2; 100; 42.285792244001144], [2; 100; 43.099179227741416], [1; 200; 89.87071896552682], [2; 100; 47.1307324727105], [2; 110; 53.245663503295255], [2; 130; 64.77853132224907], [2; 130; 66.86958979242515], [2; 130; 69.25978768760793], [2; 140; 77.57408828453991], [2; 140; 81.10494405984088], [2; 150; 91.4799985410285], [2; 160; 103.69280464899914], [2; 160; 111.69968772125156], [2; 170; 130.62525258035328], [2; 190; 167.12018554419285], [2; 190; 210.55823962946548]];
Intervals[0.0=4.791118408444036, 4.791118408444036=9.61494170927002, 14.422968957304814=16.851688896698676, 16.851688896698676=24.18970924889341, 24.18970924889341=31.581098896962892, 31.581098896962892=39.027445132744745, 39.027445132744745=49.03141128993207, 49.03141128993207=59.11323245507858, 59.11323245507858=64.17406779252195, 64.17406779252195=69.25514668681738, 69.25514668681738=82.06154399861673, 82.06154399861673=89.77726589774271, 89.77726589774271=97.52540717720593, 97.52540717720593=105.30651966780621, 105.30651966780621=113.12117185091856, 113.12117185091856=128.88818643498718, 149.9356868284646=160.54216033190528, 160.54216033190528=181.9524484106245, 181.9524484106245=192.70832848773725, 192.70832848773725=217.14403190173772, 217.14403190173772=241.82410856131173, 241.82410856131173=266.75863693848527, 266.75863693848527=291.95844616639585, 291.95844616639585=320.26594881485926, 320.26594881485926=334.4992172644415, 363.12842361982615=377.52625310467874, 377.52625310467874=409.5808580440322, 409.5808580440322=442.0336975533434, 442.0336975533434=474.9053295694379, 474.9053295694379=492.95405572636736, 492.95405572636736=511.12473643509816, 511.12473643509816=547.9744344786832, 547.9744344786832=588.4778040273677, 588.4778040273677=629.5996410192795, 629.5996410192795=674.59337713083, 674.59337713083=697.2761781477986, 697.2761781477986=720.1512154576488, 766.2991367825109=789.5791258523329, 789.5791258523329=840.3974747997052, 840.3974747997052=892.2223882937326, 892.2223882937326=948.6664240263186, 948.6664240263186=977.1985987917218, 1034.911462358015=1064.107412721312, 1064.107412721312=1127.7004808824424, 1127.7004808824424=1193.0131071726191, 1193.0131071726191=1228.084407699446, 1228.084407699446=1304.4033734151528, 1380.7993674299978=1422.3298942057736, 1422.3298942057736=1464.6156864497748, 1464.6156864497748=1507.7148656775162, 1507.7148656775162=1597.585584643043, 1687.6343391552061=1734.7650716279165, 1734.7650716279165=1788.0107351312117, 1788.0107351312117=1852.7892664534609, 1852.7892664534609=1919.658856245886, 1919.658856245886=1988.918643933494, 1988.918643933494=2066.492732218034, 2066.492732218034=2147.5976762778746, 2147.5976762778746=2239.0776748189032, 2239.0776748189032=2342.7704794679025, 2342.7704794679025=2454.470167189154, 2454.470167189154=2585.0954197695073, 2585.0954197695073=2752.2156053137, 2752.2156053137=2962.7738449431654];
