1.2256910512289632
7648.6002000615645
9374.820819643517
[2; 10; 1.4517126145446102]
[1; 20; 2.9230435622293833]
[2; 10; 1.4716015601970514]
[1; 20; 2.9639305858432468]
[1; 20; 2.9852545606316476]
[2; 10; 1.5036028750720927]
[2; 20; 3.0298171687140205]
[1; 40; 6.1062487411043165]
[1; 40; 6.154331419551752]
[1; 40; 6.203965267991436]
[2; 20; 3.1276200167317936]
[1; 40; 6.308253069826165]
[2; 20; 3.18155509891018]
[1; 40; 6.419926688031542]
[1; 40; 6.478828388173986]
[1; 40; 6.539953020576452]
[1; 60; 9.90517752191232]
[1; 60; 10.004235868545596]
[2; 30; 5.053689795963807]
[2; 30; 5.10745648880656]
[2; 30; 5.163586878717488]
[2; 40; 6.963025368013003]
[2; 40; 7.044950829354355]
[1; 80; 14.26174666388249]
[2; 40; 7.22114713466079]
[1; 80; 14.632346251701412]
[2; 40; 7.416407131001608]
[2; 40; 7.522370120468967]
[2; 40; 7.634660856391363]
[2; 40; 7.753971703522649]
[1; 100; 19.702771475764706]
[1; 100; 20.042541202586506]
[1; 100; 20.40703066229219]
[1; 100; 20.79956943800478]
[1; 100; 21.224167178579087]
[2; 70; 15.179994203399966]
[1; 140; 31.066286458822642]
[1; 160; 36.392301117388705]
[1; 160; 37.37634983575748]
[2; 80; 19.238139843551796]
[1; 180; 44.6830857424516]
[2; 90; 23.14012274754484]
[1; 180; 48.133394990603406]
[2; 90; 25.16211530455802]
[2; 90; 26.488828083546917]
[2; 100; 31.27620016731793]
[1; 200; 67.38253061285076]
[1; 200; 74.16407131001608]
[2; 100; 42.448334357158174]
[1; 200; 106.9630999791187]


Jobs: [[2; 10; 1.4517126145446102], [1; 20; 2.9230435622293833], [2; 10; 1.4716015601970514], [1; 20; 2.9639305858432468], [2; 10; 1.5036028750720927], [2; 20; 3.0298171687140205], [1; 40; 6.1062487411043165], [1; 40; 6.203965267991436], [2; 20; 3.1276200167317936], [1; 40; 6.308253069826165], [2; 20; 3.18155509891018], [1; 40; 6.419926688031542], [1; 40; 6.539953020576452], [1; 60; 10.004235868545596], [2; 30; 5.053689795963807], [2; 30; 5.10745648880656], [2; 30; 5.163586878717488], [2; 40; 6.963025368013003], [2; 40; 7.044950829354355], [1; 80; 14.26174666388249], [2; 40; 7.22114713466079], [1; 80; 14.632346251701412], [2; 40; 7.416407131001608], [2; 40; 7.522370120468967], [2; 40; 7.634660856391363], [2; 40; 7.753971703522649], [1; 100; 19.702771475764706], [1; 100; 20.40703066229219], [1; 100; 21.224167178579087], [2; 70; 15.179994203399966], [1; 140; 31.066286458822642], [1; 160; 37.37634983575748], [2; 80; 19.238139843551796], [1; 180; 44.6830857424516], [2; 90; 23.14012274754484], [1; 180; 48.133394990603406], [2; 90; 25.16211530455802], [2; 90; 26.488828083546917], [2; 100; 31.27620016731793], [1; 200; 67.38253061285076], [2; 100; 42.448334357158174], [1; 200; 106.9630999791187]];
Intervals[4.9E-324=1.4517126145446102, 1.4517126145446102=4.374756176773993, 4.374756176773993=5.846357736971044, 5.846357736971044=8.81028832281429, 8.831612297602693=10.335215172674785, 10.335215172674785=13.365032341388805, 13.365032341388805=19.47128108249312, 19.47128108249312=25.675246350484557, 25.675246350484557=28.80286636721635, 28.80286636721635=35.11111943704252, 35.11111943704252=38.2926745359527, 38.2926745359527=44.712601223984244, 44.712601223984244=51.2525542445607, 51.2525542445607=61.25679011310629, 61.25679011310629=66.3104799090701, 66.3104799090701=71.41793639787666, 71.41793639787666=76.58152327659414, 76.58152327659414=83.54454864460715, 83.54454864460715=90.5894994739615, 90.5894994739615=104.85124613784399, 104.85124613784399=112.07239327250478, 112.07239327250478=126.70473952420619, 126.70473952420619=134.1211466552078, 134.1211466552078=141.64351677567677, 141.64351677567677=149.27817763206815, 149.27817763206815=157.0321493355908, 157.0321493355908=176.7349208113555, 176.7349208113555=197.14195147364768, 197.14195147364768=218.36611865222676, 218.36611865222676=233.54611285562672, 233.54611285562672=264.61239931444936, 264.61239931444936=301.98874915020684, 301.98874915020684=321.2268889937586, 321.2268889937586=365.90997473621024, 365.90997473621024=389.0500974837551, 389.0500974837551=437.1834924743585, 437.1834924743585=462.34560777891653, 462.34560777891653=488.83443586246347, 488.83443586246347=520.1106360297814, 520.1106360297814=587.4931666426321, 594.2747073397975=636.7230416969556, 636.7230416969556=743.6861416760744];

Jobs: [[2; 10; 1.4517126145446102], [2; 10; 1.4716015601970514], [1; 20; 2.9852545606316476], [2; 10; 1.5036028750720927], [2; 20; 3.0298171687140205], [1; 40; 6.154331419551752], [2; 20; 3.1276200167317936], [2; 20; 3.18155509891018], [1; 40; 6.478828388173986], [1; 60; 9.90517752191232], [2; 30; 5.053689795963807], [2; 30; 5.10745648880656], [2; 30; 5.163586878717488], [2; 40; 6.963025368013003], [2; 40; 7.044950829354355], [2; 40; 7.22114713466079], [2; 40; 7.416407131001608], [2; 40; 7.522370120468967], [2; 40; 7.634660856391363], [2; 40; 7.753971703522649], [1; 100; 20.042541202586506], [1; 100; 20.79956943800478], [2; 70; 15.179994203399966], [1; 160; 36.392301117388705], [2; 80; 19.238139843551796], [2; 90; 23.14012274754484], [2; 90; 25.16211530455802], [2; 90; 26.488828083546917], [2; 100; 31.27620016731793], [1; 200; 74.16407131001608], [2; 100; 42.448334357158174]];
Intervals[4.9E-324=1.4517126145446102, 4.374756176773993=5.846357736971044, 5.846357736971044=8.831612297602693, 8.831612297602693=10.335215172674785, 10.335215172674785=13.365032341388805, 13.365032341388805=19.519363760940557, 25.675246350484557=28.80286636721635, 35.11111943704252=38.2926745359527, 38.2926745359527=44.771502924126686, 44.771502924126686=54.67668044603901, 61.25679011310629=66.3104799090701, 66.3104799090701=71.41793639787666, 71.41793639787666=76.58152327659414, 76.58152327659414=83.54454864460715, 83.54454864460715=90.5894994739615, 104.85124613784399=112.07239327250478, 126.70473952420619=134.1211466552078, 134.1211466552078=141.64351677567677, 141.64351677567677=149.27817763206815, 149.27817763206815=157.0321493355908, 157.0321493355908=177.0746905381773, 177.0746905381773=197.8742599761821, 218.36611865222676=233.54611285562672, 233.54611285562672=269.93841397301543, 301.98874915020684=321.2268889937586, 365.90997473621024=389.0500974837551, 437.1834924743585=462.34560777891653, 462.34560777891653=488.83443586246347, 488.83443586246347=520.1106360297814, 520.1106360297814=594.2747073397975, 594.2747073397975=636.7230416969556];
