1.1767089665180706
83864.08577463587
98683.62169985459
[2; 10; 3.2251159723487146]
[1; 20; 6.493815915055809]
[2; 10; 3.2693011338291673]
[1; 20; 6.5846502796522985]
[2; 10; 3.3160117465949437]
[2; 10; 3.3403950615843048]
[1; 20; 6.73102351403152]
[2; 10; 3.3914013263994747]
[1; 20; 6.8362127467460825]
[2; 10; 3.4456729378170268]
[1; 40; 13.896603460407963]
[2; 20; 7.007188450827157]
[2; 20; 7.068123582863175]
[2; 20; 7.131235168529996]
[2; 30; 10.794994498632624]
[1; 80; 29.05824022434048]
[2; 50; 18.3377354413508]
[1; 120; 44.45069990786229]
[2; 60; 22.454493426540022]
[1; 120; 45.38677789279468]
[2; 70; 26.766584619252573]
[2; 70; 27.07077639485953]
[2; 70; 27.389285337137064]
[1; 160; 63.36762042080471]
[2; 80; 32.084913679668254]
[2; 80; 32.50713201531454]
[2; 90; 37.07155185260889]
[2; 90; 37.6012170111027]
[1; 200; 84.80558212665673]
[2; 520; 223.94029687081104]
[2; 540; 236.36641349443403]
[2; 560; 249.3477751886151]
[1; 1120; 507.7647232868596]
[1; 1160; 536.0150942470982]
[2; 580; 273.47859301729704]
[2; 580; 279.42563384916326]
[2; 580; 285.92622199921243]
[2; 600; 303.18343596805505]
[2; 600; 311.3815235424747]
[2; 620; 331.2298480168861]
[1; 1240; 683.843971506932]
[2; 620; 354.14370287782066]
[1; 1240; 736.6485873918548]
[2; 640; 397.5111346910039]
[1; 1280; 836.9410902602667]
[2; 660; 458.5879141934628]
[2; 660; 493.99885538388054]
[2; 660; 543.7160938382636]
[1; 1360; 1282.5202982880137]
[1; 1400; 1663.4000360461237]


Jobs: [[2; 10; 3.2251159723487146], [1; 20; 6.493815915055809], [2; 10; 3.2693011338291673], [1; 20; 6.5846502796522985], [2; 10; 3.3160117465949437], [2; 10; 3.3403950615843048], [1; 20; 6.73102351403152], [2; 10; 3.3914013263994747], [1; 20; 6.8362127467460825], [2; 10; 3.4456729378170268], [1; 40; 13.896603460407963], [2; 20; 7.007188450827157], [2; 20; 7.068123582863175], [2; 20; 7.131235168529996], [2; 30; 10.794994498632624], [1; 80; 29.05824022434048], [2; 50; 18.3377354413508], [1; 120; 44.45069990786229], [2; 60; 22.454493426540022], [1; 120; 45.38677789279468], [2; 70; 26.766584619252573], [2; 70; 27.07077639485953], [2; 70; 27.389285337137064], [1; 160; 63.36762042080471], [2; 80; 32.084913679668254], [2; 80; 32.50713201531454], [2; 90; 37.07155185260889], [2; 90; 37.6012170111027], [1; 200; 84.80558212665673], [2; 520; 223.94029687081104], [2; 540; 236.36641349443403], [2; 560; 249.3477751886151], [1; 1120; 507.7647232868596], [2; 580; 273.47859301729704], [2; 580; 279.42563384916326], [2; 580; 285.92622199921243], [2; 600; 303.18343596805505], [2; 600; 311.3815235424747], [2; 620; 331.2298480168861], [1; 1240; 683.843971506932], [2; 620; 354.14370287782066], [1; 1240; 736.6485873918548], [2; 640; 397.5111346910039], [1; 1280; 836.9410902602667], [2; 660; 458.5879141934628], [2; 660; 493.99885538388054], [2; 660; 543.7160938382636], [1; 1360; 1282.5202982880137]];
Intervals[4.9E-324=3.2251159723487146, 3.2251159723487146=9.718931887404523, 9.718931887404523=12.98823302123369, 12.98823302123369=19.572883300885987, 19.572883300885987=22.88889504748093, 22.88889504748093=26.229290109065232, 26.229290109065232=32.96031362309675, 32.96031362309675=36.35171494949623, 36.35171494949623=43.18792769624231, 43.18792769624231=46.63360063405934, 46.63360063405934=60.53020409446731, 60.53020409446731=67.53739254529447, 67.53739254529447=74.60551612815765, 74.60551612815765=81.73675129668764, 81.73675129668764=92.53174579532026, 92.53174579532026=121.58998601966074, 121.58998601966074=139.92772146101154, 139.92772146101154=184.37842136887383, 184.37842136887383=206.83291479541384, 206.83291479541384=252.2196926882085, 252.2196926882085=278.9862773074611, 278.9862773074611=306.0570537023206, 306.0570537023206=333.44633903945765, 333.44633903945765=396.81395946026237, 396.81395946026237=428.89887313993063, 428.89887313993063=461.40600515524517, 461.40600515524517=498.47755700785405, 498.47755700785405=536.0787740189568, 536.0787740189568=620.8843561456135, 620.8843561456135=844.8246530164246, 844.8246530164246=1081.1910665108585, 1081.1910665108585=1330.5388416994736, 1330.5388416994736=1838.3035649863332, 1866.5539359465718=2140.0325289638686, 2140.0325289638686=2419.458162813032, 2419.458162813032=2705.384384812244, 2705.384384812244=3008.5678207802994, 3008.5678207802994=3319.949344322774, 3319.949344322774=3651.17919233966, 3651.17919233966=4335.023163846592, 4335.023163846592=4689.166866724413, 4689.166866724413=5425.815454116268, 5425.815454116268=5823.326588807271, 5823.326588807271=6660.267679067538, 6660.267679067538=7118.855593261001, 7118.855593261001=7612.854448644881, 7612.854448644881=8156.570542483145, 8156.570542483145=9439.090840771158];

Jobs: [[2; 10; 3.2251159723487146], [2; 10; 3.2693011338291673], [2; 10; 3.3160117465949437], [2; 10; 3.3403950615843048], [2; 10; 3.3914013263994747], [2; 10; 3.4456729378170268], [2; 20; 7.007188450827157], [2; 20; 7.068123582863175], [2; 20; 7.131235168529996], [2; 30; 10.794994498632624], [2; 50; 18.3377354413508], [2; 60; 22.454493426540022], [2; 70; 26.766584619252573], [2; 70; 27.07077639485953], [2; 70; 27.389285337137064], [2; 80; 32.084913679668254], [2; 80; 32.50713201531454], [2; 90; 37.07155185260889], [2; 90; 37.6012170111027], [2; 520; 223.94029687081104], [2; 540; 236.36641349443403], [2; 560; 249.3477751886151], [1; 1160; 536.0150942470982], [2; 580; 273.47859301729704], [2; 580; 279.42563384916326], [2; 580; 285.92622199921243], [2; 600; 303.18343596805505], [2; 600; 311.3815235424747], [2; 620; 331.2298480168861], [2; 620; 354.14370287782066], [2; 640; 397.5111346910039], [2; 660; 458.5879141934628], [2; 660; 493.99885538388054], [2; 660; 543.7160938382636], [1; 1400; 1663.4000360461237]];
Intervals[4.9E-324=3.2251159723487146, 9.718931887404523=12.98823302123369, 19.572883300885987=22.88889504748093, 22.88889504748093=26.229290109065232, 32.96031362309675=36.35171494949623, 43.18792769624231=46.63360063405934, 60.53020409446731=67.53739254529447, 67.53739254529447=74.60551612815765, 74.60551612815765=81.73675129668764, 81.73675129668764=92.53174579532026, 121.58998601966074=139.92772146101154, 184.37842136887383=206.83291479541384, 252.2196926882085=278.9862773074611, 278.9862773074611=306.0570537023206, 306.0570537023206=333.44633903945765, 396.81395946026237=428.89887313993063, 428.89887313993063=461.40600515524517, 461.40600515524517=498.47755700785405, 498.47755700785405=536.0787740189568, 620.8843561456135=844.8246530164246, 844.8246530164246=1081.1910665108585, 1081.1910665108585=1330.5388416994736, 1330.5388416994736=1866.5539359465718, 1866.5539359465718=2140.0325289638686, 2140.0325289638686=2419.458162813032, 2419.458162813032=2705.384384812244, 2705.384384812244=3008.5678207802994, 3008.5678207802994=3319.949344322774, 3319.949344322774=3651.17919233966, 4335.023163846592=4689.166866724413, 5425.815454116268=5823.326588807271, 6660.267679067538=7118.855593261001, 7118.855593261001=7612.854448644881, 7612.854448644881=8156.570542483145, 8156.570542483145=9819.970578529268];
