1.0986899766445357
401172.9829137137
440764.7352278868
[1; 20; 8.626154256386204]
[1; 20; 8.655101299697689]
[2; 10; 4.342220425259049]
[1; 20; 8.714182318455773]
[2; 20; 8.744335438719359]
[1; 40; 17.54982057383653]
[1; 40; 17.611834589399933]
[1; 40; 17.6747345325618]
[1; 40; 17.738542791864464]
[1; 40; 17.803282572973515]
[1; 40; 17.86897793787697]
[2; 20; 8.967826923212403]
[1; 60; 27.005004300565012]
[1; 60; 27.108077835209425]
[2; 40; 18.141828844393252]
[1; 80; 36.42539216563322]
[1; 80; 36.5693675442994]
[1; 80; 36.7156465716863]
[1; 80; 36.864294535144026]
[1; 80; 37.01537939782912]
[1; 100; 46.46121492881157]
[1; 100; 46.65643241039014]
[1; 100; 46.85497281232909]
[2; 50; 23.528468199107724]
[1; 100; 47.26242781013584]
[2; 50; 23.735778160274982]
[1; 100; 47.68443610223664]
[2; 50; 23.95059325893685]
[1; 100; 48.121932430970666]
[1; 100; 48.34680454005032]
[1; 120; 58.29112768580733]
[1; 120; 58.57137780014066]
[2; 60; 29.428548179870926]
[2; 70; 34.50327584246633]
[1; 140; 69.35332409954059]
[1; 140; 69.70717371497568]
[1; 140; 70.06835722856123]
[1; 140; 70.43714484879622]
[2; 70; 35.406910617352224]
[2; 80; 40.684963723927375]
[1; 160; 81.81949418143613]
[1; 160; 82.2791639061546]
[1; 160; 82.74934076322273]
[2; 80; 41.61522619605407]
[1; 160; 83.72295173825417]
[1; 160; 84.22731903505796]
[1; 160; 84.74406398042031]
[1; 160; 85.27372813097669]
[1; 180; 96.54399848290007]
[1; 180; 97.1709251305242]
[2; 90; 48.907229972675566]
[2; 90; 49.23769425360608]
[1; 180; 99.15455057925817]
[1; 180; 99.85284506903223]
[1; 180; 100.57123556068956]
[1; 200; 112.56750722019137]
[1; 200; 113.41391123594478]
[1; 200; 114.28636022320518]
[1; 200; 115.18628987601299]
[1; 200; 116.1152516858812]
[2; 100; 58.53746269249962]
[2; 100; 59.03356653850541]
[2; 100; 59.54692766712701]
[1; 200; 120.15724959514995]
[1; 1040; 630.5502905665467]
[2; 520; 318.24961477165334]
[1; 1040; 642.6792202075238]
[1; 1040; 649.1064387837165]
[2; 540; 340.51087878615465]
[1; 1080; 688.2672136918887]
[1; 1120; 721.6027210765973]
[1; 1120; 729.8034540475575]
[2; 580; 382.3806210470513]
[1; 1160; 774.0885179536286]
[1; 1160; 783.8881471020245]
[1; 1200; 821.5899804616453]
[1; 1200; 832.846036451155]
[1; 1200; 844.7454446456572]
[1; 1200; 857.355444702453]
[1; 1200; 870.7537876444891]
[1; 1200; 885.0309774445932]
[1; 1200; 900.2931314925687]
[1; 1200; 916.6656739639853]
[1; 1200; 934.2981667724791]
[1; 1240; 985.149743772386]
[2; 620; 503.2863606485811]
[1; 1280; 1063.2152133055]
[1; 1280; 1089.8065404655772]
[1; 1280; 1119.274936156078]
[1; 1280; 1152.2135168241073]
[1; 1320; 1226.5760741206254]
[1; 1320; 1270.4190161776255]
[1; 1320; 1321.289022024297]
[1; 1360; 1423.290179550321]
[1; 1360; 1498.3354309754568]
[1; 1360; 1592.21898523599]
[2; 700; 882.8059820381787]
[1; 1400; 1943.3074183860285]
[2; 700; 1112.2658397430166]
[1; 1400; 2802.7342891424482]


Jobs: [[1; 20; 8.626154256386204], [2; 10; 4.342220425259049], [1; 20; 8.714182318455773], [2; 20; 8.744335438719359], [1; 40; 17.54982057383653], [1; 40; 17.6747345325618], [1; 40; 17.803282572973515], [2; 20; 8.967826923212403], [1; 60; 27.005004300565012], [2; 40; 18.141828844393252], [1; 80; 36.42539216563322], [1; 80; 36.7156465716863], [1; 80; 37.01537939782912], [1; 100; 46.65643241039014], [2; 50; 23.528468199107724], [1; 100; 47.26242781013584], [2; 50; 23.735778160274982], [1; 100; 47.68443610223664], [2; 50; 23.95059325893685], [1; 100; 48.121932430970666], [1; 120; 58.29112768580733], [2; 60; 29.428548179870926], [2; 70; 34.50327584246633], [1; 140; 69.35332409954059], [1; 140; 70.06835722856123], [2; 70; 35.406910617352224], [2; 80; 40.684963723927375], [1; 160; 81.81949418143613], [1; 160; 82.74934076322273], [2; 80; 41.61522619605407], [1; 160; 83.72295173825417], [1; 160; 84.74406398042031], [1; 180; 96.54399848290007], [2; 90; 48.907229972675566], [2; 90; 49.23769425360608], [1; 180; 99.15455057925817], [1; 180; 100.57123556068956], [1; 200; 113.41391123594478], [1; 200; 115.18628987601299], [2; 100; 58.53746269249962], [2; 100; 59.03356653850541], [2; 100; 59.54692766712701], [1; 200; 120.15724959514995], [2; 520; 318.24961477165334], [1; 1040; 642.6792202075238], [2; 540; 340.51087878615465], [1; 1080; 688.2672136918887], [1; 1120; 729.8034540475575], [2; 580; 382.3806210470513], [1; 1160; 774.0885179536286], [1; 1200; 821.5899804616453], [1; 1200; 844.7454446456572], [1; 1200; 870.7537876444891], [1; 1200; 900.2931314925687], [1; 1200; 934.2981667724791], [2; 620; 503.2863606485811], [1; 1280; 1063.2152133055], [1; 1280; 1119.274936156078], [1; 1320; 1226.5760741206254], [1; 1320; 1321.289022024297], [1; 1360; 1498.3354309754568], [2; 700; 882.8059820381787], [1; 1400; 1943.3074183860285], [2; 700; 1112.2658397430166], [1; 1400; 2802.7342891424482]];
Intervals[0.0=8.626154256386204, 8.655101299697689=12.997321724956738, 12.997321724956738=21.71150404341251, 21.71150404341251=30.45583948213187, 30.45583948213187=48.005660055968406, 48.005660055968406=65.6803945885302, 65.6803945885302=83.48367716150372, 83.67519480127325=92.64302172448565, 92.64302172448565=119.64802602505065, 119.75109955969508=137.89292840408834, 137.89292840408834=174.31832056972155, 174.31832056972155=211.03396714140786, 211.03396714140786=248.04934653923698, 248.04934653923698=294.70577894962713, 304.64277822467244=328.1712464237802, 328.1712464237802=375.433674233916, 375.433674233916=399.169452394191, 399.169452394191=446.85388849642766, 446.85388849642766=470.8044817553645, 470.8044817553645=518.9264141863351, 518.9264141863351=577.2175418721424, 577.7226640955555=607.1512122754265, 607.1512122754265=641.6544881178928, 641.6544881178928=711.0078122174334, 711.0078122174334=781.0761694459947, 781.7988066816648=817.205717299017, 817.205717299017=857.8906810229444, 857.8906810229444=939.7101752043804, 939.7101752043804=1022.4595159676032, 1022.4595159676032=1064.0747421636572, 1064.0747421636572=1147.7976939019113, 1147.7976939019113=1232.5417578823317, 1232.5417578823317=1329.0857563652316, 1330.746714460216=1379.6539444328916, 1379.6539444328916=1428.8916386864978, 1428.8916386864978=1528.0461892657559, 1528.0461892657559=1628.6174248264454, 1628.6174248264454=1742.0313360623902, 1742.0313360623902=1857.2176259384032, 1871.7136028848079=1930.2510655773076, 1930.2510655773076=1989.284632115813, 1989.284632115813=2048.83155978294, 2048.83155978294=2168.98880937809, 2679.3818503494867=2997.63146512114, 2997.63146512114=3640.310685328664, 3646.7379039048565=3987.248782691011, 3987.248782691011=4675.5159963829, 4675.5159963829=5405.319450430457, 5405.319450430457=5787.700071477509, 5787.700071477509=6561.788589431138, 6561.788589431138=7383.378569892783, 7383.378569892783=8228.12401453844, 8228.12401453844=9098.87780218293, 9098.87780218293=9999.170933675498, 9999.170933675498=10933.469100447977, 11048.636094914105=11551.922455562686, 11551.922455562686=12615.137668868187, 12615.137668868187=13734.412605024265, 13734.412605024265=14960.98867914489, 14960.98867914489=16282.277701169187, 16282.277701169187=17780.613132144645, 18079.87069381631=18962.676675854487, 18962.676675854487=20905.984094240517, 20905.984094240517=22018.249933983534, 22018.249933983534=24820.984223125983];

Jobs: [[1; 20; 8.655101299697689], [2; 10; 4.342220425259049], [2; 20; 8.744335438719359], [1; 40; 17.611834589399933], [1; 40; 17.738542791864464], [1; 40; 17.86897793787697], [2; 20; 8.967826923212403], [1; 60; 27.108077835209425], [2; 40; 18.141828844393252], [1; 80; 36.5693675442994], [1; 80; 36.864294535144026], [1; 100; 46.46121492881157], [1; 100; 46.85497281232909], [2; 50; 23.528468199107724], [2; 50; 23.735778160274982], [2; 50; 23.95059325893685], [1; 100; 48.34680454005032], [1; 120; 58.57137780014066], [2; 60; 29.428548179870926], [2; 70; 34.50327584246633], [1; 140; 69.70717371497568], [1; 140; 70.43714484879622], [2; 70; 35.406910617352224], [2; 80; 40.684963723927375], [1; 160; 82.2791639061546], [2; 80; 41.61522619605407], [1; 160; 84.22731903505796], [1; 160; 85.27372813097669], [1; 180; 97.1709251305242], [2; 90; 48.907229972675566], [2; 90; 49.23769425360608], [1; 180; 99.85284506903223], [1; 200; 112.56750722019137], [1; 200; 114.28636022320518], [1; 200; 116.1152516858812], [2; 100; 58.53746269249962], [2; 100; 59.03356653850541], [2; 100; 59.54692766712701], [1; 1040; 630.5502905665467], [2; 520; 318.24961477165334], [1; 1040; 649.1064387837165], [2; 540; 340.51087878615465], [1; 1120; 721.6027210765973], [2; 580; 382.3806210470513], [1; 1160; 783.8881471020245], [1; 1200; 832.846036451155], [1; 1200; 857.355444702453], [1; 1200; 885.0309774445932], [1; 1200; 916.6656739639853], [1; 1240; 985.149743772386], [2; 620; 503.2863606485811], [1; 1280; 1089.8065404655772], [1; 1280; 1152.2135168241073], [1; 1320; 1270.4190161776255], [1; 1360; 1423.290179550321], [1; 1360; 1592.21898523599], [2; 700; 882.8059820381787], [2; 700; 1112.2658397430166]];
Intervals[0.0=8.655101299697689, 8.655101299697689=12.997321724956738, 21.71150404341251=30.45583948213187, 30.45583948213187=48.067674071531805, 48.067674071531805=65.80621686339627, 65.80621686339627=83.67519480127325, 83.67519480127325=92.64302172448565, 92.64302172448565=119.75109955969508, 119.75109955969508=137.89292840408834, 137.89292840408834=174.46229594838775, 174.46229594838775=211.3265904835318, 211.3265904835318=257.78780541234335, 257.78780541234335=304.64277822467244, 304.64277822467244=328.1712464237802, 375.433674233916=399.169452394191, 446.85388849642766=470.8044817553645, 470.8044817553645=519.1512862954148, 519.1512862954148=577.7226640955555, 577.7226640955555=607.1512122754265, 607.1512122754265=641.6544881178928, 641.6544881178928=711.3616618328685, 711.3616618328685=781.7988066816648, 781.7988066816648=817.205717299017, 817.205717299017=857.8906810229444, 857.8906810229444=940.169844929099, 1022.4595159676032=1064.0747421636572, 1064.0747421636572=1148.3020611987151, 1148.3020611987151=1233.5757893296918, 1233.5757893296918=1330.746714460216, 1330.746714460216=1379.6539444328916, 1379.6539444328916=1428.8916386864978, 1428.8916386864978=1528.74448375553, 1528.74448375553=1641.3119909757213, 1641.3119909757213=1755.5983511989266, 1755.5983511989266=1871.7136028848079, 1871.7136028848079=1930.2510655773076, 1930.2510655773076=1989.284632115813, 1989.284632115813=2048.83155978294, 2048.83155978294=2679.3818503494867, 2679.3818503494867=2997.63146512114, 2997.63146512114=3646.7379039048565, 3646.7379039048565=3987.248782691011, 3987.248782691011=4708.851503767608, 5405.319450430457=5787.700071477509, 5787.700071477509=6571.588218579533, 6571.588218579533=7404.434255030687, 7404.434255030687=8261.78969973314, 8261.78969973314=9146.820677177733, 9146.820677177733=10063.486351141719, 10063.486351141719=11048.636094914105, 11048.636094914105=11551.922455562686, 11551.922455562686=12641.728996028263, 12641.728996028263=13793.94251285237, 13793.94251285237=15064.361529029997, 15064.361529029997=16487.651708580317, 16487.651708580317=18079.87069381631, 18079.87069381631=18962.676675854487, 20905.984094240517=22018.249933983534];
