1.0
80097.80544758361
80097.80544758361
[2; 10; 3.1760953809596106]
[2; 10; 3.1975561358791174]
[2; 10; 3.2196089440340003]
[2; 20; 6.484565987004702]
[2; 30; 9.796828717354332]
[2; 30; 9.868866809727606]
[2; 30; 9.943071602078115]
[2; 30; 10.019559774075322]
[2; 40; 13.464609591936737]
[2; 40; 13.573199842644165]
[2; 40; 13.685380135178834]
[2; 50; 17.251704328618242]
[2; 50; 17.401726679021362]
[2; 60; 21.068528952287753]
[2; 60; 21.261829006181443]
[2; 60; 21.46242414535493]
[2; 60; 21.670810227683624]
[2; 70; 25.535454824920514]
[2; 70; 25.798725495814686]
[2; 80; 29.7979435691351]
[2; 80; 30.12541971988547]
[2; 80; 30.46778334400304]
[2; 80; 30.82626074062038]
[2; 80; 31.202227803043847]
[2; 80; 31.597234645261228]
[2; 80; 32.01303541555911]
[2; 90; 36.50807772916417]
[2; 90; 37.029692169627936]
[2; 100; 41.75828404023387]
[2; 100; 42.41086263374378]
[2; 100; 43.10624627031238]
[2; 520; 228.01793817312867]
[2; 540; 241.09403331738048]
[2; 540; 245.73158976722138]
[2; 560; 260.0348585010918]
[2; 560; 265.68955309401275]
[2; 580; 281.5802472757527]
[2; 600; 298.5751578602414]
[2; 620; 316.8702587305193]
[2; 620; 326.19527463263466]
[2; 640; 347.58698917068114]
[2; 640; 360.01119713259084]
[2; 660; 386.1275690626676]
[2; 660; 403.7025195052311]
[2; 660; 424.9883806124879]
[2; 660; 451.61754446090146]
[2; 660; 486.49025220679135]
[2; 700; 567.9034313425537]
[2; 700; 650.0871462527294]
[2; 700; 819.0584798299009]


Jobs: [[2; 10; 3.1760953809596106], [2; 10; 3.1975561358791174], [2; 10; 3.2196089440340003], [2; 20; 6.484565987004702], [2; 30; 9.796828717354332], [2; 30; 9.868866809727606], [2; 30; 9.943071602078115], [2; 30; 10.019559774075322], [2; 40; 13.464609591936737], [2; 40; 13.573199842644165], [2; 40; 13.685380135178834], [2; 50; 17.251704328618242], [2; 50; 17.401726679021362], [2; 60; 21.068528952287753], [2; 60; 21.261829006181443], [2; 60; 21.46242414535493], [2; 60; 21.670810227683624], [2; 70; 25.535454824920514], [2; 70; 25.798725495814686], [2; 80; 29.7979435691351], [2; 80; 30.12541971988547], [2; 80; 30.46778334400304], [2; 80; 30.82626074062038], [2; 80; 31.202227803043847], [2; 80; 31.597234645261228], [2; 80; 32.01303541555911], [2; 90; 36.50807772916417], [2; 90; 37.029692169627936], [2; 100; 41.75828404023387], [2; 100; 42.41086263374378], [2; 100; 43.10624627031238], [2; 520; 228.01793817312867], [2; 540; 241.09403331738048], [2; 540; 245.73158976722138], [2; 560; 260.0348585010918], [2; 560; 265.68955309401275], [2; 580; 281.5802472757527], [2; 600; 298.5751578602414], [2; 620; 316.8702587305193], [2; 620; 326.19527463263466], [2; 640; 347.58698917068114], [2; 640; 360.01119713259084], [2; 660; 386.1275690626676], [2; 660; 403.7025195052311], [2; 660; 424.9883806124879], [2; 660; 451.61754446090146], [2; 660; 486.49025220679135], [2; 700; 567.9034313425537], [2; 700; 650.0871462527294], [2; 700; 819.0584798299009]];
Intervals[4.9E-324=3.1760953809596106, 3.1760953809596106=6.373651516838728, 6.373651516838728=9.593260460872727, 9.593260460872727=16.077826447877428, 16.077826447877428=25.874655165231758, 25.874655165231758=35.743521974959364, 35.743521974959364=45.68659357703748, 45.68659357703748=55.7061533511128, 55.7061533511128=69.17076294304954, 69.17076294304954=82.7439627856937, 82.7439627856937=96.42934292087253, 96.42934292087253=113.68104724949077, 113.68104724949077=131.08277392851213, 131.08277392851213=152.15130288079988, 152.15130288079988=173.41313188698132, 173.41313188698132=194.87555603233625, 194.87555603233625=216.54636626001988, 216.54636626001988=242.0818210849404, 242.0818210849404=267.8805465807551, 267.8805465807551=297.6784901498902, 297.6784901498902=327.8039098697757, 327.8039098697757=358.2716932137787, 358.2716932137787=389.0979539543991, 389.0979539543991=420.30018175744294, 420.30018175744294=451.89741640270415, 451.89741640270415=483.91045181826325, 483.91045181826325=520.4185295474274, 520.4185295474274=557.4482217170553, 557.4482217170553=599.2065057572892, 599.2065057572892=641.617368391033, 641.617368391033=684.7236146613453, 684.7236146613453=912.741552834474, 912.741552834474=1153.8355861518544, 1153.8355861518544=1399.5671759190757, 1399.5671759190757=1659.6020344201675, 1659.6020344201675=1925.2915875141803, 1925.2915875141803=2206.871834789933, 2206.871834789933=2505.4469926501743, 2505.4469926501743=2822.3172513806935, 2822.3172513806935=3148.512526013328, 3148.512526013328=3496.0995151840093, 3496.0995151840093=3856.1107123166003, 3856.1107123166003=4242.238281379268, 4242.238281379268=4645.940800884499, 4645.940800884499=5070.929181496987, 5070.929181496987=5522.546725957889, 5522.546725957889=6009.0369781646805, 6009.0369781646805=6576.940409507234, 6576.940409507234=7227.027555759963, 7227.027555759963=8046.086035589864];

Jobs: [[2; 10; 3.1760953809596106], [2; 10; 3.1975561358791174], [2; 10; 3.2196089440340003], [2; 20; 6.484565987004702], [2; 30; 9.796828717354332], [2; 30; 9.868866809727606], [2; 30; 9.943071602078115], [2; 30; 10.019559774075322], [2; 40; 13.464609591936737], [2; 40; 13.573199842644165], [2; 40; 13.685380135178834], [2; 50; 17.251704328618242], [2; 50; 17.401726679021362], [2; 60; 21.068528952287753], [2; 60; 21.261829006181443], [2; 60; 21.46242414535493], [2; 60; 21.670810227683624], [2; 70; 25.535454824920514], [2; 70; 25.798725495814686], [2; 80; 29.7979435691351], [2; 80; 30.12541971988547], [2; 80; 30.46778334400304], [2; 80; 30.82626074062038], [2; 80; 31.202227803043847], [2; 80; 31.597234645261228], [2; 80; 32.01303541555911], [2; 90; 36.50807772916417], [2; 90; 37.029692169627936], [2; 100; 41.75828404023387], [2; 100; 42.41086263374378], [2; 100; 43.10624627031238], [2; 520; 228.01793817312867], [2; 540; 241.09403331738048], [2; 540; 245.73158976722138], [2; 560; 260.0348585010918], [2; 560; 265.68955309401275], [2; 580; 281.5802472757527], [2; 600; 298.5751578602414], [2; 620; 316.8702587305193], [2; 620; 326.19527463263466], [2; 640; 347.58698917068114], [2; 640; 360.01119713259084], [2; 660; 386.1275690626676], [2; 660; 403.7025195052311], [2; 660; 424.9883806124879], [2; 660; 451.61754446090146], [2; 660; 486.49025220679135], [2; 700; 567.9034313425537], [2; 700; 650.0871462527294], [2; 700; 819.0584798299009]];
Intervals[4.9E-324=3.1760953809596106, 3.1760953809596106=6.373651516838728, 6.373651516838728=9.593260460872727, 9.593260460872727=16.077826447877428, 16.077826447877428=25.874655165231758, 25.874655165231758=35.743521974959364, 35.743521974959364=45.68659357703748, 45.68659357703748=55.7061533511128, 55.7061533511128=69.17076294304954, 69.17076294304954=82.7439627856937, 82.7439627856937=96.42934292087253, 96.42934292087253=113.68104724949077, 113.68104724949077=131.08277392851213, 131.08277392851213=152.15130288079988, 152.15130288079988=173.41313188698132, 173.41313188698132=194.87555603233625, 194.87555603233625=216.54636626001988, 216.54636626001988=242.0818210849404, 242.0818210849404=267.8805465807551, 267.8805465807551=297.6784901498902, 297.6784901498902=327.8039098697757, 327.8039098697757=358.2716932137787, 358.2716932137787=389.0979539543991, 389.0979539543991=420.30018175744294, 420.30018175744294=451.89741640270415, 451.89741640270415=483.91045181826325, 483.91045181826325=520.4185295474274, 520.4185295474274=557.4482217170553, 557.4482217170553=599.2065057572892, 599.2065057572892=641.617368391033, 641.617368391033=684.7236146613453, 684.7236146613453=912.741552834474, 912.741552834474=1153.8355861518544, 1153.8355861518544=1399.5671759190757, 1399.5671759190757=1659.6020344201675, 1659.6020344201675=1925.2915875141803, 1925.2915875141803=2206.871834789933, 2206.871834789933=2505.4469926501743, 2505.4469926501743=2822.3172513806935, 2822.3172513806935=3148.512526013328, 3148.512526013328=3496.0995151840093, 3496.0995151840093=3856.1107123166003, 3856.1107123166003=4242.238281379268, 4242.238281379268=4645.940800884499, 4645.940800884499=5070.929181496987, 5070.929181496987=5522.546725957889, 5522.546725957889=6009.0369781646805, 6009.0369781646805=6576.940409507234, 6576.940409507234=7227.027555759963, 7227.027555759963=8046.086035589864];
