1.1884256739166006
100801.17861766572
119794.70863028702
[1; 20; 6.8581218354821365]
[1; 20; 6.904461902219973]
[2; 10; 3.47604019280458]
[1; 40; 14.002080622548927]
[2; 20; 7.051409239549389]
[1; 40; 14.206519398001358]
[2; 20; 7.156669672114971]
[2; 30; 10.817584711159254]
[1; 60; 21.80553210136997]
[1; 60; 21.981390761179505]
[1; 80; 29.550751181655702]
[1; 80; 29.801193217221712]
[1; 80; 30.060347035656257]
[2; 40; 15.164378596791016]
[2; 50; 19.129386384790624]
[2; 50; 19.30986295258942]
[1; 100; 38.994698150973825]
[2; 60; 23.6308026016942]
[1; 120; 47.74887259669479]
[2; 70; 28.149845181826752]
[1; 140; 56.91841782200818]
[1; 140; 57.565273400644905]
[1; 140; 58.24257404674821]
[1; 140; 58.952919348002425]
[2; 70; 29.849619030732764]
[1; 180; 77.76622856940845]
[1; 200; 87.59072418390247]
[1; 200; 88.84218932331476]
[1; 1120; 504.94297095434604]
[1; 1120; 512.8339794419223]
[1; 1160; 539.8583950826203]
[2; 600; 284.052479980262]
[1; 1200; 578.4363978664823]
[2; 600; 294.7814462082516]
[1; 1200; 601.5980969332423]
[1; 1240; 635.1697414172709]
[1; 1240; 649.9463989395216]
[1; 1240; 666.2017507388841]
[1; 1240; 684.2158624839748]
[1; 1280; 727.0723178306698]
[1; 1280; 750.5422961953722]
[2; 660; 400.8313065335408]
[2; 660; 416.88135824658855]
[1; 1320; 871.7121912193563]
[1; 1320; 917.6746109004089]
[1; 1360; 1004.7255401762936]
[1; 1360; 1082.3077788584153]
[1; 1360; 1191.2338489010735]
[1; 1400; 1403.7288928442317]
[2; 700; 884.2937902200363]


Jobs: [[1; 20; 6.8581218354821365], [2; 10; 3.47604019280458], [1; 40; 14.002080622548927], [2; 20; 7.051409239549389], [1; 40; 14.206519398001358], [2; 20; 7.156669672114971], [2; 30; 10.817584711159254], [1; 60; 21.80553210136997], [1; 80; 29.550751181655702], [1; 80; 30.060347035656257], [2; 40; 15.164378596791016], [2; 50; 19.129386384790624], [2; 50; 19.30986295258942], [1; 100; 38.994698150973825], [2; 60; 23.6308026016942], [1; 120; 47.74887259669479], [2; 70; 28.149845181826752], [1; 140; 56.91841782200818], [1; 140; 58.24257404674821], [2; 70; 29.849619030732764], [1; 180; 77.76622856940845], [1; 200; 88.84218932331476], [1; 1120; 512.8339794419223], [2; 600; 284.052479980262], [1; 1200; 578.4363978664823], [2; 600; 294.7814462082516], [1; 1200; 601.5980969332423], [1; 1240; 649.9463989395216], [1; 1240; 684.2158624839748], [1; 1280; 750.5422961953722], [2; 660; 400.8313065335408], [2; 660; 416.88135824658855], [1; 1320; 871.7121912193563], [1; 1360; 1004.7255401762936], [1; 1360; 1191.2338489010735], [2; 700; 884.2937902200363]];
Intervals[0.0=6.8581218354821365, 6.904461902219973=10.380502095024553, 10.380502095024553=24.38258271757348, 24.38258271757348=31.43399195712287, 31.43399195712287=45.64051135512423, 45.64051135512423=52.797181027239205, 52.797181027239205=63.61476573839846, 63.61476573839846=85.42029783976844, 85.42029783976844=114.97104902142414, 114.97104902142414=145.0313960570804, 145.0313960570804=160.1957746538714, 160.1957746538714=179.32516103866203, 179.32516103866203=198.63502399125144, 198.63502399125144=237.62972214222526, 237.62972214222526=261.26052474391946, 261.26052474391946=309.00939734061427, 309.00939734061427=337.15924252244105, 337.15924252244105=394.0776603444492, 394.0776603444492=452.3202343911974, 453.67743527108837=483.5270543018211, 483.5270543018211=561.2932828712296, 561.2932828712296=650.1354721945444, 650.1354721945444=1162.9694516364666, 1615.91914452269=1899.971624502952, 1899.971624502952=2478.408022369434, 2478.408022369434=2773.1894685776856, 2773.1894685776856=3374.787565510928, 3374.787565510928=4024.7339644504495, 4024.7339644504495=4708.949826934424, 4708.949826934424=5459.492123129796, 5459.492123129796=5860.323429663336, 5860.323429663336=6277.204787909925, 6277.204787909925=7148.916979129281, 7148.916979129281=8153.642519305575, 8153.642519305575=9344.87636820665, 9680.916070512982=10565.209860733017];

Jobs: [[1; 20; 6.904461902219973], [2; 10; 3.47604019280458], [2; 20; 7.051409239549389], [2; 20; 7.156669672114971], [2; 30; 10.817584711159254], [1; 60; 21.981390761179505], [1; 80; 29.801193217221712], [2; 40; 15.164378596791016], [2; 50; 19.129386384790624], [2; 50; 19.30986295258942], [2; 60; 23.6308026016942], [2; 70; 28.149845181826752], [1; 140; 57.565273400644905], [1; 140; 58.952919348002425], [2; 70; 29.849619030732764], [1; 200; 87.59072418390247], [1; 1120; 504.94297095434604], [1; 1160; 539.8583950826203], [2; 600; 284.052479980262], [2; 600; 294.7814462082516], [1; 1240; 635.1697414172709], [1; 1240; 666.2017507388841], [1; 1280; 727.0723178306698], [2; 660; 400.8313065335408], [2; 660; 416.88135824658855], [1; 1320; 917.6746109004089], [1; 1360; 1082.3077788584153], [1; 1400; 1403.7288928442317], [2; 700; 884.2937902200363]];
Intervals[0.0=6.904461902219973, 6.904461902219973=10.380502095024553, 24.38258271757348=31.43399195712287, 45.64051135512423=52.797181027239205, 52.797181027239205=63.61476573839846, 63.61476573839846=85.59615649957797, 85.59615649957797=115.39734971679968, 145.0313960570804=160.1957746538714, 160.1957746538714=179.32516103866203, 179.32516103866203=198.63502399125144, 237.62972214222526=261.26052474391946, 309.00939734061427=337.15924252244105, 337.15924252244105=394.72451592308596, 394.72451592308596=453.67743527108837, 453.67743527108837=483.5270543018211, 483.5270543018211=571.1177784857236, 571.1177784857236=1076.0607494400697, 1076.0607494400697=1615.91914452269, 1615.91914452269=1899.971624502952, 2478.408022369434=2773.1894685776856, 2773.1894685776856=3408.3592099949565, 3408.3592099949565=4074.5609607338406, 4074.5609607338406=4801.63327856451, 5459.492123129796=5860.323429663336, 5860.323429663336=6277.204787909925, 6277.204787909925=7194.879398810333, 7194.879398810333=8277.18717766875, 8277.18717766875=9680.916070512982, 9680.916070512982=10565.209860733017];
