1.1503697032380318
11683.638390280537
13440.503627767497
[1; 20; 3.3438184915446487]
[2; 10; 1.6832062725512675]
[2; 10; 1.6948149585090084]
[2; 10; 1.7067506683659905]
[2; 10; 1.7190298723379582]
[2; 20; 3.4633405036457106]
[1; 40; 6.978763271216357]
[1; 60; 10.548672262974474]
[1; 60; 10.631736094464618]
[2; 30; 5.35873980226056]
[1; 60; 10.806057833030815]
[2; 30; 5.448819480408557]
[2; 40; 7.32827053028071]
[2; 40; 7.3937049794579695]
[2; 40; 7.4615409244468145]
[2; 40; 7.531936977380594]
[1; 80; 15.210134305263361]
[1; 100; 19.202807174011912]
[1; 100; 19.400788214976963]
[1; 100; 19.60719507075491]
[1; 100; 19.822676006675373]
[1; 100; 20.047952974115393]
[2; 50; 10.141916442001653]
[2; 50; 10.265610540488892]
[1; 120; 24.949365057302884]
[2; 60; 12.638841913574476]
[2; 60; 12.811998251413234]
[1; 120; 25.99010305868028]
[1; 120; 26.378072242916087]
[2; 60; 13.39514810234308]
[1; 120; 27.229559460433805]
[1; 140; 32.31564805148725]
[1; 140; 32.903333663769075]
[2; 70; 16.76812233506326]
[1; 140; 34.220846039242595]
[2; 80; 19.98000541284508]
[2; 80; 20.44482241848448]
[1; 160; 41.91230695627668]
[1; 180; 48.42631886451552]
[2; 90; 24.92571635587323]
[2; 90; 25.730321357673475]
[2; 90; 26.65003030373395]
[1; 180; 55.434296918640015]
[1; 200; 64.397155316028]
[1; 200; 67.79259834036033]
[2; 100; 36.020192776769385]
[2; 100; 38.801576429953926]
[2; 100; 42.70666083804412]
[2; 100; 48.886922913203705]
[1; 200; 123.18732648586669]


Jobs: [[1; 20; 3.3438184915446487], [2; 10; 1.6832062725512675], [2; 10; 1.6948149585090084], [2; 10; 1.7067506683659905], [2; 10; 1.7190298723379582], [2; 20; 3.4633405036457106], [1; 40; 6.978763271216357], [1; 60; 10.631736094464618], [2; 30; 5.35873980226056], [1; 60; 10.806057833030815], [2; 30; 5.448819480408557], [2; 40; 7.32827053028071], [2; 40; 7.3937049794579695], [2; 40; 7.4615409244468145], [2; 40; 7.531936977380594], [1; 80; 15.210134305263361], [1; 100; 19.400788214976963], [1; 100; 19.822676006675373], [2; 50; 10.141916442001653], [2; 50; 10.265610540488892], [1; 120; 24.949365057302884], [2; 60; 12.638841913574476], [2; 60; 12.811998251413234], [1; 120; 25.99010305868028], [2; 60; 13.39514810234308], [1; 120; 27.229559460433805], [1; 140; 32.903333663769075], [2; 70; 16.76812233506326], [1; 140; 34.220846039242595], [2; 80; 19.98000541284508], [2; 80; 20.44482241848448], [1; 160; 41.91230695627668], [2; 90; 24.92571635587323], [2; 90; 25.730321357673475], [2; 90; 26.65003030373395], [1; 180; 55.434296918640015], [1; 200; 67.79259834036033], [2; 100; 36.020192776769385], [2; 100; 38.801576429953926], [2; 100; 42.70666083804412], [2; 100; 48.886922913203705], [1; 200; 123.18732648586669]];
Intervals[0.0=3.3438184915446487, 3.3438184915446487=5.027024764095916, 5.027024764095916=6.7218397226049245, 6.7218397226049245=8.428590390970914, 8.428590390970914=10.147620263308873, 10.147620263308873=13.610960766954584, 13.610960766954584=20.589724038170942, 20.589724038170942=31.22146013263556, 31.22146013263556=36.58019993489612, 36.58019993489612=47.386257767926935, 47.386257767926935=52.835077248335494, 52.835077248335494=60.163347778616206, 60.163347778616206=67.55705275807418, 67.55705275807418=75.01859368252099, 75.01859368252099=82.55053065990158, 82.55053065990158=97.76066496516495, 97.76066496516495=117.1614531801419, 117.1614531801419=136.98412918681728, 141.4084858787838=151.55040232078545, 151.55040232078545=161.81601286127434, 161.81601286127434=186.76537791857723, 186.76537791857723=199.4042198321517, 199.4042198321517=212.21621808356494, 212.21621808356494=238.20632114224523, 238.59429032648103=251.98943842882412, 251.98943842882412=279.21899788925793, 279.21899788925793=312.12233155302704, 312.12233155302704=328.8904538880903, 328.8904538880903=363.1112999273329, 363.1112999273329=383.09130534017794, 383.09130534017794=403.5361277586624, 403.5361277586624=445.4484347149391, 451.9624466231779=476.8881629790512, 476.8881629790512=502.61848433672463, 502.61848433672463=529.2685146404585, 529.2685146404585=584.7028115590986, 584.7028115590986=652.4954098994589, 652.4954098994589=688.5156026762282, 688.5156026762282=727.3171791061822, 727.3171791061822=770.0238399442263, 770.0238399442263=818.91076285743, 818.91076285743=942.0980893432967];

Jobs: [[2; 10; 1.6832062725512675], [2; 10; 1.6948149585090084], [2; 10; 1.7067506683659905], [2; 10; 1.7190298723379582], [2; 20; 3.4633405036457106], [1; 60; 10.548672262974474], [2; 30; 5.35873980226056], [2; 30; 5.448819480408557], [2; 40; 7.32827053028071], [2; 40; 7.3937049794579695], [2; 40; 7.4615409244468145], [2; 40; 7.531936977380594], [1; 100; 19.202807174011912], [1; 100; 19.60719507075491], [1; 100; 20.047952974115393], [2; 50; 10.141916442001653], [2; 50; 10.265610540488892], [2; 60; 12.638841913574476], [2; 60; 12.811998251413234], [1; 120; 26.378072242916087], [2; 60; 13.39514810234308], [1; 140; 32.31564805148725], [2; 70; 16.76812233506326], [2; 80; 19.98000541284508], [2; 80; 20.44482241848448], [1; 180; 48.42631886451552], [2; 90; 24.92571635587323], [2; 90; 25.730321357673475], [2; 90; 26.65003030373395], [1; 200; 64.397155316028], [2; 100; 36.020192776769385], [2; 100; 38.801576429953926], [2; 100; 42.70666083804412], [2; 100; 48.886922913203705]];
Intervals[3.3438184915446487=5.027024764095916, 5.027024764095916=6.7218397226049245, 6.7218397226049245=8.428590390970914, 8.428590390970914=10.147620263308873, 10.147620263308873=13.610960766954584, 13.610960766954584=24.159633029929058, 31.22146013263556=36.58019993489612, 47.386257767926935=52.835077248335494, 52.835077248335494=60.163347778616206, 60.163347778616206=67.55705275807418, 67.55705275807418=75.01859368252099, 75.01859368252099=82.55053065990158, 82.55053065990158=101.75333783391349, 101.75333783391349=121.3605329046684, 121.3605329046684=141.4084858787838, 141.4084858787838=151.55040232078545, 151.55040232078545=161.81601286127434, 186.76537791857723=199.4042198321517, 199.4042198321517=212.21621808356494, 212.21621808356494=238.59429032648103, 238.59429032648103=251.98943842882412, 251.98943842882412=284.3050864803114, 312.12233155302704=328.8904538880903, 363.1112999273329=383.09130534017794, 383.09130534017794=403.5361277586624, 403.5361277586624=451.9624466231779, 451.9624466231779=476.8881629790512, 476.8881629790512=502.61848433672463, 502.61848433672463=529.2685146404585, 529.2685146404585=593.6656699564866, 652.4954098994589=688.5156026762282, 688.5156026762282=727.3171791061822, 727.3171791061822=770.0238399442263, 770.0238399442263=818.91076285743];
