1.147102225433567
195159.2634864846
223867.62545932236
[1; 20; 6.784268866150983]
[1; 20; 6.807035039681886]
[1; 20; 6.830109911201879]
[1; 20; 6.85350088114817]
[1; 20; 6.877215606034999]
[1; 20; 6.901262010093861]
[2; 10; 3.4628241487859355]
[1; 20; 6.950382965732936]
[2; 10; 3.4877374093049465]
[1; 20; 7.00093298155976]
[1; 20; 7.026766916678355]
[1; 20; 7.0529864391352195]
[1; 20; 7.079601734494884]
[1; 20; 7.1066233770959135]
[2; 10; 3.567031174782721]
[1; 40; 14.323860127106766]
[2; 20; 7.1902383817779905]
[1; 40; 14.437999282964737]
[1; 40; 14.4964533588211]
[1; 40; 14.555865716842773]
[1; 60; 21.92439628760843]
[2; 30; 11.008258340841197]
[1; 60; 22.11020511531204]
[2; 30; 11.10275445073957]
[1; 60; 22.302477419318066]
[2; 30; 11.200581116485692]
[1; 60; 22.501617218973568]
[2; 30; 11.30194935144986]
[1; 60; 22.708065606090337]
[2; 40; 15.209453068897938]
[1; 80; 30.563073723448372]
[1; 80; 30.71001383672841]
[1; 80; 30.859821153003324]
[1; 80; 31.012595034782734]
[1; 80; 31.168439837933757]
[2; 40; 15.663732621447695]
[1; 80; 31.489786613353235]
[2; 40; 15.8277626925605]
[2; 40; 15.912404744149116]
[2; 50; 19.998608628837864]
[1; 100; 40.21820084312137]
[1; 100; 40.4441505326811]
[1; 100; 40.67526498112075]
[2; 50; 20.45587719686207]
[2; 50; 20.576920707437214]
[1; 100; 41.40176210229123]
[1; 100; 41.65576699690921]
[2; 50; 20.9580611498786]
[1; 120; 50.61973340254646]
[1; 120; 50.94844218055824]
[1; 120; 51.28585891566028]
[1; 120; 51.63239550131309]
[1; 120; 51.98849224025414]
[1; 120; 52.35462044567636]
[1; 120; 52.73128534186936]
[2; 60; 26.55951465308386]
[1; 140; 62.43817475113651]
[2; 70; 31.459243639179917]
[1; 140; 63.413928836748966]
[1; 140; 63.92535357459277]
[1; 140; 64.45368624098803]
[1; 140; 64.99992996530821]
[2; 70; 32.78258755963791]
[1; 140; 66.15060944534405]
[2; 70; 33.3787648360915]
[2; 80; 38.50705993366147]
[2; 80; 38.88093826665997]
[2; 80; 39.26977344419469]
[1; 160; 79.34929002172305]
[2; 90; 45.108840806101156]
[1; 180; 91.20916409606703]
[2; 90; 46.12286030378924]
[1; 200; 103.7011821652714]
[1; 200; 104.9659553778441]
[1; 200; 106.29477942322485]
[1; 1040; 560.006487818085]
[1; 1040; 567.678762956868]
[1; 1040; 575.7895553820294]
[1; 1040; 584.3846965243596]
[1; 1040; 593.5171824990982]
[1; 1160; 672.8543214605346]
[2; 580; 342.22876913025107]
[1; 1160; 696.9049398045667]
[1; 1160; 710.3102321465055]
[1; 1240; 774.7972661425111]
[1; 1240; 791.645937650326]
[1; 1240; 810.0628743158513]
[1; 1240; 830.3227865533712]
[1; 1280; 880.2835975724798]
[1; 1280; 906.1890220153451]
[2; 640; 467.7204541356464]
[1; 1320; 999.1548866679749]
[2; 660; 519.5814791203283]
[2; 660; 543.2307066763425]
[1; 1360; 1178.4058241124271]
[2; 680; 626.1215234838836]
[2; 680; 674.4689651846459]
[1; 1360; 1484.6983031179623]
[1; 1360; 1699.5552934738953]
[2; 700; 1102.142531467363]


Jobs: [[1; 20; 6.784268866150983], [1; 20; 6.830109911201879], [1; 20; 6.877215606034999], [2; 10; 3.4628241487859355], [1; 20; 6.950382965732936], [2; 10; 3.4877374093049465], [1; 20; 7.00093298155976], [1; 20; 7.0529864391352195], [1; 20; 7.1066233770959135], [2; 10; 3.567031174782721], [1; 40; 14.323860127106766], [2; 20; 7.1902383817779905], [1; 40; 14.437999282964737], [1; 40; 14.555865716842773], [2; 30; 11.008258340841197], [1; 60; 22.11020511531204], [2; 30; 11.10275445073957], [1; 60; 22.302477419318066], [2; 30; 11.200581116485692], [1; 60; 22.501617218973568], [2; 30; 11.30194935144986], [1; 60; 22.708065606090337], [2; 40; 15.209453068897938], [1; 80; 30.563073723448372], [1; 80; 30.859821153003324], [1; 80; 31.168439837933757], [2; 40; 15.663732621447695], [1; 80; 31.489786613353235], [2; 40; 15.8277626925605], [2; 40; 15.912404744149116], [2; 50; 19.998608628837864], [1; 100; 40.21820084312137], [1; 100; 40.67526498112075], [2; 50; 20.45587719686207], [2; 50; 20.576920707437214], [1; 100; 41.40176210229123], [2; 50; 20.9580611498786], [1; 120; 50.61973340254646], [1; 120; 51.28585891566028], [1; 120; 51.98849224025414], [1; 120; 52.73128534186936], [2; 60; 26.55951465308386], [1; 140; 62.43817475113651], [2; 70; 31.459243639179917], [1; 140; 63.413928836748966], [1; 140; 64.45368624098803], [2; 70; 32.78258755963791], [1; 140; 66.15060944534405], [2; 70; 33.3787648360915], [2; 80; 38.50705993366147], [2; 80; 38.88093826665997], [2; 80; 39.26977344419469], [1; 160; 79.34929002172305], [2; 90; 45.108840806101156], [1; 180; 91.20916409606703], [2; 90; 46.12286030378924], [1; 200; 103.7011821652714], [1; 200; 106.29477942322485], [1; 1040; 567.678762956868], [1; 1040; 584.3846965243596], [1; 1160; 672.8543214605346], [2; 580; 342.22876913025107], [1; 1160; 696.9049398045667], [1; 1240; 774.7972661425111], [1; 1240; 810.0628743158513], [1; 1280; 880.2835975724798], [2; 640; 467.7204541356464], [1; 1320; 999.1548866679749], [2; 660; 519.5814791203283], [2; 660; 543.2307066763425], [1; 1360; 1178.4058241124271], [2; 680; 626.1215234838836], [2; 680; 674.4689651846459], [1; 1360; 1484.6983031179623], [2; 700; 1102.142531467363]];
Intervals[0.0=6.784268866150983, 6.784268866150983=13.614378777352862, 13.614378777352862=20.49159438338786, 20.561797930923916=24.02462207970985, 24.02462207970985=30.975005045442785, 30.975005045442785=34.46274245474773, 34.46274245474773=41.4636754363075, 41.4636754363075=48.516661875442715, 48.516661875442715=55.62328525253863, 55.62328525253863=59.19031642732135, 59.19031642732135=73.51417655442812, 73.51417655442812=80.7044149362061, 80.7044149362061=95.14241421917085, 95.14241421917085=109.69827993601362, 117.12526458263564=128.13352292347685, 128.13352292347685=150.2437280387889, 150.2437280387889=161.34648248952848, 161.34648248952848=183.64895990884656, 183.64895990884656=194.84954102533226, 194.84954102533226=217.35115824430582, 217.35115824430582=228.65310759575567, 228.65310759575567=251.36117320184601, 251.36117320184601=266.57062627074396, 266.57062627074396=297.13369999419234, 297.13369999419234=327.9935211471957, 327.9935211471957=359.16196098512944, 359.16196098512944=374.82569360657715, 374.82569360657715=406.3154802199304, 406.3154802199304=422.1432429124909, 422.1432429124909=438.05564765664, 438.05564765664=458.0542562854779, 458.0542562854779=498.2724571285993, 498.2724571285993=538.9477221097201, 538.9477221097201=559.4035993065821, 559.4035993065821=579.9805200140194, 579.9805200140194=621.3822821163105, 621.6362870109285=642.5943481608072, 642.5943481608072=693.2140815633536, 693.2140815633536=744.4999404790138, 744.4999404790138=796.488432719268, 796.488432719268=849.2197180611373, 849.2197180611373=875.7792327142212, 875.7792327142212=938.2174074653577, 938.2174074653577=969.6766511045377, 969.6766511045377=1033.0905799412867, 1033.0905799412867=1097.5442661822747, 1098.6019346444386=1131.3845222040766, 1131.3845222040766=1197.5351316494207, 1197.5351316494207=1230.9138964855122, 1230.9138964855122=1269.4209564191735, 1269.4209564191735=1308.3018946858335, 1308.3018946858335=1347.5716681300282, 1347.5716681300282=1426.9209581517512, 1426.9209581517512=1472.0297989578523, 1472.0297989578523=1563.2389630539194, 1563.2389630539194=1609.3618233577085, 1609.3618233577085=1713.06300552298, 1713.06300552298=1819.3577849462047, 1819.3577849462047=2387.0365479030725, 2387.0365479030725=2971.421244427432, 2971.421244427432=3644.275565887967, 3644.275565887967=3986.5043350182177, 3986.5043350182177=4683.409274822784, 4683.409274822784=5458.206540965295, 5458.206540965295=6268.269415281146, 6268.269415281146=7148.553012853627, 7224.972313383766=7692.692767519413, 7692.692767519413=8691.847654187388, 8691.847654187388=9211.429133307716, 9211.429133307716=9754.659839984059, 9754.659839984059=10933.065664096486, 10933.065664096486=11559.18718758037, 11559.18718758037=12233.656152765016, 12233.656152765016=13718.354455882978, 13933.21144623891=15035.353977706274];

Jobs: [[1; 20; 6.807035039681886], [1; 20; 6.85350088114817], [1; 20; 6.901262010093861], [2; 10; 3.4628241487859355], [2; 10; 3.4877374093049465], [1; 20; 7.026766916678355], [1; 20; 7.079601734494884], [2; 10; 3.567031174782721], [2; 20; 7.1902383817779905], [1; 40; 14.4964533588211], [1; 60; 21.92439628760843], [2; 30; 11.008258340841197], [2; 30; 11.10275445073957], [2; 30; 11.200581116485692], [2; 30; 11.30194935144986], [2; 40; 15.209453068897938], [1; 80; 30.71001383672841], [1; 80; 31.012595034782734], [2; 40; 15.663732621447695], [2; 40; 15.8277626925605], [2; 40; 15.912404744149116], [2; 50; 19.998608628837864], [1; 100; 40.4441505326811], [2; 50; 20.45587719686207], [2; 50; 20.576920707437214], [1; 100; 41.65576699690921], [2; 50; 20.9580611498786], [1; 120; 50.94844218055824], [1; 120; 51.63239550131309], [1; 120; 52.35462044567636], [2; 60; 26.55951465308386], [2; 70; 31.459243639179917], [1; 140; 63.92535357459277], [1; 140; 64.99992996530821], [2; 70; 32.78258755963791], [2; 70; 33.3787648360915], [2; 80; 38.50705993366147], [2; 80; 38.88093826665997], [2; 80; 39.26977344419469], [2; 90; 45.108840806101156], [2; 90; 46.12286030378924], [1; 200; 104.9659553778441], [1; 1040; 560.006487818085], [1; 1040; 575.7895553820294], [1; 1040; 593.5171824990982], [2; 580; 342.22876913025107], [1; 1160; 710.3102321465055], [1; 1240; 791.645937650326], [1; 1240; 830.3227865533712], [1; 1280; 906.1890220153451], [2; 640; 467.7204541356464], [2; 660; 519.5814791203283], [2; 660; 543.2307066763425], [2; 680; 626.1215234838836], [2; 680; 674.4689651846459], [1; 1360; 1699.5552934738953], [2; 700; 1102.142531467363]];
Intervals[0.0=6.807035039681886, 6.807035039681886=13.660535920830057, 13.660535920830057=20.561797930923916, 20.561797930923916=24.02462207970985, 30.975005045442785=34.46274245474773, 34.46274245474773=41.48950937142609, 41.48950937142609=48.569111105920975, 55.62328525253863=59.19031642732135, 73.51417655442812=80.7044149362061, 80.7044149362061=95.2008682950272, 95.2008682950272=117.12526458263564, 117.12526458263564=128.13352292347685, 150.2437280387889=161.34648248952848, 183.64895990884656=194.84954102533226, 217.35115824430582=228.65310759575567, 251.36117320184601=266.57062627074396, 266.57062627074396=297.2806401074724, 297.2806401074724=328.2932351422551, 359.16196098512944=374.82569360657715, 406.3154802199304=422.1432429124909, 422.1432429124909=438.05564765664, 438.05564765664=458.0542562854779, 458.0542562854779=498.49840681815897, 538.9477221097201=559.4035993065821, 559.4035993065821=579.9805200140194, 579.9805200140194=621.6362870109285, 621.6362870109285=642.5943481608072, 642.5943481608072=693.5427903413654, 693.5427903413654=745.1751858426785, 745.1751858426785=797.5298062883548, 849.2197180611373=875.7792327142212, 938.2174074653577=969.6766511045377, 969.6766511045377=1033.6020046791305, 1033.6020046791305=1098.6019346444386, 1098.6019346444386=1131.3845222040766, 1197.5351316494207=1230.9138964855122, 1230.9138964855122=1269.4209564191735, 1269.4209564191735=1308.3018946858335, 1308.3018946858335=1347.5716681300282, 1426.9209581517512=1472.0297989578523, 1563.2389630539194=1609.3618233577085, 1609.3618233577085=1714.3277787355526, 1714.3277787355526=2274.3342665536375, 2274.3342665536375=2850.123821935667, 2850.123821935667=3443.641004434765, 3644.275565887967=3986.5043350182177, 3986.5043350182177=4696.8145671647235, 4696.8145671647235=5488.46050481505, 5488.46050481505=6318.783291368421, 6318.783291368421=7224.972313383766, 7224.972313383766=7692.692767519413, 8691.847654187388=9211.429133307716, 9211.429133307716=9754.659839984059, 10933.065664096486=11559.18718758037, 11559.18718758037=12233.656152765016, 12233.656152765016=13933.21144623891, 13933.21144623891=15035.353977706274];
