1.1949070460451505
765803.060532347
915063.4729130423
[2; 10; 5.350352113622529]
[2; 10; 5.368306449907446]
[1; 20; 10.77300847612365]
[1; 20; 10.809902628746709]
[2; 10; 5.4236537170825505]
[1; 20; 10.885235391125436]
[1; 40; 21.847398880075747]
[1; 40; 21.925425966965296]
[1; 40; 22.004579815802128]
[1; 40; 22.08488921310645]
[2; 20; 11.08319200383124]
[1; 40; 22.249095162047993]
[1; 60; 33.49958221091303]
[1; 60; 33.627444451154105]
[2; 30; 16.87864071594546]
[2; 30; 16.94457357564437]
[1; 80; 45.36413032253142]
[2; 40; 22.77279438776647]
[2; 40; 22.86499294135516]
[1; 80; 45.91740595204309]
[1; 80; 46.10793678989515]
[1; 100; 57.87708736513959]
[1; 100; 58.12337581015949]
[1; 100; 58.373910698941906]
[2; 50; 29.31441091975427]
[1; 100; 58.88824478383731]
[1; 120; 70.98278539527506]
[1; 120; 71.30543885403706]
[2; 60; 35.817019994007005]
[1; 120; 71.96878335429733]
[1; 140; 84.3615181863208]
[1; 140; 84.76710864331938]
[1; 140; 85.1806132780536]
[1; 140; 85.60230635522078]
[1; 160; 98.32282962559948]
[2; 80; 49.41224269958981]
[2; 80; 49.66826925297373]
[2; 80; 49.929686011457825]
[1; 180; 112.94256320295221]
[1; 180; 113.55639353576062]
[1; 180; 114.1837896576494]
[1; 180; 114.82528508223432]
[1; 180; 115.48144381172133]
[1; 200; 129.05873626830777]
[1; 200; 129.82241520311794]
[2; 100; 65.30224840495326]
[1; 200; 131.40577143601712]
[1; 1040; 687.5808099137042]
[1; 1040; 691.9604235977615]
[2; 520; 348.2268995033037]
[1; 1040; 701.0662102394652]
[2; 540; 366.47478404363]
[2; 540; 369.00227621661554]
[1; 1080; 743.2019388303421]
[2; 540; 374.27444960428284]
[1; 1080; 754.05313290529]
[2; 540; 379.8614591119184]
[2; 540; 382.78358516938243]
[1; 1080; 771.5955064976771]
[1; 1120; 806.6264055503092]
[1; 1120; 813.2930418033561]
[2; 560; 410.09284217535435]
[1; 1120; 827.3180917806903]
[2; 560; 417.3526256651613]
[2; 580; 436.22396853789814]
[1; 1160; 880.679064102002]
[1; 1160; 889.2298810420742]
[2; 600; 464.54626023945025]
[2; 600; 469.33573457750924]
[1; 1200; 948.6580853898777]
[2; 600; 479.54186715480324]
[2; 600; 484.99167310213244]
[1; 1240; 1014.1091607081233]
[1; 1240; 1026.4775645614568]
[2; 620; 519.736165479515]
[1; 1240; 1053.1511671220208]
[2; 620; 533.7898441925008]
[1; 1240; 1082.8328875793975]
[1; 1240; 1098.996955536703]
[1; 1240; 1116.1715570319375]
[1; 1280; 1171.068597829805]
[1; 1280; 1191.2634043352577]
[2; 640; 606.4637356464295]
[2; 640; 618.1293491423024]
[1; 1320; 1300.9171372165692]
[1; 1320; 1329.2067640153005]
[2; 660; 680.06478692619]
[1; 1320; 1394.146817046222]
[1; 1320; 1431.8445813097935]
[1; 1320; 1473.9816172801734]
[1; 1360; 1567.6698508564352]
[1; 1400; 1671.4609330536603]
[1; 1400; 1738.3894238540802]
[2; 700; 908.7569064218258]
[1; 1400; 1913.3451359380065]
[1; 1400; 2033.2326045083903]
[1; 1400; 2190.2334280283762]
[1; 1400; 2410.6638124822616]
[1; 1400; 2759.521200156359]
[2; 700; 1738.3894238540802]


Jobs: [[2; 10; 5.350352113622529], [2; 10; 5.368306449907446], [1; 20; 10.77300847612365], [2; 10; 5.4236537170825505], [1; 20; 10.885235391125436], [1; 40; 21.925425966965296], [1; 40; 22.08488921310645], [2; 20; 11.08319200383124], [1; 40; 22.249095162047993], [1; 60; 33.627444451154105], [2; 30; 16.87864071594546], [2; 30; 16.94457357564437], [1; 80; 45.36413032253142], [2; 40; 22.77279438776647], [2; 40; 22.86499294135516], [1; 80; 45.91740595204309], [1; 100; 57.87708736513959], [1; 100; 58.373910698941906], [2; 50; 29.31441091975427], [1; 100; 58.88824478383731], [1; 120; 71.30543885403706], [2; 60; 35.817019994007005], [1; 120; 71.96878335429733], [1; 140; 84.76710864331938], [1; 140; 85.60230635522078], [2; 80; 49.41224269958981], [2; 80; 49.66826925297373], [2; 80; 49.929686011457825], [1; 180; 112.94256320295221], [1; 180; 114.1837896576494], [1; 180; 115.48144381172133], [1; 200; 129.82241520311794], [2; 100; 65.30224840495326], [1; 200; 131.40577143601712], [1; 1040; 691.9604235977615], [2; 520; 348.2268995033037], [1; 1040; 701.0662102394652], [2; 540; 366.47478404363], [2; 540; 369.00227621661554], [1; 1080; 743.2019388303421], [2; 540; 374.27444960428284], [1; 1080; 754.05313290529], [2; 540; 379.8614591119184], [2; 540; 382.78358516938243], [1; 1080; 771.5955064976771], [1; 1120; 813.2930418033561], [2; 560; 410.09284217535435], [1; 1120; 827.3180917806903], [2; 560; 417.3526256651613], [2; 580; 436.22396853789814], [1; 1160; 880.679064102002], [2; 600; 464.54626023945025], [2; 600; 469.33573457750924], [1; 1200; 948.6580853898777], [2; 600; 479.54186715480324], [2; 600; 484.99167310213244], [1; 1240; 1014.1091607081233], [2; 620; 519.736165479515], [1; 1240; 1053.1511671220208], [2; 620; 533.7898441925008], [1; 1240; 1082.8328875793975], [1; 1240; 1116.1715570319375], [1; 1280; 1191.2634043352577], [2; 640; 606.4637356464295], [2; 640; 618.1293491423024], [1; 1320; 1300.9171372165692], [2; 660; 680.06478692619], [1; 1320; 1394.146817046222], [1; 1320; 1473.9816172801734], [1; 1400; 1671.4609330536603], [2; 700; 908.7569064218258], [1; 1400; 1913.3451359380065], [1; 1400; 2190.2334280283762], [1; 1400; 2759.521200156359], [2; 700; 1738.3894238540802]];
Intervals[4.9E-324=5.350352113622529, 5.350352113622529=10.718658563529974, 10.718658563529974=21.491667039653624, 21.528561192276683=26.952214909359235, 26.952214909359235=37.83745030048467, 37.83745030048467=59.76287626744997, 59.76287626744997=81.84776548055642, 81.84776548055642=92.93095748438766, 92.93095748438766=115.18005264643566, 115.18005264643566=148.80749709758976, 148.80749709758976=165.68613781353523, 165.68613781353523=182.6307113891796, 182.6307113891796=227.99484171171102, 227.99484171171102=250.7676360994775, 250.7676360994775=273.6326290408327, 273.6326290408327=319.5500349928758, 319.5500349928758=377.42712235801537, 377.42712235801537=435.8010330569573, 435.8010330569573=465.11544397671156, 465.11544397671156=524.0036887605488, 524.0036887605488=595.3091276145859, 595.3091276145859=631.1261476085929, 631.1261476085929=703.0949309628902, 703.0949309628902=787.8620396062096, 787.8620396062096=873.4643459614304, 898.9911086985668=948.4033513981566, 948.4033513981566=998.0716206511303, 998.0716206511303=1048.0013066625881, 1048.0013066625881=1160.9438698655404, 1160.9438698655404=1275.1276595231898, 1275.1276595231898=1390.6091033349112, 1390.6091033349112=1520.4315185380292, 1520.4315185380292=1585.7337669429824, 1585.7337669429824=1717.1395383789995, 1717.1395383789995=2409.099961976761, 2409.099961976761=2757.3268614800645, 2757.3268614800645=3458.39307171953, 3458.39307171953=3824.8678557631597, 3824.8678557631597=4193.870131979776, 4193.870131979776=4937.072070810118, 4937.072070810118=5311.346520414401, 5311.346520414401=6065.399653319691, 6065.399653319691=6445.26111243161, 6445.26111243161=6828.044697600993, 6828.044697600993=7599.6402040986695, 7599.6402040986695=8412.933245902026, 8412.933245902026=8823.02608807738, 8823.02608807738=9650.344179858072, 9650.344179858072=10067.696805523234, 10067.696805523234=10503.920774061131, 10503.920774061131=11384.599838163133, 11393.150655103205=11857.696915342656, 11857.696915342656=12327.032649920166, 12327.032649920166=13275.690735310043, 13275.690735310043=13755.232602464846, 13755.232602464846=14240.22427556698, 14240.22427556698=15254.333436275103, 15266.701840128437=15786.438005607952, 15786.438005607952=16839.58917272997, 16839.58917272997=17373.379016922474, 17373.379016922474=18456.21190450187, 18456.21190450187=19572.383461533806, 19572.383461533806=20763.646865869065, 20763.646865869065=21370.110601515495, 21370.110601515495=21988.239950657797, 21988.239950657797=23289.157087874366, 23317.446714673097=23997.511501599285, 23997.511501599285=25391.658318645506, 25391.658318645506=26865.63993592568, 26865.63993592568=28537.100868979338, 28735.415357619597=29644.172264041423, 29644.172264041423=31557.517399979428, 31557.517399979428=33747.750828007804, 33747.750828007804=36507.27202816416, 36507.27202816416=38245.66145201824];

Jobs: [[2; 10; 5.350352113622529], [2; 10; 5.368306449907446], [1; 20; 10.809902628746709], [2; 10; 5.4236537170825505], [1; 40; 21.847398880075747], [1; 40; 22.004579815802128], [2; 20; 11.08319200383124], [1; 60; 33.49958221091303], [2; 30; 16.87864071594546], [2; 30; 16.94457357564437], [2; 40; 22.77279438776647], [2; 40; 22.86499294135516], [1; 80; 46.10793678989515], [1; 100; 58.12337581015949], [2; 50; 29.31441091975427], [1; 120; 70.98278539527506], [2; 60; 35.817019994007005], [1; 140; 84.3615181863208], [1; 140; 85.1806132780536], [1; 160; 98.32282962559948], [2; 80; 49.41224269958981], [2; 80; 49.66826925297373], [2; 80; 49.929686011457825], [1; 180; 113.55639353576062], [1; 180; 114.82528508223432], [1; 200; 129.05873626830777], [2; 100; 65.30224840495326], [1; 1040; 687.5808099137042], [2; 520; 348.2268995033037], [2; 540; 366.47478404363], [2; 540; 369.00227621661554], [2; 540; 374.27444960428284], [2; 540; 379.8614591119184], [2; 540; 382.78358516938243], [1; 1120; 806.6264055503092], [2; 560; 410.09284217535435], [2; 560; 417.3526256651613], [2; 580; 436.22396853789814], [1; 1160; 889.2298810420742], [2; 600; 464.54626023945025], [2; 600; 469.33573457750924], [2; 600; 479.54186715480324], [2; 600; 484.99167310213244], [1; 1240; 1026.4775645614568], [2; 620; 519.736165479515], [2; 620; 533.7898441925008], [1; 1240; 1098.996955536703], [1; 1280; 1171.068597829805], [2; 640; 606.4637356464295], [2; 640; 618.1293491423024], [1; 1320; 1329.2067640153005], [2; 660; 680.06478692619], [1; 1320; 1431.8445813097935], [1; 1360; 1567.6698508564352], [1; 1400; 1738.3894238540802], [2; 700; 908.7569064218258], [1; 1400; 2033.2326045083903], [1; 1400; 2410.6638124822616], [2; 700; 1738.3894238540802]];
Intervals[4.9E-324=5.350352113622529, 5.350352113622529=10.718658563529974, 10.718658563529974=21.528561192276683, 21.528561192276683=26.952214909359235, 26.952214909359235=48.799613789434986, 48.799613789434986=70.80419360523712, 81.84776548055642=92.93095748438766, 92.93095748438766=126.4305396953007, 148.80749709758976=165.68613781353523, 165.68613781353523=182.6307113891796, 227.99484171171102=250.7676360994775, 250.7676360994775=273.6326290408327, 273.6326290408327=319.74056583072786, 319.74056583072786=377.86394164088733, 435.8010330569573=465.11544397671156, 465.11544397671156=536.0982293719866, 595.3091276145859=631.1261476085929, 631.1261476085929=715.4876657949137, 715.4876657949137=800.6682790729673, 800.6682790729673=898.9911086985668, 898.9911086985668=948.4033513981566, 948.4033513981566=998.0716206511303, 998.0716206511303=1048.0013066625881, 1048.0013066625881=1161.5577001983488, 1161.5577001983488=1276.3829852805832, 1276.3829852805832=1405.4417215488909, 1520.4315185380292=1585.7337669429824, 1585.7337669429824=2273.3145768566865, 2409.099961976761=2757.3268614800645, 3458.39307171953=3824.8678557631597, 3824.8678557631597=4193.870131979776, 4937.072070810118=5311.346520414401, 6065.399653319691=6445.26111243161, 6445.26111243161=6828.044697600993, 6828.044697600993=7634.671103151301, 8412.933245902026=8823.02608807738, 9650.344179858072=10067.696805523234, 10067.696805523234=10503.920774061131, 10503.920774061131=11393.150655103205, 11393.150655103205=11857.696915342656, 11857.696915342656=12327.032649920166, 13275.690735310043=13755.232602464846, 13755.232602464846=14240.22427556698, 14240.22427556698=15266.701840128437, 15266.701840128437=15786.438005607952, 16839.58917272997=17373.379016922474, 17373.379016922474=18472.375972459176, 18472.375972459176=19643.444570288983, 20763.646865869065=21370.110601515495, 21370.110601515495=21988.239950657797, 21988.239950657797=23317.446714673097, 23317.446714673097=23997.511501599285, 23997.511501599285=25429.35608290908, 25429.35608290908=26997.025933765515, 26997.025933765515=28735.415357619597, 28735.415357619597=29644.172264041423, 29644.172264041423=31677.404868549813, 31677.404868549813=34088.06868103208, 36507.27202816416=38245.66145201824];
