1.102902415056155
9753.31885629245
10756.95892141768
[1; 20; 3.1484789949270633]
[1; 20; 3.1697531469832056]
[1; 20; 3.19161420432772]
[2; 10; 1.607045550623092]
[2; 10; 1.6186074269264634]
[2; 10; 1.6305093795583845]
[1; 40; 6.57107723566753]
[2; 20; 3.310812985047596]
[1; 40; 6.673766904049627]
[1; 40; 6.727589929242103]
[2; 20; 3.3915961837537925]
[2; 30; 5.13050984214484]
[2; 30; 5.175125210610673]
[2; 30; 5.221334130734519]
[2; 30; 5.269238954614421]
[2; 30; 5.31895169198673]
[2; 30; 5.370595229440005]
[2; 40; 7.232406326347266]
[2; 40; 7.306972472858921]
[1; 80; 14.769424114570837]
[2; 40; 7.465869237589116]
[2; 40; 7.550715924312011]
[2; 40; 7.639556026546663]
[2; 50; 9.66591315843244]
[2; 50; 9.788279479772076]
[2; 50; 9.91708740215115]
[2; 60; 12.063545757527912]
[2; 60; 12.235905412204973]
[2; 60; 12.418557794553806]
[2; 60; 12.612629106755795]
[2; 60; 12.81943027396357]
[1; 120; 26.080996754760108]
[2; 60; 13.277650151689528]
[2; 70; 15.788560620085043]
[2; 70; 16.11086475172536]
[2; 80; 18.812811616402232]
[2; 80; 19.250474899394757]
[2; 80; 19.731934974110203]
[2; 80; 20.265486981705877]
[2; 80; 20.861869832925855]
[1; 180; 48.454410149478896]
[2; 90; 25.093186378880237]
[2; 90; 26.097965527767585]
[2; 100; 30.31759818277543]
[2; 100; 31.91614204327719]
[2; 100; 33.91596183753792]
[2; 100; 36.534862364294604]
[2; 100; 40.21181919175971]
[1; 200; 92.06208429557348]
[1; 200; 115.99095790118926]


Jobs: [[1; 20; 3.1484789949270633], [1; 20; 3.19161420432772], [2; 10; 1.607045550623092], [2; 10; 1.6186074269264634], [2; 10; 1.6305093795583845], [1; 40; 6.57107723566753], [2; 20; 3.310812985047596], [1; 40; 6.673766904049627], [2; 20; 3.3915961837537925], [2; 30; 5.13050984214484], [2; 30; 5.175125210610673], [2; 30; 5.221334130734519], [2; 30; 5.269238954614421], [2; 30; 5.31895169198673], [2; 30; 5.370595229440005], [2; 40; 7.232406326347266], [2; 40; 7.306972472858921], [1; 80; 14.769424114570837], [2; 40; 7.465869237589116], [2; 40; 7.550715924312011], [2; 40; 7.639556026546663], [2; 50; 9.66591315843244], [2; 50; 9.788279479772076], [2; 50; 9.91708740215115], [2; 60; 12.063545757527912], [2; 60; 12.235905412204973], [2; 60; 12.418557794553806], [2; 60; 12.612629106755795], [2; 60; 12.81943027396357], [1; 120; 26.080996754760108], [2; 60; 13.277650151689528], [2; 70; 15.788560620085043], [2; 70; 16.11086475172536], [2; 80; 18.812811616402232], [2; 80; 19.250474899394757], [2; 80; 19.731934974110203], [2; 80; 20.265486981705877], [2; 80; 20.861869832925855], [1; 180; 48.454410149478896], [2; 90; 25.093186378880237], [2; 90; 26.097965527767585], [2; 100; 30.31759818277543], [2; 100; 31.91614204327719], [2; 100; 33.91596183753792], [2; 100; 36.534862364294604], [2; 100; 40.21181919175971], [1; 200; 92.06208429557348]];
Intervals[0.0=3.1484789949270633, 3.1484789949270633=6.340093199254783, 6.340093199254783=7.947138749877875, 7.947138749877875=9.565746176804339, 9.565746176804339=11.196255556362724, 11.196255556362724=17.767332792030253, 17.767332792030253=21.07814577707785, 21.07814577707785=27.75191268112748, 27.805735706319954=31.197331890073748, 31.197331890073748=36.32784173221859, 36.32784173221859=41.50296694282926, 41.50296694282926=46.72430107356378, 46.72430107356378=51.9935400281782, 51.9935400281782=57.312491720164935, 57.312491720164935=62.68308694960494, 62.68308694960494=69.9154932759522, 69.9154932759522=77.22246574881112, 77.22246574881112=91.99188986338196, 91.99188986338196=99.45775910097107, 99.45775910097107=107.00847502528309, 107.00847502528309=114.64803105182975, 114.64803105182975=124.31394421026219, 124.31394421026219=134.10222369003426, 134.10222369003426=144.0193110921854, 144.0193110921854=156.08285684971332, 156.08285684971332=168.3187622619183, 168.3187622619183=180.7373200564721, 180.7373200564721=193.3499491632279, 193.3499491632279=206.16937943719148, 206.16937943719148=232.2503761919516, 232.2503761919516=245.52802634364113, 245.52802634364113=261.3165869637262, 261.3165869637262=277.4274517154515, 277.4274517154515=296.2402633318538, 296.2402633318538=315.49073823124854, 315.49073823124854=335.2226732053588, 335.2226732053588=355.48816018706464, 355.48816018706464=376.35003001999047, 376.35003001999047=424.8044401694694, 424.8044401694694=449.89762654834965, 449.89762654834965=475.99559207611725, 475.99559207611725=506.3131902588927, 506.3131902588927=538.2293323021698, 538.2293323021698=572.1452941397077, 572.1452941397077=608.6801565040023, 608.6801565040023=648.891975695762, 648.891975695762=740.9540599913355];

Jobs: [[1; 20; 3.1697531469832056], [2; 10; 1.607045550623092], [2; 10; 1.6186074269264634], [2; 10; 1.6305093795583845], [2; 20; 3.310812985047596], [1; 40; 6.727589929242103], [2; 20; 3.3915961837537925], [2; 30; 5.13050984214484], [2; 30; 5.175125210610673], [2; 30; 5.221334130734519], [2; 30; 5.269238954614421], [2; 30; 5.31895169198673], [2; 30; 5.370595229440005], [2; 40; 7.232406326347266], [2; 40; 7.306972472858921], [2; 40; 7.465869237589116], [2; 40; 7.550715924312011], [2; 40; 7.639556026546663], [2; 50; 9.66591315843244], [2; 50; 9.788279479772076], [2; 50; 9.91708740215115], [2; 60; 12.063545757527912], [2; 60; 12.235905412204973], [2; 60; 12.418557794553806], [2; 60; 12.612629106755795], [2; 60; 12.81943027396357], [2; 60; 13.277650151689528], [2; 70; 15.788560620085043], [2; 70; 16.11086475172536], [2; 80; 18.812811616402232], [2; 80; 19.250474899394757], [2; 80; 19.731934974110203], [2; 80; 20.265486981705877], [2; 80; 20.861869832925855], [2; 90; 25.093186378880237], [2; 90; 26.097965527767585], [2; 100; 30.31759818277543], [2; 100; 31.91614204327719], [2; 100; 33.91596183753792], [2; 100; 36.534862364294604], [2; 100; 40.21181919175971], [1; 200; 115.99095790118926]];
Intervals[0.0=3.1697531469832056, 6.340093199254783=7.947138749877875, 7.947138749877875=9.565746176804339, 9.565746176804339=11.196255556362724, 17.767332792030253=21.07814577707785, 21.07814577707785=27.805735706319954, 27.805735706319954=31.197331890073748, 31.197331890073748=36.32784173221859, 36.32784173221859=41.50296694282926, 41.50296694282926=46.72430107356378, 46.72430107356378=51.9935400281782, 51.9935400281782=57.312491720164935, 57.312491720164935=62.68308694960494, 62.68308694960494=69.9154932759522, 69.9154932759522=77.22246574881112, 91.99188986338196=99.45775910097107, 99.45775910097107=107.00847502528309, 107.00847502528309=114.64803105182975, 114.64803105182975=124.31394421026219, 124.31394421026219=134.10222369003426, 134.10222369003426=144.0193110921854, 144.0193110921854=156.08285684971332, 156.08285684971332=168.3187622619183, 168.3187622619183=180.7373200564721, 180.7373200564721=193.3499491632279, 193.3499491632279=206.16937943719148, 232.2503761919516=245.52802634364113, 245.52802634364113=261.3165869637262, 261.3165869637262=277.4274517154515, 277.4274517154515=296.2402633318538, 296.2402633318538=315.49073823124854, 315.49073823124854=335.2226732053588, 335.2226732053588=355.48816018706464, 355.48816018706464=376.35003001999047, 424.8044401694694=449.89762654834965, 449.89762654834965=475.99559207611725, 475.99559207611725=506.3131902588927, 506.3131902588927=538.2293323021698, 538.2293323021698=572.1452941397077, 572.1452941397077=608.6801565040023, 608.6801565040023=648.891975695762, 648.891975695762=764.8829335969513];
