1.0
279279.47667606326
279279.47667606326
[2; 10; 4.816146301175287]
[2; 40; 19.394755269549496]
[2; 40; 19.52851642932119]
[2; 50; 24.582557155134854]
[2; 50; 24.759416165097594]
[2; 60; 29.92977268088259]
[2; 70; 35.180619851683815]
[2; 70; 35.451250639620774]
[2; 80; 40.83474953033853]
[2; 90; 46.309585779632386]
[2; 90; 46.69232698584352]
[2; 100; 52.320048377225376]
[2; 100; 52.77502815668609]
[2; 100; 53.24625869921014]
[2; 520; 279.42087562333546]
[2; 520; 282.05707730745894]
[2; 520; 284.7956668039257]
[2; 540; 298.70703596900074]
[2; 560; 312.9639924961298]
[2; 580; 327.58984824103777]
[2; 580; 331.19002495383586]
[2; 600; 346.50400363502877]
[2; 600; 350.5808953385737]
[2; 600; 354.8566935118029]
[2; 600; 359.34902729093534]
[2; 600; 364.07784625344465]
[2; 600; 369.0658338377944]
[2; 620; 386.81687915797175]
[2; 620; 392.5911167097323]
[2; 620; 398.72634387855186]
[2; 620; 405.26400328426655]
[2; 640; 425.55116085378194]
[2; 640; 433.2901452035663]
[2; 640; 441.6246837232154]
[2; 640; 450.6399108628743]
[2; 640; 460.43948574294757]
[2; 640; 471.1511997099312]
[2; 660; 498.02654411740633]
[2; 660; 511.4931941341648]
[2; 660; 526.5456707794444]
[2; 660; 543.5426258252551]
[2; 660; 562.971105111916]
[2; 680; 603.2563789700649]
[2; 680; 630.7141463351259]
[2; 680; 663.9695585969203]
[2; 680; 705.5729411194133]
[2; 680; 760.0554103477438]
[2; 700; 861.153612288187]
[2; 700; 985.7748050125375]
[2; 700; 1241.9984272913102]


Jobs: [[2; 10; 4.816146301175287], [2; 40; 19.394755269549496], [2; 40; 19.52851642932119], [2; 50; 24.582557155134854], [2; 50; 24.759416165097594], [2; 60; 29.92977268088259], [2; 70; 35.180619851683815], [2; 70; 35.451250639620774], [2; 80; 40.83474953033853], [2; 90; 46.309585779632386], [2; 90; 46.69232698584352], [2; 100; 52.320048377225376], [2; 100; 52.77502815668609], [2; 100; 53.24625869921014], [2; 520; 279.42087562333546], [2; 520; 282.05707730745894], [2; 520; 284.7956668039257], [2; 540; 298.70703596900074], [2; 560; 312.9639924961298], [2; 580; 327.58984824103777], [2; 580; 331.19002495383586], [2; 600; 346.50400363502877], [2; 600; 350.5808953385737], [2; 600; 354.8566935118029], [2; 600; 359.34902729093534], [2; 600; 364.07784625344465], [2; 600; 369.0658338377944], [2; 620; 386.81687915797175], [2; 620; 392.5911167097323], [2; 620; 398.72634387855186], [2; 620; 405.26400328426655], [2; 640; 425.55116085378194], [2; 640; 433.2901452035663], [2; 640; 441.6246837232154], [2; 640; 450.6399108628743], [2; 640; 460.43948574294757], [2; 640; 471.1511997099312], [2; 660; 498.02654411740633], [2; 660; 511.4931941341648], [2; 660; 526.5456707794444], [2; 660; 543.5426258252551], [2; 660; 562.971105111916], [2; 680; 603.2563789700649], [2; 680; 630.7141463351259], [2; 680; 663.9695585969203], [2; 680; 705.5729411194133], [2; 680; 760.0554103477438], [2; 700; 861.153612288187], [2; 700; 985.7748050125375], [2; 700; 1241.9984272913102]];
Intervals[4.9E-324=4.816146301175287, 4.816146301175287=24.210901570724783, 24.210901570724783=43.73941800004597, 43.73941800004597=68.32197515518082, 68.32197515518082=93.08139132027841, 93.08139132027841=123.011164001161, 123.011164001161=158.19178385284482, 158.19178385284482=193.6430344924656, 193.6430344924656=234.47778402280414, 234.47778402280414=280.7873698024365, 280.7873698024365=327.47969678828, 327.47969678828=379.7997451655054, 379.7997451655054=432.5747733221915, 432.5747733221915=485.82103202140166, 485.82103202140166=765.2419076447371, 765.2419076447371=1047.298984952196, 1047.298984952196=1332.0946517561217, 1332.0946517561217=1630.8016877251225, 1630.8016877251225=1943.7656802212523, 1943.7656802212523=2271.35552846229, 2271.35552846229=2602.5455534161256, 2602.5455534161256=2949.0495570511544, 2949.0495570511544=3299.630452389728, 3299.630452389728=3654.4871459015308, 3654.4871459015308=4013.836173192466, 4013.836173192466=4377.9140194459105, 4377.9140194459105=4746.979853283705, 4746.979853283705=5133.796732441677, 5133.796732441677=5526.387849151409, 5526.387849151409=5925.114193029961, 5925.114193029961=6330.378196314227, 6330.378196314227=6755.929357168009, 6755.929357168009=7189.219502371576, 7189.219502371576=7630.844186094791, 7630.844186094791=8081.484096957665, 8081.484096957665=8541.923582700612, 8541.923582700612=9013.074782410544, 9013.074782410544=9511.10132652795, 9511.10132652795=10022.594520662116, 10022.594520662116=10549.14019144156, 10549.14019144156=11092.682817266816, 11092.682817266816=11655.653922378731, 11655.653922378731=12258.910301348797, 12258.910301348797=12889.624447683922, 12889.624447683922=13553.594006280842, 13553.594006280842=14259.166947400256, 14259.166947400256=15019.222357748, 15019.222357748=15880.375970036186, 15880.375970036186=16866.150775048725, 16866.150775048725=18108.149202340035];

Jobs: [[2; 10; 4.816146301175287], [2; 40; 19.394755269549496], [2; 40; 19.52851642932119], [2; 50; 24.582557155134854], [2; 50; 24.759416165097594], [2; 60; 29.92977268088259], [2; 70; 35.180619851683815], [2; 70; 35.451250639620774], [2; 80; 40.83474953033853], [2; 90; 46.309585779632386], [2; 90; 46.69232698584352], [2; 100; 52.320048377225376], [2; 100; 52.77502815668609], [2; 100; 53.24625869921014], [2; 520; 279.42087562333546], [2; 520; 282.05707730745894], [2; 520; 284.7956668039257], [2; 540; 298.70703596900074], [2; 560; 312.9639924961298], [2; 580; 327.58984824103777], [2; 580; 331.19002495383586], [2; 600; 346.50400363502877], [2; 600; 350.5808953385737], [2; 600; 354.8566935118029], [2; 600; 359.34902729093534], [2; 600; 364.07784625344465], [2; 600; 369.0658338377944], [2; 620; 386.81687915797175], [2; 620; 392.5911167097323], [2; 620; 398.72634387855186], [2; 620; 405.26400328426655], [2; 640; 425.55116085378194], [2; 640; 433.2901452035663], [2; 640; 441.6246837232154], [2; 640; 450.6399108628743], [2; 640; 460.43948574294757], [2; 640; 471.1511997099312], [2; 660; 498.02654411740633], [2; 660; 511.4931941341648], [2; 660; 526.5456707794444], [2; 660; 543.5426258252551], [2; 660; 562.971105111916], [2; 680; 603.2563789700649], [2; 680; 630.7141463351259], [2; 680; 663.9695585969203], [2; 680; 705.5729411194133], [2; 680; 760.0554103477438], [2; 700; 861.153612288187], [2; 700; 985.7748050125375], [2; 700; 1241.9984272913102]];
Intervals[4.9E-324=4.816146301175287, 4.816146301175287=24.210901570724783, 24.210901570724783=43.73941800004597, 43.73941800004597=68.32197515518082, 68.32197515518082=93.08139132027841, 93.08139132027841=123.011164001161, 123.011164001161=158.19178385284482, 158.19178385284482=193.6430344924656, 193.6430344924656=234.47778402280414, 234.47778402280414=280.7873698024365, 280.7873698024365=327.47969678828, 327.47969678828=379.7997451655054, 379.7997451655054=432.5747733221915, 432.5747733221915=485.82103202140166, 485.82103202140166=765.2419076447371, 765.2419076447371=1047.298984952196, 1047.298984952196=1332.0946517561217, 1332.0946517561217=1630.8016877251225, 1630.8016877251225=1943.7656802212523, 1943.7656802212523=2271.35552846229, 2271.35552846229=2602.5455534161256, 2602.5455534161256=2949.0495570511544, 2949.0495570511544=3299.630452389728, 3299.630452389728=3654.4871459015308, 3654.4871459015308=4013.836173192466, 4013.836173192466=4377.9140194459105, 4377.9140194459105=4746.979853283705, 4746.979853283705=5133.796732441677, 5133.796732441677=5526.387849151409, 5526.387849151409=5925.114193029961, 5925.114193029961=6330.378196314227, 6330.378196314227=6755.929357168009, 6755.929357168009=7189.219502371576, 7189.219502371576=7630.844186094791, 7630.844186094791=8081.484096957665, 8081.484096957665=8541.923582700612, 8541.923582700612=9013.074782410544, 9013.074782410544=9511.10132652795, 9511.10132652795=10022.594520662116, 10022.594520662116=10549.14019144156, 10549.14019144156=11092.682817266816, 11092.682817266816=11655.653922378731, 11655.653922378731=12258.910301348797, 12258.910301348797=12889.624447683922, 12889.624447683922=13553.594006280842, 13553.594006280842=14259.166947400256, 14259.166947400256=15019.222357748, 15019.222357748=15880.375970036186, 15880.375970036186=16866.150775048725, 16866.150775048725=18108.149202340035];
