1.0913070376410483
118868.27355131671
129721.78347879322
[1; 20; 5.750805056096744]
[2; 10; 2.885051602136718]
[2; 20; 5.789663025740424]
[2; 20; 5.809490793608718]
[1; 40; 11.659185996115072]
[2; 20; 5.849976356201345]
[2; 20; 5.870647822514787]
[1; 50; 14.729036499633372]
[1; 50; 14.782210377776524]
[1; 50; 14.836160528890634]
[1; 50; 14.890907004756343]
[1; 60; 17.935764726452664]
[2; 30; 9.001723749411848]
[1; 60; 18.072163613393993]
[2; 30; 9.07097049950791]
[1; 70; 21.248276788138888]
[1; 70; 21.332262944901874]
[2; 40; 12.238624517176817]
[1; 80; 24.576348289296618]
[2; 40; 12.33853607688398]
[1; 90; 27.876901294047553]
[1; 90; 27.99403250710723]
[2; 50; 15.618420824838182]
[2; 50; 15.685742436320078]
[2; 50; 15.754239997083115]
[1; 110; 34.81268984931253]
[2; 60; 19.073892356899247]
[1; 120; 38.321186118286555]
[2; 60; 19.2488919702515]
[1; 120; 38.67768273991244]
[1; 120; 38.860992031639995]
[2; 60; 19.523913298109296]
[1; 120; 39.23830681351343]
[1; 130; 42.71860560835604]
[2; 70; 23.117917616270468]
[2; 70; 23.23586821726021]
[2; 70; 23.356263466079742]
[1; 140; 46.958386865571086]
[2; 70; 23.604753004305465]
[2; 70; 23.733042224787]
[1; 150; 51.13749999864528]
[1; 150; 51.42479535267231]
[1; 150; 51.71865770501547]
[1; 150; 52.01935433199435]
[2; 80; 27.907823107339272]
[2; 80; 28.075946578957094]
[2; 80; 28.248195958934403]
[2; 80; 28.42475176726566]
[2; 80; 28.60580602301412]
[1; 160; 57.583126430234536]
[1; 170; 61.587262924154324]
[1; 170; 62.00340570239141]
[1; 170; 62.43102890986586]
[1; 170; 62.87069852889999]
[2; 90; 33.523952434083164]
[2; 90; 33.77046093717516]
[2; 90; 34.02438371166777]
[2; 90; 34.28612002591628]
[1; 180; 69.11220118159099]
[1; 180; 69.66958171327349]
[1; 190; 74.1479111308923]
[1; 190; 74.77631322065427]
[2; 100; 39.698197194841526]
[2; 100; 40.052664139810496]
[2; 100; 40.42014030078711]
[1; 200; 81.60296980076691]
[2; 100; 41.19764059714917]
[2; 100; 41.60964433496382]
[2; 100; 42.0386399825778]
[2; 110; 46.734482437804395]
[2; 110; 47.2480893040143]
[2; 120; 52.129140411885324]
[2; 120; 52.74248068451894]
[2; 120; 53.38574506532512]
[2; 120; 54.06158573640756]
[2; 120; 54.77300397427208]
[2; 120; 55.523412345977896]
[2; 130; 61.00977039065399]
[2; 130; 61.920498247155145]
[2; 130; 62.88816233068476]
[2; 140; 68.83616823966517]
[2; 140; 70.02323200412181]
[2; 140; 71.29665984653207]
[2; 140; 72.66808443209257]
[2; 140; 74.1515143922028]
[2; 150; 81.17572129287332]
[2; 150; 83.06420204762398]
[2; 160; 90.81777314666174]
[2; 160; 93.27348796892058]
[2; 160; 96.01838666039305]
[2; 170; 105.31273822195742]
[2; 170; 109.07705449809184]
[2; 170; 113.44470826381588]
[2; 170; 118.60824820619189]
[2; 170; 124.86205781973169]
[2; 180; 140.49077898484856]
[2; 180; 151.33910393728004]
[2; 190; 175.82413909559668]
[2; 200; 211.861469692008]
[2; 200; 266.92872532662557]


Jobs: [[1; 20; 5.750805056096744], [2; 10; 2.885051602136718], [2; 20; 5.789663025740424], [2; 20; 5.809490793608718], [1; 40; 11.659185996115072], [2; 20; 5.849976356201345], [2; 20; 5.870647822514787], [1; 50; 14.729036499633372], [1; 50; 14.836160528890634], [1; 60; 17.935764726452664], [2; 30; 9.001723749411848], [1; 60; 18.072163613393993], [2; 30; 9.07097049950791], [1; 70; 21.248276788138888], [2; 40; 12.238624517176817], [1; 80; 24.576348289296618], [2; 40; 12.33853607688398], [1; 90; 27.876901294047553], [2; 50; 15.618420824838182], [2; 50; 15.685742436320078], [2; 50; 15.754239997083115], [1; 110; 34.81268984931253], [2; 60; 19.073892356899247], [1; 120; 38.321186118286555], [2; 60; 19.2488919702515], [1; 120; 38.67768273991244], [2; 60; 19.523913298109296], [1; 120; 39.23830681351343], [2; 70; 23.117917616270468], [2; 70; 23.23586821726021], [2; 70; 23.356263466079742], [1; 140; 46.958386865571086], [2; 70; 23.604753004305465], [2; 70; 23.733042224787], [1; 150; 51.13749999864528], [1; 150; 51.71865770501547], [2; 80; 27.907823107339272], [2; 80; 28.075946578957094], [2; 80; 28.248195958934403], [2; 80; 28.42475176726566], [2; 80; 28.60580602301412], [1; 160; 57.583126430234536], [1; 170; 62.00340570239141], [1; 170; 62.87069852889999], [2; 90; 33.523952434083164], [2; 90; 33.77046093717516], [2; 90; 34.02438371166777], [2; 90; 34.28612002591628], [1; 180; 69.11220118159099], [1; 190; 74.1479111308923], [2; 100; 39.698197194841526], [2; 100; 40.052664139810496], [2; 100; 40.42014030078711], [1; 200; 81.60296980076691], [2; 100; 41.19764059714917], [2; 100; 41.60964433496382], [2; 100; 42.0386399825778], [2; 110; 46.734482437804395], [2; 110; 47.2480893040143], [2; 120; 52.129140411885324], [2; 120; 52.74248068451894], [2; 120; 53.38574506532512], [2; 120; 54.06158573640756], [2; 120; 54.77300397427208], [2; 120; 55.523412345977896], [2; 130; 61.00977039065399], [2; 130; 61.920498247155145], [2; 130; 62.88816233068476], [2; 140; 68.83616823966517], [2; 140; 70.02323200412181], [2; 140; 71.29665984653207], [2; 140; 72.66808443209257], [2; 140; 74.1515143922028], [2; 150; 81.17572129287332], [2; 150; 83.06420204762398], [2; 160; 90.81777314666174], [2; 160; 93.27348796892058], [2; 160; 96.01838666039305], [2; 170; 105.31273822195742], [2; 170; 109.07705449809184], [2; 170; 113.44470826381588], [2; 170; 118.60824820619189], [2; 170; 124.86205781973169], [2; 180; 140.49077898484856], [2; 180; 151.33910393728004], [2; 190; 175.82413909559668], [2; 200; 211.861469692008], [2; 200; 266.92872532662557]];
Intervals[0.0=5.750805056096744, 5.750805056096744=8.635856658233461, 8.635856658233461=14.425519683973885, 14.425519683973885=20.235010477582602, 20.235010477582602=31.894196473697676, 31.894196473697676=37.74417282989902, 37.74417282989902=43.61482065241381, 43.61482065241381=58.343857152047185, 58.343857152047185=73.18001768093782, 73.18001768093782=91.11578240739048, 91.11578240739048=100.11750615680234, 100.11750615680234=118.18966977019633, 118.18966977019633=127.26064026970424, 127.26064026970424=148.50891705784312, 148.5929032146061=160.83152773178293, 160.83152773178293=185.40787602107955, 185.40787602107955=197.7464120979635, 197.7464120979635=225.62331339201106, 225.74044460507073=241.35886542990892, 241.35886542990892=257.044607866229, 257.044607866229=272.7988478633121, 272.7988478633121=307.6115377126246, 307.6115377126246=326.6854300695239, 326.6854300695239=365.00661618781044, 365.00661618781044=384.25550815806196, 384.25550815806196=422.9331908979744, 423.1165001897019=442.6404134878112, 442.6404134878112=481.8787203013246, 485.35901909616723=508.4769367124377, 508.4769367124377=531.7128049296979, 531.7128049296979=555.0690683957777, 555.0690683957777=602.0274552613488, 602.0274552613488=625.6322082656543, 625.6322082656543=649.3652504904413, 649.3652504904413=700.5027504890866, 700.5027504890866=752.2214081941021, 752.809400175108=780.7172232824472, 780.7172232824472=808.7931698614043, 808.7931698614043=837.0413658203387, 837.0413658203387=865.4661175876043, 865.4661175876043=894.0719236106185, 894.0719236106185=951.655050040853, 951.655050040853=1013.6584557432444, 1013.6584557432444=1076.5291542721443, 1076.5291542721443=1110.0531067062275, 1110.0531067062275=1143.8235676434026, 1143.8235676434026=1177.8479513550703, 1177.8479513550703=1212.1340713809866, 1212.1340713809866=1281.2462725625776, 1281.2462725625776=1355.3941836934698, 1356.5799663149141=1396.2781635097556, 1396.2781635097556=1436.3308276495661, 1436.3308276495661=1476.7509679503532, 1476.7509679503532=1558.3539377511202, 1558.3539377511202=1599.5515783482692, 1599.5515783482692=1641.161222683233, 1641.161222683233=1683.1998626658108, 1683.1998626658108=1729.9343451036152, 1729.9343451036152=1777.1824344076294, 1777.1824344076294=1829.3115748195148, 1829.3115748195148=1882.0540555040338, 1882.0540555040338=1935.439800569359, 1935.439800569359=1989.5013863057666, 1989.5013863057666=2044.2743902800387, 2044.2743902800387=2099.7978026260166, 2099.7978026260166=2160.8075730166706, 2160.8075730166706=2222.7280712638258, 2222.7280712638258=2285.6162335945105, 2285.6162335945105=2354.452401834176, 2354.452401834176=2424.4756338382977, 2424.4756338382977=2495.7722936848295, 2495.7722936848295=2568.440378116922, 2568.440378116922=2642.591892509125, 2642.591892509125=2723.7676138019983, 2723.7676138019983=2806.831815849622, 2806.831815849622=2897.649588996284, 2897.649588996284=2990.9230769652045, 2990.9230769652045=3086.9414636255974, 3086.9414636255974=3192.2542018475547, 3192.2542018475547=3301.3312563456466, 3301.3312563456466=3414.7759646094623, 3414.7759646094623=3533.3842128156543, 3533.3842128156543=3658.246270635386, 3658.246270635386=3798.7370496202343, 3798.7370496202343=3950.0761535575143, 3950.0761535575143=4125.900292653111, 4125.900292653111=4337.761762345119, 4337.761762345119=4604.690487671744];

Jobs: [[2; 10; 2.885051602136718], [2; 20; 5.789663025740424], [2; 20; 5.809490793608718], [2; 20; 5.849976356201345], [2; 20; 5.870647822514787], [1; 50; 14.782210377776524], [1; 50; 14.890907004756343], [2; 30; 9.001723749411848], [2; 30; 9.07097049950791], [1; 70; 21.332262944901874], [2; 40; 12.238624517176817], [2; 40; 12.33853607688398], [1; 90; 27.99403250710723], [2; 50; 15.618420824838182], [2; 50; 15.685742436320078], [2; 50; 15.754239997083115], [2; 60; 19.073892356899247], [2; 60; 19.2488919702515], [1; 120; 38.860992031639995], [2; 60; 19.523913298109296], [1; 130; 42.71860560835604], [2; 70; 23.117917616270468], [2; 70; 23.23586821726021], [2; 70; 23.356263466079742], [2; 70; 23.604753004305465], [2; 70; 23.733042224787], [1; 150; 51.42479535267231], [1; 150; 52.01935433199435], [2; 80; 27.907823107339272], [2; 80; 28.075946578957094], [2; 80; 28.248195958934403], [2; 80; 28.42475176726566], [2; 80; 28.60580602301412], [1; 170; 61.587262924154324], [1; 170; 62.43102890986586], [2; 90; 33.523952434083164], [2; 90; 33.77046093717516], [2; 90; 34.02438371166777], [2; 90; 34.28612002591628], [1; 180; 69.66958171327349], [1; 190; 74.77631322065427], [2; 100; 39.698197194841526], [2; 100; 40.052664139810496], [2; 100; 40.42014030078711], [2; 100; 41.19764059714917], [2; 100; 41.60964433496382], [2; 100; 42.0386399825778], [2; 110; 46.734482437804395], [2; 110; 47.2480893040143], [2; 120; 52.129140411885324], [2; 120; 52.74248068451894], [2; 120; 53.38574506532512], [2; 120; 54.06158573640756], [2; 120; 54.77300397427208], [2; 120; 55.523412345977896], [2; 130; 61.00977039065399], [2; 130; 61.920498247155145], [2; 130; 62.88816233068476], [2; 140; 68.83616823966517], [2; 140; 70.02323200412181], [2; 140; 71.29665984653207], [2; 140; 72.66808443209257], [2; 140; 74.1515143922028], [2; 150; 81.17572129287332], [2; 150; 83.06420204762398], [2; 160; 90.81777314666174], [2; 160; 93.27348796892058], [2; 160; 96.01838666039305], [2; 170; 105.31273822195742], [2; 170; 109.07705449809184], [2; 170; 113.44470826381588], [2; 170; 118.60824820619189], [2; 170; 124.86205781973169], [2; 180; 140.49077898484856], [2; 180; 151.33910393728004], [2; 190; 175.82413909559668], [2; 200; 211.861469692008], [2; 200; 266.92872532662557]];
Intervals[5.750805056096744=8.635856658233461, 8.635856658233461=14.425519683973885, 14.425519683973885=20.235010477582602, 31.894196473697676=37.74417282989902, 37.74417282989902=43.61482065241381, 43.61482065241381=58.397031030190334, 58.397031030190334=73.28793803494668, 91.11578240739048=100.11750615680234, 118.18966977019633=127.26064026970424, 127.26064026970424=148.5929032146061, 148.5929032146061=160.83152773178293, 185.40787602107955=197.7464120979635, 197.7464120979635=225.74044460507073, 225.74044460507073=241.35886542990892, 241.35886542990892=257.044607866229, 257.044607866229=272.7988478633121, 307.6115377126246=326.6854300695239, 365.00661618781044=384.25550815806196, 384.25550815806196=423.1165001897019, 423.1165001897019=442.6404134878112, 442.6404134878112=485.35901909616723, 485.35901909616723=508.4769367124377, 508.4769367124377=531.7128049296979, 531.7128049296979=555.0690683957777, 602.0274552613488=625.6322082656543, 625.6322082656543=649.3652504904413, 649.3652504904413=700.7900458431136, 700.7900458431136=752.809400175108, 752.809400175108=780.7172232824472, 780.7172232824472=808.7931698614043, 808.7931698614043=837.0413658203387, 837.0413658203387=865.4661175876043, 865.4661175876043=894.0719236106185, 894.0719236106185=955.6591865347727, 955.6591865347727=1018.0902154446386, 1076.5291542721443=1110.0531067062275, 1110.0531067062275=1143.8235676434026, 1143.8235676434026=1177.8479513550703, 1177.8479513550703=1212.1340713809866, 1212.1340713809866=1281.80365309426, 1281.80365309426=1356.5799663149141, 1356.5799663149141=1396.2781635097556, 1396.2781635097556=1436.3308276495661, 1436.3308276495661=1476.7509679503532, 1558.3539377511202=1599.5515783482692, 1599.5515783482692=1641.161222683233, 1641.161222683233=1683.1998626658108, 1683.1998626658108=1729.9343451036152, 1729.9343451036152=1777.1824344076294, 1777.1824344076294=1829.3115748195148, 1829.3115748195148=1882.0540555040338, 1882.0540555040338=1935.439800569359, 1935.439800569359=1989.5013863057666, 1989.5013863057666=2044.2743902800387, 2044.2743902800387=2099.7978026260166, 2099.7978026260166=2160.8075730166706, 2160.8075730166706=2222.7280712638258, 2222.7280712638258=2285.6162335945105, 2285.6162335945105=2354.452401834176, 2354.452401834176=2424.4756338382977, 2424.4756338382977=2495.7722936848295, 2495.7722936848295=2568.440378116922, 2568.440378116922=2642.591892509125, 2642.591892509125=2723.7676138019983, 2723.7676138019983=2806.831815849622, 2806.831815849622=2897.649588996284, 2897.649588996284=2990.9230769652045, 2990.9230769652045=3086.9414636255974, 3086.9414636255974=3192.2542018475547, 3192.2542018475547=3301.3312563456466, 3301.3312563456466=3414.7759646094623, 3414.7759646094623=3533.3842128156543, 3533.3842128156543=3658.246270635386, 3658.246270635386=3798.7370496202343, 3798.7370496202343=3950.0761535575143, 3950.0761535575143=4125.900292653111, 4125.900292653111=4337.761762345119, 4337.761762345119=4604.690487671744];
