1.2517667751182298
263629.9886905512
330003.26076762663
[2; 10; 4.724453738645506]
[2; 10; 4.756376691722245]
[1; 60; 28.735081957183912]
[2; 40; 19.291632237783503]
[2; 40; 19.430425730934274]
[2; 40; 19.573301639459405]
[2; 50; 24.650593558824912]
[1; 120; 59.616530306983556]
[1; 120; 60.08597113365779]
[2; 80; 40.38037089590685]
[2; 90; 45.80337161694917]
[1; 180; 92.38310858265174]
[2; 100; 51.77026682539368]
[1; 200; 104.46505161979027]
[2; 520; 274.10110032831034]
[2; 520; 276.6871124889753]
[1; 1040; 558.7471262878798]
[2; 520; 282.16748412080926]
[2; 540; 296.04111819593123]
[2; 540; 299.19072818655195]
[2; 540; 302.47880166650236]
[1; 1120; 634.4931808630267]
[2; 560; 320.97924569361675]
[1; 1120; 649.7880251161369]
[2; 580; 340.75728275682883]
[2; 580; 345.24144544529224]
[1; 1160; 699.9427361473338]
[2; 600; 367.21203580234607]
[1; 1200; 745.3872412119956]
[2; 600; 378.5178991733559]
[1; 1200; 769.4484274180218]
[1; 1240; 808.8079667566478]
[1; 1240; 823.5167791686558]
[2; 620; 419.67875471787363]
[2; 640; 442.0603691252976]
[2; 640; 451.67337406412196]
[1; 1280; 924.3623045228939]
[2; 640; 473.74043966930526]
[2; 640; 486.55039282374565]
[2; 640; 500.8688402805656]
[2; 660; 533.1943487818602]
[2; 660; 552.2529375086317]
[2; 680; 591.7712371593389]
[2; 680; 618.7062477612934]
[1; 1360; 1302.6570487256702]
[2; 700; 712.4968918192093]
[2; 700; 767.5140101375994]
[2; 700; 844.7584746605754]
[2; 700; 967.0070574615885]
[2; 700; 1218.3525470927566]


Jobs: [[2; 10; 4.724453738645506], [2; 10; 4.756376691722245], [1; 60; 28.735081957183912], [2; 40; 19.291632237783503], [2; 40; 19.430425730934274], [2; 40; 19.573301639459405], [2; 50; 24.650593558824912], [1; 120; 59.616530306983556], [2; 80; 40.38037089590685], [2; 90; 45.80337161694917], [1; 180; 92.38310858265174], [2; 100; 51.77026682539368], [1; 200; 104.46505161979027], [2; 520; 274.10110032831034], [2; 520; 276.6871124889753], [1; 1040; 558.7471262878798], [2; 520; 282.16748412080926], [2; 540; 296.04111819593123], [2; 540; 299.19072818655195], [2; 540; 302.47880166650236], [1; 1120; 634.4931808630267], [2; 560; 320.97924569361675], [1; 1120; 649.7880251161369], [2; 580; 340.75728275682883], [2; 580; 345.24144544529224], [1; 1160; 699.9427361473338], [2; 600; 367.21203580234607], [1; 1200; 745.3872412119956], [2; 600; 378.5178991733559], [1; 1200; 769.4484274180218], [1; 1240; 823.5167791686558], [2; 620; 419.67875471787363], [2; 640; 442.0603691252976], [2; 640; 451.67337406412196], [1; 1280; 924.3623045228939], [2; 640; 473.74043966930526], [2; 640; 486.55039282374565], [2; 640; 500.8688402805656], [2; 660; 533.1943487818602], [2; 660; 552.2529375086317], [2; 680; 591.7712371593389], [2; 680; 618.7062477612934], [1; 1360; 1302.6570487256702], [2; 700; 712.4968918192093], [2; 700; 767.5140101375994], [2; 700; 844.7584746605754], [2; 700; 967.0070574615885], [2; 700; 1218.3525470927566]];
Intervals[4.9E-324=4.724453738645506, 4.724453738645506=9.480830430367751, 9.480830430367751=38.21591238755166, 38.21591238755166=57.507544625335164, 57.507544625335164=76.93797035626943, 76.93797035626943=96.51127199572883, 96.51127199572883=121.16186555455374, 121.16186555455374=180.7783958615373, 181.24783668821152=221.62820758411837, 221.62820758411837=267.43157920106756, 267.43157920106756=359.8146877837193, 359.8146877837193=411.58495460911297, 411.58495460911297=516.0500062289033, 516.0500062289033=790.1511065572136, 790.1511065572136=1066.838219046189, 1066.838219046189=1625.5853453340687, 1625.5853453340687=1907.7528294548779, 1907.7528294548779=2203.793947650809, 2203.793947650809=2502.984675837361, 2502.984675837361=2805.4634775038635, 2805.4634775038635=3439.95665836689, 3439.95665836689=3760.935904060507, 3760.935904060507=4410.723929176644, 4410.723929176644=4751.481211933473, 4751.481211933473=5096.722657378765, 5096.722657378765=5796.665393526098, 5796.665393526098=6163.877429328444, 6163.877429328444=6909.2646705404395, 6909.2646705404395=7287.782569713795, 7287.782569713795=8057.230997131817, 8057.230997131817=8880.747776300474, 8880.747776300474=9300.426531018347, 9300.426531018347=9742.486900143645, 9742.486900143645=10194.160274207767, 10194.160274207767=11118.52257873066, 11118.52257873066=11592.263018399966, 11592.263018399966=12078.813411223711, 12078.813411223711=12579.682251504277, 12579.682251504277=13112.876600286138, 13112.876600286138=13665.12953779477, 13665.12953779477=14256.900774954109, 14256.900774954109=14875.607022715401, 14875.607022715401=16178.264071441072, 16178.264071441072=16890.76096326028, 16890.76096326028=17658.274973397878, 17658.274973397878=18503.033448058453, 18503.033448058453=19470.040505520043, 19470.040505520043=20688.3930526128];

Jobs: [[2; 10; 4.724453738645506], [2; 10; 4.756376691722245], [2; 40; 19.291632237783503], [2; 40; 19.430425730934274], [2; 40; 19.573301639459405], [2; 50; 24.650593558824912], [1; 120; 60.08597113365779], [2; 80; 40.38037089590685], [2; 90; 45.80337161694917], [2; 100; 51.77026682539368], [2; 520; 274.10110032831034], [2; 520; 276.6871124889753], [2; 520; 282.16748412080926], [2; 540; 296.04111819593123], [2; 540; 299.19072818655195], [2; 540; 302.47880166650236], [2; 560; 320.97924569361675], [2; 580; 340.75728275682883], [2; 580; 345.24144544529224], [2; 600; 367.21203580234607], [2; 600; 378.5178991733559], [1; 1240; 808.8079667566478], [2; 620; 419.67875471787363], [2; 640; 442.0603691252976], [2; 640; 451.67337406412196], [2; 640; 473.74043966930526], [2; 640; 486.55039282374565], [2; 640; 500.8688402805656], [2; 660; 533.1943487818602], [2; 660; 552.2529375086317], [2; 680; 591.7712371593389], [2; 680; 618.7062477612934], [2; 700; 712.4968918192093], [2; 700; 767.5140101375994], [2; 700; 844.7584746605754], [2; 700; 967.0070574615885], [2; 700; 1218.3525470927566]];
Intervals[4.9E-324=4.724453738645506, 4.724453738645506=9.480830430367751, 38.21591238755166=57.507544625335164, 57.507544625335164=76.93797035626943, 76.93797035626943=96.51127199572883, 96.51127199572883=121.16186555455374, 121.16186555455374=181.24783668821152, 181.24783668821152=221.62820758411837, 221.62820758411837=267.43157920106756, 359.8146877837193=411.58495460911297, 516.0500062289033=790.1511065572136, 790.1511065572136=1066.838219046189, 1625.5853453340687=1907.7528294548779, 1907.7528294548779=2203.793947650809, 2203.793947650809=2502.984675837361, 2502.984675837361=2805.4634775038635, 3439.95665836689=3760.935904060507, 4410.723929176644=4751.481211933473, 4751.481211933473=5096.722657378765, 5796.665393526098=6163.877429328444, 6909.2646705404395=7287.782569713795, 7287.782569713795=8096.590536470443, 8880.747776300474=9300.426531018347, 9300.426531018347=9742.486900143645, 9742.486900143645=10194.160274207767, 11118.52257873066=11592.263018399966, 11592.263018399966=12078.813411223711, 12078.813411223711=12579.682251504277, 12579.682251504277=13112.876600286138, 13112.876600286138=13665.12953779477, 13665.12953779477=14256.900774954109, 14256.900774954109=14875.607022715401, 16178.264071441072=16890.76096326028, 16890.76096326028=17658.274973397878, 17658.274973397878=18503.033448058453, 18503.033448058453=19470.040505520043, 19470.040505520043=20688.3930526128];
