1.2189540210645982
4184.314354162752
5100.486807405004
[1; 200; 40.605178965675755]
[1; 274; 57.61751094311452]
[1; 500; 109.351507698256]
[1; 500; 114.32874186281406]
[1; 574; 138.16972999237205]
[2; 425; 108.71355439140726]
[1; 874; 240.829417644081]
[2; 650; 197.13226189754766]
[2; 725; 251.69781261405433]
[2; 800; 349.9248246344192]


Jobs: [[1; 200; 40.605178965675755], [1; 500; 109.351507698256], [1; 574; 138.16972999237205], [2; 425; 108.71355439140726], [1; 874; 240.829417644081], [2; 650; 197.13226189754766], [2; 725; 251.69781261405433], [2; 800; 349.9248246344192]];
Intervals[0.0=40.605178965675755, 40.605178965675755=149.95668666393175, 149.95668666393175=288.12641665630383, 288.12641665630383=396.83997104771106, 396.83997104771106=637.669388691792, 637.669388691792=834.8016505893397, 834.8016505893397=1086.499463203394, 1086.499463203394=1436.4242878378132];

Jobs: [[1; 274; 57.61751094311452], [1; 500; 114.32874186281406], [2; 425; 108.71355439140726], [2; 650; 197.13226189754766], [2; 725; 251.69781261405433], [2; 800; 349.9248246344192]];
Intervals[0.0=57.61751094311452, 57.61751094311452=171.94625280592857, 288.12641665630383=396.83997104771106, 637.669388691792=834.8016505893397, 834.8016505893397=1086.499463203394, 1086.499463203394=1436.4242878378132];

List.of(
                new Job(1, 200),
                new Job(1, 274),
                new Job(1, 500),
                new Job(1, 500),
                new Job(1, 574),
                new Job(2, 425),
                new Job(1, 874),
                new Job(2, 650),
                new Job(2, 725),
                new Job(2, 800)
                )